1.87270059e-01 4.75357153e-01
3.65996971e-01 2.99329242e-01
7.80093202e-02 7.79972602e-02
2.90418061e-02 4.33088073e-01
3.00557506e-01 3.54036289e-01
1.02922471e-02 4.84954926e-01
4.16221320e-01 1.06169555e-01
9.09124836e-02 9.17022549e-02
1.52121121e-01 2.62378216e-01
2.15972509e-01 1.45614570e-01
3.05926447e-01 6.97469303e-02
1.46072324e-01 1.83180922e-01
2.28034992e-01 3.92587981e-01
9.98368911e-02 2.57117219e-01
2.96207284e-01 2.32252064e-02
3.03772426e-01 8.52620618e-02
3.25257965e-02 4.74442769e-01
4.82816017e-01 4.04198674e-01
1.52306885e-01 4.88360570e-02
3.42116513e-01 2.20076247e-01
6.10191174e-02 2.47588455e-01
1.71942606e-02 4.54660201e-01
1.29389991e-01 3.31261142e-01
1.55855538e-01 2.60034011e-01
2.73355140e-01 9.24272278e-02
4.84792314e-01 3.87566412e-01
4.69749471e-01 4.47413675e-01
2.98949989e-01 4.60937118e-01
4.42462510e-02 9.79914312e-02
2.26136445e-02 1.62665165e-01
1.94338645e-01 1.35674516e-01
4.14368755e-01 1.78376663e-01
1.40467255e-01 2.71348042e-01
7.04621125e-02 4.01098490e-01
3.72753218e-02 4.93443468e-01
3.86122385e-01 9.93578408e-02
2.76105856e-03 4.07730714e-01
3.53428672e-01 3.64503584e-01
3.85635173e-01 3.70223259e-02
1.79232864e-01 5.79345298e-02
4.31551713e-01 3.11649063e-01
1.65449012e-01 3.17791751e-02
1.55491161e-01 1.62591661e-01
3.64803089e-01 3.18778736e-01
4.43606371e-01 2.36107463e-01
5.97971230e-02 3.56622394e-01
3.80392524e-01 2.80638599e-01
3.85483590e-01 2.46897798e-01
2.61366415e-01 2.13770509e-01
1.27095634e-02 5.39457135e-02
1.57145928e-02 3.18205206e-01
1.57177991e-01 2.54285346e-01
4.53783237e-01 1.24646115e-01
2.05191462e-01 3.77775569e-01
1.14399083e-01 3.84899549e-02
1.44875726e-01 8.06106436e-02
4.64848826e-01 4.04060190e-01
3.16701878e-01 4.35730295e-01
4.01836038e-01 9.32850294e-02
4.46279499e-01 2.69671121e-01
4.03720078e-01 4.48045650e-01
1.59001737e-01 5.50259623e-02
1.13967581e-01 2.13553894e-01
4.09007383e-01 4.30365292e-01
3.47606527e-03 2.55373651e-01
2.08705502e-01 1.11053905e-01
5.99326837e-02 1.68807586e-01
4.71454852e-01 1.61601466e-01
2.59395311e-01 3.51509479e-01
1.81814801e-01 4.85891041e-01
4.81223647e-01 1.25891148e-01
2.48624253e-01 1.50439155e-01
1.42420247e-01 1.84434737e-02
3.04782167e-01 2.51339512e-01
2.57393756e-02 1.39323232e-01
4.54132943e-01 1.19780945e-01
7.24474360e-02 2.44726380e-01
4.92825227e-01 1.21027636e-01
3.36067774e-01 3.80809808e-01
1.18818772e-01 3.64108174e-01
1.83891566e-01 3.16152915e-01
3.16764855e-01 2.67887342e-01
4.51448850e-02 4.17651248e-01
1.60390032e-01 9.32592552e-02
2.03875708e-02 2.95446472e-01
3.38782181e-01 8.29391446e-03
2.56046529e-01 1.13247888e-01
3.22586395e-01 8.71832145e-02
3.45468869e-01 1.93367673e-01
4.68364994e-01 6.87604721e-02
1.70533176e-01 5.67367606e-02
4.62346809e-01 4.38669677e-01
1.28970814e-01 3.29992023e-01
4.08611100e-01 2.77600406e-01
2.64825289e-01 1.20926145e-01
4.65513839e-02 4.48607879e-01
4.50209029e-01 3.16550729e-01
1.69514896e-01 1.74604787e-01
3.62977839e-01 4.48555130e-01
4.43543212e-01 3.89937773e-01
3.21015823e-01 4.20699825e-02
8.08143570e-02 4.49277094e-01
3.03214530e-01 4.59852581e-03
5.07357714e-02 3.31750885e-01
2.53079192e-03 8.04040257e-02
2.74366895e-01 3.45947599e-01
3.25980630e-01 1.12134655e-01
3.56089611e-01 1.18624544e-01
1.62699849e-01 3.73245703e-01
3.24816450e-01 4.24611705e-01
3.28806446e-01 2.84154302e-01
4.68373839e-02 1.83857902e-01
1.32601184e-01 1.21994822e-01
4.86505277e-01 1.96548862e-01
4.46023278e-01 3.15569313e-01
3.97405652e-01 2.51318547e-01
2.88451942e-01 2.46258847e-01
9.76214939e-02 3.61226058e-01
1.40386181e-01 1.21579832e-02
3.22736148e-01 8.85553397e-02
4.70229292e-01 4.76964289e-01
4.57432195e-01 1.85079350e-01
7.72830826e-03 4.64159281e-01
2.14092074e-01 4.83327410e-01
4.81809989e-01 4.26504728e-01
1.47224446e-01 1.92548864e-01
4.25568336e-01 1.58461003e-01
8.47463733e-02 2.78400631e-01
4.68077387e-01 3.48014898e-01
2.85030585e-01 4.85882469e-02
3.07503613e-01 4.95026925e-01
7.00420076e-02 2.59164826e-01
4.38686536e-01 3.70384309e-01
3.48507870e-01 3.51242042e-01
1.79745576e-01 1.46795922e-01
4.04680578e-01 4.05056697e-01
4.33536159e-01 4.56620276e-01
2.55671199e-01 2.50758147e-01
3.99147589e-01 3.24981965e-01
3.50983439e-01 3.97896335e-01
4.45002671e-01 1.68997578e-01
1.87791476e-01 4.69909699e-02
2.89140070e-01 1.79711369e-02
2.32799009e-01 2.71322317e-01
1.43270626e-01 2.95416630e-01
1.52501250e-02 1.86740944e-02
4.11300280e-01 1.80095321e-01
6.35302563e-02 2.61121630e-01
3.84996777e-01 1.07910514e-01
3.11445238e-01 4.26737325e-02
2.58408606e-02 2.65677316e-01
2.70317561e-01 3.18714951e-01
3.63045667e-01 4.87926040e-01
2.58150174e-01 1.61478236e-01
3.97593097e-01 1.35416126e-01
2.19485710e-01 3.92281907e-02
1.26753717e-02 4.81324207e-01
4.17990060e-01 3.47987103e-01
2.04476472e-01 8.66471600e-02
7.82185213e-02 1.25121449e-01
2.74613332e-01 3.57297961e-01
3.30098688e-01 1.39966948e-01
4.77432640e-01 3.68948458e-01
2.77177026e-01 3.05860373e-01
2.09800031e-01 1.23865495e-01
1.77986339e-01 3.78923055e-01
7.19674431e-03 5.80363203e-02
2.30013210e-02 2.03644012e-02
4.27730292e-01 3.51828930e-01
2.37086915e-01 4.89170803e-02
2.45807938e-01 2.36735885e-01
8.66009350e-02 2.16925825e-01
1.99252367e-01 3.07925049e-01
3.17546825e-01 2.26520049e-02
1.87306307e-01 3.12929958e-01
2.51568129e-01 4.28244921e-01
3.29346816e-01 8.14672135e-02
3.52843737e-02 3.21209639e-01
1.32556553e-02 2.92887791e-01
4.70115121e-01 2.87737089e-01
1.94084963e-01 3.21644109e-01
2.29126445e-01 2.72808395e-01
4.70732404e-01 1.93051319e-01
4.80595282e-01 4.52675321e-01
9.78955674e-02 3.46806504e-02
5.03890007e-02 9.11091283e-03
4.72214804e-02 3.41503387e-01
3.55943242e-02 1.59487815e-01
4.22437655e-01 1.16359679e-02
4.07234241e-01 1.40927387e-01
5.90824138e-02 3.48368583e-01
3.14471423e-01 4.38736007e-01
3.67535522e-01 4.01740465e-01
1.41017286e-01 8.87197719e-02
3.75307376e-01 4.03417370e-01
4.95252571e-01 2.06308838e-01
1.86009043e-01 3.88206480e-01
1.70401770e-01 4.65378663e-01
4.29206376e-01 2.14497014e-01
3.75435534e-01 3.77271437e-01
5.15619344e-02 4.51276453e-01
2.52626186e-01 4.13228733e-01
1.60024801e-01 4.47761614e-01
1.94600839e-01 5.41882574e-03
4.52690988e-01 4.56433384e-02
1.59656819e-01 4.75030984e-01
4.75303573e-01 2.86718944e-01
3.15918606e-01 2.24222761e-01
1.46605386e-01 1.64332273e-01
3.36259228e-01 3.76187265e-01
3.95789522e-01 3.94809071e-01
4.56030515e-02 2.47210152e-01
2.87793800e-02 2.74764441e-01
2.20765251e-01 4.43852091e-01
1.75457506e-01 5.85335082e-02
7.14958410e-02 3.80755316e-01
3.09109032e-01 5.05613381e-02
4.20534031e-02 3.50484566e-01
3.63815032e-02 4.10930030e-01
3.53121114e-01 4.06743903e-02
4.24188570e-02 4.93319789e-01
1.87135398e-01 1.85321074e-01
4.06399784e-01 4.73624289e-01
4.93000532e-01 3.76689093e-01
1.88129793e-01 4.17503583e-02
3.88573458e-01 2.79202125e-01
2.12111005e-01 4.53177193e-01
5.55987412e-02 2.46312552e-01
5.67682238e-03 2.34330321e-01
2.81516378e-02 5.94089581e-02
5.87631234e-02 3.24605151e-01
3.73022440e-01 2.91684383e-01
4.81086274e-01 1.87435290e-01
1.42856043e-01 4.34299564e-01
1.11797919e-01 4.81611270e-01
6.07723734e-03 4.84939413e-01
2.15799560e-02 4.45571557e-01
2.63850555e-01 4.96482398e-01
3.68982824e-02 2.76927142e-01
4.84651268e-01 2.61548922e-01
3.14699319e-01 3.47874344e-01
2.27270532e-01 3.13779040e-01
2.92157156e-01 4.50579005e-01
2.27231902e-02 1.40481595e-01
4.75205742e-01 4.45131892e-01
2.27828376e-01 3.10066299e-01
1.38690591e-01 9.40605799e-02
2.31849202e-01 1.76676114e-01
2.91828056e-01 3.88673185e-02
4.87197404e-01 4.93105372e-01
3.49080857e-01 2.68048183e-01
1.54763808e-01 4.06897510e-01
3.42365586e-01 8.13084697e-02
4.55463592e-01 4.11268621e-01
4.74899957e-01 3.62859754e-01
3.06707598e-01 2.09121518e-01
4.66364242e-01 4.33031945e-01
2.26093351e-02 1.31834872e-02
1.88231683e-01 4.05276665e-01
4.93638065e-01 7.52084456e-02
2.97065358e-01 1.90445428e-01
4.84957199e-01 4.21059462e-01
4.19164352e-01 2.34346580e-01
2.07409751e-01 1.36703536e-01
2.81877483e-02 4.32361188e-01
4.06450505e-01 4.99858837e-01
4.98318419e-01 2.77715853e-01
3.84493708e-01 4.72382865e-01
4.24823695e-01 1.23674051e-01
2.25272068e-01 6.45797076e-02
4.77025514e-01 3.03087317e-01
1.14321403e-01 3.35850342e-01
3.09064120e-01 1.79081359e-01
5.67787961e-02 3.35786598e-01
2.60153850e-01 3.86159196e-01
2.60081751e-01 4.26090750e-01
2.75953419e-01 2.80468986e-01
4.38326801e-01 2.01741433e-01
6.70076142e-02 1.43913382e-02
3.77568628e-01 3.10154776e-01
3.52039884e-01 1.06482081e-01
6.81857378e-02 7.27233283e-03
1.75293779e-01 2.94958843e-01
1.96122023e-01 2.18737461e-01
4.52079347e-01 1.74127734e-01
2.56994745e-01 3.91826506e-01
1.98271391e-01 3.11043350e-01
4.31181854e-01 4.74760312e-01
7.35367405e-02 4.63293813e-01
2.46058147e-01 1.29122194e-01
2.29567878e-01 4.90016288e-01
2.46309047e-01 1.64375805e-01
3.16700427e-01 1.20072809e-01
3.79316641e-02 6.44398610e-02
6.40229195e-02 7.59513468e-02
6.94135863e-02 3.20437372e-01
9.09400422e-02 1.72833642e-01
4.48394205e-01 2.36980820e-01
3.33778869e-01 8.61599356e-02
9.61445094e-02 2.04343081e-02
