0.3747519460433223 0.1882067814408384 1 0 0.1996738040612738
0.4822675127068047 0.17379608075824712 2 3 0.17126950541615965
0.44007141386871346 0.137068485786031 3 9 0.13856193857450333
0.4945402023582579 0.15610261058758937 4 14 0.14904613374500836
0.45758654908569196 0.18163935257514613 5 24 0.19113661375521662
0.4423931772939974 0.12706495796408374 6 26 0.17524287245615516
0.47468385368057947 0.16039070856241355 7 36 0.1476443445709794
0.34979531678039977 0.1278494808796124 8 37 0.1271034418403002
0.3493807169170822 0.11603967213184747 9 38 0.19815548831213478
0.3568735083277347 0.13857709426491116 10 42 0.08964652444374659
0.1827636985368847 0.1856727833306117 11 55 0.14799275451863605
0.1616145057651976 0.14976947861274392 12 61 0.06403591455302203
0.17758010432217416 0.1247345120162206 13 69 0.17146629915741946
0.1327240986933122 0.20525166346874268 14 76 0.1691259160791402
0.1719014908289339 0.17561501832689674 15 81 0.10997733456167012
0.12559128062499017 0.1657766156883481 16 84 0.09567924965063482
0.20719439736312634 0.15467969784231395 17 88 0.04346574573241137
0.11073190616660156 0.19522148281737317 18 89 0.13676064387169107
0.16741383478386745 0.18687062076234764 19 96 0.13706915783454954
0.2784056912248545 0.12901736667034616 20 97 0.11429958162775089
0.3939141377062345 0.13224543583498596 21 98 0.1264250190905162
0.4613122804520606 0.16433478483284394 22 99 0.14892275837300167
0.37030126845659367 0.18609720193862767 23 100 0.19819395181892915
0.3665728955292259 0.1605341535925352 24 102 0.1164160356883579
0.47092362437608887 0.16036060533635071 25 112 0.1444501966329024
0.44247183285937974 0.1484572782337238 26 115 0.1244109726348506
0.4684015464747541 0.1589025261372802 27 117 0.1454628811541334
0.46999015802131905 0.12442068441812071 28 126 0.19583623092904937
0.49444559581683023 0.1732212971559645 29 136 0.1767401937107333
0.30902977387089947 0.14196379461594832 30 146 0.06350247542480787
0.33734838134853246 0.13505954324874192 31 148 0.092350927429868
0.32416460132400654 0.18118000763318182 32 149 0.1819465978226496
0.4154607836171935 0.13175561797426638 33 152 0.1477736561477276
0.3917785523717053 0.16520788605179074 34 155 0.13265405389211862
0.22785822451259954 0.1617904089519343 35 156 0.08318310981258775
0.1519455615148962 0.19789028099221967 36 158 0.16827760388803945
0.30120302875357696 0.18634780887496527 37 160 0.18587421004329235
0.13532019180681545 0.1964043361421228 38 164 0.14680819349476748
0.12542685531775252 0.21254076710251524 39 172 0.17254498256195525
0.16164759802905443 0.14793017422220717 40 178 0.06872775734128543
0.16910798435247443 0.16655304265357107 41 179 0.07408078959861707
0.26230385241936005 0.13954576666264573 42 189 0.05692848113795842
0.38094837270295134 0.14448896525147542 43 190 0.09531759585946833
0.33039373541824524 0.1795593138845109 44 192 0.17370364276646577
0.4088140196728871 0.1455564675311579 45 202 0.11038717195291421
0.2502537797976841 0.18988128178111438 46 212 0.18562135307804692
0.14592413144710217 0.1989154581168715 47 217 0.15844000808521957
0.24620950074691453 0.15309007086152482 48 219 0.055679929416097645
0.09679191248702235 0.1828796287742623 49 220 0.14086586586895972
0.07996557631063014 0.20656857062754153 50 224 0.18527966893913456
0.14530999768507422 0.19543912635546806 51 226 0.14700184577909337
0.4869483657845324 0.1592103436809446 52 231 0.14962177755899694
0.31171949499941853 0.17396272360417836 53 235 0.15165818730243447
0.3532715564953969 0.12496161645594478 54 239 0.14876681052602317
0.4622376250205424 0.16933593109733314 55 241 0.1570321671225425
0.48063917685297186 0.15337390012940952 56 244 0.14253924607540036
0.35706300934748314 0.16830901896615866 57 247 0.13123232689312747
0.19508174236654507 0.15503700210684987 58 250 0.04613534816675225
0.29863840019094856 0.16494913648465542 59 252 0.11377932572724551
0.4579427343934385 0.18186382119150718 60 257 0.18587442131188267
0.4121473829401297 0.14993903996166696 61 260 0.12123945188806534
0.2263431816870604 0.143576277086615 62 264 0.04006906209633281
0.21346085743363516 0.16363056953102975 63 266 0.0817102969163468
0.31136722146255746 0.1632204457752128 64 271 0.10459476584886099
0.2631194629937352 0.1391274645022877 65 273 0.05747596435932216
0.23901983453370065 0.13319931402349142 66 274 0.08175082072930834
0.28055831878209236 0.13715417527407187 67 277 0.06604345694401834
0.2359006611340695 0.14793021823999655 68 280 0.03701771141699956
0.1512423856249074 0.12754234116158128 69 286 0.17689103727591732
0.10481616463297058 0.1830260037671691 70 290 0.12443605533746532
0.09801137319365617 0.19315354875390572 71 293 0.1412563628843797
0.1574612190973334 0.20231339105380708 72 295 0.17460102474795564
0.1332009140172792 0.1633303098865315 73 297 0.0849542518195518
0.22736133844959655 0.1187715723306565 74 299 0.16991145665064694
0.15149997421463354 0.13112694072322575 75 303 0.15987038847157442
0.17481729799349816 0.1781566453879268 76 304 0.12158490235519956
0.1884674720646352 0.13061333348716483 77 306 0.11556379237516883
0.12117617400327033 0.15690069913898852 78 310 0.11206483291667013
0.09705260772047508 0.1523884665686203 79 314 0.18842853462373177
0.173378349047572 0.13298306041705385 80 315 0.1201159260565802
0.3210343250097881 0.18766400525336285 81 321 0.19690128272216748
0.41948919455981337 0.16333568258162195 82 328 0.1341323075122808
0.38337418624313807 0.18091928182865655 83 332 0.1756150797295554
0.3321486888793159 0.17117550273870463 84 333 0.13800297485831678
0.22307059700846119 0.14331644477568453 85 337 0.03739096753171494
0.28438875535770686 0.12952618977650893 86 341 0.09820716517874993
0.43397295739112884 0.12849825959864977 87 344 0.17005975568181853
0.42506910826708816 0.1666822792230811 88 345 0.14611177815101073
0.43034546418193725 0.15800144963731602 89 353 0.13124917484862614
0.30955674507586406 0.1816305882835318 90 355 0.1821999620319821
0.30250593864361197 0.13368972864546985 91 360 0.08459585485286207
0.17723874263671952 0.12074339383586222 92 361 0.19544184685349747
0.1351384346472476 0.17624571763535246 93 362 0.09271468854833548
0.0845292753419683 0.2292816199029336 94 363 0.18858467073987764
0.11015036476672253 0.17452915977543995 95 374 0.1168862446224628
0.12158115402941526 0.19713937322443398 96 375 0.13849491172964012
0.1795720990230011 0.19022272182295993 97 376 0.15569460478281683
0.14283571537500755 0.1700160268129562 98 378 0.0819217423384895
0.09457265520792563 0.2051306274027435 99 379 0.15685242005920058
0.12112538750825336 0.16827361934289672 100 384 0.10015626193404385
0.32293005603155545 0.1344931368031674 101 387 0.09600870020561893
0.12049105546191088 0.14202407937046607 102 389 0.16666542129051637
0.11321602680392208 0.21163322087537306 103 391 0.16292427879316235
0.1282535906059887 0.18733459666794786 104 393 0.1122910710756636
0.08056577742176735 0.19724255830064055 105 398 0.18659349103987743
0.19026914070211343 0.13770937605504102 106 399 0.08423019735092531
0.11036564724906256 0.21819857920300667 107 400 0.17403650104460272
0.18493556295163557 0.19784650742012141 108 403 0.17811125511054066
0.31286976086042323 0.16264482909512826 109 407 0.11375945141966005
0.21044988867268158 0.15712713247678453 110 410 0.058380926945029415
0.36580871504937407 0.14520689351643595 111 412 0.09209423118327491
0.48628651021153463 0.16736748878692564 112 422 0.16485201650799883
0.48217869885034026 0.17697785242653938 113 423 0.18558003999849093
0.44054255534191405 0.1830121899959912 114 424 0.18904638785003913
0.30343322926968724 0.16291128631788082 115 428 0.10352233819395219
0.2642117232421049 0.11973996012974719 116 434 0.16341543995826913
0.2179174349123867 0.16392972911430279 117 435 0.08290677503126907
0.12305659228560566 0.1492100437590765 118 439 0.13360304703498577
0.093036182886169 0.18033125312692436 119 441 0.1572008589171996
0.09064430596346706 0.178102568277513 120 443 0.16679491055463408
0.25813679685027785 0.14148797675951738 121 444 0.04625631600879938
0.2566135120532457 0.13018680119696405 122 446 0.09406484851506441
0.11914752232555917 0.20439678936728528 123 447 0.1474538115897166
0.20154158413165063 0.17491624041892967 124 450 0.11908902370876692
0.1488831011350759 0.17032884920795563 125 456 0.07663519984330942
0.1660446191481921 0.17708087895013602 126 464 0.10688224114499682
0.10942795754294049 0.17661651321443939 127 466 0.11987571242067944
0.1441866732454935 0.15042850411942474 128 472 0.08402560172139106
0.12526986157037978 0.16407814967495823 129 474 0.09714549856353222
0.15675179339495987 0.1445068257806905 130 499 0.08590954353309461
0.08095043897059176 0.17586107692082578 131 501 0.19926710233186795
0.1607391308742692 0.19581707254307387 132 510 0.1613922075902329
0.2902062858915241 0.18199496292798545 133 511 0.17118021986648124
0.18369062209465375 0.18876920195216404 134 512 0.16088013060570316
0.22356227994813568 0.1258713223033308 135 514 0.12251457902532875
0.31692856118316703 0.11833122096823209 136 516 0.1791513909808528
0.24311618814217875 0.12667320180003871 137 517 0.11449619071732924
0.43503412276009923 0.17253352943122308 138 518 0.1604935881057565
0.41891553262412407 0.1632957603664687 139 519 0.13635617760331567
0.3768312354739697 0.1525736978812043 140 525 0.10419426927422212
0.4465840367750136 0.13367687149289997 141 526 0.15539926591573017
0.44031570090035754 0.1432783442075721 142 528 0.13306225653320067
0.499194015746117 0.18047148029575533 143 531 0.1944830827679744
0.48992335090125344 0.17027486609380407 144 534 0.16865576956757325
0.3681659803722137 0.13754998262228862 145 538 0.10143396929662475
0.2259215342265605 0.1727862717177418 146 541 0.1217416342207014
0.3295974280424081 0.17600412164913173 147 544 0.1653064253255707
0.19582053260144786 0.1511768273453822 148 550 0.036293737542759975
0.3271364728723556 0.12467599555112954 149 552 0.14419690500980248
0.3756574322481418 0.1313042655477698 150 554 0.12770864138562416
0.3293949349867806 0.16215258157302292 151 557 0.11872638516366492
0.4557901319419915 0.1833184752375805 152 561 0.19248617755706082
0.47931187975314254 0.14514294216516127 153 570 0.140944172425843
0.3085560613741353 0.1173783512893605 154 577 0.1834861112161846
0.29081138342045404 0.11589172488599915 155 578 0.1825682418627961
0.24377466747319054 0.16488559454172413 156 579 0.10039862148547478
0.19185174507944894 0.19193030180258175 157 580 0.17012173160355765
0.23928879309144876 0.11675936662955366 158 582 0.18400808802466956
0.34065903274541914 0.18139531571663248 159 584 0.1738580875222559
0.19552231280877042 0.18482679887707432 160 591 0.1500927762618416
0.21229517835101094 0.1908019777038955 161 593 0.17600407839509802
0.20574296526381816 0.17692693872236312 162 594 0.1254050921496794
0.21118420093520485 0.13648223801534093 163 595 0.0689682819389576
0.26404067372775425 0.14577722340771496 164 600 0.04845525946052418
0.49788376845989796 0.15854031152455172 165 609 0.15579667018063578
0.4850898588241152 0.13723226739522493 166 619 0.15737082445990574
0.4599966358765912 0.13466389847234989 167 620 0.15857056064867484
0.31798216173706684 0.12125958066978379 168 624 0.15216454797373427
0.31755692106713845 0.15479269874165083 169 625 0.08605558364693675
0.19363315448993024 0.15032052888706238 170 627 0.03699982526694748
0.27827072764057215 0.14071097071117436 171 628 0.05532649835915501
0.12038777373566842 0.17315833195647803 172 630 0.10369370738039141
0.2951397232254104 0.1160872570781153 173 636 0.1837595222023674
0.1863401647411731 0.18779788785015183 174 638 0.16040835491571787
0.1166689011783539 0.22621872757357087 175 640 0.1928918156334121
0.08779960066014969 0.2265654986183159 176 645 0.18956397487451923
0.1968558243986171 0.1541770267597481 177 646 0.04242480541470465
0.2844438540186682 0.17748424486296852 178 647 0.14947737437903938
0.2082247196608276 0.15860221065285138 179 648 0.06250423515834765
0.3038262341166776 0.17261637192570115 180 651 0.14664147530938804
0.24521894210832376 0.16584060038757098 181 657 0.10598372151656288
0.36504635448489337 0.1176093269836866 182 660 0.19693598676052965
0.46346676049552055 0.13096162416997736 183 666 0.17456363854754786
0.46875798296802057 0.14204664317383645 184 672 0.1460952036589468
0.48797743877885946 0.12765671871964424 185 676 0.1956372686058038
0.41733329003497044 0.15205463683790277 186 678 0.11940073088254452
0.408869822276352 0.1205692250024024 187 679 0.193226287808501
0.2727024506537702 0.16019550385475778 188 681 0.09108242011251137
0.4601592924189866 0.16393278330757075 189 682 0.15210298073143652
0.4443520219029549 0.1849331752848758 190 689 0.19698144560241296
0.43432732277517727 0.12760758458889468 191 692 0.17633664398399576
0.43524133655620817 0.1320695499912298 192 695 0.14992917871366584
0.23590739283261494 0.18298077302385612 193 699 0.162217321039284
0.1887597997360273 0.19690890437771422 194 708 0.1898058310444743
0.24298699594179168 0.12100037107520356 195 709 0.148459746283753
0.3180525081555666 0.12059954977637549 196 710 0.1627493689993871
0.2816225544384583 0.13081043133510994 197 711 0.09795879511222502
0.41634869578335054 0.16293806331308178 198 712 0.13932423473847244
0.41498835758131514 0.12496375920980111 199 721 0.17529311414634788
0.45222173626293094 0.1582482390737261 200 727 0.13957050412940267
0.3841515711224128 0.17328958445715859 201 729 0.155312626865419
0.355252604847478 0.185371206668193 202 730 0.19048322996653447
0.30067957857208 0.12769347685286206 203 738 0.11817111050311437
0.43171658728652695 0.17933596349747946 204 746 0.17561087538770312
0.36247310333615357 0.17877355843173234 205 753 0.16984667909091
0.2926412812166762 0.14663497668591147 206 755 0.060869041048896295
0.19740746120802835 0.18547150827993905 207 758 0.15698551611172276
0.23125130191071966 0.15552474932717777 208 760 0.054864247445256566
0.3745335921685771 0.14901994168816277 209 763 0.09730079078603525
0.44456012149471824 0.16106632257925738 210 764 0.14238930223945698
0.33134815502887843 0.17570702501335295 211 766 0.1659059592410432
0.38288043283274786 0.15835397446907695 212 767 0.11566846337978465
0.40983388103730967 0.158654758866279 213 770 0.1270012405493356
0.2809968123323897 0.1350482018217139 214 772 0.07963021523485508
0.4491002427790859 0.18447904059399972 215 774 0.19793595368578262
0.3479635794126432 0.16309530447480103 216 779 0.12206430455411918
0.2944114613849504 0.1452958792018131 217 780 0.059273352752967454
0.21214629442580688 0.1738397547577687 218 785 0.11606128073529418
0.2831028444305964 0.12613365046081923 219 787 0.12251989091602603
0.2841586011716061 0.16879304771651962 220 788 0.12314463322541058
0.32096240069368254 0.18098043558794386 221 798 0.17552116933160483
0.2918052870927627 0.16276373259002974 222 799 0.10894737831052698
0.23934402772852906 0.13272425802331453 223 803 0.08800903338447982
0.17145450222882225 0.15728977049783685 224 808 0.05062374327447211
0.12439599849353092 0.18001463775044246 225 809 0.10899126219980977
0.17040500140752496 0.13798768396485944 226 814 0.09597189232604272
0.15599138910685376 0.15440497423088262 227 815 0.060214554472815235
0.19343912062097116 0.14285021122831226 228 821 0.05173119290203558
0.311784719292699 0.168426216846949 229 823 0.13130294657712935
0.20657979390637768 0.12321090321179311 230 828 0.15353381499106963
0.20303662040014925 0.19855524634013572 231 829 0.19814305942134147
0.290879675491791 0.15638483850346063 232 830 0.08048839177192171
0.4654118422981177 0.12735095222585802 233 842 0.19091780110730533
0.40272481843693414 0.13705362129302784 234 844 0.1210487382755996
0.4580065522920834 0.17879946800923183 235 850 0.17896848970099466
0.42093387051410625 0.14502754590743705 236 851 0.11568220369557246
0.49191752183618537 0.17347832359903917 237 854 0.17715534627943133
0.4957988375119528 0.13138631211466825 238 855 0.18777684367323236
0.31096718043041127 0.134557938854795 239 857 0.08958296771765557
0.3092213344350492 0.1357218048959869 240 862 0.0887357752979215
0.3763778944039344 0.15181316329858782 241 866 0.10043027979083834
0.1342718597601686 0.16070001980590262 242 875 0.0832277037681978
0.18995499708758873 0.15291702152409536 243 884 0.04248922138243534
0.2542811959923458 0.14753043895492768 244 886 0.0438054221741988
0.2515586084703976 0.12869356455808628 245 887 0.10573252373499728
0.13948181105597685 0.19920999032995873 246 889 0.1521476202839741
0.12598133429800798 0.19407691709526798 247 892 0.13413981423118077
0.16232555921207692 0.13042138444995388 248 893 0.14304424840103164
0.08066737515220682 0.22731422100238435 249 899 0.19330389674926282
0.23433964649250363 0.18664625787747355 250 900 0.1762878678343811
0.22282729321814843 0.1581268644872209 251 905 0.06585554051599575
0.2806685127873306 0.11778417599199081 252 911 0.17505948237508787
0.30215348822479493 0.1443271466977849 253 912 0.06311657144038453
0.2576805976107086 0.17974977431174083 254 913 0.15924501195958127
0.24570211172303705 0.15247965850970951 255 917 0.04923496059812174
0.28054258817476296 0.13119863803394818 256 918 0.09829952079757678
0.1787004397641002 0.1792561767971777 257 919 0.1173098754275302
0.3071865504921405 0.17336647584389536 258 921 0.13668921709891055
0.30716466636031786 0.13369852068152804 259 922 0.09601222100181145
0.27864845792807263 0.1344537975450473 260 936 0.08808211645431903
0.2700284561268639 0.11529989517035391 261 937 0.191053185396434
0.10715381530349505 0.1765085012141017 262 940 0.12036906143650264
0.11453773638986602 0.1388615845492217 263 941 0.18715217646286464
0.19834933702116708 0.1917446573248907 264 942 0.17324257583952546
0.378098848704559 0.1346945000157933 265 945 0.1134599607321139
0.2558809296302145 0.17633590568343624 266 947 0.14880652471195174
0.2762818376949905 0.1297742704315522 267 954 0.08706555942684714
0.3672929998768632 0.1638176701133614 268 956 0.12784508243244522
0.2471633797638254 0.12454553037084239 269 965 0.13471725380192878
0.22993233772122623 0.1398529829390045 270 969 0.05266567052919727
0.21895790235467646 0.1859118788068642 271 970 0.16631983313864515
0.246198700938186 0.1623969788677581 272 975 0.08841580711823077
0.20285939901697625 0.18928397744519831 273 976 0.16137648242366626
0.08813114160579409 0.21490574107952282 274 980 0.17158584918373496
0.11652937956509365 0.17395256003503073 275 984 0.1057481536807493
0.1214846179661129 0.19215295795367546 276 996 0.1297403720747846
0.32103971684334065 0.1328542121667184 277 998 0.09424712330374929
0.3771880315240382 0.1513297631697899 278 999 0.10061266253358812
0.3464688564475038 0.14993971118219224 279 1003 0.08621802319806854
0.3856288458118834 0.17585530941816796 280 1015 0.16173995611861255
0.216576762534123 0.12019424523995259 281 1018 0.17127290733012876
0.3278897025374889 0.1684944613306957 282 1027 0.13202772109910346
0.28878927808824484 0.1426277636754954 283 1029 0.05325872488996035
0.22698906859711535 0.19102072826031039 284 1030 0.186377244734033
0.09761364447540635 0.18702836210664137 285 1038 0.13954533016349513
0.08686727463519442 0.1750261717578567 286 1039 0.17685638757200145
0.08092696996543565 0.21766076646087962 287 1041 0.18434375492154342
0.1352055947716454 0.17001624302255985 288 1043 0.0856982167738121
0.10350745173400919 0.22120716096956078 289 1052 0.1717619026329308
0.10191094813786002 0.2231419665832851 290 1056 0.18108202954022254
0.15037501054711352 0.16665161716835133 291 1057 0.06961961542862768
0.20829417977305437 0.11880959506119758 292 1058 0.18700094783491944
0.11445122132136398 0.1466026814710636 293 1062 0.17114643770237348
0.0850928019515927 0.23659040387386315 294 1069 0.1933040541468383
0.21122084121764972 0.12989602457964705 295 1078 0.10118202264941865
0.3300292389670509 0.1773015301707204 296 1079 0.16345282954478216
0.3411791663259758 0.1515484107967492 297 1090 0.08556300051096978
0.3611898588586943 0.16189694932024631 298 1098 0.12320364122951644
0.1942166968989604 0.13328850992791993 299 1100 0.0896306466113516
0.32567421443191874 0.14338976316148125 300 1105 0.0701911421182841
0.40671350212526786 0.15511325700822273 301 1109 0.11298679675236639
0.28792553248356434 0.16306672491743807 302 1110 0.10321612390036074
0.2248692965217999 0.17889113325057546 303 1112 0.1435121008433127
0.2666373010636522 0.1828158551954608 304 1119 0.16993928188032204
0.25686469194287415 0.19332942746116563 305 1120 0.1982270985960054
0.42464074133179286 0.16418837281350485 306 1121 0.1359315536451228
0.41877532005936013 0.13241583109348734 307 1124 0.14144316442827023
0.42297387563704836 0.1340962287060268 308 1129 0.1447416993887974
0.4846477654955125 0.13810065604116498 309 1130 0.16015074449960753
0.4809464898929425 0.1437934815116844 310 1136 0.14855456750293403
0.40843285426943643 0.12972852735867854 311 1139 0.15063894265825117
0.3709492885087043 0.16383272134159546 312 1146 0.12891681370475516
0.33564021612952744 0.1293753999633933 313 1147 0.1200575548305486
0.3872764939241469 0.17036609978924466 314 1149 0.149818592409647
0.39942152292569366 0.11873744260145849 315 1153 0.19421717069042138
0.3137538449462469 0.13783811318447653 316 1167 0.0701344584409885
0.3606131095014296 0.13184118711602755 317 1174 0.11108026727822227
0.31215665318934277 0.12116995991751388 318 1178 0.16266846692665612
0.25150041425698905 0.18565332895543418 319 1180 0.18127052957487405
0.2914947364627242 0.17507913990073853 320 1181 0.1476461076464685
0.24834873970080898 0.15222368646697254 321 1188 0.04992616839478441
0.3419226454170675 0.17630544088997516 322 1190 0.15238954253612863
0.3157891237723137 0.11547029366762984 323 1191 0.19749588148243355
0.2627971961629581 0.1366012514635989 324 1195 0.06744051521596203
0.21040178434742182 0.14562628259420515 325 1199 0.03549420323155555
0.44983742555462386 0.15407786801526793 326 1200 0.1284713696536622
0.3136548908847679 0.1717619336873077 327 1201 0.14107911490352795
0.2299961487888803 0.14925072348786972 328 1203 0.03382149280709139
0.20731831143891283 0.13226747575847111 329 1204 0.09605269479378369
0.2232415706817044 0.19316816206833823 330 1207 0.19269379832368175
0.12365515672328516 0.15954050111481602 331 1210 0.10753014418113147
0.15370364605998077 0.1313773735605739 332 1213 0.15429261162901353
0.22821934835482177 0.15703623349593096 333 1224 0.06343869772083678
0.29346295233115316 0.1306011151226864 334 1226 0.09833204064255811
0.30583585492842164 0.12734749577814558 335 1235 0.11451797986062415
0.2702152230307242 0.12206998984767864 336 1239 0.14818465232927083
0.27793431684063524 0.14861303588812416 337 1240 0.05781543513712925
0.3881531464833192 0.16325985107958288 338 1241 0.12751955211252852
0.49769567967435296 0.17909473862083422 339 1245 0.19122963442952823
0.47962201438551866 0.15686861385395906 340 1250 0.14441321922578787
0.24133232944578037 0.1889716647873933 341 1254 0.18941551796754164
0.3529985730079377 0.15062205234918086 342 1255 0.09253926437272204
0.24323696780821655 0.16096503989866778 343 1259 0.0795985357314971
0.28010583061857725 0.1169363814815984 344 1265 0.18452462412277687
0.3074050608427111 0.1316877583733041 345 1266 0.09659433573733454
0.3905917831264446 0.1369043181055184 346 1271 0.11948226159878243
0.41248983512435294 0.1424918996171154 347 1274 0.11643135462933452
0.3675567438163004 0.148481249752176 348 1275 0.09396073982529267
0.4803743610519269 0.12886660703891523 349 1276 0.18717160468253968
0.4718546662244397 0.13944074633860853 350 1277 0.14720552787259078
0.4585247053350633 0.18357452101986477 351 1279 0.19098279939577484
0.3799236444310883 0.16956205902153024 352 1280 0.14325251431973474
0.26123176685324867 0.14647123048216928 353 1281 0.04500484615488015
0.2123312613080171 0.14435585768500622 354 1286 0.03434271165770342
0.19569282275927144 0.1587824165803381 355 1290 0.055747750270212115
0.1042025432995834 0.17509727870824246 356 1292 0.12830186195692697
0.10792700098993875 0.20224748346638835 357 1296 0.14393394111361782
0.1483317855636536 0.2013769909072376 358 1298 0.1653497649829312
0.14314747813800308 0.12749532245358797 359 1302 0.18540078221305561
0.19107740237383314 0.19910324984261657 360 1303 0.1957325194753064
0.25851434467112355 0.16309325645502465 361 1307 0.09256715369590338
0.2385904714813371 0.12896665633353965 362 1308 0.10261980391106242
0.19351603128231304 0.18799326386725512 363 1309 0.16146974463526803
0.17059901511288056 0.1297534803648837 364 1319 0.1387566465270108
0.21000343240922645 0.18645143286443253 365 1326 0.16282508011168254
0.3577484502652106 0.13468397443216293 366 1328 0.11285468280647903
0.2744234005306563 0.13934408110510632 367 1337 0.06283447713656773
0.1863376569121133 0.1715633248947911 368 1343 0.10569581879008103
0.21947812669163047 0.16576419652410887 369 1344 0.08646654826373819
0.19211603783312517 0.15912350467043732 370 1347 0.0573324853278263
0.4226305852866899 0.14128255196872713 371 1354 0.12665623238743237
0.29553254408791674 0.13009804282568724 372 1356 0.10264718173532747
0.25187773193120255 0.12470226369524147 373 1358 0.12872019059653694
0.3269501432831545 0.13309692982164736 374 1360 0.09415216678860945
0.4184168338530071 0.14901548240368767 375 1362 0.11200976553293096
0.42303838461031373 0.1460706095676496 376 1369 0.11738989707413625
0.3439719957403915 0.14016268261652426 377 1371 0.08797216590220906
0.3798694509496031 0.1758476224821785 378 1372 0.16528903998505393
0.484297848307951 0.12791427389785837 379 1373 0.19698713996482917
0.36585918614789215 0.1569818240246143 380 1377 0.10438166477674436
0.4361383466675348 0.17152363070162005 381 1390 0.16058904901781187
0.17651553018904176 0.1510292363041239 382 1391 0.0444419299268005
0.09877486671349096 0.22999836307936425 383 1393 0.19203614044132286
0.3208425934485766 0.17490554605139608 384 1398 0.15735813109968183
0.35205652494354506 0.17486888012339563 385 1405 0.1593514034069581
0.1296667366559376 0.1749961809443549 386 1409 0.09483749666798919
0.10719193480415252 0.21822203289568595 387 1417 0.17357360113348225
0.08177711083820402 0.2280794088018559 388 1429 0.19488122165491892
0.1177923025676327 0.19621513716956202 389 1436 0.13321084135564784
0.20081318630561296 0.14785840899916453 390 1443 0.03497029855953747
0.1824053187630657 0.1267797211631498 391 1446 0.14791967891025773
0.3370079212407894 0.12635373449201787 392 1447 0.13035732281798432
0.18774381798746573 0.19169342821599206 393 1448 0.16499433475437833
0.08860267062745468 0.2309868508746052 394 1449 0.18744148026690027
0.08414635342778433 0.1889420361524276 395 1451 0.1788346033430191
0.16067667088823376 0.184001746647416 396 1459 0.12666500725671567
0.10599577892806178 0.14434264780405062 397 1461 0.19559675070817542
0.09100217754825599 0.17634468069284082 398 1462 0.1612818095008217
0.23111751097358452 0.16962431757345012 399 1463 0.11576532362229605
0.09738614979467625 0.19655630905270946 400 1464 0.14777796305419863
0.2398424430587908 0.1487259121020517 401 1467 0.03803317899498514
0.2335644884797293 0.13872347899141227 402 1471 0.04823397216064774
0.23480710125600654 0.138830432303069 403 1472 0.04891052951766505
0.42736652550330634 0.14291415412947273 404 1486 0.120725444445642
0.31540900856264426 0.14490747736350604 405 1487 0.06910204773800022
0.21433327781190392 0.12576959403755747 406 1489 0.12751323147852991
0.31955856691711815 0.1512472806112836 407 1491 0.07875290731997335
0.29197434835182234 0.16639412080923796 408 1495 0.12225909318092139
0.22686514307445194 0.12142711700139587 409 1497 0.15113942761707705
0.36853531168579245 0.12135470716335213 410 1498 0.1704749885884691
0.4539143436117019 0.12340387926476713 411 1507 0.19338546551782854
0.4772786224098335 0.12829413783913954 412 1517 0.1933620207384252
0.3595539918326862 0.11908653440681943 413 1530 0.18396899579594542
0.31705899220991335 0.16949019225093342 414 1532 0.1400725790572615
0.2619925253574834 0.18325766999812998 415 1534 0.17994259653148614
0.15812427263568637 0.1958512348900626 416 1537 0.16167607103812748
0.21639379167401868 0.12010054806017653 417 1541 0.1664043556073045
0.23514794014293075 0.114788072429258 418 1542 0.1961622634240356
0.29993675620164356 0.15234707075660914 419 1543 0.07359247413768624
0.25698826259333096 0.1854080921191024 420 1547 0.1815298570692352
0.18403115584674734 0.14144768532959057 421 1553 0.06801127861502373
0.2995090704821215 0.11539407295778947 422 1555 0.1895452772553384
0.45710508328682775 0.18312403950262746 423 1557 0.1957304652822034
0.4992432991033928 0.14014703002082626 424 1558 0.1639420901285111
0.2293461307611171 0.1674614126710736 425 1564 0.10826817820124818
0.15280172422943727 0.16893514002832888 426 1567 0.07918769312437407
0.15122636387342042 0.18151287313814127 427 1569 0.11653638918906484
0.1284577094821063 0.21585563070860386 428 1576 0.18245219716248667
0.09387649624603753 0.22152653286185398 429 1581 0.1760782494645957
0.08847357912630821 0.18205483973668996 430 1582 0.16499960231864888
0.1657159247924118 0.13713722837113795 431 1583 0.10144245413234022
0.3007558761167566 0.12606863181468972 432 1588 0.11582023844847575
0.2249686284456484 0.11824805057692829 433 1593 0.16918904399334958
0.3914474132184656 0.16638739294006422 434 1598 0.14024367369336616
0.4464610340026319 0.16464785764927514 435 1599 0.15349238373651922
0.4220906065201325 0.16595487093701128 436 1601 0.14517840904876078
0.4535534365077863 0.1534233275448131 437 1609 0.1347784757306937
0.28908581255601645 0.13374552433309625 438 1615 0.09069616257452708
0.38948575737458296 0.1392825182288622 439 1618 0.1128855740179561
0.37102274176070915 0.17512139524457582 440 1630 0.16084782636574493
0.30087510219724656 0.18660933788655312 441 1633 0.18767009261106163
0.3920122296773769 0.17711999787633362 442 1644 0.1694897152491601
0.3263276222681907 0.12935465350922262 443 1646 0.11170444401179318
0.2541195335126134 0.11544149104104308 444 1649 0.19365904816688312
0.2905175920937585 0.17413421542221624 445 1658 0.14443971424882132
0.23009042597523233 0.18162462543596664 446 1660 0.1627837883341877
0.1310338892698461 0.18814273626895933 447 1661 0.11772953361337006
0.1588047749701408 0.14046611679461124 448 1665 0.09870771321926196
0.27429786903767894 0.12483108090284596 449 1668 0.12736466473658867
0.38984030960119875 0.1340244597035231 450 1669 0.12932873149861931
0.48861470075110014 0.17471029066107835 451 1682 0.17546823045160023
0.4512775334473987 0.1545416574250543 452 1686 0.13350625609112318
0.41576042829007176 0.12712896554278008 453 1693 0.16363006048247397
0.39833214655255 0.11840741250528354 454 1700 0.19668784201665107
0.4430218729492201 0.14054130228487716 455 1704 0.1274930866931891
0.4228678057627809 0.13651307977841226 456 1714 0.12950675540366707
0.31179244868968053 0.16216445652419456 457 1715 0.10636105696965706
0.49285635012246554 0.17512313534695156 458 1718 0.18464089008388426
0.49534556461534535 0.17988128052940278 459 1727 0.19062918870523163
0.4638516424636385 0.17796529675376146 460 1731 0.17973592773863242
0.3217153836183984 0.16432785905453157 461 1733 0.11605684377316003
0.13775288397869362 0.18133468686468723 462 1735 0.1082874358218608
0.07738569840265852 0.21278367309016227 463 1739 0.1938570252997218
0.07799414323607014 0.22509337985582267 464 1744 0.19828387866025146
0.08854712428767941 0.20457371922046666 465 1748 0.1653218903811124
0.08048374207672432 0.18727294168286374 466 1754 0.190390578717879
0.08349404927657247 0.178959633555249 467 1762 0.1906235186684063
0.10154278460315169 0.1636005784534695 468 1763 0.1552046445043946
0.17402780734378231 0.13847668322292228 469 1765 0.08706389433035809
0.23927522487424227 0.18276236469857038 470 1772 0.16332131184245305
0.1287521885973533 0.16863256749302602 471 1774 0.09026951409484764
0.20055772887603263 0.14868987015988813 472 1776 0.03678218302267376
0.31906295187114353 0.12365755926353858 473 1780 0.14968511857747416
0.17752585828737344 0.18998054682057752 474 1781 0.15340229110109466
0.2739492773136657 0.16595057492977977 475 1785 0.10837287140504183
0.20909400187121469 0.19557201493080725 476 1788 0.19829941532101772
0.10553450390896024 0.22922394978514657 477 1790 0.19115625673176925
0.2566109891942304 0.18734932692820258 478 1794 0.18300996996093138
0.3312727001177004 0.12911836766760076 479 1800 0.11555176112340959
0.3284282705119408 0.1769868824051434 480 1802 0.15823285938561168
0.3596692947510552 0.11955694324509494 481 1808 0.18614142174268494
0.29285721468133075 0.14321661833857388 482 1812 0.05567372437244372
0.35322566689907187 0.13769553828709957 483 1819 0.09310683604443072
0.41158106536456185 0.13746131059892555 484 1820 0.11871676546293318
0.31058713103222135 0.16953509854967871 485 1824 0.13458344068381814
0.4476849282413706 0.15986203235592739 486 1825 0.13972146203289368
0.39128815136587586 0.14553116137380195 487 1826 0.10216653220849234
0.3497270397598258 0.14331823694400542 488 1842 0.08601689575475115
0.35546100950054915 0.1621526059006986 489 1849 0.11420780969244186
0.4271514073540534 0.17516346034757957 490 1851 0.17022053000240914
0.14513793931500374 0.19964729109869309 491 1852 0.156206606681207
0.23023923089190657 0.17167754547338948 492 1854 0.1145687551464545
0.37460369751614675 0.14355120472170446 493 1855 0.10005869472301485
0.23635121381505467 0.14036027105223514 494 1859 0.045457454932218706
0.16651207204643698 0.16199835999996107 495 1860 0.05756160330359942
0.3244584338622595 0.135618071769736 496 1863 0.08698632617255278
0.21243647905521307 0.15545770114342278 497 1864 0.04958781312714605
0.15564514593279452 0.13423447908807284 498 1878 0.1283862444980311
0.14212225192035596 0.17401043461273447 499 1886 0.0894637893276936
0.2024003434928799 0.1795475816633615 500 1887 0.14020385577125688
0.16934119572096729 0.18981766137388495 501 1889 0.15622087459868492
0.3090399201647827 0.15943188191096194 502 1893 0.09882721620212258
0.3529390905377026 0.11840468100672352 503 1896 0.1892819419643695
0.3572400894452633 0.1307216493980732 504 1901 0.1227162832019086
0.2608944469290808 0.18100021159150195 505 1904 0.16094850972522529
0.1975152831533051 0.16209112209104093 506 1905 0.06449994250527959
0.1401640100907791 0.17214053522920866 507 1910 0.08735111698192827
0.3296904904232999 0.1487246399267798 508 1917 0.07590662680225047
0.39336741928446983 0.1714787979418513 509 1922 0.15586695481604906
0.4935047991654266 0.13857278259678357 510 1924 0.1640554140522362
0.36059329416106256 0.14040332110875045 511 1934 0.09175348062391366
0.19710638620310728 0.18716182373369858 512 1937 0.15840291962914654
0.14402809596817956 0.1340350790884975 513 1941 0.15471874455183166
0.1905869864373805 0.17879308129253083 514 1947 0.12796151224306074
0.2498422168573508 0.1676399827384616 515 1951 0.12053077824193992
0.2990884347462719 0.12887069040276938 516 1959 0.11121652143272334
0.29202833138634177 0.18221269760806408 517 1962 0.18077911928152468
0.38589706929842843 0.1389903580827251 518 1965 0.11060757550440523
0.22482630667259274 0.13010808189460812 519 1972 0.10164465581338479
0.31593146230830854 0.16257264284712392 520 1978 0.10593191862383854
0.28750027319295673 0.17057329880833574 521 1980 0.12694217878573905
0.3430516721148762 0.1254190637678448 522 1986 0.14207364796354316
0.48766064011376764 0.14818043313855148 523 1988 0.1481207385352114
0.27738955567628565 0.14087194241417822 524 1999 0.06478207781881157
0.1908391546521906 0.15784545085157384 525 2002 0.04802801184772138
0.09737255487728724 0.1831558347804587 526 2003 0.14718141806346088
0.14180670060164927 0.18924151789038515 527 2004 0.12361959706109246
0.2943101286208976 0.15401406966634684 528 2011 0.0719826377688481
0.37837366491727675 0.15404589653087775 529 2017 0.10737659757356394
0.39443697877559825 0.12881709911130496 530 2022 0.15119493005336715
0.4799178397288762 0.15280747402457182 531 2026 0.14217755336681218
0.4288511921103061 0.14889527191506347 532 2027 0.11585070993241076
0.4176197385992178 0.15742397325942473 533 2030 0.1219116274974542
0.38884861501630513 0.12222137338284467 534 2031 0.17997376123227682
0.1797954864388856 0.18314342804548187 535 2032 0.13265096519926498
0.2560021294332158 0.16241131773711742 536 2034 0.09266723973901825
0.07542287795107525 0.2135204364490162 537 2036 0.19917037061350917
0.1374165545606574 0.20294462915151062 538 2044 0.16926904101072024
0.10411778377380962 0.16813210872455936 539 2045 0.13255090724367632
0.14193281868661564 0.1747851672509929 540 2051 0.091014051955992
0.27572128506367327 0.18578725845856006 541 2061 0.18102790292389193
0.4653063913321472 0.15927226267147884 542 2065 0.14157436780892702
0.4951084012952933 0.1390810278190452 543 2069 0.16729309409424217
0.44660211375941417 0.13558947410615843 544 2071 0.15003750628664161
0.4454251336238237 0.12493285475790164 545 2074 0.1857796846504612
0.47654832624592364 0.1696167244308716 546 2075 0.1640577472143628
0.23579792125102622 0.19310332713242878 547 2077 0.19929774333423037
0.1550082034358116 0.1933600635983238 548 2080 0.14828408640219007
0.17526439435751856 0.19243855085803077 549 2082 0.15786847654956862
0.10033518660794984 0.20559025407352527 550 2085 0.15496888416668744
0.16511529719417237 0.19387712016683153 551 2089 0.16277662138983479
0.24545738044502932 0.12304461043823493 552 2092 0.13184533310652513
0.20332476105742298 0.14507185312512835 553 2096 0.03712884141663091
0.2625192229551525 0.1561521376819232 554 2097 0.0670269626751449
0.46312632013106014 0.17323874874310025 555 2105 0.1674735689685024
0.372221664943174 0.17060707551759088 556 2110 0.14925006747820196
0.35492852063070623 0.15276667435475028 557 2121 0.09907067264647272
0.3237344413691798 0.15331234327940144 558 2123 0.08631608000683096
0.2630398759723975 0.13635035852208655 559 2126 0.06288809489185114
0.2089422166664305 0.1597993881268211 560 2128 0.06263470129055093
0.2992111646340111 0.12782918746085406 561 2133 0.11658965693897418
0.4334741377792499 0.15227571309022586 562 2134 0.12267374601433266
0.2934386469782387 0.16095959377591784 563 2136 0.10446392692182309
0.3453848350645668 0.11864325928133684 564 2141 0.18566709067605067
0.36926552778893185 0.13775818974565174 565 2149 0.10458803031910476
0.3882660156504815 0.1202334080466453 566 2151 0.18821792026873085
0.31354444882913396 0.13467504855487966 567 2156 0.08566015330612915
0.3562429066141737 0.1225906406824139 568 2158 0.16463334527611398
0.3703948009398117 0.158797298622358 569 2159 0.11607059571745175
0.3102065954734089 0.14853307677841548 570 2165 0.06928739887528006
0.311269096740074 0.17812142308797768 571 2166 0.16406249644243842
0.4211113374520065 0.13942396896441098 572 2168 0.12142799657575813
0.39652548639440344 0.16259353979142385 573 2171 0.1318323469389768
0.34265580697897385 0.1642834151020852 574 2174 0.12600896956127364
0.3472915936220768 0.16025900188068104 575 2177 0.1105616360390976
0.43877568728398214 0.180348922374093 576 2178 0.1835010012168681
0.46256280862767357 0.1709307975473454 577 2182 0.16652403924177167
0.3941462200669774 0.17241983254974713 578 2185 0.1567362367222146
0.35724055154727063 0.17457392582840098 579 2186 0.1580126589107107
0.21704882622846403 0.15693114455580784 580 2187 0.06082446962250357
0.37442049355010787 0.14592159662528348 581 2190 0.09554745266891741
0.1840411360179124 0.16538203795337655 582 2191 0.0730248303924331
0.1768381459654727 0.16428203641414119 583 2194 0.06825235946580077
0.16014678902213983 0.13413739950573397 584 2198 0.12982576006679442
0.11483639557120737 0.16806176377663296 585 2203 0.11114010524495048
0.18417306882261708 0.14985579584542286 586 2204 0.04402999139966632
0.0972073194887358 0.20738555847754123 587 2213 0.16059834592729014
0.16677263298368222 0.15948310048526432 588 2215 0.05644890924388081
0.10401940411001617 0.1518758059832256 589 2222 0.17937905496025208
0.14607676010265794 0.18420220188363198 590 2225 0.12615797696360687
0.08649095310697676 0.19963860432147013 591 2232 0.16528278861398402
0.2269865355119517 0.12696119124262256 592 2233 0.11679862538154108
0.10441514132840625 0.1621197586022038 593 2236 0.14480336924698115
0.21755941498545633 0.13136815394814888 594 2238 0.08903651622814626
0.24181267276536875 0.11548717506031618 595 2243 0.191910398109815
0.2769512031781485 0.12926921569408684 596 2245 0.10609473884118961
0.29347886756092817 0.14328399195651156 597 2246 0.05890645691232207
0.27200048835083257 0.1679914415658063 598 2252 0.11936115313094425
0.22394326695920347 0.19056343572980428 599 2255 0.1813246473633913
0.2528753935355976 0.1600165334132783 600 2261 0.0826054299954891
0.19053742289041645 0.11946663368223748 601 2277 0.19088111011654751
0.0922489445654704 0.18406482681459785 602 2285 0.15554143040137136
0.11704760098702491 0.18239858186278146 603 2294 0.11118067249456934
0.1375310770548072 0.17610231266510706 604 2297 0.09228743135818206
0.09553847735287069 0.17536806705376584 605 2301 0.1523218848715341
0.14380801650163538 0.15018004129419885 606 2320 0.08389585384715476
0.24423740430552365 0.12273165578784065 607 2325 0.14814831763202294
0.22652522852868837 0.13890991600938174 608 2331 0.05497430015194836
0.16511224686439052 0.1464138035792138 609 2333 0.06854831700282478
0.2120838691825781 0.19326467046978463 610 2337 0.18343797845929383
0.26901802273236103 0.13299709941205382 611 2338 0.07899987368670497
0.3475073356169491 0.12842366081202783 612 2342 0.11674801120917967
0.29594705560647905 0.14402309293815038 613 2347 0.055615556800398175
0.3650497698719136 0.15277723956649716 614 2348 0.09776739062856354
0.09108389411570877 0.22366023265460694 615 2351 0.1731967938228487
0.10781811993907044 0.16559942892001991 616 2352 0.12970614937843225
0.15572919025536044 0.18786518636265076 617 2363 0.13042206219803604
0.09442352599927475 0.16952164471019363 618 2368 0.16526472993398414
0.0759171006323284 0.20976446091111342 619 2369 0.1971210586600368
0.11683129590399463 0.17631603780696342 620 2370 0.10703582020063114
0.0823181267271592 0.23312781496948717 621 2371 0.19607532617637563
0.11259116402821331 0.21205217730946352 622 2372 0.16323345865165467
0.2350560686159076 0.12428083261725455 623 2379 0.13901140058501915
0.20350831024690336 0.18385629618308813 624 2383 0.1475280170255166
0.14189714025607 0.17780202875683562 625 2384 0.09851585271190334
0.13519414308687153 0.14930512514046515 626 2386 0.09974640147909894
0.15697975203590323 0.1271955865958586 627 2388 0.16956802796664602
0.19963491373614964 0.15898209792193846 628 2390 0.051887343970550066
0.17269125823588508 0.18294961869084142 629 2396 0.13587308335709988
0.2480794195081653 0.13592428364084025 630 2399 0.06162557691652014
0.2099368019912838 0.13411861828355628 631 2403 0.08770202052076108
0.2962802764277572 0.14553937740975198 632 2406 0.0604959819447212
0.31803182695063303 0.16682692699995208 633 2407 0.12687442339103053
0.3619613944574447 0.1659441838107111 634 2413 0.13062167359944404
0.45617735412114735 0.14567222643323158 635 2416 0.13173347790997866
0.25413564365745106 0.1739451376519708 636 2418 0.13594589331879572
0.23765807296217728 0.15709089934974935 637 2421 0.06664950819744915
0.08514408271251794 0.2064309467953184 638 2423 0.17201132864405627
0.11418624219465966 0.190359445301367 639 2425 0.1267387371705364
0.1323628732017544 0.21235735079745677 640 2427 0.18043105296060996
0.09689837432926798 0.20639209057518862 641 2432 0.15508788825849615
0.0836317430086907 0.18680761426584072 642 2433 0.17835220266890675
0.12725503874262944 0.19819239646369 643 2435 0.14070478265557954
0.10143552943246553 0.20132626556806868 644 2436 0.14978364996763813
0.25154404774373657 0.1408720835719973 645 2446 0.053630673013067
0.2981586685815248 0.1448512657933604 646 2449 0.05929330814138221
0.17854607566467454 0.12316582859332073 647 2453 0.1711546022545473
0.12431772597344055 0.1947182477686869 648 2456 0.12833266477532396
0.1854721462412081 0.13105501317195 649 2463 0.12177712379478882
0.2628982932391094 0.1250958492488083 650 2465 0.12163815968539324
0.26504202877236005 0.12451101866686402 651 2469 0.12250007039536717
0.29825189990188794 0.13029806218038653 652 2470 0.11641776133646531
0.3584553029177492 0.15189159671813376 653 2476 0.09648603080220669
0.23619568142303143 0.12460451705709724 654 2478 0.1294334755627755
0.2684632423286124 0.12374002585151797 655 2480 0.13284928462417758
0.2586998576330672 0.16407891812148107 656 2483 0.09707931678801006
0.3119347522677441 0.17412173456281402 657 2485 0.14657715515115863
0.27197552459915564 0.1478773401035021 658 2488 0.051775981940777635
0.3190335228322825 0.16014959327127776 659 2489 0.1033351905957993
0.2498445725011466 0.15696570658527376 660 2497 0.06515625926721434
0.2512742407213714 0.13588068072596268 661 2499 0.07418690852668723
0.38673284120076434 0.15308117909618857 662 2503 0.1029649738705309
0.44495869569391744 0.17193731209717034 663 2504 0.16158620088799291
0.38949489906202517 0.1234624280987199 664 2505 0.17469401357266318
0.3329484434562975 0.12964467492161233 665 2507 0.1114516856143534
0.34637316166961574 0.12107064687720592 666 2510 0.1642137365809026
0.43613421167658495 0.12551438153193667 667 2511 0.1780691149807225
0.3254506168806408 0.15005748119308499 668 2515 0.08052548837547036
0.1726212549154198 0.13534443218772121 669 2517 0.11284699694621059
0.09252577298496968 0.18953900228391224 670 2518 0.15187488958384646
0.23536064585398053 0.11720770240890994 671 2525 0.1905462567077875
0.3006649274163449 0.13010291220419967 672 2529 0.09997597990296296
0.15810549223119788 0.15892153636374326 673 2536 0.05704665080304721
0.12830368456201133 0.15620385870084447 674 2542 0.1046489788695591
0.10579357289210897 0.20685094976798443 675 2554 0.15609114930835422
0.21732338371174856 0.18406479814120055 676 2557 0.1562502605855205
0.10198136083637836 0.20054695958429622 677 2558 0.14613787638530112
0.12235663135276252 0.1691209058473959 678 2561 0.09970882734748335
0.19444347457933858 0.14724732051115116 679 2562 0.04027483416503912
0.19341406018148669 0.11950978979322965 680 2565 0.1832846549133268
0.3494370799443324 0.13391598054253184 681 2566 0.10459831558065474
0.311442055870933 0.1271887167256129 682 2567 0.11659941541397834
0.23817889738794096 0.13765998266439206 683 2571 0.05611717277380327
0.2716934191158855 0.17224244545976033 684 2581 0.12587875873691087
0.2718523026233586 0.13159122493413294 685 2582 0.08842319239441415
0.40958016417078374 0.12914805193746381 686 2585 0.1494555030581342
0.31738549348292966 0.1256424014103815 687 2587 0.13355072563973983
0.20896184658310177 0.176857795619321 688 2592 0.13826063804657127
0.38461870341219073 0.1726495640300418 689 2600 0.15502799306237522
0.3893643267033293 0.18405363870493038 690 2602 0.18818770486233807
0.35207336742126105 0.1533200331569368 691 2604 0.09749676926117937
0.32389695502683685 0.12477665651934688 692 2607 0.14130449023427738
0.4846652866480871 0.15442263696850222 693 2614 0.14345369891637383
0.49796347626886756 0.15045755331206118 694 2615 0.14719512137981067
0.42003588663309893 0.18859244664551367 695 2618 0.19904761940020746
0.4198383343076158 0.13534024229299815 696 2621 0.13849072004015436
0.31383977059789014 0.1592977008923417 697 2622 0.09422512042360029
0.3571488824372181 0.1569187210997045 698 2626 0.09970610386049229
0.3877187075736891 0.17500684002510064 699 2627 0.1660792392518125
0.28633733052098076 0.17647933864049006 700 2628 0.16192829132221562
0.28910597916871067 0.18105840864018094 701 2631 0.1776216732183122
0.2952198119192313 0.1862664508281046 702 2634 0.18411076617420186
0.4106325394836905 0.12549006546371946 703 2636 0.1627397697425435
0.4325737750909884 0.12238721673011477 704 2640 0.1967329829487227
0.483287120191293 0.17557801723024238 705 2644 0.17932573681866135
0.45477638911911117 0.156266019919029 706 2651 0.13811809737310632
0.48152795548527966 0.1787249846907347 707 2652 0.18007857905887986
0.4719467452388784 0.17416563410037603 708 2654 0.17142537562380367
0.3906080920998033 0.1504289020210936 709 2658 0.10590193193457836
0.347398628909843 0.1695642653149897 710 2667 0.14095522020730167
0.4142304061406929 0.18207970488648756 711 2669 0.1898172457669351
0.38998403681992433 0.1403922295467674 712 2672 0.10369714001856634
0.3413670453996546 0.15016174142678765 713 2675 0.08827987334124525
0.3255664641248905 0.1364253816002554 714 2680 0.08545341412289859
0.23946685349992494 0.12059592830821156 715 2681 0.1634012648589456
0.1680564158001558 0.15590480764944914 716 2684 0.050197868114519574
0.09228356894951656 0.22432261585740115 717 2686 0.1806601550513568
0.09415440810796726 0.22588606276330883 718 2689 0.18050785941399217
0.18921080794554018 0.16780973906821028 719 2691 0.09349097156597046
0.1549016909226533 0.1857064781719955 720 2694 0.12883015178924254
0.22286132112520884 0.15100994507330465 721 2700 0.036398499872832564
0.34394411258608526 0.1799347463618588 722 2701 0.1765293700115371
0.27419656306369344 0.14717381100670987 723 2705 0.05436540177297411
0.2837466243609564 0.1273454810156186 724 2709 0.12717920408268993
0.18937671991946547 0.12526452805558444 725 2711 0.1547943513677549
0.20434037885702203 0.16093548764554055 726 2712 0.06234098685511543
0.15201363768185072 0.1865507669913504 727 2713 0.1274392826816895
0.08388454857374113 0.19527020464373235 728 2714 0.17622901973710328
0.326414735070767 0.1841292140626954 729 2715 0.18487201289207866
0.28302197998240236 0.19024893993978614 730 2717 0.19507006745798872
0.14239463928853302 0.15283373484274923 731 2721 0.0843773432774572
0.2059422830262586 0.19031533562304664 732 2722 0.17606266917774083
0.0969555103005707 0.19837998657868874 733 2727 0.1457334108907505
0.11213091103724407 0.22404005070513197 734 2730 0.18563722136454025
0.2635624677729078 0.17015009445260174 735 2731 0.12232479759652246
0.20722924897822365 0.16915567061561407 736 2732 0.09882780994960674
0.14227995198294946 0.15737332443341637 737 2733 0.07767904569659936
0.19197860660718297 0.16345684982903944 738 2743 0.06914113502117118
0.25907660612033323 0.18174509174251655 739 2745 0.16482739005130081
0.30909825303666283 0.14493278907780738 740 2750 0.061946984923732205
0.29611681861993416 0.165832279028905 741 2751 0.11583558120813785
0.3155773695415573 0.15763609220082953 742 2753 0.08982565574734547
0.2796245858771662 0.13543626159538025 743 2758 0.07712188183836657
0.35259847015386875 0.11689020560355023 744 2759 0.19468467617840454
0.378155615927582 0.14850538919463846 745 2762 0.09912029084159535
0.48723422804010835 0.13002665396430574 746 2764 0.1923266839918202
0.4300775872015918 0.16777501011019988 747 2765 0.1545272308839295
0.2528452374270461 0.16777161196265467 748 2772 0.11884749562470596
0.22780126542857135 0.1514940888461853 749 2775 0.04505175359482905
0.3632094743672912 0.15644474752835325 750 2777 0.10547650718843525
0.41258332398266173 0.17398787702559385 751 2778 0.16344182986148018
0.3072311739439504 0.18481218761765814 752 2783 0.19229626641215453
0.33053834965146645 0.17626147680925597 753 2795 0.1675255339564698
0.26645603463418516 0.15845486629997546 754 2797 0.0844087414282856
0.2918667722034225 0.14552194773601898 755 2799 0.05936969158279866
0.26938802928743516 0.15282591041965446 756 2801 0.060582076772268546
0.12907507989733868 0.19863735707834446 757 2807 0.14655855458804393
0.17655000545967078 0.1840603866843168 758 2812 0.13073643857447959
0.3267090757013197 0.1515786431169579 759 2819 0.07895474131527383
0.3866418122144554 0.12445815042666133 760 2821 0.1599317248123148
0.43373332383596974 0.16285154324451076 761 2822 0.13327042128282027
0.3558628302624854 0.13984854317243375 762 2827 0.0957159410171492
0.41131657952136136 0.14033444021299551 763 2831 0.12283080292977097
0.3953109329206953 0.1216085366091664 764 2833 0.18474767475773468
0.3189504468975256 0.14496984521264827 765 2835 0.06933002505966322
0.2692370595309663 0.13295480191700515 766 2837 0.08215120993004758
0.31009837735779155 0.1492501105402021 767 2842 0.07058914181245741
0.44498370145239563 0.15037692817315307 768 2844 0.12618515919596732
0.40247299231577244 0.1316988317088696 769 2847 0.13683635943842778
0.320439996802596 0.17432764847048332 770 2852 0.153359087390863
0.3721643753311497 0.18220346437364213 771 2857 0.17583945686339142
0.35236620595611395 0.13655520723430356 772 2860 0.09509214238498104
0.3789243945582593 0.16557445216958178 773 2861 0.13108988388417633
0.401947401863552 0.15280340472779436 774 2863 0.11238247398193472
0.392960780038936 0.1623407965378784 775 2866 0.12902406560574975
0.37527185799720325 0.16000430220373696 776 2870 0.11603136303714748
0.25625824706911005 0.14823055094686394 777 2877 0.04668688127149273
0.345720588839793 0.1453589973183296 778 2878 0.08098968112285498
0.356117475634803 0.17845620437940504 779 2883 0.1703261187599908
0.24016966256723787 0.18618241803284985 780 2886 0.17985069898248876
0.13615470734826654 0.18074919871102457 781 2888 0.10823411307828625
0.15095615632646683 0.160838364868435 782 2895 0.0657821959627155
0.19090149538944592 0.18079359661496056 783 2896 0.13166991004490042
0.30668127747972257 0.11914973856436209 784 2900 0.17839835498450007
0.255980110849247 0.16565699201639658 785 2902 0.10920674681307041
0.2661396286178461 0.1195047891514496 786 2904 0.1578384991506616
0.31168669123942055 0.1387980822343194 787 2907 0.07743853203553264
0.32790128077929365 0.1878263909985169 788 2909 0.19558739624823768
0.20293060258096454 0.13007933875199448 789 2911 0.11198330964620855
0.20741604056149288 0.12676063208884386 790 2917 0.13418011094867632
0.11710229216499699 0.19534377192536467 791 2919 0.13288815569696932
0.17659574586337135 0.1569836502872448 792 2921 0.0480589973067024
0.09790176757743908 0.15664281772859465 793 2922 0.17384138882245773
0.09669131873940581 0.21711030237613474 794 2924 0.1699849242783799
0.12191255240963518 0.19921432092084632 795 2931 0.14105413618418094
0.14790707234365186 0.19615980817677064 796 2938 0.1462338358257993
0.2791097463244584 0.157122272852135 797 2945 0.08209295213212228
0.2527206149139371 0.12254554524011593 798 2947 0.14522101294122275
0.1430595278382918 0.17338749241664606 799 2949 0.08612524952055439
0.15551743136375593 0.17714330675290438 800 2951 0.09801450695044722
0.21236599822258534 0.15278538008128334 801 2953 0.04508262747360287
0.1887811015776369 0.19988951112961287 802 2954 0.19701320817862064
0.21965701238172697 0.13064880778680454 803 2956 0.08750225105176163
0.3449068571139027 0.15236104433337458 804 2957 0.09344801110947411
0.4305123712338915 0.17024101328932914 805 2960 0.1553601802462333
0.3315698367484671 0.13273395165171142 806 2962 0.0968271076369027
0.36641823725046957 0.12094348361390508 807 2977 0.1769830327109465
0.3808882017335609 0.1644066148842139 808 2981 0.1311278648500752
0.43594388509667376 0.1281339813972989 809 2982 0.16498292563860276
0.33999630753522214 0.1603344954638889 810 2983 0.10733601869613439
0.39030009132393256 0.18109898103152752 811 2987 0.18551414955715745
0.3513453919871357 0.1434239090866539 812 2988 0.0925344385911336
0.4125130965793234 0.1362590189098394 813 2991 0.12627164696817095
0.2485636205094577 0.15890323203270038 814 2992 0.08160794029296344
0.3835842201869719 0.159361138603321 815 2997 0.11961467653398943
0.3147415007753104 0.1333503413149659 816 2999 0.08808001952134918
0.3643730066338394 0.16028027373925763 817 3001 0.11665898024948308
0.4192207936374701 0.16895154557351336 818 3010 0.1493749549489421
0.3651738313059275 0.17125296491368813 819 3011 0.14684581543949082
0.21894239642560706 0.16367019812516903 820 3016 0.08070586435989582
0.10053080951831331 0.18139560184245174 821 3017 0.1317175200786249
0.168909922870712 0.1364246453077237 822 3019 0.10383919210299442
0.20863391263639405 0.12209961970338759 823 3020 0.15691716604044229
0.34633110195642614 0.14645721025986325 824 3031 0.08052070388456063
0.3895986494734611 0.16368581980170982 825 3035 0.12932583372176876
0.30124182582577774 0.16670485696599935 826 3036 0.12182390931733962
0.25329395448794034 0.15864169273128392 827 3037 0.08176357867827991
0.25072622158352625 0.1779020236719922 828 3042 0.14880472411537793
0.39964957913278476 0.16352555355497436 829 3045 0.1352023765666319
0.48394344938089806 0.16505301281206744 830 3047 0.15514187787711878
0.4631907728715846 0.171612151279359 831 3048 0.16857718950276782
0.4086072834896455 0.16399025268176184 832 3050 0.13210376814494815
0.4688511035486714 0.1626203593658462 833 3054 0.1533705088631402
0.3518408971208403 0.13933437642888544 834 3055 0.08923474112702164
0.47185094610748746 0.15153642657407762 835 3063 0.13738801790067748
0.43793838166001264 0.1497538763461289 836 3066 0.12322762052263048
0.4461420004111005 0.14717115607776143 837 3068 0.12625637686731822
0.36493610653620184 0.17565569891773483 838 3083 0.16501217256003017
0.3575771194971735 0.13247129466009544 839 3086 0.1117697838589981
0.3059639065068136 0.15987001624281597 840 3093 0.09830182286999371
0.32343279772645067 0.15134510198258572 841 3098 0.08674298463071882
0.2689925033196094 0.15061787397035 842 3104 0.05242492061470671
0.1839844332244371 0.1338203977344373 843 3107 0.09980343642132332
0.3273344690912058 0.17565034740014412 844 3112 0.1533669760401507
0.29862080302877864 0.13729308133482138 845 3113 0.07217853136298351
0.37340735004766246 0.12394861784897172 846 3114 0.1678793279991572
0.22492316123608228 0.18251625692499374 847 3116 0.15533598754273692
0.12356740279401705 0.16904827126298477 848 3121 0.09665298439737882
0.11186767095649225 0.17807315786865166 849 3131 0.11670562241712185
0.1491553662249359 0.16672798040993964 850 3132 0.07088570986012502
0.10892044660670136 0.19411435813517913 851 3137 0.13326887513910396
0.10956453801166204 0.16798835874480056 852 3138 0.12345443045102099
0.09497912186270234 0.21643160035660958 853 3141 0.16530400953661264
0.09931423348182224 0.2147841383977659 854 3144 0.16147742061267528
0.11412747793762035 0.23001064388202624 855 3145 0.19552848291105474
0.12169025103852382 0.1995793825829772 856 3153 0.15086568362787053
0.21959094102929688 0.11548611371891943 857 3154 0.18872960675930345
0.12661019044716504 0.2004361617300222 858 3158 0.1565513568529939
0.32202161259973217 0.1353334761260917 859 3166 0.0906913724050064
0.28554080685918737 0.17344962733158018 860 3170 0.1358075275124778
0.26412696349267656 0.1687857362287265 861 3172 0.11720374876943374
0.3633837582867485 0.13187123975677806 862 3178 0.12348557691162292
0.3507456699987208 0.13242735494487828 863 3180 0.10891792554079535
0.38878837728200116 0.16541655930084903 864 3189 0.13785333356819007
0.45134699317681704 0.1488993489248766 865 3191 0.12858099041282742
0.43867046944076443 0.13904136133554076 866 3192 0.13187102745055396
0.30522722992122103 0.18000979582201623 867 3194 0.1620422675434198
0.2833983149673579 0.1823984148224253 868 3197 0.1733698996773406
0.2913782180314233 0.13021817383633774 869 3203 0.09685707245818218
0.15801339909096793 0.19139611114268482 870 3206 0.14771288228129373
0.13057463439370567 0.14527446942328523 871 3208 0.13054050600995426
0.13593902735297422 0.16939266936654823 872 3209 0.08368736718671882
0.16640695729313276 0.17538623193404224 873 3211 0.09925157634008905
0.28461013250982997 0.16044643623896787 874 3212 0.09427685980138802
0.2693280222980474 0.18314195101739988 875 3214 0.1621419705500995
0.3691490410717761 0.15834912889248712 876 3219 0.11120480246878142
0.4117133729731383 0.1354493445645563 877 3222 0.12774420426156594
0.3250029641647365 0.148494411806935 878 3223 0.07776240724712409
0.2555012194498891 0.16902032558187421 879 3225 0.12251022496944868
0.3073564544289341 0.11862468043293847 880 3232 0.16718426733654676
0.29358131204641963 0.1568521111197245 881 3238 0.08415297186723222
0.359035099690563 0.13479650171854038 882 3239 0.11237936239463373
0.23947908461643097 0.1456977514679203 883 3240 0.03655280472969379
0.3229394974702797 0.11650213092852474 884 3242 0.18549144772052686
0.11421537851669383 0.20391581221066168 885 3247 0.1520960893252579
0.08580866638345104 0.189913213838139 886 3248 0.16535954923853718
0.1414067302272616 0.14002635215875436 887 3252 0.13074762908808865
0.12154292645982022 0.22703306111603633 888 3253 0.19756516996452309
0.08589429622471625 0.2158730810617827 889 3254 0.17519284654455372
0.149018192306578 0.21015855042113543 890 3264 0.19007199258895394
0.20247829975812756 0.13080185983120052 891 3266 0.11941255979250438
0.24544378306983497 0.13008790314464616 892 3267 0.1010629259674864
0.11797128750265301 0.22585948293629332 893 3268 0.18886081083224118
0.29597309492194246 0.18987647594910187 894 3269 0.19945627520233292
0.3980122989045118 0.17602172985177245 895 3270 0.16352458797378616
0.47114973104402263 0.12711024551608174 896 3275 0.19416989152762212
0.4333933023325965 0.16242391471074547 897 3281 0.139523430379694
0.41841161521941617 0.16127261625475375 898 3282 0.13084404092599805
0.3160143754708906 0.17744236544445707 899 3286 0.15928160900284247
0.43011363068031955 0.16942720200818018 900 3293 0.15285873477915507
0.3122120778125133 0.16227948300320236 901 3295 0.11074601915453731
0.2996103883344638 0.14136112225219552 902 3297 0.06560791470715673
0.21128750495137003 0.17220936733117692 903 3298 0.10676927590026936
0.1849272348030501 0.163983295317471 904 3299 0.07165563162287263
0.2692130621074842 0.14353646795260092 905 3300 0.04998790630199398
0.18173277938537072 0.13801342966361496 906 3318 0.08236331973045363
0.23215655066635957 0.14340169900370148 907 3321 0.038285224826280585
0.19781922602140983 0.13863373276408092 908 3323 0.0638495326350758
0.2949063914019605 0.15731747106405197 909 3327 0.08808774146346696
0.18568985888979805 0.13501431992095153 910 3328 0.10389411570924016
0.13700371540702866 0.17773938582150303 911 3333 0.10017572094125834
0.2813854153869467 0.1838480560558821 912 3334 0.1779057636187703
0.3845191706031218 0.15450344805813077 913 3335 0.10613186825960377
0.2588247035160084 0.1582150539789725 914 3341 0.07898138496096634
0.3175460997356762 0.16011225815612656 915 3346 0.09603884645050421
0.2668130982623034 0.1290601035489399 916 3348 0.10173662340754491
0.44859155574054255 0.14089362859381901 917 3349 0.13939610699532354
0.30116701370263405 0.13948011551918885 918 3352 0.07201360535936623
0.3662445780720894 0.18411033184819436 919 3354 0.19092407879098244
0.16413519898291756 0.19849877031735697 920 3356 0.1720169868053551
0.2979962801834244 0.1878590664069818 921 3358 0.19589103941763938
0.3745779119532001 0.12170544957894966 922 3362 0.17903071715403854
0.3973910537929505 0.12409526630393768 923 3369 0.16653058047032854
0.454130191604627 0.15345939859367913 924 3372 0.13341386009236675
0.2542328800472867 0.1719979088935242 925 3376 0.1308008486608516
0.38817703178845253 0.13671009408916326 926 3379 0.11922463741518478
0.33487091195488283 0.17789081857927924 927 3383 0.17111833514231056
0.3586096417033539 0.17367611866870525 928 3385 0.15214246459773834
0.42960761949559423 0.1514359553150712 929 3386 0.12022927511995563
0.41537695854209533 0.14892872124454504 930 3387 0.11301831251587297
0.4555499681766771 0.15197009789922353 931 3397 0.13853115832329183
0.32753398436279163 0.17555227122204342 932 3398 0.14982970584384184
0.3139117692190521 0.12077307636897552 933 3401 0.1694167184470711
0.21986421710318654 0.19103325555259448 934 3405 0.18372264928066323
0.2130157853154577 0.13140201394916348 935 3406 0.09773707995901354
0.2568050133769395 0.19060780826919732 936 3407 0.19344532036700685
0.46271574635263235 0.12857357404869588 937 3412 0.17339121950249745
0.4980935066668203 0.1390421547747844 938 3416 0.1631675653244967
0.36677251103637953 0.1834467931493967 939 3419 0.18191976421662273
0.15830565117161488 0.17799312467014783 940 3422 0.10070510123268799
0.2709529272070575 0.16092131195195467 941 3427 0.09501583981756312
0.3581844209537022 0.18661589381107707 942 3428 0.19819538949564408
0.30721401462836934 0.17299511019574415 943 3435 0.14391265691408145
0.4750249437705456 0.1798823120794968 944 3442 0.1892046026700037
0.3398336186035137 0.1883231960447594 945 3444 0.19405988518596803
0.3466387228455298 0.12473454338038725 946 3445 0.15010832151989748
0.39971523750553584 0.17547727670728935 947 3446 0.16792931918129508
0.1652795353363985 0.18662545659940638 948 3451 0.13091870532783617
0.16012761949129664 0.2020743876855567 949 3452 0.1768161691312461
0.18735394568916902 0.1526842639378607 950 3464 0.039192131975942866
0.1493522512348947 0.14820595099630093 951 3468 0.08649687636692935
0.10583197889026902 0.21117007696607487 952 3471 0.16191492290654533
0.11011957621006693 0.1427491567305951 953 3473 0.18950085827690297
0.221147631555841 0.18315653597334164 954 3477 0.15534747640295327
0.2518674520679433 0.16288860109412118 955 3479 0.09677300771232492
0.26653415552452253 0.11875109022952687 956 3485 0.16526455301588974
0.10802584221806599 0.23364277990089466 957 3487 0.19938776038775285
0.1846852884385177 0.18721212440862953 958 3492 0.1517122589324567
0.22701112801955656 0.15251662267652136 959 3493 0.04164214189740143
0.24666193762444685 0.1325961562770014 960 3502 0.0765437606297203
0.288929060513037 0.12702651830369344 961 3506 0.11392002451121154
0.2963813702221999 0.13706968390138827 962 3507 0.0741145949646028
0.2788981293606198 0.14431307144099098 963 3508 0.049210744870530766
0.2237942747090053 0.13524702068546382 964 3509 0.06829063598553785
0.26305019079464903 0.16637829602575294 965 3511 0.11025261238850567
0.14346898146364878 0.20876204909077145 966 3512 0.17953760976442543
0.24895869862545889 0.1225022313497356 967 3514 0.13349977198544857
0.2565838680416271 0.1855462688898699 968 3517 0.1785235529616353
0.29111716040848395 0.1586644534339874 969 3519 0.09277012058029545
0.1483806942343967 0.19253061163859528 970 3522 0.14512546893271255
0.09687261521482904 0.1591320432894985 971 3523 0.17019146184241052
0.13563617539001002 0.14032942461984793 972 3525 0.13855505447674651
0.1927356325269879 0.12126293084347926 973 3529 0.1701627194016479
0.16307916327721844 0.18176050997853338 974 3532 0.12043398578214223
0.23591493735223112 0.15578053930192762 975 3537 0.06582806072090051
0.09921721758390434 0.22060490426504398 976 3540 0.1750412580384803
0.1435570476897549 0.12680823719232642 977 3544 0.19197758619232214
0.09450787037957423 0.17429665844573067 978 3548 0.15176823124739444
0.274429172420392 0.13535508030852006 979 3553 0.06989707566027381
0.27705768002022957 0.12292792262152875 980 3557 0.13288285249518061
0.37432463782571346 0.1607661355791731 981 3560 0.12193746285121802
0.17177646089361234 0.16737933282781145 982 3564 0.08371565258538641
0.19141615258054276 0.12437947603302725 983 3565 0.15094261869364217
0.26666379059239453 0.18356925715858155 984 3569 0.1761404098783879
0.2799671274740564 0.1304319292229336 985 3577 0.0983554895949059
0.40582326709011773 0.1634614673533949 986 3579 0.13468813358731369
0.45228938624611953 0.17514832490564025 987 3588 0.17659988085765774
0.28555887526608137 0.1846951187943392 988 3590 0.19123218979772053
0.19402486830344018 0.20049222175212683 989 3595 0.19753179280242752
0.2265720048816242 0.1759430556893414 990 3598 0.13024313231218332
0.22147989921913674 0.13319551809373914 991 3600 0.09315610643487476
0.35523769009922246 0.1795585033837402 992 3607 0.17247372841514041
0.4742353139611009 0.1617212070861215 993 3608 0.14706698972645768
0.4905907694797012 0.18292759834237327 994 3610 0.19682267686408614
0.39753580537668265 0.17911488339384993 995 3611 0.17615842078648064
0.4120907954508523 0.13633904393368387 996 3615 0.1186910526652959
0.32433468239222846 0.14988610958169277 997 3618 0.07259642374152654
0.34673857236472855 0.15118015167839288 998 3620 0.08994007678910529
0.36945545637774196 0.14694223803420314 999 3624 0.09747392235531009
0.3986198925805609 0.13804021380712964 1000 3633 0.11691756808242541
