3.49710751e-02
3.82498547e-02
2.00428630e-02
2.73108105e-02
1.77095517e-02
2.73018152e-02
1.67465230e-02
1.17362179e-02
9.53268762e-03
1.04488426e-02
1.11473132e-02
6.96652624e-03
6.67927792e-03
5.24891370e-03
4.75247483e-03
3.95736842e-03
4.79096896e-03
3.60234878e-03
3.85974529e-03
4.59744967e-03
4.79085737e-03
4.64232556e-03
4.37781074e-03
3.56338166e-03
3.50502701e-03
3.52629051e-03
2.84773052e-03
3.04444778e-03
3.00055402e-03
2.56387377e-03
2.34916832e-03
2.51448256e-03
2.28749248e-03
2.16859342e-03
1.54954785e-03
1.36851063e-03
1.37317747e-03
1.37847137e-03
1.57146733e-03
1.57844285e-03
1.50405742e-03
1.45750170e-03
1.41797468e-03
1.21007917e-03
1.26890317e-03
1.17722972e-03
1.10586491e-03
1.10230255e-03
1.09721655e-03
1.05943121e-03
1.03021310e-03
9.81126299e-04
9.69164310e-04
9.73470977e-04
8.59900793e-04
8.36762607e-04
7.96334700e-04
8.17699023e-04
8.45516809e-04
8.24658432e-04
8.24750457e-04
7.59029597e-04
7.70838280e-04
7.39712939e-04
7.33643907e-04
6.78098006e-04
6.50567447e-04
6.74594428e-04
6.43252992e-04
6.30444793e-04
6.32935335e-04
6.29242149e-04
5.97656582e-04
5.92255348e-04
5.83169759e-04
6.13023296e-04
6.11731885e-04
6.00198721e-04
5.70713545e-04
5.81164117e-04
5.74549671e-04
5.71655652e-04
5.61369439e-04
5.83540459e-04
5.83089896e-04
5.93160784e-04
5.23809565e-04
4.81906854e-04
4.97152587e-04
4.89008744e-04
4.91000658e-04
4.77742139e-04
3.92476232e-04
3.87329906e-04
4.05261112e-04
4.06522559e-04
3.89438289e-04
3.93306308e-04
3.96884550e-04
4.02882162e-04
3.98021762e-04
3.98101329e-04
3.90333987e-04
4.06405941e-04
3.98716383e-04
4.06101998e-04
4.13720412e-04
4.06460655e-04
3.69523047e-04
3.51370347e-04
3.32341296e-04
3.34612042e-04
3.44811505e-04
3.39011714e-04
3.36178743e-04
3.16314858e-04
3.09787791e-04
3.15551660e-04
3.12138414e-04
3.27356265e-04
3.26696386e-04
3.23760238e-04
3.25999097e-04
3.17168587e-04
3.08923912e-04
3.11662343e-04
3.07833260e-04
2.97663445e-04
2.78296336e-04
2.73561379e-04
2.68529304e-04
2.56105248e-04
2.57262786e-04
2.60394749e-04
2.65634610e-04
2.58902976e-04
2.69616788e-04
2.71651885e-04
2.80717801e-04
2.79993194e-04
2.74640605e-04
2.79943617e-04
2.91465748e-04
2.78591783e-04
2.81954596e-04
2.77596329e-04
2.78625913e-04
2.84224407e-04
2.94467218e-04
2.89966968e-04
2.86484393e-04
2.98295336e-04
3.03511231e-04
2.86817327e-04
2.81661625e-04
2.67294184e-04
2.67202589e-04
2.70479726e-04
2.51334946e-04
2.48212093e-04
2.50184074e-04
2.46449494e-04
2.43689142e-04
2.52043901e-04
2.60599750e-04
2.57427111e-04
2.40626054e-04
2.20605719e-04
2.20087263e-04
