0.12987672479960102 0.21414298120439512 1 2573 0.1840027473581205
0.3279139222201677 0.15041223450620003 2 2574 0.07803240400685392
0.08455491496532888 0.18844869630223035 3 2575 0.16942893057950945
0.3752827064571982 0.17408107816873672 4 2583 0.15614319528066078
0.4337535441456634 0.12215435023417162 5 2584 0.19995814600263948
0.11528032100841218 0.1822768141526261 6 2588 0.11204263052857948
0.2836734055400564 0.13752505461127307 7 2600 0.06722906537089084
0.4134384498663207 0.1372992459750708 8 2602 0.1278177753428077
0.20818216020552913 0.13000744306504353 9 2605 0.10584281598279224
0.2216819393978513 0.1535249327156783 10 2610 0.04640655346168141
0.2201528452365792 0.11731595391557231 11 2620 0.18480983418789562
0.32145829872043136 0.13812674975860775 12 2623 0.07879481382005306
0.4751261902941097 0.16248003553537946 13 2625 0.15075569986700096
0.446392820278596 0.1537806138474494 14 2627 0.1310109187084107
0.33351785483039315 0.1605805729878763 15 2635 0.10582710123253658
0.4064173634995046 0.1547342467270482 16 2636 0.11614845537090586
0.32639417797590786 0.12562590291084025 17 2639 0.13344502823847948
0.20443903027310673 0.1990425953810209 18 2641 0.19981249531854448
0.30620217623967916 0.1852048222750335 19 2657 0.18511142621624682
0.17236758385633505 0.1981434854267849 20 2658 0.17808728079675845
0.12843926985756882 0.20613889195103577 21 2661 0.16329816562780253
0.19633853026122045 0.15836320206278015 22 2666 0.054550707474658094
0.10336448366442336 0.16223339518743998 23 2670 0.14463421684231226
0.46013877527619446 0.1606306834008646 24 2682 0.1436194510631053
0.16240524546118013 0.18489294145764235 25 2685 0.1306218156042578
0.23147349565591463 0.18243735687116786 26 2687 0.1571585092848209
0.14337614914730257 0.12680655123134027 27 2692 0.19141916581673618
0.10808161571387051 0.1819431855518477 28 2694 0.11863490814914762
0.22530376041403627 0.18743214203364672 29 2695 0.17182024792520478
0.15801816080589065 0.18237912791214286 30 2698 0.12034503024500973
0.09705526378932536 0.1955002434074165 31 2705 0.14016907380938237
0.11971132298390871 0.1978938172232339 32 2706 0.13785828566243774
0.1902059496616194 0.1578777711910943 33 2709 0.05200049338159346
0.16642086092176472 0.1426812530070927 34 2711 0.07863782536392902
0.41447613333476796 0.1767985491921624 35 2715 0.1708129526387282
0.3944983858770045 0.1707704768908904 36 2720 0.1497927556669225
0.13639119552766732 0.17672259234540832 37 2724 0.0978560652662459
0.31122496974160474 0.16882665503679742 38 2725 0.12939564332656622
0.3658369606861577 0.13343213259301645 39 2726 0.11409886613192494
0.35518519427649453 0.17611451658270105 40 2734 0.15985875989254134
0.09080432698413608 0.19392217093720926 41 2748 0.1505937658052197
0.46156301836929936 0.1261436700710189 42 2763 0.19294235007290314
0.1413171889862204 0.19493103598335504 43 2776 0.1455067133290681
0.4608420049807568 0.1471686100406386 44 2777 0.13605509277564304
0.4634513741631754 0.16381004420674086 45 2778 0.14980878331947303
0.40807721971856203 0.1291206570824123 46 2782 0.15333933458806215
0.12471320101204889 0.16020374549553237 47 2791 0.1003418471499653
0.31203127441766143 0.15085692456420957 48 2814 0.07349154038269022
0.13876516032267394 0.20743566227694657 49 2815 0.17646278576415425
0.4010934307863013 0.17078948738240027 50 2816 0.15127342433615698
0.20337322418929082 0.15465761470199668 51 2822 0.044194223439436894
0.48392945590364306 0.14240518657798087 52 2824 0.15214335286298114
0.38084300483121236 0.14618270745221304 53 2828 0.09779809250831423
0.2952970291410544 0.12887110379936959 54 2832 0.10741153710217387
0.4085218493605202 0.16357883005031362 55 2834 0.13423105615967587
0.19133679261957615 0.12315574094526703 56 2838 0.15923758284827663
0.4053238821128543 0.16592268836834517 57 2840 0.13913340279999378
0.4116405487769706 0.17614341858533417 58 2847 0.1684864996675849
0.19393875995979448 0.12234979450612068 59 2853 0.16280001150491863
0.17218856266177757 0.19851800645132828 60 2856 0.17909432105659395
0.22592394472454175 0.11574773918526145 61 2860 0.19449610572174444
0.3328147162631341 0.17069015872347312 62 2861 0.1390011164681995
0.4357172284101625 0.1763003720764156 63 2862 0.17283764945243985
0.1583365539616156 0.1689709983431591 64 2863 0.08130374178908799
0.3908837608620038 0.18161987488741932 65 2867 0.1815229615499214
0.345749716728291 0.18001709324350232 66 2870 0.17166470448464952
0.2979940164354853 0.1314132369654784 67 2883 0.09545202537792823
0.22317981826644961 0.1756014306714117 68 2887 0.12932797354845046
0.16140975100055927 0.18836094537887893 69 2888 0.14074503936647711
0.253780588786369 0.13168763162432584 70 2889 0.08730600663674007
0.22220326002395913 0.1628119915446854 71 2890 0.08064365554472604
0.3164089183292799 0.18083642756346288 72 2891 0.17159878019645558
0.3319978383904022 0.18749021981629152 73 2893 0.19499228329665286
0.15817631125655185 0.15716290909834765 74 2895 0.06111766724008234
0.4027065789604218 0.16398386195989129 75 2898 0.1334907001304186
0.2902792748949006 0.12605893848957928 76 2899 0.12187877987496197
0.09707224967838696 0.18100490565877136 77 2901 0.13836880891830422
0.292047251341266 0.13379168789099408 78 2903 0.08333806464023313
0.4547749966389565 0.18426569928826805 79 2905 0.1959516244675798
0.2840100425926947 0.16856867891467384 80 2908 0.12329031701935995
0.26996416746817253 0.1692979776788137 81 2910 0.12247839590104158
0.13126253410912547 0.15246252049769593 82 2914 0.10313697396489847
0.1755666327750008 0.16986208911230968 83 2918 0.08804977000245236
0.12061494703839706 0.16326961543518237 84 2923 0.1038175833851425
0.35314357892475523 0.14038649928680738 85 2926 0.08856997154239894
0.4046995589755702 0.16488884855222813 86 2928 0.13632890401562134
0.38644110557131384 0.16822990192402068 87 2930 0.14066748770725512
0.3153861335150162 0.13109580890902195 88 2933 0.10206548409974525
0.20264045363428024 0.14355155281852192 89 2934 0.042855494563376215
0.13490537915346648 0.1826649367930413 90 2939 0.11047737738576163
0.4640675757066911 0.1361391000091857 91 2954 0.156410076860598
0.21411081754215439 0.16460115577600395 92 2955 0.08404310065919646
0.30258010877487374 0.18594096731401338 93 2960 0.1871150460105983
0.4383368822955846 0.1796196097370565 94 2961 0.18201077206453617
0.2531118881030314 0.13022429115207346 95 2969 0.0951294506833287
0.2978238912949222 0.182855651358961 96 2976 0.17610645386513366
0.2457237948277277 0.17698991408087736 97 2983 0.14309700848721876
0.21993910315987045 0.13989980189469015 98 2991 0.05058939479250814
0.4441712158549872 0.15482448064510887 99 2995 0.13109500392503376
0.39878629314823266 0.13836181574936782 100 2999 0.11724494707943735
0.32405790690565967 0.1469832034465529 101 3007 0.07216936385032013
0.28599183921522786 0.1768419226138489 102 3012 0.15331902722230933
0.2716583017841766 0.1646775653555713 103 3033 0.1059441846900879
0.3077820083849421 0.1377645482563827 104 3035 0.0744277680791085
0.13858595503108437 0.15890019457545135 105 3040 0.08082516139303637
0.29432584298997866 0.1507671833287416 106 3046 0.06742375593319239
0.12521573941768782 0.21244035092974745 107 3049 0.1750784639419672
0.3116457026062621 0.18197813686485342 108 3070 0.1749240376098484
0.38040399346700776 0.14429804678413471 109 3082 0.09827416856405981
0.33576050588580764 0.15201479662223538 110 3083 0.08374664519061123
0.3696431230666083 0.17125170371491194 111 3090 0.14637515257022224
0.12351441442040002 0.2219588694578689 112 3094 0.1947480645057697
0.21993576913497115 0.13667779037562475 113 3100 0.065083172029914
0.12489227214834628 0.1937959523549707 114 3102 0.1316426304728909
0.48404665291801 0.1568454709161914 115 3104 0.1469917192646466
0.3776370124596192 0.134022125519907 116 3106 0.1181531557050981
0.1669403823647074 0.20044947593523307 117 3115 0.18113632208757077
0.34890834605441995 0.1343993715031157 118 3118 0.10231404806111763
0.08354600423944357 0.19132946317357552 119 3121 0.17115788077544275
0.39088211091055053 0.18268422454364353 120 3122 0.18473877540793654
0.42669066049928916 0.18193728890440647 121 3124 0.18690298393580398
0.31188969003120093 0.17871076416390785 122 3129 0.1638431624129251
0.3068130341115547 0.11771647409110933 123 3130 0.17751564563779088
0.44826010127835425 0.15706115767970394 124 3132 0.13498319978276663
0.23671378314194552 0.140290100575899 125 3142 0.04844266702232235
0.11666011158558985 0.18358470207144967 126 3144 0.11272565345493102
0.34177087059592826 0.17574394603035787 127 3146 0.15710851843369136
0.3521352929983879 0.16888347971292522 128 3149 0.13588571176968292
0.35107782640994084 0.1628370611807265 129 3156 0.11662577119254262
0.1777256059962608 0.1321281132347514 130 3161 0.11603055983019556
0.14732237720508728 0.16772427408650073 131 3163 0.07925873225796647
0.26077925752620346 0.1435710499972451 132 3173 0.047525188057861524
0.15591976386024292 0.1353186265597753 133 3180 0.12559994913311037
0.36032424512627564 0.16461273615269856 134 3181 0.12405066052038828
0.37273961235088143 0.163174152369575 135 3182 0.12285747190052906
0.08284300705140707 0.21616879916025067 136 3183 0.17625598801594194
0.10093058919105588 0.1731632922998831 137 3188 0.13465577034390747
0.2429389207478162 0.18735826768786581 138 3189 0.17828522458029114
0.15902038259801612 0.1347205706093658 139 3195 0.12428933193548856
0.1446838957345256 0.1862645066528139 140 3198 0.12406526582835807
0.13274008010304444 0.1729955228681454 141 3200 0.09216937690737768
0.26474017402536404 0.18366177634210093 142 3202 0.17227646297808105
0.25664865056367325 0.13149427408004383 143 3208 0.08842413822174947
0.24127378575937952 0.1542648390348007 144 3210 0.05727341562091597
0.30581321351970076 0.12592890780202806 145 3212 0.12583992181385648
0.19588065076358974 0.180414406481398 146 3220 0.13397819447442114
0.21735065744518844 0.1330141334081513 147 3221 0.0848904353953434
0.3759617582508752 0.14933455258912465 148 3234 0.09641793725550576
0.3458067000850194 0.15194925744593152 149 3240 0.08715120905612746
0.3381629145158638 0.17762344447696496 150 3246 0.16300065331466765
0.34413937837886865 0.18199497183483831 151 3248 0.17801106469649608
0.31430968367532525 0.18441568921383994 152 3254 0.1833850320422607
0.3151054287075765 0.18293178630380832 153 3261 0.17851221884061882
0.295960393538032 0.1343795887948409 154 3266 0.08201607999046658
0.2698987803122317 0.17923585873939413 155 3270 0.15821530921155463
0.18674883992429087 0.15229164115557256 156 3271 0.04062894790164159
0.2402117881925217 0.1782653042581002 157 3276 0.14571824560481222
0.16078701264892112 0.14713845040968018 158 3281 0.07105439269889967
0.26901311638322184 0.15300288646013277 159 3286 0.06449692526733797
0.4394175158237338 0.14879903800678712 160 3295 0.12632638002821037
0.2796226363605874 0.16392395406079732 161 3298 0.10534623923896255
0.23723362547243726 0.12932900516934198 162 3306 0.10118382044403286
0.39782253966136 0.18675461285438097 163 3309 0.19762982724549585
0.13624013208610405 0.17477171738516217 164 3315 0.0941234195215183
0.2017039061456201 0.16691539152087592 165 3316 0.08756929672990937
0.32048117278027943 0.12972334416508863 166 3317 0.11021928441755277
0.15498139608278952 0.20188755956156906 167 3318 0.17600938614960054
0.2180809328621821 0.18274816065489943 168 3320 0.1526388683170908
0.2744439394687934 0.18809273523621095 169 3322 0.1895324201608392
0.10242563379663053 0.17711112348263644 170 3327 0.12831975382959734
0.3269701381542736 0.180913535140781 171 3332 0.17292693609925028
0.30955905516226523 0.13461678767858662 172 3337 0.08538495802410691
0.08958032360961776 0.22322698271510238 173 3357 0.17449677487649015
0.2776074236661762 0.18880603032762572 174 3369 0.1925570591476988
0.3002621732580375 0.1891860389017939 175 3381 0.19751427057110363
0.3277246357755231 0.14399213012003043 176 3384 0.07297026629714473
0.12424324074915996 0.1749683664661903 177 3390 0.09891508752268709
0.31974776768588925 0.13886746625975152 178 3396 0.07630251715975894
0.31425742691699804 0.1446872871842943 179 3400 0.06732662461419896
0.12762717179782623 0.18547420790318675 180 3406 0.11475223090406653
0.3277987322962535 0.18691264925519546 181 3421 0.19280924434591196
0.2554330232484276 0.1287795855434396 182 3430 0.10319815626659339
0.15060813668408107 0.19180507144235945 183 3433 0.1436519384686934
0.36354966105321657 0.18259997900208863 184 3434 0.18163279481891637
0.10818981577332301 0.2185185491265251 185 3437 0.171724211650171
0.12195044295284654 0.16707947554443658 186 3440 0.09887884937163087
0.4622874341242699 0.1540673838343058 187 3449 0.13703033944982426
0.1167622345201042 0.16133543458549515 188 3452 0.11384168398750401
0.3952221174456585 0.16671143901256494 189 3453 0.13854667778130927
0.23546819173424324 0.11863905068737403 190 3460 0.17075452155267076
0.24357972225132601 0.1795771912009856 191 3470 0.15159455516415377
0.19094973353018044 0.16699541459962583 192 3474 0.08356364351195063
0.13611547436653482 0.1839628213823102 193 3475 0.1139194140626852
0.4352133601310322 0.1804141189688354 194 3477 0.18375644490395296
0.29768784903725526 0.12845224133591066 195 3480 0.11014675387592698
0.09263501882507438 0.15514323571247673 196 3484 0.19719694915987318
0.33592276374921426 0.11742130891974858 197 3485 0.1869119938258986
0.15047295323796098 0.1424529028584201 198 3487 0.1018438652537119
0.4055865575115005 0.12202628878003513 199 3489 0.18737824625868255
0.28281781782393195 0.16866202225333593 200 3490 0.1233577143321968
0.25191203547478985 0.16707730945523075 201 3495 0.10869045612899224
0.2331320891330958 0.14363267555778292 202 3499 0.03922231068639596
0.2304737023773138 0.11776139539704202 203 3504 0.17829369241830811
0.16566601757955868 0.1770946723945871 204 3505 0.10772258773000797
0.351795761464344 0.13501877311728233 205 3509 0.10157838839128247
0.12732711465247687 0.13079891796238374 206 3510 0.19882815437549065
0.48032250043583447 0.1472347247550422 207 3514 0.14459780807035516
0.24965034635006778 0.18589495109527715 208 3532 0.17555493524772656
0.3563548576816442 0.17377617149608673 209 3535 0.15239348821882645
0.12572090382250695 0.16014336875063132 210 3542 0.09867579954171275
0.4218418931798086 0.17398457630184538 211 3545 0.16431109279128064
0.10721853506316228 0.15462909865460553 212 3552 0.1521445773463891
0.1377134708625113 0.21670742363145717 213 3555 0.19867313659003966
0.3520708628780726 0.16894930954148013 214 3560 0.1360878143824737
0.1373626978715642 0.21572694414689644 215 3562 0.1958991489475255
0.25455733994020785 0.15369012781741015 216 3564 0.06100945956884783
0.43110680492494186 0.13176022202738039 217 3565 0.15449800001711964
0.3107898456006011 0.1364890479737227 218 3567 0.07932414037117617
0.1952180054236592 0.17943846482049008 219 3570 0.13023139399134015
0.24394185820096098 0.17589714505215537 220 3574 0.1385279565365503
0.09884599970583666 0.21894567105716817 221 3578 0.1674312432910501
0.16490812698614254 0.16721542190813327 222 3580 0.07723093660833107
0.22524293267153828 0.14293548125944525 223 3581 0.03983470515814065
0.29337432027031146 0.12981411667839352 224 3583 0.10213606450305582
0.3080214672169202 0.16824012318283718 225 3587 0.12680392572307567
0.1189771992335179 0.18511407112531625 226 3589 0.11402471989071133
0.24106413583126954 0.13687695632535823 227 3594 0.06196880974524407
0.11282562109145217 0.1605183066591286 228 3595 0.12391291443805581
0.21747141303289708 0.15125257219455318 229 3602 0.03847698958798309
0.2217585440981476 0.1350043843717827 230 3606 0.07299527910410492
0.10759528053529317 0.22166030037502718 231 3611 0.17715467410324565
0.14345517565640992 0.1469111985181149 232 3613 0.09730291588368098
0.3131361250400778 0.18332746021458174 233 3630 0.17962713138547595
0.16260277291890005 0.12279775769619718 234 3631 0.18916436548542143
0.18532483309367254 0.12946799464374403 235 3640 0.12426618091656991
0.20082223218383258 0.14196088802252305 236 3641 0.04943479932221146
0.24438572684253926 0.11653998174647198 237 3646 0.18424157790491547
0.4404423302817065 0.1441987519608288 238 3651 0.12929502420332672
0.19897806945849383 0.1813202452425026 239 3660 0.13867618027774867
0.31500948650197375 0.1661889377536457 240 3664 0.12084189239347362
0.1259006939158684 0.21459195029824957 241 3665 0.18078650995120227
0.11060390746416318 0.20261329603938583 242 3677 0.14329324712895664
0.23120867215577495 0.16802237375857398 243 3678 0.1044045355456792
0.22615256672884532 0.18130073107859204 244 3686 0.15102155761529373
0.4391962097487935 0.12674010853751536 245 3688 0.17948150331001525
0.1290103837033772 0.20091128008332956 246 3692 0.15109652029933798
0.3919763499013701 0.1860466232009711 247 3696 0.19497049730593205
0.33821179255550865 0.17227971164087497 248 3699 0.14508134984690396
0.2793364508911322 0.18468063683917502 249 3702 0.17910373418125133
0.23320895104026346 0.1652907738432995 250 3705 0.09481424188636525
0.43503738541462417 0.12279424339341091 251 3714 0.19712518695218817
0.3115130372118848 0.15464820565170545 252 3726 0.08267016920615503
0.19682772999466766 0.19945008323317007 253 3728 0.19704828893095075
0.14230845362867237 0.15035208014467422 254 3729 0.08934194361762568
0.2751205041079331 0.14146857255661927 255 3735 0.05498324921981221
0.15990204316126388 0.16123314384418147 256 3737 0.0640923057914371
0.3706794304649231 0.1292674208813228 257 3739 0.13360708727375686
0.21887445058893917 0.11598558829578524 258 3741 0.19516135754653122
0.15784203141839329 0.18339071061519796 259 3746 0.12332559771012269
0.1701224017891199 0.16440457535807215 260 3757 0.06977504021632569
0.10840940942207844 0.18197689414375015 261 3764 0.1182438874289279
0.09353623173925069 0.16177836361129913 262 3766 0.17638278952544656
0.3261870308977337 0.14882355253837004 263 3773 0.0749512359323215
0.28150933881385715 0.16084630648539525 264 3787 0.09476323824716607
0.15578405581534477 0.1907581708686688 265 3788 0.14423056007458473
0.25803570875008464 0.1543619875553886 266 3791 0.06456395541246077
0.1877683592934146 0.17991438388234846 267 3796 0.12815453494475876
0.24177310515868033 0.17321644316870674 268 3802 0.12795190302990117
0.23101042237225142 0.19479410034166933 269 3803 0.1983567829259761
0.492100652155867 0.13709130337076583 270 3806 0.1682367598405008
0.16635212216721762 0.20157211617318102 271 3807 0.18399468039440953
0.2485224512832653 0.18123204250909963 272 3808 0.1591012259151949
0.17041224974402602 0.13982537561806932 273 3810 0.08550968335168126
0.11269434768993983 0.15404676650700866 274 3814 0.13923104257940694
0.3109348348218977 0.1254868698920985 275 3816 0.12963735651345126
0.19305558001481438 0.18975634090793797 276 3817 0.16416686306185135
0.3521080470296697 0.16350421895250963 277 3839 0.11888597592233789
0.10823134673133032 0.15120392893742918 278 3842 0.15945829977204606
0.20240578098847828 0.1814460962247213 279 3846 0.14079574495764852
0.39296228163336266 0.12406445732870199 280 3857 0.1702049725688926
0.32314560791336117 0.15930037935390323 281 3859 0.09951058097652517
0.4846245929645318 0.1521354019672076 282 3869 0.14504151684548952
0.1335937013571856 0.21149414894303203 283 3875 0.18150931695436698
0.1700201598998408 0.17825198199733078 284 3885 0.11353954336518705
0.4536132177318798 0.18320050947040364 285 3886 0.1930842925515159
0.22758105690799263 0.1763136378769625 286 3888 0.13376550634949913
0.22968403443544236 0.13964879993986168 287 3892 0.05054704438572891
0.12142064051382705 0.1394489319941995 288 3900 0.16973008092481143
0.4783604476889838 0.14344890736496146 289 3906 0.14775659845684233
0.14639655525265677 0.2019687239158447 290 3908 0.16894936665612836
0.17241015097127918 0.19658431243872615 291 3910 0.17338474253289116
0.19354840802832352 0.19292728607894621 292 3912 0.17473664135381836
0.44309923139891 0.1780643519702533 293 3916 0.17852174189807274
0.08847922893317325 0.20739957147437077 294 3917 0.16055210503916592
0.13537238725831047 0.17751194857116784 295 3920 0.0994258608279037
0.14919635390483604 0.16434165427879274 296 3928 0.07324130712979275
0.13684817124837012 0.17377800891147174 297 3930 0.09224842407561527
0.0874459959426375 0.19412483549143641 298 3931 0.15870393515087922
0.14781998923653117 0.14356542934952793 299 3932 0.10176651349069302
0.07804024752386968 0.22117746421171247 300 3936 0.1897139695982762
0.38412740010168367 0.14694117778989818 301 3943 0.09946010813092956
0.18606943236376428 0.13895306653020323 302 3944 0.07319278655609605
0.10031773044535924 0.22157362732391445 303 3946 0.17211811124840398
0.17798275063158409 0.17342276384913854 304 3947 0.10103929037349454
0.40000530971994297 0.17580563884942518 305 3948 0.16551431279461165
0.1560139772000787 0.13928926316440696 306 3953 0.10674192292258057
0.2735283377495883 0.11675415417275595 307 3954 0.1806910941445457
0.46163196378896104 0.12764563003932175 308 3970 0.18615807705122536
0.16747144928607255 0.14697714718824118 309 3975 0.06317623174120011
0.2724509655353051 0.15299109693393295 310 3978 0.06571184725185629
0.3996710769079346 0.17841551049250298 311 3985 0.1731403884172114
0.3781122456954592 0.12548626727335827 312 3988 0.15558937530871467
0.341366437649282 0.15777968103666629 313 3991 0.09946750408650061
0.36786530809009266 0.13692590656576842 314 3995 0.10395702695884433
0.08978998546190209 0.2120988164660775 315 3997 0.16248798127660088
0.28534589853515513 0.1823696975333399 316 4001 0.17239499148368195
0.24337674924268815 0.15510293403654182 317 4003 0.061024097032449445
0.28872416115942634 0.17803981628209117 318 4008 0.15803525537927365
0.1581812057788473 0.1741630263256187 319 4011 0.09575949578604537
0.2983986624100288 0.1731714288285747 320 4014 0.14260207261287636
0.28689392121998925 0.11737831953208182 321 4016 0.17700957354118121
0.3189226390533937 0.1270393944938226 322 4017 0.12337020562650353
0.20128590031749322 0.13973079561495097 323 4018 0.058427211110579226
0.2706194772357509 0.18013641797729713 324 4020 0.1615440883602335
0.10469828168322898 0.15469806254421137 325 4022 0.15912578149592205
0.3588882332495546 0.13669709538976385 326 4030 0.09993309722808529
0.35851050816256474 0.12446509183883314 327 4032 0.15212579964627096
0.3588525314793205 0.1365194581834856 328 4039 0.10042269513458368
0.4376058581716529 0.1852551711590747 329 4040 0.19709292927167188
0.21651648301393914 0.11843099554625085 330 4052 0.17809107083522255
0.21025133328036433 0.11992660300419264 331 4053 0.17015399095915298
0.2868042272003448 0.11788775281563607 332 4057 0.17344388439955913
0.19846188772351944 0.15449127414717967 333 4071 0.04300353949006872
0.30712537445134214 0.1783946985013481 334 4072 0.16214801983802313
0.34287926746498104 0.15404900277663489 335 4080 0.09044403653375506
0.1687844954045412 0.17068903695367993 336 4083 0.08853594842494066
0.1964441346166989 0.15733039702340512 337 4097 0.0511805041157297
0.16430502023616284 0.14719527126339307 338 4099 0.06642451876364056
0.1602675663626336 0.15047058908164102 339 4102 0.06395151404829177
0.3359247483934815 0.14581438379037268 340 4107 0.07641703686610243
0.23501613732782672 0.19080012195913493 341 4114 0.1869090998852243
0.4145884067825052 0.12163117007301286 342 4115 0.19384793787318497
0.2867009097914617 0.13099739717783834 343 4116 0.09482212171896
0.23520235678346063 0.12236455684205537 344 4123 0.14507855597154126
0.4944216702052511 0.16410369387789944 345 4127 0.1594538861830143
0.4215660447141788 0.17616408610340206 346 4134 0.17021433218337154
0.20802064569300652 0.119998102493656 347 4135 0.1707298769909357
0.27950240352454503 0.18956159252228752 348 4142 0.1954231678172757
0.2823908920034991 0.12574320487235183 349 4143 0.12253668456916303
0.27976058987460434 0.13577665410508832 350 4145 0.0723032412653155
0.23606731250386032 0.1552719682784446 351 4151 0.05844313374172438
0.3440189993451163 0.141016632235344 352 4155 0.08309468609807995
0.14141069192317807 0.212919480207793 353 4163 0.19313000315563478
0.319451485911417 0.15870788454099027 354 4165 0.09680294935545988
0.19988676105265404 0.18150264456997167 355 4169 0.13976037566472632
0.4066237021629253 0.13100525813308433 356 4190 0.14477594184566805
0.44079350943268003 0.12871703048596186 357 4197 0.17145761797317557
0.4127779937287779 0.1326237540012545 358 4201 0.14189660075693183
0.21072711363490793 0.19689133716127577 359 4205 0.19620305621811515
0.41084850307977383 0.13729248993086196 360 4207 0.12644081998739146
0.3365266130766393 0.1876953091123879 361 4211 0.19596462953659594
0.41748997076704575 0.12796798375537688 362 4212 0.16321075738694688
0.15030207291091396 0.19032449076028518 363 4217 0.13915604796947667
0.13127006368995098 0.16967272145325393 364 4221 0.08935384647052588
0.43398626869216167 0.15539906084005173 365 4231 0.12795044252500537
0.3226534332211142 0.11739233832951558 366 4237 0.18331602972595792
0.30231481219639267 0.13976151358329575 367 4239 0.0675801441671421
0.13369759523047609 0.21549845080618124 368 4243 0.19138805915708199
0.1769162043697426 0.19190389737565894 369 4244 0.161751245218735
0.40261311854976944 0.16966927903182571 370 4246 0.1484837432892812
0.3899780615585471 0.12656703455421464 371 4257 0.15593036464085205
0.16952344800848063 0.15800728618563567 372 4263 0.05514572516429276
0.37479455145062374 0.18665867715372386 373 4267 0.19531306378899946
0.28998151253164295 0.12947744908167896 374 4268 0.10313903816976581
0.12771234809667317 0.16351923453510683 375 4271 0.09237745484504237
0.21831857366994792 0.17169098389077755 376 4273 0.11277816043665077
0.2129392597978874 0.12811110393866731 377 4275 0.11508071266596796
0.24549949956518063 0.15039395494504396 378 4277 0.04771235760899468
0.32958484483950923 0.16467243311496135 379 4285 0.11823926532533328
0.25233062820112234 0.18083142945570452 380 4290 0.1589170501281621
0.44767447165901797 0.14893230279981823 381 4293 0.12985364993815637
0.2778496432702632 0.18135108646335263 382 4294 0.16740348005302064
0.2511486412879929 0.1386807565325531 383 4307 0.055836324942238016
0.18691720829897165 0.14690852221444933 384 4308 0.044002262787580376
0.3368746860866107 0.15151851196635635 385 4311 0.08317477583833212
0.2322846620099724 0.17373550773540725 386 4320 0.1262308298974344
0.23355822080204935 0.1433750387579736 387 4322 0.03977249349422835
0.33461989659986624 0.16952645624977364 388 4328 0.13532450345556563
0.3035691673445887 0.12941579158224312 389 4330 0.10662497424755446
0.15089325508669654 0.16366217635914693 390 4331 0.07153191346357125
0.10161622203586947 0.16373697631102643 391 4337 0.14658356225359243
0.14604299209213517 0.14683118196322614 392 4340 0.09333887422436735
0.3176652600564279 0.155438304200203 393 4341 0.0865885475461808
0.35943759008304893 0.14334830068468699 394 4342 0.0880560957591266
0.14728916152537236 0.20850634100322166 395 4345 0.1874150830853851
0.4168662354762307 0.17482232663013345 396 4347 0.16569919330591476
0.19273033463955086 0.1917981032308805 397 4349 0.1706454540407386
0.2669880849198293 0.14532645374753964 398 4351 0.04940277353252984
0.2588261225134699 0.16320537843691307 399 4353 0.09653183306011846
0.14656511593929608 0.1810189884059795 400 4355 0.11067407396175874
0.4019607993548793 0.1548776553719406 401 4363 0.11450322066733155
0.425517767147068 0.13901382829877465 402 4364 0.13015023669705217
0.2825297630983793 0.12566372764843708 403 4365 0.1230213114042688
0.2829473827033968 0.1480136778842022 404 4372 0.058084959016110695
0.25048136339695337 0.14776392379778006 405 4377 0.04477836223626098
0.29432189118965296 0.14709702003182432 406 4378 0.06109708736085996
0.14330943154972792 0.21118356433817886 407 4385 0.19059709771232378
0.17254985098262157 0.1463267762290178 408 4389 0.059139310354136033
0.1239888087462735 0.22246230245076506 409 4398 0.196415392522263
0.2199304556249494 0.12180067103802797 410 4405 0.1531566547546746
0.17785993565685815 0.16827993559261623 411 4411 0.08350426302255237
0.3219862010322544 0.16625360103420184 412 4413 0.12225295592184453
0.23109320373795117 0.15488116356879214 413 4418 0.054907602084830746
0.31676047040032973 0.143377551245039 414 4431 0.06865873107134389
0.27735535150860874 0.13847237209396634 415 4432 0.06255257686945052
0.1662955825028255 0.16730590020683428 416 4434 0.07767322324245944
0.41302792080497464 0.13513106738865518 417 4436 0.1336826694017901
0.30935348764545556 0.1287052862465095 418 4437 0.11181599254092393
0.30139888621787014 0.12164646024292511 419 4440 0.15055727588185788
0.27577258154879364 0.16182551995784333 420 4442 0.0966854985470255
0.2737508657838229 0.16298594104272518 421 4443 0.10033298642199198
0.3626126120960194 0.13416633658536697 422 4448 0.1098426708574217
0.4187677475829714 0.12811059442018657 423 4450 0.16321442828195426
0.35124694909626986 0.1300153808051188 424 4454 0.12106119936569869
0.1568447683606423 0.19714249077180812 425 4458 0.16384880565749618
0.10110791961689299 0.18128361911857904 426 4465 0.12963613858163534
0.36608992491570796 0.17329120763789418 427 4467 0.1522255854970422
0.29741866094525393 0.17667887019856088 428 4476 0.15477128760980385
0.41092402820755036 0.16488138808152375 429 4477 0.138075020647739
0.11965866892435525 0.188331624003421 430 4484 0.11921188092729194
0.21210134618579685 0.19071833752754497 431 4488 0.1769539898605525
0.24318289635230483 0.1327275713993869 432 4492 0.08191148457182122
0.14050682681961343 0.18146505616312963 433 4494 0.10942541798507482
0.27859349648984477 0.1522596312775752 434 4501 0.06580529525000026
0.337250699840391 0.13302162214865723 435 4512 0.10219030602797695
0.3749818612081281 0.1698106595468012 436 4513 0.14291431750524103
0.34425865843869 0.12517800099376056 437 4515 0.1423620689343699
0.10193378165227772 0.14870119143910113 438 4521 0.18637917793460396
0.13809702246408728 0.1736201640056921 439 4524 0.0917706465870752
0.4546142736826458 0.13629007593086412 440 4532 0.15139221242799036
0.25077032662674886 0.13925731411092626 441 4533 0.05381694960397437
0.28170117357562346 0.18044479316779516 442 4534 0.1650622996338152
0.16881752260280153 0.16162806439863822 443 4549 0.06256710756799687
0.1136782889377334 0.19860932656593078 444 4552 0.13687825009174745
0.11493379542974219 0.17722858723304097 445 4559 0.10856919335552245
0.2605174581946884 0.14507785211792637 446 4586 0.04687505510348617
0.2964888611581135 0.1899241299288165 447 4589 0.19941984769901283
0.16023319349441176 0.13337266128577213 448 4590 0.12963767978529459
0.20222144573796438 0.12938793161221024 449 4594 0.11269843521140115
0.43583267837503925 0.15836666288605855 450 4595 0.13264113550476223
0.23809123052070524 0.11600820533779982 451 4596 0.189355701163593
0.27753229757382214 0.1445519548310497 452 4598 0.05330465912131618
0.18332039558520252 0.177962246050952 453 4602 0.11916736671301917
0.29533043955140853 0.1222765515421405 454 4610 0.1454993607201152
0.24236470281247824 0.11867012370381233 455 4613 0.16919019495733556
0.29750414869160285 0.15974733122591406 456 4615 0.0950358587631161
0.4368101369585396 0.14374098296281876 457 4616 0.12806643638108506
0.0918235158755276 0.16749456398860085 458 4617 0.17017083139424713
0.21945177939659677 0.12017543665742486 459 4621 0.1645599238742143
0.30252306235667953 0.12461529725709902 460 4622 0.13264976020384397
0.16658335156026904 0.14172476227970707 461 4624 0.0821866985575216
0.4970538667429056 0.1764331645681169 462 4627 0.1837456646049338
0.34518998191174266 0.15907965528214363 463 4631 0.10412431688984682
0.34032059071489384 0.17679926143757085 464 4637 0.16047210912180956
0.1628585052245139 0.12814518205845438 465 4638 0.15553423533762117
0.30772329991773695 0.1407899602753924 466 4639 0.06775574305447017
0.15639045036497354 0.13696226140711465 467 4646 0.11690672819218771
0.3087843923859741 0.16316942936561404 468 4654 0.10925208838353911
0.42300129439079814 0.17396215877500196 469 4657 0.16446365826563172
0.3408895678015966 0.18505816577289058 470 4669 0.18774351751083546
0.2985726600071917 0.16888427996536168 471 4670 0.12740636714871345
0.27943225650243925 0.13089541774482155 472 4675 0.09397977686627192
0.0824986838200524 0.17177388905189345 473 4676 0.1977608188055215
0.38934011032410537 0.1263880531612188 474 4677 0.15649511823599502
0.16545854851545816 0.19661409175673414 475 4678 0.16865989292419975
0.38841183586319145 0.17938051708099154 476 4679 0.17441225685260667
0.15690412952071964 0.19821980006989187 477 4682 0.16703074960430875
0.13971683992318318 0.14434526170498901 478 4691 0.11254466611961776
0.37866816831552996 0.14595123169931962 479 4697 0.0967093573503449
0.1025469239036073 0.14887985755751132 480 4700 0.1838506376899009
0.2087861378245876 0.15618463157931883 481 4702 0.05056483635030164
0.30090235189116854 0.11829646110763636 482 4703 0.17248965805590122
0.1789368322077045 0.18095480635726696 483 4710 0.12712420200570096
0.18215261568439167 0.18698171825628754 484 4715 0.14897640619206684
0.460162876779563 0.14337043955458373 485 4721 0.13938134585999704
0.24978997665544608 0.1462738103690507 486 4724 0.04305620578902958
0.2913071938841977 0.11437670348835219 487 4731 0.1990678498094167
0.24968038944624937 0.14541493448982173 488 4732 0.04276368078692815
0.12626108564526317 0.16165285931187862 489 4734 0.09602614679088523
0.4454948029593896 0.16558825473544714 490 4736 0.1488319380783948
0.12467532497327075 0.22245713516622048 491 4739 0.19721644047621367
0.11334854904160886 0.20516276319250948 492 4747 0.1492834884447122
0.4452561041694344 0.18599868432849062 493 4752 0.1997139095653641
0.21839375435516611 0.13559047302478472 494 4770 0.07092175704814736
0.37461767913091276 0.16357900402736084 495 4771 0.12448611057848732
0.4223982435427122 0.1554254392031472 496 4782 0.1235543510189542
0.2143763999327674 0.19697786419322463 497 4787 0.19819527091840033
0.46584111063675177 0.14193091870187924 498 4790 0.1441822793779676
0.1208745094829563 0.14202433851834864 499 4793 0.1600970106942293
0.22007283058634397 0.16050142523624095 500 4795 0.07086770679702421
0.1350190946779979 0.19187525194742128 501 4799 0.1329839561381488
0.3772150533473734 0.12449948901261682 502 4800 0.1603647244078382
0.3568485782254428 0.18207183366774626 503 4802 0.1793428441105435
0.48120625024758523 0.18079375765251787 504 4806 0.1903136538281831
0.2012606460990646 0.18332759373554358 505 4808 0.14676670462251895
0.2915623831239095 0.19030287280840266 506 4809 0.19993784952764274
0.3795559223115054 0.13806366398383738 507 4810 0.10733255983361469
0.2970860385945468 0.1365805975242628 508 4816 0.07433519589573996
0.12155037047749746 0.13775457323952273 509 4821 0.1770205643847119
0.30588180336645154 0.13211902148506904 510 4824 0.09445151553208034
0.41747341112907865 0.17559735694016265 511 4827 0.16795527119962256
0.07430615347322977 0.21072564841567423 512 4847 0.19890031441868225
0.2990431713173738 0.14222055036477801 513 4852 0.06255662294094257
0.10314238097952363 0.1767056353042626 514 4856 0.1270199566046976
0.3023872502307461 0.17069616693174586 515 4861 0.13451821351852183
0.42805882630375885 0.12298062962539867 516 4862 0.19285226689629814
0.40638653916177836 0.18551488673536987 517 4865 0.19483156594909726
0.28740208478064205 0.17475240157885796 518 4871 0.14620665388087045
0.38792781255263564 0.16663375466143415 519 4874 0.1364794353042046
0.3534959191346747 0.15388916841040395 520 4878 0.09367097864730611
0.4448183186639366 0.142372775926934 521 4883 0.13365488321623212
0.2191960822112284 0.16549647933338069 522 4887 0.08966841272764985
0.2084661702915504 0.1797889183589773 523 4907 0.13784967182886818
0.09351247179167531 0.16717987828311737 524 4908 0.1650269774531671
0.11485022078463689 0.18942614344373065 525 4912 0.1213641222251031
0.37362785755992467 0.18406703239720695 526 4913 0.18717792400792777
0.21263520859121676 0.16110651647624424 527 4919 0.07005393134958318
0.19095200555353156 0.16037607173969726 528 4925 0.060138955529340905
0.4188696723639317 0.12245640767803143 529 4929 0.19131788129027252
0.20957784163964005 0.1753331005240216 530 4950 0.12233466598346729
0.29331355528374276 0.1228233877126757 531 4952 0.14175262921620657
0.1277819661049582 0.1779476347236108 532 4963 0.1010300802358744
0.20390701050329235 0.19363487337637308 533 4965 0.1824702452535195
0.29554253380292234 0.16438081719037095 534 4971 0.11075409883126326
0.2006812513759266 0.19718316272755626 535 4973 0.19207888059490394
0.26122072648589423 0.15780559989469628 536 4975 0.07756195136252102
0.4399466914920541 0.1597762979871743 537 4976 0.13623169144725597
0.17521729358688976 0.18529503876293155 538 4977 0.1394617651458253
0.2587463666366632 0.1406180910363 539 4978 0.05171674811503523
0.4001741820178416 0.11953280231102456 540 4979 0.19931485991773132
0.25882299128843095 0.1672154090098007 541 4980 0.11150002084662167
0.20448849064166627 0.1381396891490315 542 4987 0.06397861992740118
0.11627853543077159 0.1944220134623979 543 4988 0.1297833349525704
0.42009600314284096 0.18537259977015194 544 4989 0.19579993518766753
0.3235576518358612 0.18230958740610081 545 4990 0.177272248163868
0.304730492621925 0.11802676486672518 546 4995 0.17500144213563415
0.34624590401538013 0.15824392063582837 547 4996 0.1020577630451682
0.4283731263322948 0.15751434915428447 548 4997 0.12875456750792358
0.2516986909467325 0.14239533951035085 549 4998 0.04604108401618586
0.19881848495856302 0.16363196171663896 550 4999 0.07415344976383735
0.31517648397550657 0.17803517618753315 551 5000 0.16192792493012823
0.39324577145979633 0.18614112463207994 552 5001 0.19537443960218429
0.33847033579299635 0.1518068186772232 553 5002 0.08427621193881367
0.30119801594398293 0.17719718497354467 554 5005 0.1571660010903818
0.25881755138535684 0.17201188315413973 555 5008 0.12924278430395683
0.13612593361428157 0.17540020771714776 556 5010 0.09529853643339196
0.19206125114671674 0.18630124390120892 557 5016 0.15216779394029728
0.31030444414763503 0.12423371755830359 558 5018 0.13671573562259234
0.2597188801366994 0.17215013040258237 559 5035 0.13002160355242973
0.3082289273302855 0.11828733876296327 560 5038 0.17390536388186503
0.35245337607109745 0.13830951029211905 561 5040 0.09248169935057875
0.42494849407895663 0.13006811391890027 562 5044 0.157979883833454
0.3284426726096323 0.1345447331646103 563 5045 0.09275618534707779
0.28015602383507343 0.18849422158855478 564 5047 0.19203154885882084
0.22070083712900024 0.19534875576131683 565 5050 0.19586954758581535
0.3797102626213188 0.16171567659886985 566 5051 0.12085993640205603
0.3383878938479351 0.12302551236235465 567 5053 0.15238672516594293
0.1713049494469149 0.17027713077117954 568 5059 0.08800929039583996
0.2857093094524953 0.17423957310182334 569 5069 0.14404779234397605
0.2988288223746418 0.12797967654753842 570 5072 0.11291817644186575
0.12544734930741175 0.15780019357490566 571 5077 0.10275134676914476
0.3082173725039106 0.13176511589253176 572 5081 0.0967430697746432
0.17157244435571348 0.17008566941905398 573 5083 0.08747596160998422
0.11511306950359038 0.15872925472057536 574 5085 0.12219031240755227
0.2352867123905606 0.13858227221068511 575 5087 0.05470039085965448
0.4671732947457387 0.14895555231002053 576 5091 0.13797070661906294
0.3399906688688674 0.17461367329748848 577 5094 0.1531290947916067
0.2542161241031594 0.16302781452074896 578 5096 0.09428247582228134
0.3234957256568106 0.11936932758082008 579 5103 0.1703609355589152
0.1670573943856929 0.14979829240052256 580 5106 0.0573467032866832
0.3148610341529851 0.1518554313374463 581 5109 0.07657455708181665
0.2945299966056114 0.1687003749568569 582 5110 0.1259782066843243
0.4528407512922472 0.13150957429503612 583 5116 0.16614815993106488
0.30475339482626185 0.13651118395543774 584 5117 0.07710911943190549
0.08435221708083401 0.17391225097702986 585 5118 0.18650043235448155
0.29216860855909976 0.15131959246318974 586 5119 0.06799233042765723
0.35983508808292297 0.15336131036153855 587 5120 0.09492959428754232
0.3009401391059374 0.14932631305391697 588 5128 0.06675431013112289
0.14185066023152954 0.16813837985200206 589 5132 0.08172490109103514
0.26040082058160463 0.14690419200874372 590 5136 0.047838611202072855
0.3974690957132624 0.13201353652957307 591 5137 0.1360248175132422
0.25389531802241816 0.12652183765215227 592 5140 0.11642981439349288
0.09114617278281245 0.18033510703708755 593 5141 0.15464953178091187
0.12358953226246194 0.2100947758435853 594 5150 0.1680316122693475
0.3526361452845841 0.13378078554497924 595 5151 0.10629952535192858
0.29049267204674356 0.1661068160839589 596 5153 0.11583313655330799
0.09224921160660199 0.21223191983961062 597 5159 0.16022187227946566
0.40691176423766173 0.14940828362992012 598 5165 0.11143225870408625
0.2206794940370359 0.17072574096822618 599 5166 0.11018580578398134
0.3447985606121555 0.12852774744806758 600 5168 0.12524189776984765
0.37759380930759157 0.13132152046084467 601 5172 0.12827106159789928
0.3515783959498393 0.12712351770081692 602 5174 0.13509282325642652
0.20879764056727768 0.1761445967136267 603 5178 0.12492990946463861
0.2672239083800868 0.1867905294587261 604 5190 0.18352089750098682
0.2245706862454887 0.19504966175734328 605 5215 0.19656658865808752
0.1840798475966609 0.1362538608325666 606 5220 0.08804222213826789
0.24442076259984732 0.19071385486409112 607 5223 0.18997073599874906
0.10581160682736049 0.234685107933986 608 5230 0.19924799599768314
0.25605627449969387 0.14515345793435422 609 5232 0.04517553186269039
0.173404889127212 0.16258020643917015 610 5238 0.06479613252174392
0.270077444952166 0.18905266754900718 611 5241 0.19174003306352963
0.232388075406332 0.1846026686890329 612 5242 0.16502376181039827
0.2220756012626348 0.15260935598636366 613 5243 0.04375221617074804
0.2838537542029466 0.12333644048852982 614 5248 0.1372588178085163
0.19356775209673963 0.1694471224968487 615 5251 0.09354485716150722
0.3326656922689357 0.17280190071772775 616 5256 0.1461400932778529
0.29743376756988277 0.1446911074684011 617 5259 0.060805537902353664
0.09095291302302466 0.24212607865018046 618 5260 0.19887255712220045
0.14996586587940325 0.1617145027122483 619 5263 0.06987469093351516
0.41070213525749394 0.13981969452729748 620 5270 0.12066077925285076
0.18240208859482338 0.13892328367413997 621 5281 0.07672002096599984
0.3255290905253129 0.15070887411482956 622 5287 0.07773606907410818
0.1861004776220572 0.13640904792831593 623 5293 0.08545061335251326
0.2521633139159172 0.12731204941046384 624 5294 0.11176857520273614
0.2697717890602851 0.12690743588421538 625 5295 0.11448547354623914
0.29521622633706357 0.16446814568378842 626 5297 0.11099417533049778
0.4143390116814321 0.1823707524779561 627 5300 0.18664580720726937
0.17870241340933493 0.18926128701688433 628 5304 0.1543936264672995
0.25547375090117885 0.16321209102711895 629 5306 0.09541313484456239
0.10877633397077366 0.17718305969198792 630 5311 0.11668380518064622
0.3681219821555459 0.1739854102814268 631 5317 0.1547340259605901
0.2162236267959806 0.15804962211534096 632 5325 0.06001568156247353
0.15409291294688446 0.1968223382286478 633 5328 0.16079490043659006
0.44166109683888094 0.1240408514128069 634 5330 0.1937603958153094
0.3659515451519939 0.16177411697579003 635 5331 0.1171412371225695
0.3568710940408281 0.15196063009562674 636 5336 0.091331181154501
0.3196773292714246 0.14173790383455576 637 5338 0.07126240189822096
0.22323762056440563 0.15323863106292152 638 5341 0.04612870159695052
0.312234820263384 0.1446572122407001 639 5342 0.06652453116199146
0.15964826393657205 0.1726582702239388 640 5348 0.0918175863354902
0.2484610812000814 0.16866959520496227 641 5352 0.11345556083364805
0.22844799870761867 0.17272062488238343 642 5356 0.12092029490589314
0.3903227058695531 0.14453350819217134 643 5359 0.10341607137345026
0.31193805769035954 0.17048935888460362 644 5361 0.13532840682872932
0.43029926619711045 0.1788292405948747 645 5368 0.17882803945500145
0.11083890983302777 0.14384426893786656 646 5369 0.17821584510330235
0.13063792511998593 0.20736166755213392 647 5375 0.16836662405677894
0.1480803050986766 0.14389427987443573 648 5376 0.1001310382322044
0.3150202816194489 0.17660818096794997 649 5378 0.15701122266150114
0.3531058523352072 0.1548053929351066 650 5386 0.09550262870651825
0.18895845010677362 0.18040365024359833 651 5390 0.1304524328392367
0.24851190544059915 0.12820883592329382 652 5392 0.10665560008108692
0.4972906585146705 0.1374269516167589 653 5394 0.17037898383135686
0.09092768711409156 0.20571183956998695 654 5404 0.15567174284925278
0.43780956662202203 0.12787491819353874 655 5405 0.17367026973439184
0.23123141801383545 0.18965852084237714 656 5406 0.1816772789931652
0.2791711705156598 0.19087798794967242 657 5408 0.19966574435053588
0.20303580972028237 0.18613987983698077 658 5429 0.15726297538440231
0.43555260156518005 0.15627502182385375 659 5431 0.12959249549597154
0.09947425006401339 0.22764966111884188 660 5438 0.18159993570107022
0.22986921624448592 0.15090321098337883 661 5440 0.042207006070410585
0.46236277252123553 0.14847541332161718 662 5442 0.13610779548453658
0.47594345889608025 0.16794242589867345 663 5443 0.16065732468145139
0.41040086612552407 0.16713851743941943 664 5446 0.1436081975767513
0.10800052578319098 0.1721042587526244 665 5453 0.11980016927197494
0.39261631950011916 0.16291170537071836 666 5459 0.1277978405188434
0.2084001026581258 0.1980135744885036 667 5471 0.1985947895100539
0.23803555309404784 0.14640359173052717 668 5475 0.038618693817885984
0.0770790728295519 0.18874263939040942 669 5477 0.19774132371078162
0.3535993373289836 0.17901753154215216 670 5478 0.16914771127151096
0.1517046569136787 0.20021422106224954 671 5479 0.1685754331109473
0.21985820304099554 0.1768500869593273 672 5480 0.13244391997737054
0.33900260752252354 0.17662614144811567 673 5481 0.1597544388348424
0.4523311419155597 0.13207938748036904 674 5486 0.163805109009205
0.08002847303828693 0.1879875318375304 675 5488 0.18625134557829578
0.18669374063540606 0.13710548156880123 676 5491 0.08146303144537784
0.2159363230548939 0.14799319463873323 677 5492 0.033300303186258706
0.1579106836032154 0.14416755802813533 678 5494 0.08445659421387759
0.24030587406225942 0.12702977358703887 679 5498 0.11442833491516405
0.10481250425080235 0.17316994312109557 680 5501 0.1256517360425164
0.30260483856782705 0.11682389175907398 681 5502 0.18294606556053575
0.13556522345403899 0.2176486389814544 682 5505 0.19861151109733374
0.25347850319413184 0.18051702294740582 683 5511 0.15817049477421982
0.31840404978274756 0.17425075377123417 684 5518 0.14931183251653887
0.26787067345585014 0.14973620585233244 685 5519 0.05552785833026263
0.20425800686841727 0.15594636449259436 686 5521 0.04843261777328234
0.22008098315585817 0.18673277601853983 687 5524 0.16722624486009763
0.36833748908075004 0.1759184658803111 688 5527 0.16089602449012075
0.16893918270506433 0.19244323606547495 689 5528 0.15832748975953057
0.3063436874858284 0.13235833668778588 690 5529 0.09353771971657276
0.16499425063641288 0.12267668125389615 691 5530 0.18712513874595854
0.34507942874730557 0.1681712446268936 692 5536 0.13241585997104308
0.39929128833400507 0.16028427377787008 693 5537 0.12367733413938503
0.2119455848326341 0.12791936135365564 694 5551 0.11668386543911777
0.30600165938708335 0.14453950251608164 695 5560 0.06408433485648934
0.2318956693436196 0.12684731768011434 696 5562 0.1169651930777686
0.15622248178856188 0.163501321355345 697 5567 0.0692145358194886
0.2175534282977212 0.16320385334941556 698 5569 0.08015417574058083
0.37688429763771225 0.1373178985104013 699 5572 0.10774516262639845
0.33393062536001256 0.14094031150503228 700 5573 0.07852141438429708
0.35536555304800826 0.18784949607317225 701 5574 0.1976510174231585
0.251478539892451 0.12733753626455926 702 5581 0.11164342925002135
0.11640227272745704 0.21780423372511154 703 5587 0.1778645119574988
0.21486525835762038 0.189951659989451 704 5591 0.1756983702279185
0.15719925803622725 0.180963060922142 705 5593 0.11561637596559884
0.28269610718040783 0.1664598397798549 706 5594 0.11533116886419892
0.2254650360368424 0.12231698172544873 707 5597 0.14784467858435693
0.40723635484512566 0.12350081239493557 708 5598 0.18011860689541637
0.392109167587919 0.1229532120321217 709 5601 0.17582053133004008
0.07850734694914582 0.1847946527854495 710 5604 0.1956854700556827
0.276733557135385 0.19015456593641944 711 5608 0.1968159536279026
0.34302775644754524 0.143537007792023 712 5610 0.07998580547206714
0.23925046868320646 0.16220157092062376 713 5611 0.08547489361463498
0.27212648122692573 0.18902608134260449 714 5617 0.19211753958600938
0.26314139566075856 0.17006022619281047 715 5618 0.12336059797737206
0.27376002291567103 0.12838127583843714 716 5629 0.10647915356239925
0.1247209720448418 0.21061711128839836 717 5633 0.17034546246555152
0.4107933592080732 0.12606404130822388 718 5636 0.16877905545633642
0.15669208297587908 0.20465389866375633 719 5639 0.18521364513118246
0.2433630777012059 0.16161272005607702 720 5641 0.08488501812348494
0.2697074370750421 0.12881160831713906 721 5645 0.10370194916700343
0.39993477887620327 0.12668263096117705 722 5659 0.1603509376037654
0.33317291106294766 0.1420690383416839 723 5661 0.07672017940152782
0.36751496738278966 0.13365393903970213 724 5665 0.11415384554804323
0.23174811937793913 0.17304736880707788 725 5666 0.12347366518516652
0.2519353396192786 0.15147742713137394 726 5674 0.053314171551554816
0.4970067939458419 0.1609490966459099 727 5675 0.15627529786402933
0.11403217977820987 0.2004098940907775 728 5678 0.14036910234474068
0.2967884802672307 0.1487940665516423 729 5682 0.06436812776890909
0.4753391358536675 0.18252441934155267 730 5684 0.19367607390777886
0.21061477508912493 0.14800813049433217 731 5693 0.03300406058314262
0.19575795033670393 0.1832975128435363 732 5695 0.1439010844506311
0.21636137250417284 0.1684246031809779 733 5697 0.09961732866958091
0.1670121501087014 0.1274697349559969 734 5701 0.15458765096751892
0.47455594873801393 0.1551451758016371 735 5706 0.1421902689812913
0.3912670080686229 0.17339028640281734 736 5707 0.15682033129929648
0.292331194368326 0.1143590445424115 737 5708 0.19930239133674427
0.4499870095208048 0.13153085444135282 738 5712 0.16467939817414023
0.3977989856351486 0.16837207450121214 739 5715 0.14375598968586967
0.28227270974979435 0.18316618882981336 740 5716 0.17453547766722874
0.24086950858450765 0.1655878178048241 741 5718 0.09901116233970189
0.12393727674336436 0.20838002064932226 742 5719 0.1644044965725539
0.4569712581009556 0.14563895527086723 743 5724 0.13545472539943457
0.4684753056246909 0.13429233533126492 744 5730 0.16415449479092944
0.13858459496108638 0.19517421374615304 745 5731 0.14407375890468418
0.23228249677011864 0.13539932540796445 746 5733 0.06915686094971259
0.10151508309525316 0.151744915548908 747 5739 0.17759778529916
0.23499209784167754 0.12019025962535601 748 5740 0.1599413970648333
0.25399043323308335 0.12213457231690797 749 5741 0.14410932225111495
0.13658296104569917 0.17692981141220882 750 5743 0.09827749556432444
0.36549157956298217 0.14701380820844612 751 5747 0.09019295095056662
0.4282080540845036 0.13026763046292347 752 5758 0.1588147161268956
0.13008965252642957 0.22011158899899694 753 5760 0.19824519854588463
0.484933035230892 0.15512057267089982 754 5792 0.14616181602477796
0.2094672500446129 0.1335822540096706 755 5794 0.08490307326024464
0.38039341268401017 0.17584564312551978 756 5795 0.16241484356653216
0.20462615390668998 0.17891516147824002 757 5796 0.13293821356634317
0.3093010737936486 0.12759568722519643 758 5803 0.11759735386428732
0.1988596857485217 0.17941651129212333 759 5808 0.13194153781105267
0.35620529854215804 0.17680932084937515 760 5811 0.16224025564511219
0.12420770358243241 0.19175398905278102 761 5814 0.1268919600216743
0.18314880891381397 0.178608079294108 762 5815 0.12130778280660205
0.18103937388301683 0.12317415316555533 763 5816 0.167436513871611
0.1700905182431784 0.18186553359822114 764 5821 0.12537313289964064
0.3097454440964104 0.12389086417637983 765 5830 0.13860302733514715
0.4600938632969887 0.14501791965910726 766 5835 0.13741961634391542
0.30898766672039074 0.15019346300167857 767 5838 0.0711406752242618
0.2562960571396687 0.15115888453076734 768 5844 0.054290336953497206
0.20085642356221367 0.12862910541556452 769 5847 0.11807286657050603
0.14409271763049436 0.1550679177180403 770 5853 0.07749339448138041
0.3551018239597125 0.12233125354973831 771 5860 0.16283182090617107
0.2803098272632019 0.14748992631731003 772 5867 0.05635004447060219
0.24920827894596204 0.1887488056715751 773 5868 0.18502151034479616
0.16164315333857393 0.1993233541175071 774 5871 0.17388772452210274
0.19731276042331092 0.16125451738073462 775 5872 0.06492399281790391
0.28992954774772306 0.1633345875178088 776 5873 0.1057668573527548
0.21050665294729695 0.16878999434553657 777 5875 0.09843625485336827
0.14893882066730407 0.16463876025948349 778 5880 0.07376701927098409
0.23799324398346666 0.13860494220292968 779 5884 0.05468515768826571
0.1306177740340443 0.18691554800614996 780 5894 0.11873551329332188
0.2854425568431297 0.18742388834714954 781 5898 0.18946191157531994
0.1667589651489278 0.1653455694941294 782 5908 0.07219245462080161
0.3665495305367847 0.137391526380694 783 5917 0.10201552171252405
0.4423009489766233 0.1437242135998488 784 5918 0.13069109385053737
0.09486354161371724 0.19539385983817262 785 5924 0.1433178239763476
0.32931387979680427 0.17831612492300414 786 5925 0.1644300621754757
0.4630254413976034 0.16132340709703716 787 5928 0.14551538371553496
0.42982654033655293 0.12562701898820966 788 5930 0.1802399081251436
0.1401747516557483 0.13818211721958712 789 5931 0.1371389796544584
0.23505560004749915 0.1560988680679543 790 5934 0.060924443806691535
0.33165252932795386 0.18352137528119705 791 5937 0.18200473785940252
0.16720560458898484 0.19847468752332162 792 5950 0.1754766919576396
0.30857788418115567 0.1296642568060493 793 5956 0.10677009505260016
0.4265467564073947 0.17850710950010368 794 5960 0.1774221173619365
0.2521015279148965 0.16568406022793292 795 5962 0.10352265345864964
0.3893475251887214 0.16283907295323688 796 5963 0.12663524382303706
0.27116578142915027 0.1878219810320762 797 5976 0.18790435431258667
0.35433187355842555 0.13023779346665834 798 5977 0.1214661476231038
0.3089896489449867 0.17616541548004885 799 5979 0.15469765674796745
0.4685077268819948 0.13398679024007887 800 5981 0.16515767268784087
0.2580511721086873 0.1697695537118757 801 5983 0.12074486883268426
0.2448272656305955 0.11918364396108112 802 5995 0.16517781382587748
0.131025666798773 0.20000184074567623 803 5998 0.15050418335385946
0.3424658868828696 0.15967164955836252 804 6002 0.10515603750079433
0.08878670013366223 0.21374322590529657 805 6004 0.16516207666543636
0.2318083406180101 0.15782141689249754 806 6006 0.06580154127716728
0.20151227499907595 0.1780784750994861 807 6010 0.12847577399696075
0.47355961250709044 0.16947172574592756 808 6012 0.16320994395591185
0.20714151065184294 0.18089297289278938 809 6014 0.14112656551107822
0.10897966561018813 0.15213629282848326 810 6018 0.15451571335804087
0.34342758155210384 0.1265534562103137 811 6019 0.13466182526296325
0.17341477678744854 0.17706132990945178 812 6026 0.11125479397796459
0.23638713636038727 0.15262830520297388 813 6027 0.049872781147087625
0.35952756505081956 0.1567215342529644 814 6028 0.10203993673169591
0.08849350831182762 0.20303250351164978 815 6030 0.1580432689321625
0.3718143271745857 0.14823064933117336 816 6033 0.09373088375063629
0.27577865688017555 0.13362682243847337 817 6034 0.08036637562195814
0.29567149210342797 0.16119320864770112 818 6035 0.09956655767206997
0.3458202320695664 0.17590433357273633 819 6049 0.1580928029161747
0.41342401988340555 0.16272472306819294 820 6055 0.13373761794292796
0.1880342113973391 0.15287937576405675 821 6063 0.040789793064675235
0.3882340761449824 0.12024062427156099 822 6066 0.18961115181267496
0.2841461910824672 0.18661341993777647 823 6074 0.186528997497008
0.17246796723344884 0.1397566139347907 824 6075 0.08342132770024223
0.33737322278173804 0.18032477086790577 825 6078 0.171920414289091
0.26218184138308903 0.15649615268929262 826 6081 0.07331387898896233
0.2998136876837945 0.18737342670668447 827 6092 0.1915030784768663
0.1852501945441524 0.15701056414008902 828 6095 0.04948642054920959
0.20186771402155554 0.16348302943375176 829 6101 0.07475020149574331
0.13596693083265343 0.15665115948669764 830 6103 0.08694872876321733
0.0847889461003428 0.19113856274139496 831 6105 0.1672229544569104
0.19459391238141477 0.17039778238440353 832 6106 0.09746066571418506
0.45527509672947875 0.14513542601820179 833 6107 0.13515165550480895
0.2838130189952714 0.17893237315776028 834 6111 0.16022143564866292
0.48975378333255326 0.17088165326775148 835 6112 0.16999406684518364
0.09340749393683628 0.20825432740985983 836 6114 0.15507156304567957
0.2280959245700077 0.12559190684869598 837 6118 0.12569930543050178
0.24600611709402398 0.14453947048692184 838 6123 0.04169934670466644
0.41561119969876553 0.15438710707747813 839 6124 0.11950563010901888
0.14077531307829522 0.16199199917071372 840 6126 0.07742514255499969
0.18316758513344591 0.19664358457044798 841 6129 0.18046484650645928
0.41941361715946107 0.12539921345291705 842 6135 0.17629260674381256
0.3133669206454098 0.13035192530787543 843 6138 0.10488325195256983
0.22588732609744294 0.15100205384565488 844 6141 0.040844787506643575
0.2279121397812417 0.152012471318955 845 6143 0.04437656625022875
0.22419138826567564 0.15094262742154474 846 6144 0.04004647310542889
0.1490719583715159 0.13437826824955923 847 6145 0.14056079809295885
0.3054465740769331 0.13740465271339053 848 6147 0.07460565535837677
0.16702271880900685 0.1831954577910182 849 6155 0.1279502262478935
0.42553750632987086 0.18513256591520233 850 6156 0.19565511094493665
0.11285584008936561 0.22423551776152936 851 6157 0.18731999758397969
0.10184471760038913 0.2302644890410813 852 6160 0.18766337409194764
0.35458441308779404 0.17785134523040147 853 6177 0.16545158795152695
0.13199213366099316 0.18013442201242036 854 6182 0.10452574708023345
0.43689953662643677 0.16490415378449838 855 6187 0.1452187376594886
0.3196786067263205 0.1454851561329138 856 6189 0.06961750338985584
0.36805974384372114 0.17822683283279636 857 6197 0.16819459297475114
0.11093302023776183 0.20040109499838965 858 6202 0.13944040156407622
0.3804250373860962 0.14971166783382647 859 6209 0.09881722045663349
0.16304034310508755 0.12273845794276017 860 6211 0.18902602797013315
0.1538161372913799 0.14411410047307593 861 6213 0.09053408748438146
0.13994169139709867 0.1463228138733733 862 6214 0.10521045508216478
0.23491121126290826 0.1214649588165372 863 6218 0.1512020679356649
0.49801698772928765 0.17657624871898006 864 6230 0.18434354103290534
0.15705909444642405 0.20200781331476556 865 6231 0.17804646596754822
0.14960252065524066 0.18197265897102255 866 6232 0.11472934575434245
0.125812877348119 0.1693272643532524 867 6239 0.09399046853703774
0.1233492574316448 0.1514368926568265 868 6242 0.12167107929447359
0.12624915712956608 0.17985728678515966 869 6244 0.10437365943194825
0.2578656978439958 0.15875752718953784 870 6249 0.07977436384434973
0.10112383293168727 0.21419904444792115 871 6253 0.16046383486932583
0.26914254926729747 0.15180339608255308 872 6256 0.061125752853137406
0.2231570658378497 0.11730267774424308 873 6257 0.1838512428667133
0.2177635417177382 0.15429564960621023 874 6259 0.04737349643712378
0.22352628711445033 0.18770516560145672 875 6260 0.1719959052773009
0.3093385020752685 0.14813658504980154 876 6266 0.06786463894350424
0.39831319719602654 0.13642755836200926 877 6270 0.121912661384715
0.3601020371058349 0.13021837580633466 878 6272 0.12424709010338851
0.373232316085384 0.14939579377560713 879 6288 0.09518744260005085
0.21557117236692597 0.1344985841031273 880 6293 0.07750495531501747
0.10282812295280921 0.16521905702440673 881 6298 0.14047373580294423
0.31082982976946577 0.1838417048810913 882 6303 0.1810947171407676
0.26058241965508666 0.1819747862243998 883 6306 0.16534191943124021
0.24428840572199076 0.12791732033351666 884 6307 0.10866816480259239
0.2666690704168756 0.15283421500909228 885 6319 0.06312469711877405
0.34363969554030876 0.17039573839765537 886 6320 0.1395295242748223
0.13485014669511422 0.1990650452507898 887 6322 0.15127584529947732
0.2676370938965995 0.16174670364445987 888 6323 0.09398099436814554
0.23592300340018496 0.1776700179794814 889 6330 0.14198202743313335
0.32270999861816996 0.12853331813158989 890 6332 0.11683920679314279
0.24823412983194343 0.14503028200383142 891 6333 0.04226921025348048
0.13645605367511288 0.12812825635643604 892 6335 0.1957169851687118
0.18920255948452383 0.14781731522925096 893 6337 0.04065779058567739
0.20665840708153452 0.12604946774265197 894 6338 0.1308865535860779
0.44654423306902497 0.14549822897070586 895 6340 0.13091188709100854
0.09165217851180885 0.19827548509455112 896 6343 0.15006817094271582
0.21569840562508696 0.16920293672621062 897 6353 0.10227657148171397
0.315088677454187 0.17408093901400767 898 6354 0.14829096720798887
0.32048383942364733 0.13899030908774662 899 6355 0.07632732361835316
0.4444576357151597 0.14439944443420655 900 6360 0.13096055459335929
0.34016497432125775 0.13276926875817116 901 6361 0.10444551327871138
0.46734444810151604 0.16018944438479807 902 6364 0.14509128281665484
0.2279339097398916 0.13667864567501475 903 6366 0.06352291191637938
0.29439209724716986 0.15468833086480366 904 6368 0.07788331151081486
0.49667300835680567 0.18089377065423073 905 6372 0.193669124014224
0.13204004980389905 0.17816220417875125 906 6376 0.10073838655195654
0.33909569885250446 0.16624088400905007 907 6384 0.12508638754696275
0.196583883675451 0.16335327286123846 908 6387 0.0723201612940729
0.18427723725787726 0.12644246657225455 909 6399 0.14358378803449784
0.45372668006718253 0.16738520954834266 910 6401 0.1545553494960401
0.269375479635641 0.1435388971256068 911 6406 0.050620895644681245
0.43279881457970265 0.1482890677546323 912 6413 0.1234307678400649
0.41607107151247713 0.1684365015905698 913 6417 0.14837143662429686
0.08323253085154564 0.17423629225057036 914 6421 0.1904589940662382
0.36041458584213326 0.1341431433297592 915 6425 0.10881732214506384
0.1625731774483332 0.18740082410591435 916 6426 0.13852459157911537
0.1005050270738348 0.212032310698 917 6427 0.15701914239425574
0.37662208611036035 0.13097222099225236 918 6428 0.1292022248473883
0.09917320393391102 0.2297839593553903 919 6432 0.1848794608696372
0.21796267451570114 0.12275604804494011 920 6438 0.1474179862750348
0.1383538247090096 0.187117379922293 921 6441 0.12279452468495687
0.08681741653664696 0.19158578054211095 922 6451 0.16094086430732796
0.24122112294812673 0.1366062816773011 923 6455 0.06316128423857092
0.4445325567910315 0.155216628015444 924 6459 0.131613033526229
0.36732789653145903 0.12017363628077601 925 6461 0.18082033187231009
0.32482666927127335 0.12515964840893712 926 6462 0.13553682707776413
0.3206047252170856 0.18166364839115554 927 6467 0.17482326321854935
0.23204800550111804 0.1707048108206744 928 6470 0.114866559663572
0.2671093551595399 0.14508591539878563 929 6473 0.04939700850581461
0.22906986967898219 0.1872152109909394 930 6485 0.17262633541446945
0.2854576969976345 0.14514402521377784 931 6486 0.05637209802008995
0.24986756878388647 0.18264312570815097 932 6490 0.16445688993776042
0.09500080579586849 0.1568649924429597 933 6502 0.18387307264334166
0.4374630654532701 0.1756686639956144 934 6506 0.1714500924937487
0.10102099469559814 0.22585700779827234 935 6507 0.17960376998882144
0.3815271695557396 0.15390310514756525 936 6509 0.10445862807688143
0.34705376581052566 0.16106410042891192 937 6513 0.11037082230755775
0.0773758936582623 0.19163268346102494 938 6519 0.1939920122171588
0.19169358227891836 0.15820046799371149 939 6522 0.05317091489357257
0.25264989051169706 0.18093965912256213 940 6526 0.15939603867000565
0.3360427433362148 0.15434935935430805 941 6528 0.08899729440566187
0.33371432609904916 0.1299644153970157 942 6530 0.11391265674984007
0.09647893211690609 0.2040918592762171 943 6532 0.14815011715309861
0.23948662061672815 0.11748834982999967 944 6535 0.17819288810523695
0.42401134802926577 0.18167274513064227 945 6536 0.18584891939074652
0.20174839829867053 0.1728648251082592 946 6541 0.10971063225129782
0.4366877627860258 0.14526909908032126 947 6542 0.12655419734881093
0.4330804836344482 0.1331998509259542 948 6544 0.15034925991025333
0.39211907076483843 0.16867117467999168 949 6549 0.14324820966549898
0.09305153803034985 0.18792731141770233 950 6550 0.14564444636778928
0.13432438476205744 0.15167381450872044 951 6551 0.09953002851193944
0.09816320453774921 0.21301542141277502 952 6552 0.15854467773270373
0.1938732041041736 0.134874267114501 953 6559 0.08713991464197153
0.3574588816199766 0.12415998805460111 954 6560 0.15336296699279875
0.4382494458936307 0.1378244962883716 955 6565 0.13934843582888154
0.4184448813090297 0.1427992199481184 956 6566 0.12001773381380504
0.296741980718622 0.1666527634536424 957 6569 0.11909560487247597
0.2617768082654977 0.18749311444992411 958 6573 0.18448657824666098
0.33128571429172593 0.12020126615911017 959 6574 0.16728765191850128
0.17164317369108684 0.1489139718952733 960 6576 0.05404679730499227
0.1154028162970234 0.1888046808137466 961 6577 0.12032246130666412
0.10264152260822348 0.14760464766740866 962 6581 0.18802766392896628
0.175277012107968 0.14075309859618498 963 6591 0.07596998089771971
0.08739218825571278 0.2268421770789866 964 6597 0.17997209912317283
0.17421619739681238 0.1241876653122005 965 6598 0.1672836644687855
0.24636921371553308 0.11649694394692389 966 6604 0.18424795991501905
0.49046073818883995 0.15746548452049985 967 6605 0.15004233838919792
0.1987056546007249 0.18269638288009019 968 6606 0.14331765690696774
0.28521980875620806 0.16020848119849684 969 6608 0.09350828465893599
0.4980490561230162 0.15178790263487268 970 6620 0.151476023394645
0.26278161181178333 0.1322732046878893 971 6621 0.08489524133078444
0.25693077353041766 0.12874672687860533 972 6623 0.10339575361924094
0.42328854550889156 0.16961496268052717 973 6626 0.1530789498835751
0.39155446819039347 0.14696276418364987 974 6632 0.10326957873328912
0.21264426407435963 0.1313668662273505 975 6635 0.09591326958966541
0.45802233857315006 0.13008518773189018 976 6637 0.17416232630175543
0.20801800895960657 0.16408632437175144 977 6641 0.07949922840874389
0.20405583128764007 0.14978959123554614 978 6643 0.03413352931887197
0.20103294967530355 0.1779590759167747 979 6647 0.12782092400904996
0.24755128697805073 0.15528890313665059 980 6650 0.06342703664617237
0.23341164287053356 0.11617667799246936 981 6651 0.1891800295663948
0.18519936460409506 0.17486042007525832 982 6653 0.10926776694376095
0.15697240051786204 0.15251194642370622 983 6659 0.06466720689745255
0.4139453055407583 0.14664581237877275 984 6661 0.11475852200844827
0.32942134778099524 0.12133724052699152 985 6673 0.15958263629996788
0.31896248152785905 0.1840615101645189 986 6675 0.18267140795283726
0.31704965479433045 0.12579033333588482 987 6677 0.12962757483312334
0.16912976592984671 0.17863455133600872 988 6681 0.11434750466305495
0.22561458122538441 0.15052104938581706 989 6682 0.039589314051733555
0.4883263010522813 0.13033208707374594 990 6683 0.1885222192899214
0.12703718072260556 0.1372707338722645 991 6685 0.16700617654799926
0.10761973368774705 0.16336561008012418 992 6687 0.13123014557670346
0.2770296861007655 0.17528722142564945 993 6690 0.14592063898520405
0.3702267397277683 0.1362261273822766 994 6692 0.10718868630984076
0.35720485216483655 0.1646251357928555 995 6697 0.12341110458127393
0.13772615046132372 0.2118553503994827 996 6701 0.18667539500569402
0.3392462188160326 0.1810440140409875 997 6710 0.17446768995443535
0.18870804096327473 0.15784896306090948 998 6724 0.05179368148274748
0.26415138227777046 0.12378395425803716 999 6731 0.133192230461917
0.2881815544476045 0.12040518949320347 1000 6734 0.15653957359032628
