1.2290847185658547 0.21765333669807985 1 0 1.8129998340198645
1.010376084919825 0.4965500511262978 2 40 0.033900143781290526
1.0092525270421042 0.4925107933939922 3 703 0.04001869025370071
1.0024300932738335 0.49348421199064757 4 1431 0.054535737089628056
0.9671932575374464 0.517702742427384 5 1486 0.09640347068179629
1.0032766689033046 0.4934109395443873 6 2026 0.05147032486584064
0.9918587278910178 0.5051225963928901 7 2311 0.02585796135594048
0.9787298735879504 0.5072914970049555 8 2598 0.0706175399258841
1.0131903451718431 0.49935497465460904 9 2682 0.06949307120230191
0.9827990042964478 0.5038820507409618 10 2792 0.06922892785006446
1.0188866880810752 0.4917228209538381 11 2849 0.0554642144733589
1.0211822607826422 0.495885057087071 12 2937 0.08797079084069559
0.9896906530359988 0.5003824510599054 13 3543 0.0570689817081705
0.9834451369365249 0.500426429255416 14 3712 0.0926498099987034
1.0180094403927158 0.48774870758876476 15 4030 0.06214374443508143
1.0079599245859052 0.5028565142233827 16 4091 0.07099094379661622
1.013656679005984 0.4965894095813486 17 4252 0.05123998030976496
0.9759752679836569 0.511410738628162 18 4339 0.07029589702717805
1.0028850650601522 0.49542876247646234 19 4361 0.033377969737161346
1.0121788315433005 0.5030228852753852 20 4363 0.09647235330237083
1.0062333251602116 0.5041105461866896 21 4390 0.0733842514844754
0.9767743510063457 0.5143928012644073 22 4409 0.0731167456752849
0.9698891614193133 0.5152576531459176 23 4467 0.08770794555262645
0.9965325759669879 0.494323501860042 24 4514 0.07575617807801603
0.9775792829670797 0.5047279075373629 25 4666 0.09228716077489782
0.9821192361204111 0.5072045071393914 26 4668 0.0551311231807194
0.9967280733582373 0.5091239808104878 27 5116 0.07475094011097023
1.0332010098462385 0.4861003431147662 28 5452 0.09928919015130258
0.9747032345283501 0.5059440874040426 29 5559 0.09979799677570111
1.00003030259425 0.5097899555892936 30 6006 0.09720110014274472
0.9846890856591102 0.5075084595767289 31 6081 0.04477127888686832
1.0215181973517717 0.48994334486235186 32 6226 0.06240668007554222
0.9975534870842346 0.5088225594481761 33 7018 0.07555756902948141
0.9736551971316286 0.5068691548176877 34 7755 0.099442788357096
1.0218044412824554 0.4837608679025194 35 7980 0.08369325616575629
0.9987829893874263 0.5058485992547984 36 8627 0.05167636949486368
0.9769157967163508 0.5071200963782324 37 8745 0.08067272602512948
1.010376241436597 0.4961632162427147 38 8812 0.03224188668553081
0.9738848894531482 0.5176242072219467 39 9067 0.08870501408892126
0.9695934328409579 0.51307874171803 40 9432 0.09105845583709424
0.9746644225283404 0.5078391851981108 41 9735 0.08832869909954051
0.9983280122377689 0.5098369345632131 42 9787 0.08935212537881004
1.015510716020538 0.4889388415875726 43 10628 0.05652900024804635
1.0069332259598733 0.4885978829394659 44 10870 0.08303912300253306
0.9896820218182578 0.5009587338657766 45 10893 0.052312967804591055
0.9909451619896721 0.505191840211668 46 11069 0.027233697531559683
0.9942689518188101 0.5107757700812194 47 11480 0.08021980700332272
1.0071216294868812 0.5039134555336104 48 11628 0.07640579746562383
1.000955016382591 0.49940637827955686 49 11812 0.0032929705987646022
1.0205272179626967 0.4903033985237066 50 12240 0.05943631449398785
0.9747839052953957 0.5147724811454757 51 13117 0.07656397731009394
0.9986469061511453 0.5084218581988621 52 13401 0.07673795525516265
0.9954260023876045 0.49576491368119696 53 14239 0.06749573793548659
0.9900457189907805 0.5008435634152 54 14265 0.05116983087889698
0.9875208416633412 0.5050307235192624 55 15655 0.03864565534761654
1.0089163945309 0.4977742474393853 56 15820 0.03316960210154995
1.0027881940190866 0.4979309822626584 57 16188 0.011045007102020582
1.027333246448991 0.4916446213551374 58 16258 0.09425942761931261
0.976142138973086 0.5056968438408901 59 17109 0.09355991321944819
1.0195098508654004 0.4900122176210639 60 17158 0.05648083156792176
0.9680140153512831 0.5154403489992258 61 17273 0.09328687312525578
0.9958028747710057 0.49855969971530717 62 17413 0.03834797819498649
1.0232750706827536 0.49181313722848885 63 17679 0.07486061901619498
1.0005816525632014 0.5084258713369548 64 17706 0.08629703015484037
0.9957861749115205 0.5114036569986455 65 17716 0.0930933410659844
0.9986069014793434 0.5076960164413951 66 18245 0.06929130820313756
0.9763308880219284 0.5143536768807927 67 18786 0.07338450566324757
1.010697638804794 0.492685472501498 68 19180 0.0372424965881084
1.0215603670892879 0.48288704859227266 69 19327 0.09007001253061615
1.0017035886067116 0.4916152813984393 70 19471 0.07658032761588832
0.9987781104383467 0.4974338658434536 71 19838 0.03296052128829992
0.9946190588555456 0.4986318613918935 72 20046 0.04437809827596415
0.9986189002316173 0.49345729074607436 73 20243 0.07346614954827374
1.023113740603801 0.4919875521769036 74 20868 0.0748611457069026
0.979339292760374 0.5035214126335416 75 20902 0.09121184792806435
0.9775248480482913 0.5050605019945349 76 21179 0.09026822720810017
1.0095499465135704 0.49436161730162403 77 21181 0.029170804786192956
1.0120485488210291 0.5003165828034127 78 21252 0.07115757219263405
0.9792300407458304 0.5121646357419677 79 21280 0.06305645462499969
1.006841209637261 0.5059565765457829 80 21648 0.09474087461914106
0.979026998047023 0.5080143770145685 81 21774 0.06609168167988445
1.0242932297533873 0.4926474658351022 82 21885 0.08409328754498666
0.9987075520105938 0.5058604652539522 83 22351 0.05143738660958336
1.0000414186906847 0.49517236216127264 84 22845 0.04909477207504422
0.992904211904783 0.5107824651259598 85 22983 0.07467325402979988
1.0232131639999256 0.48336773422412793 86 23057 0.084897622075689
1.0057575348084133 0.4957149081017209 87 23239 0.022400337639234526
1.0123125959104715 0.48862875538893913 88 23257 0.06423806322037313
0.9935642004841322 0.503938058794707 89 23271 0.02003435793541016
0.9996330029290006 0.500382914803957 90 23277 0.0017064295147022986
0.9788659954947911 0.5105838024926992 91 24009 0.06163047164966085
1.0194031664938437 0.4890337255740449 92 24314 0.057817650472036644
0.9943158266743357 0.5059940459249581 93 24320 0.035052723710521
1.0010166409740433 0.5051358817912927 94 24522 0.0555731518705089
0.9984961796339564 0.49993726452405063 95 24764 0.010198631115921333
0.9899368835191837 0.49635688505278786 96 24874 0.09233262714455673
1.009724326229962 0.5004173911148364 97 24948 0.05866077279792135
1.023947112045857 0.48962183013641764 98 24952 0.07067477995265746
0.9856163687487731 0.5057399785127167 99 25778 0.04464747023296019
0.9723159579876048 0.5196052115201046 100 25796 0.09911771920699337
