500.000000 500.000000
621 71
237 621
1
380.493847 284.427283
5.295000 9.953000 12.082942 46 2
0.065880 0.000000 0.000000 0.000000 0.022614
0.001481 -0.000119
4
417.570768 410.169605
5.295000 9.953000 12.082942 38 1
0.000000 0.000000 0.000000 0.000000 0.086656
0.002141 0.002908
4
355.017315 382.141300
5.295000 9.953000 12.082942 65 1
0.000000 0.000000 0.000000 0.000000 0.038981
0.004681 -0.001673
4
212.079418 353.374226
5.295000 9.953000 12.082942 58 1
0.000000 0.000000 0.000000 0.000000 0.046523
0.001136 0.000097
4
257.303293 434.727484
5.295000 9.953000 12.082942 44 1
0.000000 0.000000 0.000000 0.000000 0.043557
-0.000726 0.003217
4
53.264412 355.008101
5.295000 9.953000 12.082942 38 1
0.000000 0.000000 0.000000 0.000000 0.101022
-0.002449 0.000930
4
338.389936 258.592166
5.295000 9.953000 12.082942 40 1
0.000000 0.000000 0.000000 0.000000 0.056690
0.004594 -0.004730
4
179.066224 316.962735
5.295000 9.953000 12.082942 41 1
0.000000 0.000000 0.000000 0.000000 0.053038
-0.007968 -0.000995
4
117.163209 351.097934
5.295000 9.953000 12.082942 44 1
0.000000 0.000000 0.000000 0.000000 0.049018
-0.001642 0.000754
4
239.676800 46.328416
5.295000 9.953000 12.082942 52 1
0.000000 0.000000 0.000000 0.000000 0.050554
0.000172 -0.003058
1
10.082147 205.076181
5.295000 9.953000 12.082942 32 2
0.065880 0.000000 0.000000 0.000000 0.034216
-0.002456 -0.000402
4
462.037090 155.519167
5.295000 9.953000 12.082942 57 1
0.000000 0.000000 0.000000 0.000000 0.139417
0.002492 -0.002032
4
249.059233 322.987905
5.295000 9.953000 12.082942 42 1
0.000000 0.000000 0.000000 0.000000 0.030835
-0.011308 0.006831
4
127.710789 303.153048
5.295000 9.953000 12.082942 55 1
0.000000 0.000000 0.000000 0.000000 0.046620
-0.000210 0.000774
4
89.485827 134.671431
5.295000 9.953000 12.082942 58 1
0.000000 0.000000 0.000000 0.000000 0.054877
-0.002808 -0.001548
1
152.923532 446.717506
5.295000 9.953000 12.082942 22 2
0.065880 0.000000 0.000000 0.000000 0.055944
-0.001019 0.002220
4
426.048382 120.681511
5.295000 9.953000 12.082942 49 1
0.000000 0.000000 0.000000 0.000000 0.082873
0.000958 -0.002227
4
238.455586 126.810329
5.295000 9.953000 12.082942 53 1
0.000000 0.000000 0.000000 0.000000 0.068193
-0.001148 -0.000541
4
412.434910 293.192488
5.295000 9.953000 12.082942 53 1
0.000000 0.000000 0.000000 0.000000 0.065004
0.003001 -0.000876
1
260.343736 282.531161
5.295000 9.953000 12.082942 41 2
0.065880 0.000000 0.000000 0.000000 0.021326
-0.000501 -0.000873
4
325.533382 129.895522
5.295000 9.953000 12.082942 37 1
0.000000 0.000000 0.000000 0.000000 0.043988
0.001414 -0.000892
4
307.339516 294.730822
5.295000 9.953000 12.082942 61 1
0.000000 0.000000 0.000000 0.000000 0.040509
0.015810 -0.011499
4
240.339878 370.080478
5.295000 9.953000 12.082942 34 1
0.000000 0.000000 0.000000 0.000000 0.064045
-0.000041 0.002432
4
342.236266 445.851904
5.295000 9.953000 12.082942 64 1
0.000000 0.000000 0.000000 0.000000 0.037439
0.000837 0.002390
4
192.493022 416.844308
5.295000 9.953000 12.082942 65 1
0.000000 0.000000 0.000000 0.000000 0.028061
-0.000997 0.001873
4
431.153780 176.350452
5.295000 9.953000 12.082942 57 1
0.000000 0.000000 0.000000 0.000000 0.061936
0.001821 -0.001582
4
436.100501 364.441736
5.295000 9.953000 12.082942 50 1
0.000000 0.000000 0.000000 0.000000 0.106638
0.000223 0.000263
1
470.409759 214.476489
5.295000 9.953000 12.082942 23 2
0.065880 0.000000 0.000000 0.000000 0.051392
0.002768 -0.000864
4
360.463572 468.179197
5.295000 9.953000 12.082942 50 1
0.000000 0.000000 0.000000 0.000000 0.170267
0.001963 0.002726
1
257.212246 467.371508
5.295000 9.953000 12.082942 23 2
0.065880 0.000000 0.000000 0.000000 0.032016
-0.002769 0.003698
1
324.466464 392.437629
5.295000 9.953000 12.082942 20 2
0.065880 0.000000 0.000000 0.000000 0.024831
0.001296 0.001799
1
404.667822 262.665273
5.295000 9.953000 12.082942 37 2
0.065880 0.000000 0.000000 0.000000 0.030450
0.002656 -0.000114
1
58.379895 192.785922
5.295000 9.953000 12.082942 21 2
0.065880 0.000000 0.000000 0.000000 0.039949
-0.002749 -0.000993
4
249.393188 386.045086
5.295000 9.953000 12.082942 61 1
0.000000 0.000000 0.000000 0.000000 0.059583
0.000064 0.002801
4
58.810168 211.520971
5.295000 9.953000 12.082942 33 1
0.000000 0.000000 0.000000 0.000000 0.063031
-0.002277 -0.000677
4
312.469719 406.205795
5.295000 9.953000 12.082942 44 1
0.000000 0.000000 0.000000 0.000000 0.038029
0.001410 0.001677
4
73.456427 163.619441
5.295000 9.953000 12.082942 46 1
0.000000 0.000000 0.000000 0.000000 0.044657
-0.002710 -0.001300
1
397.058730 231.283248
5.295000 9.953000 12.082942 52 2
0.065880 0.000000 0.000000 0.000000 0.030676
0.003089 -0.000689
4
99.720694 302.350859
5.295000 9.953000 12.082942 38 1
0.000000 0.000000 0.000000 0.000000 0.040863
-0.002259 0.000244
1
204.133381 90.164390
5.295000 9.953000 12.082942 0 1
0.065880 0.000000 0.000000 0.000000 0.024768
0.002000 -0.001360
4
362.121617 287.342309
5.295000 9.953000 12.082942 45 1
0.000000 0.000000 0.000000 0.000000 0.044103
0.003009 -0.007563
4
379.964769 152.807640
5.295000 9.953000 12.082942 46 1
0.000000 0.000000 0.000000 0.000000 0.053079
0.001386 -0.001328
4
295.058317 483.203971
5.295000 9.953000 12.082942 58 1
0.000000 0.000000 0.000000 0.000000 0.067252
0.001625 0.002172
4
249.948314 112.469597
5.295000 9.953000 12.082942 39 1
0.000000 0.000000 0.000000 0.000000 0.063173
-0.000577 -0.001089
4
221.629473 369.710199
5.295000 9.953000 12.082942 65 1
0.000000 0.000000 0.000000 0.000000 0.041691
0.000387 0.001676
4
321.843324 199.209283
5.295000 9.953000 12.082942 38 1
0.000000 0.000000 0.000000 0.000000 0.060317
0.003406 -0.000421
1
392.374135 298.652111
5.295000 9.953000 12.082942 20 2
0.065880 0.000000 0.000000 0.000000 0.028026
0.001601 0.000323
4
73.042489 144.514059
5.295000 9.953000 12.082942 48 1
0.000000 0.000000 0.000000 0.000000 0.044991
-0.002701 -0.001498
1
312.904851 246.372565
5.295000 9.953000 12.082942 0 1
0.065880 0.000000 0.000000 0.000000 0.025128
0.010085 0.022609
1
487.358498 273.808543
5.295000 9.953000 12.082942 40 2
0.065880 0.000000 0.000000 0.000000 0.055001
0.002192 0.002201
4
395.226685 141.944511
5.295000 9.953000 12.082942 38 1
0.000000 0.000000 0.000000 0.000000 0.048012
0.001230 -0.001639
1
148.917176 327.280939
5.295000 9.953000 12.082942 26 2
0.065880 0.000000 0.000000 0.000000 0.041878
-0.001620 0.001763
4
129.361938 205.977284
5.295000 9.953000 12.082942 34 1
0.000000 0.000000 0.000000 0.000000 0.049013
-0.000798 -0.000235
4
259.198799 370.151936
5.295000 9.953000 12.082942 32 1
0.000000 0.000000 0.000000 0.000000 0.070340
0.000140 0.002509
4
422.242551 83.315341
5.295000 9.953000 12.082942 38 1
0.000000 0.000000 0.000000 0.000000 0.249782
0.000189 -0.002332
1
150.552907 478.990330
5.295000 9.953000 12.082942 66 2
0.065880 0.000000 0.000000 0.000000 0.153633
-0.000423 0.002509
4
233.957914 305.552157
5.295000 9.953000 12.082942 47 1
0.000000 0.000000 0.000000 0.000000 0.045442
-0.001231 0.003422
4
11.154053 224.352194
5.295000 9.953000 12.082942 39 1
0.000000 0.000000 0.000000 0.000000 0.051076
-0.002285 -0.000312
4
105.546846 105.812421
5.295000 9.953000 12.082942 70 1
0.000000 0.000000 0.000000 0.000000 0.055142
-0.002365 -0.001890
4
405.105900 375.279093
5.295000 9.953000 12.082942 47 1
0.000000 0.000000 0.000000 0.000000 0.095687
0.002774 0.003316
4
19.926433 337.870520
5.295000 9.953000 12.082942 67 1
0.000000 0.000000 0.000000 0.000000 0.163849
-0.002410 0.000421
4
137.079462 377.488940
5.295000 9.953000 12.082942 34 1
0.000000 0.000000 0.000000 0.000000 0.073172
-0.001563 0.001378
4
167.287819 115.740149
5.295000 9.953000 12.082942 42 1
0.000000 0.000000 0.000000 0.000000 0.060076
-0.002496 -0.001160
1
477.065411 310.151978
5.295000 9.953000 12.082942 40 2
0.065880 0.000000 0.000000 0.000000 0.034206
0.002151 0.001997
4
164.228509 398.408438
5.295000 9.953000 12.082942 69 1
0.000000 0.000000 0.000000 0.000000 0.039228
-0.000841 0.001803
4
84.089659 314.120844
5.295000 9.953000 12.082942 40 1
0.000000 0.000000 0.000000 0.000000 0.048287
-0.002287 0.000333
4
101.951953 64.284104
5.295000 9.953000 12.082942 42 1
0.000000 0.000000 0.000000 0.000000 0.220301
-0.001730 -0.001649
4
61.711406 249.786750
5.295000 9.953000 12.082942 39 1
0.000000 0.000000 0.000000 0.000000 0.057166
-0.002061 -0.000288
4
216.021909 75.610289
5.295000 9.953000 12.082942 70 1
0.000000 0.000000 0.000000 0.000000 0.027013
0.000876 -0.002267
4
57.080027 154.687115
5.295000 9.953000 12.082942 33 1
0.000000 0.000000 0.000000 0.000000 0.058264
-0.002810 -0.001483
4
144.840422 308.657700
5.295000 9.953000 12.082942 37 1
0.000000 0.000000 0.000000 0.000000 0.050415
-0.003816 0.000009
4
14.065656 262.695005
5.295000 9.953000 12.082942 42 1
0.000000 0.000000 0.000000 0.000000 0.063791
-0.002232 -0.000123
1
169.520610 480.435983
5.295000 9.953000 12.082942 48 2
0.065880 0.000000 0.000000 0.000000 0.140473
-0.000178 0.002295
4
384.443801 189.270294
5.295000 9.953000 12.082942 45 1
0.000000 0.000000 0.000000 0.000000 0.036713
0.001750 -0.000739
4
113.938924 314.338268
5.295000 9.953000 12.082942 34 1
0.000000 0.000000 0.000000 0.000000 0.060846
-0.002277 0.000591
4
386.922542 207.392165
5.295000 9.953000 12.082942 55 1
0.000000 0.000000 0.000000 0.000000 0.057624
0.002232 -0.000374
4
196.502523 301.088206
5.295000 9.953000 12.082942 63 1
0.000000 0.000000 0.000000 0.000000 0.051198
-0.000327 0.000149
4
201.216685 433.510576
5.295000 9.953000 12.082942 57 1
0.000000 0.000000 0.000000 0.000000 0.043227
-0.001062 0.001894
4
264.541223 248.888529
5.295000 9.953000 12.082942 50 1
0.000000 0.000000 0.000000 0.000000 0.023429
-0.000477 -0.000050
4
367.512087 417.523592
5.295000 9.953000 12.082942 44 1
0.000000 0.000000 0.000000 0.000000 0.039083
0.001536 0.002172
4
173.788325 348.949104
5.295000 9.953000 12.082942 43 1
0.000000 0.000000 0.000000 0.000000 0.039125
-0.000474 0.000964
4
406.755026 94.260372
5.295000 9.953000 12.082942 40 1
0.000000 0.000000 0.000000 0.000000 0.105351
0.000399 -0.002093
4
296.305549 278.726733
5.295000 9.953000 12.082942 41 1
0.000000 0.000000 0.000000 0.000000 0.049464
0.003835 -0.000350
4
427.927341 139.279079
5.295000 9.953000 12.082942 45 1
0.000000 0.000000 0.000000 0.000000 0.066854
0.001269 -0.002060
4
101.485231 283.214665
5.295000 9.953000 12.082942 46 1
0.000000 0.000000 0.000000 0.000000 0.050499
0.000244 0.000203
4
382.105521 171.053316
5.295000 9.953000 12.082942 68 1
0.000000 0.000000 0.000000 0.000000 0.034800
0.001527 -0.001047
1
374.102842 336.919535
5.295000 9.953000 12.082942 56 2
0.065880 0.000000 0.000000 0.000000 0.058322
-0.017180 0.000612
4
109.177471 436.732482
5.295000 9.953000 12.082942 61 1
0.000000 0.000000 0.000000 0.000000 0.106297
-0.002345 0.000638
1
91.186978 429.196408
5.295000 9.953000 12.082942 25 2
0.065880 0.000000 0.000000 0.000000 0.095612
-0.001911 0.000851
1
153.486295 227.965985
5.295000 9.953000 12.082942 21 2
0.065880 0.000000 0.000000 0.000000 0.031830
-0.000545 -0.000270
4
460.583678 136.696219
5.295000 9.953000 12.082942 57 1
0.000000 0.000000 0.000000 0.000000 0.207223
0.001196 -0.002443
4
444.614767 381.239853
5.295000 9.953000 12.082942 44 1
0.000000 0.000000 0.000000 0.000000 0.132986
-0.004774 0.002295
1
270.047398 34.022811
5.295000 9.953000 12.082942 0 1
0.065880 0.000000 0.000000 0.000000 0.072956
0.000311 -0.002858
1
26.767911 213.687675
5.295000 9.953000 12.082942 20 2
0.065880 0.000000 0.000000 0.000000 0.030753
-0.002359 -0.000489
4
309.569579 228.678908
5.295000 9.953000 12.082942 71 1
0.000000 0.000000 0.000000 0.000000 0.034033
-0.002240 -0.013408
4
183.814953 266.389286
5.295000 9.953000 12.082942 42 1
0.000000 0.000000 0.000000 0.000000 0.067806
-0.000067 0.000045
4
258.144386 402.194208
5.295000 9.953000 12.082942 49 1
0.000000 0.000000 0.000000 0.000000 0.056342
0.000133 0.002960
1
260.123221 231.202303
5.295000 9.953000 12.082942 27 2
0.065880 0.000000 0.000000 0.000000 0.019282
-0.001853 -0.000869
1
247.900667 450.983773
5.295000 9.953000 12.082942 19 2
0.065880 0.000000 0.000000 0.000000 0.038361
-0.001671 0.003159
4
404.931614 75.580399
5.295000 9.953000 12.082942 49 1
0.000000 0.000000 0.000000 0.000000 0.127850
0.000032 -0.002146
4
323.978340 459.822010
5.295000 9.953000 12.082942 58 1
0.000000 0.000000 0.000000 0.000000 0.039358
0.002256 0.002243
4
301.026748 260.534721
5.295000 9.953000 12.082942 59 1
0.000000 0.000000 0.000000 0.000000 0.040967
0.001605 -0.002166
5
104.076615 48.532133
3.744130 7.037834 8.543930 62 1
0.065880 0.000000 0.000000 0.000000 0.296315
-0.013068 -0.006709
4
92.652856 209.481346
5.295000 9.953000 12.082942 33 1
0.000000 0.000000 0.000000 0.000000 0.063180
-0.003152 -0.000711
4
162.640472 33.245621
5.295000 9.953000 12.082942 38 1
0.000000 0.000000 0.000000 0.000000 0.116577
0.005765 -0.002379
4
398.882628 407.025310
5.295000 9.953000 12.082942 49 1
0.000000 0.000000 0.000000 0.000000 0.068362
0.001867 0.002847
4
154.546348 178.778409
5.295000 9.953000 12.082942 36 1
0.000000 0.000000 0.000000 0.000000 0.052260
-0.001112 -0.000654
4
369.910907 200.540034
5.295000 9.953000 12.082942 36 1
0.000000 0.000000 0.000000 0.000000 0.066324
0.001718 -0.000405
4
298.365677 156.075747
5.295000 9.953000 12.082942 43 1
0.000000 0.000000 0.000000 0.000000 0.029614
0.000536 -0.002005
4
254.090396 81.271873
5.295000 9.953000 12.082942 42 1
0.000000 0.000000 0.000000 0.000000 0.067342
-0.000101 -0.002658
4
213.941227 321.535593
5.295000 9.953000 12.082942 46 1
0.000000 0.000000 0.000000 0.000000 0.045619
-0.013102 -0.000394
4
175.924363 19.903775
5.295000 9.953000 12.082942 55 1
0.000000 0.000000 0.000000 0.000000 0.134344
0.001860 -0.003778
4
31.239383 270.925838
5.295000 9.953000 12.082942 35 1
0.000000 0.000000 0.000000 0.000000 0.069457
-0.002297 -0.000044
4
291.891146 223.638111
5.295000 9.953000 12.082942 34 1
0.000000 0.000000 0.000000 0.000000 0.040526
0.000800 -0.000541
4
33.018749 289.715496
5.295000 9.953000 12.082942 61 1
0.000000 0.000000 0.000000 0.000000 0.058022
-0.002421 0.000151
4
287.790646 119.841177
5.295000 9.953000 12.082942 56 1
0.000000 0.000000 0.000000 0.000000 0.030726
0.000189 -0.002223
4
134.063165 273.740569
5.295000 9.953000 12.082942 59 1
0.000000 0.000000 0.000000 0.000000 0.028988
-0.000475 -0.000101
4
268.150916 386.162605
5.295000 9.953000 12.082942 31 1
0.000000 0.000000 0.000000 0.000000 0.064704
0.000476 0.003119
4
206.537781 8.716464
5.295000 9.953000 12.082942 34 1
0.000000 0.000000 0.000000 0.000000 0.090646
-0.000295 -0.002529
4
125.456764 152.243565
5.295000 9.953000 12.082942 48 1
0.000000 0.000000 0.000000 0.000000 0.056867
-0.002068 -0.000849
4
229.803687 418.104741
5.295000 9.953000 12.082942 39 1
0.000000 0.000000 0.000000 0.000000 0.062273
-0.000514 0.002507
4
46.580606 260.365617
5.295000 9.953000 12.082942 38 1
0.000000 0.000000 0.000000 0.000000 0.082762
-0.002209 -0.000171
4
172.604137 133.419445
5.295000 9.953000 12.082942 44 1
0.000000 0.000000 0.000000 0.000000 0.065566
-0.001642 -0.001443
4
258.937411 338.414730
5.295000 9.953000 12.082942 54 1
0.000000 0.000000 0.000000 0.000000 0.042932
0.000738 0.004552
4
220.355555 125.682733
5.295000 9.953000 12.082942 50 1
0.000000 0.000000 0.000000 0.000000 0.058495
-0.001433 -0.003720
4
423.871398 427.784177
5.295000 9.953000 12.082942 67 1
0.000000 0.000000 0.000000 0.000000 0.147182
0.001545 0.003362
4
372.955725 218.653146
5.295000 9.953000 12.082942 40 1
0.000000 0.000000 0.000000 0.000000 0.070088
0.001407 -0.000457
4
224.154398 221.903441
5.295000 9.953000 12.082942 35 1
0.000000 0.000000 0.000000 0.000000 0.047922
-0.003642 0.002257
1
325.206356 292.481389
5.295000 9.953000 12.082942 38 2
0.065880 0.000000 0.000000 0.000000 0.024580
-0.023197 -0.031543
4
282.225945 312.755007
5.295000 9.953000 12.082942 53 1
0.000000 0.000000 0.000000 0.000000 0.044874
-0.003372 0.000223
4
327.357612 235.495109
5.295000 9.953000 12.082942 39 1
0.000000 0.000000 0.000000 0.000000 0.032818
0.003067 -0.001665
4
89.739642 172.599517
5.295000 9.953000 12.082942 54 1
0.000000 0.000000 0.000000 0.000000 0.040738
-0.002500 -0.001101
4
197.176042 72.289893
5.295000 9.953000 12.082942 46 1
0.000000 0.000000 0.000000 0.000000 0.045624
0.000718 -0.001300
4
147.581040 210.349830
5.295000 9.953000 12.082942 48 1
0.000000 0.000000 0.000000 0.000000 0.049527
-0.000659 -0.000367
4
144.822492 429.865675
5.295000 9.953000 12.082942 48 1
0.000000 0.000000 0.000000 0.000000 0.061876
-0.001095 0.002132
1
212.095187 107.422124
5.295000 9.953000 12.082942 38 2
0.065880 0.000000 0.000000 0.000000 0.027220
0.001463 -0.000576
4
133.420536 358.484726
5.295000 9.953000 12.082942 50 1
0.000000 0.000000 0.000000 0.000000 0.051902
-0.001569 0.001076
4
120.989440 407.246832
5.295000 9.953000 12.082942 46 1
0.000000 0.000000 0.000000 0.000000 0.078653
-0.001647 0.000576
4
405.061496 424.718477
5.295000 9.953000 12.082942 68 1
0.000000 0.000000 0.000000 0.000000 0.067300
0.001599 0.003194
4
99.367429 324.645944
5.295000 9.953000 12.082942 36 1
0.000000 0.000000 0.000000 0.000000 0.063902
-0.002066 0.000532
4
235.062043 78.390265
5.295000 9.953000 12.082942 64 1
0.000000 0.000000 0.000000 0.000000 0.037176
0.000298 -0.002378
4
48.497713 279.121834
5.295000 9.953000 12.082942 31 1
0.000000 0.000000 0.000000 0.000000 0.079036
-0.002383 0.000036
4
212.066049 385.465868
5.295000 9.953000 12.082942 69 1
0.000000 0.000000 0.000000 0.000000 0.036193
-0.000522 0.002280
1
300.520148 431.780913
5.295000 9.953000 12.082942 0 1
0.065880 0.000000 0.000000 0.000000 0.030050
0.001421 0.000813
1
164.977690 80.060414
5.295000 9.953000 12.082942 41 2
0.065880 0.000000 0.000000 0.000000 0.032839
-0.000046 -0.000765
1
338.751374 205.689624
5.295000 9.953000 12.082942 52 2
0.065880 0.000000 0.000000 0.000000 0.043390
0.000754 -0.001130
4
50.172940 297.884218
5.295000 9.953000 12.082942 43 1
0.000000 0.000000 0.000000 0.000000 0.065063
-0.002472 0.000282
4
380.074455 355.141178
5.295000 9.953000 12.082942 47 1
0.000000 0.000000 0.000000 0.000000 0.071555
0.015171 -0.000959
4
482.274110 291.970094
5.295000 9.953000 12.082942 63 1
0.000000 0.000000 0.000000 0.000000 0.057252
0.002107 0.002079
4
359.686809 231.203721
5.295000 9.953000 12.082942 41 1
0.000000 0.000000 0.000000 0.000000 0.070359
0.001556 -0.000682
1
277.847885 474.644240
5.295000 9.953000 12.082942 21 2
0.065880 0.000000 0.000000 0.000000 0.033183
0.001831 0.002955
1
458.459395 200.154275
5.295000 9.953000 12.082942 22 2
0.065880 0.000000 0.000000 0.000000 0.055403
0.002370 -0.001010
1
348.419953 364.168261
5.295000 9.953000 12.082942 46 2
0.065880 0.000000 0.000000 0.000000 0.048542
-0.003736 0.005227
4
165.553205 263.186433
5.295000 9.953000 12.082942 32 1
0.000000 0.000000 0.000000 0.000000 0.057314
-0.000380 0.000108
1
267.704211 164.575188
5.295000 9.953000 12.082942 19 2
0.065880 0.000000 0.000000 0.000000 0.029667
0.000696 0.000698
4
318.380743 309.953360
5.295000 9.953000 12.082942 41 1
0.000000 0.000000 0.000000 0.000000 0.036902
-0.015593 0.007988
4
142.045522 192.761964
5.295000 9.953000 12.082942 29 1
0.000000 0.000000 0.000000 0.000000 0.048049
-0.001106 -0.000490
4
203.656552 336.712609
5.295000 9.953000 12.082942 39 1
0.000000 0.000000 0.000000 0.000000 0.048002
0.001051 -0.001107
4
256.903180 129.581188
5.295000 9.953000 12.082942 62 1
0.000000 0.000000 0.000000 0.000000 0.059755
-0.000429 -0.000875
4
172.025000 448.158561
5.295000 9.953000 12.082942 37 1
0.000000 0.000000 0.000000 0.000000 0.059715
-0.001226 0.001942
1
437.147567 321.674107
5.295000 9.953000 12.082942 0 1
0.065880 0.000000 0.000000 0.000000 0.035141
0.002606 0.000411
1
168.052916 51.509548
5.295000 9.953000 12.082942 0 1
0.065880 0.000000 0.000000 0.000000 0.036073
0.004836 -0.001776
4
191.026752 449.325898
5.295000 9.953000 12.082942 50 1
0.000000 0.000000 0.000000 0.000000 0.059694
-0.001454 0.001502
4
71.039957 382.675943
5.295000 9.953000 12.082942 37 1
0.000000 0.000000 0.000000 0.000000 0.113448
-0.002296 0.001070
4
93.364748 246.395099
5.295000 9.953000 12.082942 57 1
0.000000 0.000000 0.000000 0.000000 0.048214
-0.001643 -0.000072
4
429.549072 339.851992
5.295000 9.953000 12.082942 54 1
0.000000 0.000000 0.000000 0.000000 0.050677
0.002908 0.000326
4
196.316112 251.908275
5.295000 9.953000 12.082942 41 1
0.000000 0.000000 0.000000 0.000000 0.059484
0.000049 -0.000083
1
135.132179 63.122770
5.295000 9.953000 12.082942 21 2
0.065880 0.000000 0.000000 0.000000 0.053185
-0.001066 -0.000770
4
238.372014 274.637482
5.295000 9.953000 12.082942 46 1
0.000000 0.000000 0.000000 0.000000 0.055717
0.001106 0.001858
4
225.560916 11.106693
5.295000 9.953000 12.082942 62 1
0.000000 0.000000 0.000000 0.000000 0.087803
-0.000175 -0.002844
4
178.235800 150.920046
5.295000 9.953000 12.082942 38 1
0.000000 0.000000 0.000000 0.000000 0.055877
-0.001105 -0.001382
4
63.912539 268.547473
5.295000 9.953000 12.082942 35 1
0.000000 0.000000 0.000000 0.000000 0.084930
-0.002263 -0.000108
4
160.011405 146.963205
5.295000 9.953000 12.082942 45 1
0.000000 0.000000 0.000000 0.000000 0.064136
-0.001245 -0.000777
4
330.573761 410.176617
5.295000 9.953000 12.082942 62 1
0.000000 0.000000 0.000000 0.000000 0.042343
0.001635 0.001536
4
17.452981 300.334480
5.295000 9.953000 12.082942 39 1
0.000000 0.000000 0.000000 0.000000 0.116515
-0.002434 0.000202
4
237.584906 179.427576
5.295000 9.953000 12.082942 48 1
0.000000 0.000000 0.000000 0.000000 0.061243
-0.002040 -0.003656
4
89.271099 96.784983
5.295000 9.953000 12.082942 52 1
0.000000 0.000000 0.000000 0.000000 0.145494
-0.003837 -0.000735
1
436.186633 413.211343
5.295000 9.953000 12.082942 20 2
0.065880 0.000000 0.000000 0.000000 0.131154
0.001827 0.003887
4
454.177336 267.246435
5.295000 9.953000 12.082942 51 1
0.000000 0.000000 0.000000 0.000000 0.061109
0.003413 0.000053
4
278.069284 370.078998
5.295000 9.953000 12.082942 30 1
0.000000 0.000000 0.000000 0.000000 0.076670
0.000756 0.003174
4
202.155023 172.043984
5.295000 9.953000 12.082942 36 1
0.000000 0.000000 0.000000 0.000000 0.044790
-0.000716 -0.001885
4
220.912418 401.746214
5.295000 9.953000 12.082942 38 1
0.000000 0.000000 0.000000 0.000000 0.062462
-0.000403 0.002316
4
156.313693 381.155998
5.295000 9.953000 12.082942 42 1
0.000000 0.000000 0.000000 0.000000 0.064149
-0.001024 0.001638
4
238.011569 467.140320
5.295000 9.953000 12.082942 34 1
0.000000 0.000000 0.000000 0.000000 0.051102
-0.002580 0.003207
4
301.222465 71.677917
5.295000 9.953000 12.082942 59 1
0.000000 0.000000 0.000000 0.000000 0.061318
-0.000048 -0.001699
4
242.079816 226.352009
5.295000 9.953000 12.082942 55 1
0.000000 0.000000 0.000000 0.000000 0.040850
-0.002311 0.000762
4
215.206697 303.428978
5.295000 9.953000 12.082942 64 1
0.000000 0.000000 0.000000 0.000000 0.042943
-0.000767 0.001046
1
448.965574 285.269956
5.295000 9.953000 12.082942 34 2
0.065880 0.000000 0.000000 0.000000 0.047527
0.003249 0.000180
1
255.797633 213.416666
5.295000 9.953000 12.082942 19 2
0.065880 0.000000 0.000000 0.000000 0.023516
-0.002703 -0.000184
4
258.262947 48.963544
5.295000 9.953000 12.082942 61 1
0.000000 0.000000 0.000000 0.000000 0.058707
0.000137 -0.002981
4
214.328774 157.957402
5.295000 9.953000 12.082942 45 1
0.000000 0.000000 0.000000 0.000000 0.051825
-0.000713 -0.002810
4
271.888298 182.502483
5.295000 9.953000 12.082942 50 1
0.000000 0.000000 0.000000 0.000000 0.027889
-0.003521 -0.002766
1
183.919421 217.516638
5.295000 9.953000 12.082942 23 2
0.065880 0.000000 0.000000 0.000000 0.025102
0.000087 -0.000711
4
240.462122 338.816062
5.295000 9.953000 12.082942 70 1
0.000000 0.000000 0.000000 0.000000 0.028615
0.001765 -0.003893
4
459.210910 249.318868
5.295000 9.953000 12.082942 53 1
0.000000 0.000000 0.000000 0.000000 0.055810
0.003706 -0.000018
4
203.294123 369.105654
5.295000 9.953000 12.082942 45 1
0.000000 0.000000 0.000000 0.000000 0.045039
-0.001137 0.002659
4
56.692228 116.297319
5.295000 9.953000 12.082942 44 1
0.000000 0.000000 0.000000 0.000000 0.191664
-0.002885 -0.001156
1
268.808106 266.398526
5.295000 9.953000 12.082942 24 2
0.065880 0.000000 0.000000 0.000000 0.028224
0.000146 -0.001403
4
106.348831 181.648623
5.295000 9.953000 12.082942 42 1
0.000000 0.000000 0.000000 0.000000 0.049600
-0.002260 -0.000629
4
118.433180 91.785680
5.295000 9.953000 12.082942 36 1
0.000000 0.000000 0.000000 0.000000 0.064394
-0.001021 -0.000863
4
423.519478 378.081591
5.295000 9.953000 12.082942 46 1
0.000000 0.000000 0.000000 0.000000 0.111526
0.002522 0.002448
4
244.716532 143.667966
5.295000 9.953000 12.082942 71 1
0.000000 0.000000 0.000000 0.000000 0.029841
-0.000069 0.000227
4
356.398088 335.951823
5.295000 9.953000 12.082942 45 1
0.000000 0.000000 0.000000 0.000000 0.088360
0.053862 0.093391
1
379.600371 453.016233
5.295000 9.953000 12.082942 26 2
0.065880 0.000000 0.000000 0.000000 0.106649
0.000653 0.002931
4
116.600001 332.733841
5.295000 9.953000 12.082942 68 1
0.000000 0.000000 0.000000 0.000000 0.044608
-0.002219 0.000518
4
443.363274 128.683405
5.295000 9.953000 12.082942 53 1
0.000000 0.000000 0.000000 0.000000 0.098759
0.001076 -0.002403
4
348.965097 413.854097
5.295000 9.953000 12.082942 41 1
0.000000 0.000000 0.000000 0.000000 0.047874
0.001536 0.001784
4
190.153375 186.029239
5.295000 9.953000 12.082942 59 1
0.000000 0.000000 0.000000 0.000000 0.029655
-0.000193 -0.001214
1
276.795275 51.391605
5.295000 9.953000 12.082942 39 2
0.065880 0.000000 0.000000 0.000000 0.058594
0.000144 -0.002590
4
266.883049 451.097215
5.295000 9.953000 12.082942 59 1
0.000000 0.000000 0.000000 0.000000 0.030642
-0.001803 0.003696
4
408.630218 112.823003
5.295000 9.953000 12.082942 41 1
0.000000 0.000000 0.000000 0.000000 0.068065
0.000774 -0.002033
1
318.788778 75.380832
5.295000 9.953000 12.082942 32 2
0.065880 0.000000 0.000000 0.000000 0.053643
0.000217 -0.001513
4
121.825724 134.083038
5.295000 9.953000 12.082942 37 1
0.000000 0.000000 0.000000 0.000000 0.044715
-0.003021 -0.000914
1
360.500564 127.465736
5.295000 9.953000 12.082942 30 2
0.065880 0.000000 0.000000 0.000000 0.039252
0.000902 -0.001662
4
125.705587 427.008361
5.295000 9.953000 12.082942 49 1
0.000000 0.000000 0.000000 0.000000 0.077240
-0.000578 0.003579
1
428.315934 240.325646
5.295000 9.953000 12.082942 21 2
0.065880 0.000000 0.000000 0.000000 0.042581
0.003264 -0.000272
1
332.326718 275.902612
5.295000 9.953000 12.082942 19 2
0.065880 0.000000 0.000000 0.000000 0.030113
0.008796 0.015055
4
336.418306 427.857632
5.295000 9.953000 12.082942 37 1
0.000000 0.000000 0.000000 0.000000 0.040598
0.001258 0.002121
4
132.301180 44.127772
5.295000 9.953000 12.082942 56 1
0.000000 0.000000 0.000000 0.000000 0.172230
-0.001562 -0.002146
4
227.830128 239.783283
5.295000 9.953000 12.082942 43 1
0.000000 0.000000 0.000000 0.000000 0.051629
-0.000967 0.002037
4
214.680043 254.568329
5.295000 9.953000 12.082942 42 1
0.000000 0.000000 0.000000 0.000000 0.061559
0.000402 -0.000057
1
391.138302 105.063425
5.295000 9.953000 12.082942 26 2
0.065880 0.000000 0.000000 0.000000 0.050943
0.000558 -0.001861
4
170.144267 97.733085
5.295000 9.953000 12.082942 51 1
0.000000 0.000000 0.000000 0.000000 0.032633
0.000947 -0.000615
4
220.283072 271.767060
5.295000 9.953000 12.082942 31 1
0.000000 0.000000 0.000000 0.000000 0.070487
0.000828 0.000879
4
190.913069 54.358508
5.295000 9.953000 12.082942 55 1
0.000000 0.000000 0.000000 0.000000 0.048464
0.000026 -0.001506
4
315.881017 161.766020
5.295000 9.953000 12.082942 39 1
0.000000 0.000000 0.000000 0.000000 0.045439
0.001401 -0.001753
4
362.654274 145.739386
5.295000 9.953000 12.082942 36 1
0.000000 0.000000 0.000000 0.000000 0.043918
0.001339 -0.001411
4
492.428825 255.625113
5.295000 9.953000 12.082942 60 1
0.000000 0.000000 0.000000 0.000000 0.084964
0.002561 0.002348
4
282.875770 254.851981
5.295000 9.953000 12.082942 38 1
0.000000 0.000000 0.000000 0.000000 0.044897
0.000853 -0.002617
4
435.898420 271.670246
5.295000 9.953000 12.082942 36 1
0.000000 0.000000 0.000000 0.000000 0.068739
0.003189 0.000017
4
190.190640 234.794429
5.295000 9.953000 12.082942 57 1
0.000000 0.000000 0.000000 0.000000 0.033269
-0.000021 -0.000526
1
293.495980 138.020639
5.295000 9.953000 12.082942 21 2
0.065880 0.000000 0.000000 0.000000 0.024671
0.000329 -0.001876
4
124.136882 238.529917
5.295000 9.953000 12.082942 62 1
0.000000 0.000000 0.000000 0.000000 0.030607
-0.001152 -0.000069
4
196.352401 154.530667
5.295000 9.953000 12.082942 57 1
0.000000 0.000000 0.000000 0.000000 0.051407
-0.000866 -0.001892
4
307.273565 450.746326
5.295000 9.953000 12.082942 34 1
0.000000 0.000000 0.000000 0.000000 0.053824
0.001832 0.004100
4
219.968485 434.158806
5.295000 9.953000 12.082942 41 1
0.000000 0.000000 0.000000 0.000000 0.052230
-0.000920 0.002309
4
190.569786 137.116678
5.295000 9.953000 12.082942 36 1
0.000000 0.000000 0.000000 0.000000 0.063461
-0.001487 -0.002041
4
213.988249 25.881358
5.295000 9.953000 12.082942 43 1
0.000000 0.000000 0.000000 0.000000 0.090813
-0.000144 -0.002547
4
358.245920 109.144376
5.295000 9.953000 12.082942 51 1
0.000000 0.000000 0.000000 0.000000 0.042565
0.000428 -0.001845
4
177.931462 248.972364
5.295000 9.953000 12.082942 41 1
0.000000 0.000000 0.000000 0.000000 0.048248
-0.000191 -0.000192
4
207.068820 483.309926
5.295000 9.953000 12.082942 37 1
0.000000 0.000000 0.000000 0.000000 0.083777
0.001635 -0.001468
4
154.730320 129.247503
5.295000 9.953000 12.082942 35 1
0.000000 0.000000 0.000000 0.000000 0.070773
-0.001972 -0.000681
4
141.590439 142.708317
5.295000 9.953000 12.082942 48 1
0.000000 0.000000 0.000000 0.000000 0.063980
-0.001403 -0.000043
1
185.377960 334.529258
5.295000 9.953000 12.082942 22 2
0.065880 0.000000 0.000000 0.000000 0.029038
-0.001052 0.002280
4
137.145240 175.323718
5.295000 9.953000 12.082942 44 1
0.000000 0.000000 0.000000 0.000000 0.055154
-0.001686 -0.000450
1
57.667217 173.809995
5.295000 9.953000 12.082942 19 2
0.065880 0.000000 0.000000 0.000000 0.037181
-0.002797 -0.001239
4
199.553568 466.109267
5.295000 9.953000 12.082942 65 1
0.000000 0.000000 0.000000 0.000000 0.066637
-0.001812 0.000938
1
185.374910 368.161364
5.295000 9.953000 12.082942 25 2
0.065880 0.000000 0.000000 0.000000 0.033382
0.000056 0.001416
4
281.942847 19.217665
5.295000 9.953000 12.082942 62 1
0.000000 0.000000 0.000000 0.000000 0.117249
0.000611 -0.002598
4
392.290815 438.903926
5.295000 9.953000 12.082942 46 1
0.000000 0.000000 0.000000 0.000000 0.085499
0.001029 0.003128
4
103.710600 380.558709
5.295000 9.953000 12.082942 39 1
0.000000 0.000000 0.000000 0.000000 0.063254
-0.002081 0.000823
4
261.798014 98.449392
5.295000 9.953000 12.082942 60 1
0.000000 0.000000 0.000000 0.000000 0.065664
-0.000898 -0.001908
4
84.122142 334.544130
5.295000 9.953000 12.082942 47 1
0.000000 0.000000 0.000000 0.000000 0.057871
-0.002286 0.000968
4
135.103792 82.241836
5.295000 9.953000 12.082942 51 1
0.000000 0.000000 0.000000 0.000000 0.047632
-0.000758 -0.001051
1
59.904092 230.682278
5.295000 9.953000 12.082942 0 1
0.065880 0.000000 0.000000 0.000000 0.044555
-0.002003 -0.000515
1
68.794482 344.706215
5.295000 9.953000 12.082942 31 2
0.065880 0.000000 0.000000 0.000000 0.054100
-0.002350 0.000966
4
107.088454 234.150969
5.295000 9.953000 12.082942 70 1
0.000000 0.000000 0.000000 0.000000 0.038635
-0.001397 -0.000194
4
147.152729 259.811721
5.295000 9.953000 12.082942 32 1
0.000000 0.000000 0.000000 0.000000 0.037611
-0.000596 0.000022
4
380.121737 403.620222
5.295000 9.953000 12.082942 44 1
0.000000 0.000000 0.000000 0.000000 0.059005
0.002383 0.004277
4
51.471227 316.759486
5.295000 9.953000 12.082942 42 1
0.000000 0.000000 0.000000 0.000000 0.057601
-0.002398 0.000499
1
183.365547 400.136975
5.295000 9.953000 12.082942 0 1
0.065880 0.000000 0.000000 0.000000 0.019772
-0.000861 0.001844
4
268.642161 354.131360
5.295000 9.953000 12.082942 58 1
0.000000 0.000000 0.000000 0.000000 0.066847
0.000328 0.002801
1
302.210341 174.392360
5.295000 9.953000 12.082942 41 2
0.065880 0.000000 0.000000 0.000000 0.028370
0.001480 -0.000753
1
311.973742 143.160647
5.295000 9.953000 12.082942 20 2
0.065880 0.000000 0.000000 0.000000 0.029438
0.000865 -0.001602
4
104.764505 162.263574
5.295000 9.953000 12.082942 36 1
0.000000 0.000000 0.000000 0.000000 0.039117
-0.002267 -0.001020
4
287.917927 205.690875
5.295000 9.953000 12.082942 66 1
0.000000 0.000000 0.000000 0.000000 0.036066
-0.002381 -0.002257
1
332.653071 86.683179
5.295000 9.953000 12.082942 30 2
0.065880 0.000000 0.000000 0.000000 0.034165
0.002044 -0.003181
4
189.853423 283.819227
5.295000 9.953000 12.082942 46 1
0.000000 0.000000 0.000000 0.000000 0.070921
-0.000010 0.000256
4
294.740063 403.099181
5.295000 9.953000 12.082942 70 1
0.000000 0.000000 0.000000 0.000000 0.040657
0.000825 0.003203
4
72.815709 87.735068
5.295000 9.953000 12.082942 38 1
0.000000 0.000000 0.000000 0.000000 0.316187
-0.005171 0.000146
4
295.586560 241.759234
5.295000 9.953000 12.082942 50 1
0.000000 0.000000 0.000000 0.000000 0.044703
-0.007564 -0.002357
4
250.047875 160.732283
5.295000 9.953000 12.082942 43 1
0.000000 0.000000 0.000000 0.000000 0.039717
-0.000317 -0.000492
4
167.085030 331.444952
5.295000 9.953000 12.082942 65 1
0.000000 0.000000 0.000000 0.000000 0.031125
-0.000499 0.000094
4
137.278131 124.374104
5.295000 9.953000 12.082942 33 1
0.000000 0.000000 0.000000 0.000000 0.057773
-0.002376 0.000050
1
336.592282 307.108879
5.295000 9.953000 12.082942 20 2
0.065880 0.000000 0.000000 0.000000 0.024614
0.052037 0.056105
1
418.725296 324.862593
5.295000 9.953000 12.082942 0 1
0.065880 0.000000 0.000000 0.000000 0.050776
0.001469 0.000322
4
102.160604 361.880032
5.295000 9.953000 12.082942 61 1
0.000000 0.000000 0.000000 0.000000 0.053933
-0.001996 0.000802
4
246.662865 63.826004
5.295000 9.953000 12.082942 49 1
0.000000 0.000000 0.000000 0.000000 0.063117
0.000055 -0.002857
4
379.690535 70.562780
5.295000 9.953000 12.082942 70 1
0.000000 0.000000 0.000000 0.000000 0.038614
0.002557 -0.003312
4
300.924630 106.926744
5.295000 9.953000 12.082942 60 1
0.000000 0.000000 0.000000 0.000000 0.031095
0.002148 -0.000914
4
452.878830 331.742315
5.295000 9.953000 12.082942 62 1
0.000000 0.000000 0.000000 0.000000 0.044403
0.001867 0.001682
4
76.452983 238.952562
5.295000 9.953000 12.082942 43 1
0.000000 0.000000 0.000000 0.000000 0.051867
-0.001868 -0.000351
4
43.385343 222.206794
5.295000 9.953000 12.082942 32 1
0.000000 0.000000 0.000000 0.000000 0.050618
-0.002222 -0.000499
4
468.986884 278.568422
5.295000 9.953000 12.082942 50 1
0.000000 0.000000 0.000000 0.000000 0.069546
0.002049 0.001969
4
177.971944 200.043260
5.295000 9.953000 12.082942 59 1
0.000000 0.000000 0.000000 0.000000 0.025328
-0.000236 -0.000786
4
297.041073 370.574204
5.295000 9.953000 12.082942 39 1
0.000000 0.000000 0.000000 0.000000 0.070905
0.001067 0.002886
4
72.316324 401.725283
5.295000 9.953000 12.082942 48 1
0.000000 0.000000 0.000000 0.000000 0.156986
-0.002146 0.001120
4
311.197991 326.908678
5.295000 9.953000 12.082942 32 1
0.000000 0.000000 0.000000 0.000000 0.056679
-0.000966 -0.002588
4
128.944245 256.200928
5.295000 9.953000 12.082942 61 1
0.000000 0.000000 0.000000 0.000000 0.021047
-0.000949 0.000049
4
89.455514 115.796686
5.295000 9.953000 12.082942 40 1
0.000000 0.000000 0.000000 0.000000 0.085389
-0.002723 -0.001558
4
430.684361 289.487952
5.295000 9.953000 12.082942 64 1
0.000000 0.000000 0.000000 0.000000 0.061166
0.002880 0.000186
4
355.855384 212.467575
5.295000 9.953000 12.082942 58 1
0.000000 0.000000 0.000000 0.000000 0.056206
0.001708 -0.000459
4
174.944464 383.438311
5.295000 9.953000 12.082942 50 1
0.000000 0.000000 0.000000 0.000000 0.040421
-0.000912 0.001727
1
74.034847 420.773775
5.295000 9.953000 12.082942 37 2
0.065880 0.000000 0.000000 0.000000 0.232691
-0.001997 0.001157
4
55.387481 393.059708
5.295000 9.953000 12.082942 44 1
0.000000 0.000000 0.000000 0.000000 0.259982
-0.002230 0.001221
4
447.019936 185.655290
5.295000 9.953000 12.082942 37 1
0.000000 0.000000 0.000000 0.000000 0.078276
0.002320 -0.001610
1
275.691243 434.568023
5.295000 9.953000 12.082942 0 1
0.065880 0.000000 0.000000 0.000000 0.032290
-0.000454 0.003856
1
248.439145 418.344182
5.295000 9.953000 12.082942 28 2
0.065880 0.000000 0.000000 0.000000 0.050936
-0.000320 0.002891
4
350.187736 92.570640
5.295000 9.953000 12.082942 63 1
0.000000 0.000000 0.000000 0.000000 0.039337
0.002211 -0.003078
4
68.245813 325.074803
5.295000 9.953000 12.082942 31 1
0.000000 0.000000 0.000000 0.000000 0.061457
-0.002259 0.000591
1
295.356491 89.222213
5.295000 9.953000 12.082942 0 1
0.065880 0.000000 0.000000 0.000000 0.046444
0.001770 -0.000724
4
74.121728 182.638194
5.295000 9.953000 12.082942 54 1
0.000000 0.000000 0.000000 0.000000 0.033212
-0.002738 -0.001169
4
37.421614 365.194012
5.295000 9.953000 12.082942 39 1
0.000000 0.000000 0.000000 0.000000 0.269851
-0.002510 0.000759
4
360.855537 61.468828
5.295000 9.953000 12.082942 66 1
0.000000 0.000000 0.000000 0.000000 0.052229
0.001515 -0.004408
4
220.019514 175.693814
5.295000 9.953000 12.082942 35 1
0.000000 0.000000 0.000000 0.000000 0.064650
0.000692 -0.002497
4
314.238524 8.860533
5.295000 9.953000 12.082942 66 1
0.000000 0.000000 0.000000 0.000000 0.078651
0.000517 -0.002397
4
319.069637 111.813384
5.295000 9.953000 12.082942 61 1
0.000000 0.000000 0.000000 0.000000 0.036028
0.002301 -0.001004
4
441.516829 109.920244
5.295000 9.953000 12.082942 64 1
0.000000 0.000000 0.000000 0.000000 0.137652
0.000802 -0.002544
4
292.542350 327.955334
5.295000 9.953000 12.082942 62 1
0.000000 0.000000 0.000000 0.000000 0.048521
0.000336 -0.000279
4
399.228763 178.399009
5.295000 9.953000 12.082942 70 1
0.000000 0.000000 0.000000 0.000000 0.032202
0.001586 -0.001290
4
195.998532 203.487832
5.295000 9.953000 12.082942 32 1
0.000000 0.000000 0.000000 0.000000 0.035603
0.000392 -0.001079
4
155.855548 414.726220
5.295000 9.953000 12.082942 45 1
0.000000 0.000000 0.000000 0.000000 0.050617
-0.001484 0.001753
1
439.549968 91.138613
5.295000 9.953000 12.082942 22 2
0.065880 0.000000 0.000000 0.000000 0.196997
0.000353 -0.002587
4
189.396466 101.907150
5.295000 9.953000 12.082942 48 1
0.000000 0.000000 0.000000 0.000000 0.040461
0.001978 -0.001239
4
312.900740 490.527833
5.295000 9.953000 12.082942 42 1
0.000000 0.000000 0.000000 0.000000 0.127449
0.001388 0.001796
4
347.553014 157.035010
5.295000 9.953000 12.082942 49 1
0.000000 0.000000 0.000000 0.000000 0.054377
0.001471 -0.001377
4
237.545023 208.433677
5.295000 9.953000 12.082942 47 1
0.000000 0.000000 0.000000 0.000000 0.055967
-0.003804 0.001044
4
326.766999 44.349786
5.295000 9.953000 12.082942 55 1
0.000000 0.000000 0.000000 0.000000 0.076416
0.000024 -0.001917
4
439.380423 203.348850
5.295000 9.953000 12.082942 62 1
0.000000 0.000000 0.000000 0.000000 0.059464
0.003513 -0.000513
4
202.213690 401.158128
5.295000 9.953000 12.082942 34 1
0.000000 0.000000 0.000000 0.000000 0.044284
-0.000592 0.002015
4
335.986512 187.162917
5.295000 9.953000 12.082942 47 1
0.000000 0.000000 0.000000 0.000000 0.046848
0.001367 -0.000791
4
134.640022 339.823103
5.295000 9.953000 12.082942 54 1
0.000000 0.000000 0.000000 0.000000 0.039154
-0.002608 0.000871
4
446.176750 235.709884
5.295000 9.953000 12.082942 67 1
0.000000 0.000000 0.000000 0.000000 0.060533
0.003651 -0.000107
4
329.908394 360.594904
5.295000 9.953000 12.082942 46 1
0.000000 0.000000 0.000000 0.000000 0.064914
0.001012 0.001615
4
329.587564 325.176773
5.295000 9.953000 12.082942 71 1
0.000000 0.000000 0.000000 0.000000 0.047069
0.008644 -0.002051
4
400.554974 326.579815
5.295000 9.953000 12.082942 0 1
0.000000 0.000000 0.000000 0.000000 0.064978
0.004632 -0.002476
4
425.130207 307.245040
5.295000 9.953000 12.082942 0 1
0.000000 0.000000 0.000000 0.000000 0.068518
0.002863 0.000298
4
230.736393 110.037603
5.295000 9.953000 12.082942 0 1
0.000000 0.000000 0.000000 0.000000 0.064166
0.001173 -0.001707
4
305.316478 192.683857
5.295000 9.953000 12.082942 45 1
0.000000 0.000000 0.000000 0.000000 0.045459
-0.002170 -0.004855
4
373.771431 301.936821
5.295000 9.953000 12.082942 50 1
0.000000 0.000000 0.000000 0.000000 0.059076
0.005710 0.002062
4
451.741834 217.612202
5.295000 9.953000 12.082942 0 1
0.000000 0.000000 0.000000 0.000000 0.065858
0.003418 -0.000205
4
433.650636 221.878225
5.295000 9.953000 12.082942 0 1
0.000000 0.000000 0.000000 0.000000 0.079607
0.003443 -0.000219
4
142.148202 462.000183
5.295000 9.953000 12.082942 0 1
0.000000 0.000000 0.000000 0.000000 0.201893
-0.000768 0.002534
4
96.808836 264.892711
5.295000 9.953000 12.082942 0 1
0.000000 0.000000 0.000000 0.000000 0.054604
-0.001658 0.000300
4
277.264173 337.733276
5.295000 9.953000 12.082942 0 1
0.000000 0.000000 0.000000 0.000000 0.063034
0.001109 0.003305
4
417.544512 360.253060
5.295000 9.953000 12.082942 0 1
0.000000 0.000000 0.000000 0.000000 0.116389
0.001395 0.002375
1
392.079088 249.017271
5.295000 9.953000 12.082942 19 2
0.065880 0.000000 0.000000 0.000000 0.026830
0.002206 -0.000250
4
159.057191 295.130675
5.295000 9.953000 12.082942 43 1
0.000000 0.000000 0.000000 0.000000 0.050347
-0.000617 0.000248
1
226.571022 143.540465
5.295000 9.953000 12.082942 19 2
0.065880 0.000000 0.000000 0.000000 0.040230
-0.000799 -0.003819
4
289.338190 296.092075
5.295000 9.953000 12.082942 48 1
0.000000 0.000000 0.000000 0.000000 0.039545
-0.005873 -0.001465
4
40.582814 145.747821
5.295000 9.953000 12.082942 54 1
0.000000 0.000000 0.000000 0.000000 0.099970
-0.002843 -0.001644
1
67.139084 306.088724
5.295000 9.953000 12.082942 19 2
0.065880 0.000000 0.000000 0.000000 0.049836
-0.002451 0.000404
4
44.801791 241.392460
5.295000 9.953000 12.082942 30 1
0.000000 0.000000 0.000000 0.000000 0.060121
-0.002118 -0.000355
1
406.848293 310.143636
5.295000 9.953000 12.082942 19 2
0.065880 0.000000 0.000000 0.000000 0.046735
0.001660 0.002665
4
341.678683 223.855749
5.295000 9.953000 12.082942 54 1
0.000000 0.000000 0.000000 0.000000 0.053276
0.000419 -0.000539
4
262.623635 485.478046
5.295000 9.953000 12.082942 41 1
0.000000 0.000000 0.000000 0.000000 0.058723
0.001708 0.002597
4
276.639784 402.544997
5.295000 9.953000 12.082942 45 1
0.000000 0.000000 0.000000 0.000000 0.065819
0.000420 0.003175
4
350.314480 272.955608
5.295000 9.953000 12.082942 44 1
0.000000 0.000000 0.000000 0.000000 0.053889
-0.000157 0.005245
1
163.710536 431.489822
5.295000 9.953000 12.082942 19 2
0.065880 0.000000 0.000000 0.000000 0.036158
-0.001240 0.001846
4
352.932752 193.928441
5.295000 9.953000 12.082942 45 1
0.000000 0.000000 0.000000 0.000000 0.057916
0.001582 -0.000699
1
82.622770 295.216723
5.295000 9.953000 12.082942 19 2
0.065880 0.000000 0.000000 0.000000 0.038691
-0.002527 0.000266
4
171.484805 280.832629
5.295000 9.953000 12.082942 27 1
0.000000 0.000000 0.000000 0.000000 0.066455
-0.000416 0.000229
4
285.033509 169.188354
5.295000 9.953000 12.082942 71 1
0.000000 0.000000 0.000000 0.000000 0.026995
0.000639 -0.002617
4
182.474439 432.609439
5.295000 9.953000 12.082942 42 1
0.000000 0.000000 0.000000 0.000000 0.052278
-0.001257 0.001697
1
251.144448 195.666596
5.295000 9.953000 12.082942 19 2
0.065880 0.000000 0.000000 0.000000 0.023343
-0.004327 -0.000091
4
181.355935 37.958078
5.295000 9.953000 12.082942 54 1
0.000000 0.000000 0.000000 0.000000 0.082159
0.002972 -0.003131
4
392.718442 389.561846
5.295000 9.953000 12.082942 42 1
0.000000 0.000000 0.000000 0.000000 0.066900
0.002654 0.002754
4
347.062240 320.154563
5.295000 9.953000 12.082942 39 1
0.000000 0.000000 0.000000 0.000000 0.043353
-0.057832 -0.092895
1
320.521061 261.690672
5.295000 9.953000 12.082942 19 2
0.065880 0.000000 0.000000 0.000000 0.028105
-0.006479 -0.028495
4
226.510588 288.855625
5.295000 9.953000 12.082942 32 1
0.000000 0.000000 0.000000 0.000000 0.071050
-0.000020 0.000382
4
422.904956 258.136687
5.295000 9.953000 12.082942 45 1
0.000000 0.000000 0.000000 0.000000 0.049174
0.003085 -0.000262
4
41.180873 164.999642
5.295000 9.953000 12.082942 55 1
0.000000 0.000000 0.000000 0.000000 0.064362
-0.002808 -0.001277
4
86.698838 372.287357
5.295000 9.953000 12.082942 41 1
0.000000 0.000000 0.000000 0.000000 0.075844
-0.002197 0.000942
4
35.742985 327.335600
5.295000 9.953000 12.082942 53 1
0.000000 0.000000 0.000000 0.000000 0.087543
-0.002395 0.000497
1
377.523919 52.100313
5.295000 9.953000 12.082942 41 2
0.065880 0.000000 0.000000 0.000000 0.068820
0.002322 -0.003321
4
429.750124 157.861615
5.295000 9.953000 12.082942 39 1
0.000000 0.000000 0.000000 0.000000 0.039285
0.001544 -0.001881
4
336.655005 378.342113
5.295000 9.953000 12.082942 55 1
0.000000 0.000000 0.000000 0.000000 0.043965
0.001584 0.000229
4
286.838285 386.391796
5.295000 9.953000 12.082942 48 1
0.000000 0.000000 0.000000 0.000000 0.068491
0.000704 0.003071
4
410.071091 244.730638
5.295000 9.953000 12.082942 47 1
0.000000 0.000000 0.000000 0.000000 0.036129
0.003096 -0.000377
4
385.069016 316.452928
5.295000 9.953000 12.082942 65 1
0.000000 0.000000 0.000000 0.000000 0.056196
0.000598 -0.000074
4
89.121075 153.352908
5.295000 9.953000 12.082942 70 1
0.000000 0.000000 0.000000 0.000000 0.038588
-0.002584 -0.001232
4
73.206791 106.740529
5.295000 9.953000 12.082942 43 1
0.000000 0.000000 0.000000 0.000000 0.126849
-0.003585 -0.001091
4
310.226783 472.095786
5.295000 9.953000 12.082942 47 1
0.000000 0.000000 0.000000 0.000000 0.081208
0.001404 0.001570
4
471.383253 328.347447
5.295000 9.953000 12.082942 59 1
0.000000 0.000000 0.000000 0.000000 0.047504
0.002051 0.001787
4
401.666778 196.319102
5.295000 9.953000 12.082942 61 1
0.000000 0.000000 0.000000 0.000000 0.031603
0.001860 -0.001157
4
42.406757 203.073512
5.295000 9.953000 12.082942 31 1
0.000000 0.000000 0.000000 0.000000 0.054238
-0.002477 -0.000713
4
415.825120 227.088700
5.295000 9.953000 12.082942 63 1
0.000000 0.000000 0.000000 0.000000 0.050837
0.003146 -0.000570
4
209.001395 237.459889
5.295000 9.953000 12.082942 41 1
0.000000 0.000000 0.000000 0.000000 0.032654
-0.000291 -0.000161
4
356.490621 255.625097
5.295000 9.953000 12.082942 55 1
0.000000 0.000000 0.000000 0.000000 0.064787
0.000274 -0.001710
4
202.070807 269.185024
5.295000 9.953000 12.082942 31 1
0.000000 0.000000 0.000000 0.000000 0.070087
0.000244 0.000086
1
430.887950 395.139402
5.295000 9.953000 12.082942 20 2
0.065880 0.000000 0.000000 0.000000 0.072430
-0.002725 0.005265
4
288.708290 187.345511
5.295000 9.953000 12.082942 43 1
0.000000 0.000000 0.000000 0.000000 0.027760
0.006905 0.000623
1
323.700834 441.433900
5.295000 9.953000 12.082942 20 2
0.065880 0.000000 0.000000 0.000000 0.026243
0.000906 0.002078
4
178.044158 67.135205
5.295000 9.953000 12.082942 33 1
0.000000 0.000000 0.000000 0.000000 0.035720
0.001678 0.000401
4
104.677655 399.115351
5.295000 9.953000 12.082942 33 1
0.000000 0.000000 0.000000 0.000000 0.061275
-0.001980 0.000854
1
275.248667 133.384670
5.295000 9.953000 12.082942 20 2
0.065880 0.000000 0.000000 0.000000 0.027468
-0.000081 -0.001701
4
355.287042 304.507978
5.295000 9.953000 12.082942 50 1
0.000000 0.000000 0.000000 0.000000 0.056878
-0.011497 0.022266
1
202.208289 220.733844
5.295000 9.953000 12.082942 39 2
0.065880 0.000000 0.000000 0.000000 0.024557
0.000631 -0.001010
4
90.755211 191.244864
5.295000 9.953000 12.082942 41 1
0.000000 0.000000 0.000000 0.000000 0.052795
-0.002715 -0.000991
4
306.466677 125.094514
5.295000 9.953000 12.082942 55 1
0.000000 0.000000 0.000000 0.000000 0.035071
0.001133 -0.001493
4
321.973238 342.784080
5.295000 9.953000 12.082942 34 1
0.000000 0.000000 0.000000 0.000000 0.083974
0.000019 0.001602
1
368.427787 270.223018
5.295000 9.953000 12.082942 21 2
0.065880 0.000000 0.000000 0.000000 0.037513
0.001974 0.002608
4
41.783341 184.078117
5.295000 9.953000 12.082942 47 1
0.000000 0.000000 0.000000 0.000000 0.050563
-0.002782 -0.001022
4
75.138330 201.430126
5.295000 9.953000 12.082942 33 1
0.000000 0.000000 0.000000 0.000000 0.050034
-0.002786 -0.000984
1
27.982891 232.898666
5.295000 9.953000 12.082942 21 2
0.065880 0.000000 0.000000 0.000000 0.044759
-0.002217 -0.000345
4
218.761404 466.769701
5.295000 9.953000 12.082942 66 1
0.000000 0.000000 0.000000 0.000000 0.037122
-0.002531 0.002953
4
455.174291 365.146083
5.295000 9.953000 12.082942 44 1
0.000000 0.000000 0.000000 0.000000 0.125296
-0.000702 0.004245
4
171.786201 231.557749
5.295000 9.953000 12.082942 36 1
0.000000 0.000000 0.000000 0.000000 0.039451
-0.000232 -0.000411
4
449.388023 399.543504
5.295000 9.953000 12.082942 63 1
0.000000 0.000000 0.000000 0.000000 0.123973
-0.001492 0.001162
4
367.333829 182.279042
5.295000 9.953000 12.082942 59 1
0.000000 0.000000 0.000000 0.000000 0.051079
0.001566 -0.000817
4
266.965486 321.727462
5.295000 9.953000 12.082942 47 1
0.000000 0.000000 0.000000 0.000000 0.051807
0.007895 0.001564
4
271.036008 298.021887
5.295000 9.953000 12.082942 60 1
0.000000 0.000000 0.000000 0.000000 0.028970
0.001887 -0.001410
1
209.351989 58.064443
5.295000 9.953000 12.082942 21 2
0.065880 0.000000 0.000000 0.000000 0.044997
0.000236 -0.002235
4
121.073087 388.557646
5.295000 9.953000 12.082942 33 1
0.000000 0.000000 0.000000 0.000000 0.078444
-0.002053 0.000731
4
154.032516 65.151512
5.295000 9.953000 12.082942 31 1
0.000000 0.000000 0.000000 0.000000 0.038953
-0.000079 -0.002271
4
120.535539 170.015156
5.295000 9.953000 12.082942 38 1
0.000000 0.000000 0.000000 0.000000 0.056139
-0.002016 -0.000529
1
150.173293 47.082844
5.295000 9.953000 12.082942 21 2
0.065880 0.000000 0.000000 0.000000 0.094880
0.000877 -0.004538
4
251.171260 261.815723
5.295000 9.953000 12.082942 48 1
0.000000 0.000000 0.000000 0.000000 0.032477
0.000716 0.000461
4
81.619302 276.422497
5.295000 9.953000 12.082942 43 1
0.000000 0.000000 0.000000 0.000000 0.066822
-0.002564 -0.000034
1
283.400031 68.702177
5.295000 9.953000 12.082942 21 2
0.065880 0.000000 0.000000 0.000000 0.049833
-0.000156 -0.002236
4
230.962294 354.234709
5.295000 9.953000 12.082942 34 1
0.000000 0.000000 0.000000 0.000000 0.050540
-0.001793 0.003270
4
121.577880 114.967632
5.295000 9.953000 12.082942 58 1
0.000000 0.000000 0.000000 0.000000 0.048604
-0.002051 -0.001248
4
441.100881 253.795307
5.295000 9.953000 12.082942 68 1
0.000000 0.000000 0.000000 0.000000 0.042103
0.003369 -0.000073
4
262.694360 147.004022
5.295000 9.953000 12.082942 32 1
0.000000 0.000000 0.000000 0.000000 0.034676
-0.000397 -0.001302
4
188.406581 481.761393
5.295000 9.953000 12.082942 60 1
0.000000 0.000000 0.000000 0.000000 0.105224
0.000436 0.001755
4
105.893960 143.804906
5.295000 9.953000 12.082942 43 1
0.000000 0.000000 0.000000 0.000000 0.036918
-0.003146 -0.001291
4
287.430116 353.855513
5.295000 9.953000 12.082942 36 1
0.000000 0.000000 0.000000 0.000000 0.078792
0.001209 0.003116
4
177.750161 298.398249
5.295000 9.953000 12.082942 36 1
0.000000 0.000000 0.000000 0.000000 0.065009
-0.000231 0.000763
4
286.018030 419.251630
5.295000 9.953000 12.082942 32 1
0.000000 0.000000 0.000000 0.000000 0.060648
-0.000206 0.003266
1
443.440529 303.426528
5.295000 9.953000 12.082942 21 2
0.065880 0.000000 0.000000 0.000000 0.032363
0.002863 0.000367
4
484.669952 180.301350
5.295000 9.953000 12.082942 64 1
0.000000 0.000000 0.000000 0.000000 0.140766
0.002356 -0.001676
4
255.092576 177.940916
5.295000 9.953000 12.082942 70 1
0.000000 0.000000 0.000000 0.000000 0.032905
0.005034 0.001062
4
202.486499 122.969268
5.295000 9.953000 12.082942 51 1
0.000000 0.000000 0.000000 0.000000 0.054656
-0.001935 -0.002488
4
313.685938 57.588541
5.295000 9.953000 12.082942 63 1
0.000000 0.000000 0.000000 0.000000 0.068516
0.000174 -0.001663
4
117.264261 453.915035
5.295000 9.953000 12.082942 45 1
0.000000 0.000000 0.000000 0.000000 0.293784
-0.002101 0.000422
4
306.226965 210.888570
5.295000 9.953000 12.082942 62 1
0.000000 0.000000 0.000000 0.000000 0.036352
0.000207 0.002998
4
477.364629 197.416588
5.295000 9.953000 12.082942 58 1
0.000000 0.000000 0.000000 0.000000 0.082826
0.002193 -0.001274
4
342.817367 396.132569
5.295000 9.953000 12.082942 39 1
0.000000 0.000000 0.000000 0.000000 0.045571
0.000997 0.002587
4
9.243738 185.943653
5.295000 9.953000 12.082942 65 1
0.000000 0.000000 0.000000 0.000000 0.085497
-0.002697 -0.000475
4
211.139275 417.627157
5.295000 9.953000 12.082942 43 1
0.000000 0.000000 0.000000 0.000000 0.052704
-0.000732 0.002143
4
193.076951 351.698572
5.295000 9.953000 12.082942 34 1
0.000000 0.000000 0.000000 0.000000 0.043965
-0.001220 0.001651
4
166.016239 164.627094
5.295000 9.953000 12.082942 44 1
0.000000 0.000000 0.000000 0.000000 0.051335
-0.000859 -0.000791
4
494.055090 230.869132
5.295000 9.953000 12.082942 59 1
0.000000 0.000000 0.000000 0.000000 0.083785
0.000490 -0.001377
4
116.539229 218.701082
5.295000 9.953000 12.082942 51 1
0.000000 0.000000 0.000000 0.000000 0.058790
-0.001275 -0.000472
4
89.374402 410.023765
5.295000 9.953000 12.082942 49 1
0.000000 0.000000 0.000000 0.000000 0.100275
-0.002092 0.000925
1
307.858491 39.779618
5.295000 9.953000 12.082942 47 2
0.065880 0.000000 0.000000 0.000000 0.062622
0.000190 -0.001817
4
300.368077 311.568958
5.295000 9.953000 12.082942 61 1
0.000000 0.000000 0.000000 0.000000 0.040736
0.004695 0.004977
4
424.131731 102.051093
5.295000 9.953000 12.082942 38 1
0.000000 0.000000 0.000000 0.000000 0.136875
0.000592 -0.002295
4
446.833670 166.457511
5.295000 9.953000 12.082942 44 1
0.000000 0.000000 0.000000 0.000000 0.069819
0.001759 -0.002166
4
345.251205 138.928394
5.295000 9.953000 12.082942 57 1
0.000000 0.000000 0.000000 0.000000 0.047026
0.001301 -0.001596
4
479.105170 242.456500
5.295000 9.953000 12.082942 53 1
0.000000 0.000000 0.000000 0.000000 0.077486
0.002762 0.001951
4
293.490379 464.423626
5.295000 9.953000 12.082942 49 1
0.000000 0.000000 0.000000 0.000000 0.052421
0.001025 0.002030
4
410.606392 131.339151
5.295000 9.953000 12.082942 54 1
0.000000 0.000000 0.000000 0.000000 0.061056
0.001097 -0.001940
4
12.492087 243.602968
5.295000 9.953000 12.082942 40 1
0.000000 0.000000 0.000000 0.000000 0.062073
-0.002206 -0.000229
4
34.537271 308.498080
5.295000 9.953000 12.082942 70 1
0.000000 0.000000 0.000000 0.000000 0.065178
-0.002443 0.000342
4
150.209486 363.684222
5.295000 9.953000 12.082942 41 1
0.000000 0.000000 0.000000 0.000000 0.058642
-0.001000 0.001582
1
87.885908 391.059374
5.295000 9.953000 12.082942 23 2
0.065880 0.000000 0.000000 0.000000 0.079942
-0.002141 0.000967
4
165.748472 214.054128
5.295000 9.953000 12.082942 40 1
0.000000 0.000000 0.000000 0.000000 0.034526
-0.000323 -0.000523
1
172.245701 182.434245
5.295000 9.953000 12.082942 23 2
0.065880 0.000000 0.000000 0.000000 0.023557
-0.000698 -0.000839
4
393.180729 123.546216
5.295000 9.953000 12.082942 46 1
0.000000 0.000000 0.000000 0.000000 0.055315
0.000914 -0.001784
4
246.311216 244.117734
5.295000 9.953000 12.082942 69 1
0.000000 0.000000 0.000000 0.000000 0.028800
-0.000605 0.000497
4
135.076388 223.920622
5.295000 9.953000 12.082942 44 1
0.000000 0.000000 0.000000 0.000000 0.043902
-0.000860 -0.000164
4
184.852035 119.585773
5.295000 9.953000 12.082942 38 1
0.000000 0.000000 0.000000 0.000000 0.051421
-0.002133 -0.002240
4
159.686838 245.669370
5.295000 9.953000 12.082942 51 1
0.000000 0.000000 0.000000 0.000000 0.036990
-0.000463 -0.000163
4
225.637348 484.211058
5.295000 9.953000 12.082942 33 1
0.000000 0.000000 0.000000 0.000000 0.077176
0.001742 0.001162
4
367.783897 369.223604
5.295000 9.953000 12.082942 56 1
0.000000 0.000000 0.000000 0.000000 0.058303
0.005796 0.029057
4
394.927144 59.581629
5.295000 9.953000 12.082942 68 1
0.000000 0.000000 0.000000 0.000000 0.187996
0.002391 -0.003694
4
90.846353 227.726928
5.295000 9.953000 12.082942 44 1
0.000000 0.000000 0.000000 0.000000 0.063737
-0.001723 -0.000336
4
29.492602 252.006445
5.295000 9.953000 12.082942 39 1
0.000000 0.000000 0.000000 0.000000 0.067100
-0.002193 -0.000214
4
366.451786 319.552661
5.295000 9.953000 12.082942 38 1
0.000000 0.000000 0.000000 0.000000 0.078728
0.009685 -0.004081
4
36.755818 346.223143
5.295000 9.953000 12.082942 61 1
0.000000 0.000000 0.000000 0.000000 0.127465
-0.002413 0.000629
1
120.144981 286.838765
5.295000 9.953000 12.082942 24 2
0.065880 0.000000 0.000000 0.000000 0.023636
0.000124 -0.000283
1
56.785047 135.535027
5.295000 9.953000 12.082942 24 2
0.065880 0.000000 0.000000 0.000000 0.066221
-0.002731 -0.001616
4
314.086269 278.317712
5.295000 9.953000 12.082942 31 1
0.000000 0.000000 0.000000 0.000000 0.037823
-0.005324 0.024912
4
411.531558 392.674866
5.295000 9.953000 12.082942 44 1
0.000000 0.000000 0.000000 0.000000 0.090847
0.001902 0.002401
1
184.138221 168.436253
5.295000 9.953000 12.082942 24 2
0.065880 0.000000 0.000000 0.000000 0.036301
-0.000577 -0.001255
4
278.581582 281.394487
5.295000 9.953000 12.082942 50 1
0.000000 0.000000 0.000000 0.000000 0.026945
0.000935 0.000610
4
141.717906 242.099136
5.295000 9.953000 12.082942 45 1
0.000000 0.000000 0.000000 0.000000 0.035780
-0.000776 -0.000115
4
269.560414 200.676146
5.295000 9.953000 12.082942 47 1
0.000000 0.000000 0.000000 0.000000 0.022320
-0.003332 -0.000578
4
226.397904 193.583294
5.295000 9.953000 12.082942 39 1
0.000000 0.000000 0.000000 0.000000 0.066216
0.000953 -0.003236
1
318.391422 375.162527
5.295000 9.953000 12.082942 24 2
0.065880 0.000000 0.000000 0.000000 0.043620
0.000730 0.001537
4
249.881616 354.410232
5.295000 9.953000 12.082942 38 1
0.000000 0.000000 0.000000 0.000000 0.054479
0.001539 0.003634
4
137.987632 412.704446
5.295000 9.953000 12.082942 52 1
0.000000 0.000000 0.000000 0.000000 0.068538
-0.001806 0.002162
4
403.498549 214.228646
5.295000 9.953000 12.082942 62 1
0.000000 0.000000 0.000000 0.000000 0.042390
0.003061 -0.001033
1
115.259455 269.525305
5.295000 9.953000 12.082942 25 2
0.065880 0.000000 0.000000 0.000000 0.025953
-0.000978 0.000076
4
397.239490 160.233990
5.295000 9.953000 12.082942 36 1
0.000000 0.000000 0.000000 0.000000 0.045423
0.001442 -0.001461
4
106.273905 418.214356
5.295000 9.953000 12.082942 32 1
0.000000 0.000000 0.000000 0.000000 0.083491
-0.001986 0.000563
4
109.718084 200.835723
5.295000 9.953000 12.082942 39 1
0.000000 0.000000 0.000000 0.000000 0.063443
-0.002608 -0.000418
4
78.982537 257.803451
5.295000 9.953000 12.082942 54 1
0.000000 0.000000 0.000000 0.000000 0.070906
-0.001957 -0.000160
4
228.924610 450.683524
5.295000 9.953000 12.082942 53 1
0.000000 0.000000 0.000000 0.000000 0.034764
-0.001585 0.002788
1
373.588711 435.210816
5.295000 9.953000 12.082942 25 2
0.065880 0.000000 0.000000 0.000000 0.034580
0.001087 0.002723
4
134.358924 101.095097
5.295000 9.953000 12.082942 31 1
0.000000 0.000000 0.000000 0.000000 0.062596
-0.001350 -0.001148
1
232.954443 257.326269
5.295000 9.953000 12.082942 25 2
0.065880 0.000000 0.000000 0.000000 0.032733
0.000412 0.001755
4
193.524894 384.755519
5.295000 9.953000 12.082942 31 1
0.000000 0.000000 0.000000 0.000000 0.039166
-0.000473 0.001626
4
154.535854 345.360416
5.295000 9.953000 12.082942 35 1
0.000000 0.000000 0.000000 0.000000 0.041391
-0.000294 0.001544
1
333.071741 168.373810
5.295000 9.953000 12.082942 25 2
0.065880 0.000000 0.000000 0.000000 0.042246
0.001371 -0.001474
4
161.846225 313.560007
5.295000 9.953000 12.082942 47 1
0.000000 0.000000 0.000000 0.000000 0.052381
0.003741 0.002711
1
123.776920 188.361157
5.295000 9.953000 12.082942 26 2
0.065880 0.000000 0.000000 0.000000 0.043009
-0.001859 -0.000227
4
131.293820 321.415764
5.295000 9.953000 12.082942 32 1
0.000000 0.000000 0.000000 0.000000 0.047767
-0.001470 0.000560
4
389.418036 86.540345
5.295000 9.953000 12.082942 47 1
0.000000 0.000000 0.000000 0.000000 0.047710
0.000242 -0.001881
4
194.553766 23.599047
5.295000 9.953000 12.082942 40 1
0.000000 0.000000 0.000000 0.000000 0.086001
0.000399 -0.002292
1
15.797793 281.584849
5.295000 9.953000 12.082942 26 2
0.065880 0.000000 0.000000 0.000000 0.047060
-0.002347 0.000030
4
147.752312 160.581383
5.295000 9.953000 12.082942 49 1
0.000000 0.000000 0.000000 0.000000 0.056200
-0.000959 -0.000228
4
410.653164 342.541921
5.295000 9.953000 12.082942 50 1
0.000000 0.000000 0.000000 0.000000 0.090564
0.002405 0.001395
1
232.681372 28.727198
5.295000 9.953000 12.082942 26 2
0.065880 0.000000 0.000000 0.000000 0.059401
0.000072 -0.003029
4
208.187804 189.611591
5.295000 9.953000 12.082942 32 1
0.000000 0.000000 0.000000 0.000000 0.046918
0.000055 -0.001604
4
360.961902 449.340590
5.295000 9.953000 12.082942 46 1
0.000000 0.000000 0.000000 0.000000 0.049492
0.000758 0.002577
4
373.563870 97.300460
5.295000 9.953000 12.082942 54 1
0.000000 0.000000 0.000000 0.000000 0.044820
0.000304 -0.001926
4
350.213145 175.424487
5.295000 9.953000 12.082942 48 1
0.000000 0.000000 0.000000 0.000000 0.053133
0.001576 -0.001076
4
54.155211 374.066658
5.295000 9.953000 12.082942 45 1
0.000000 0.000000 0.000000 0.000000 0.161787
-0.002498 0.001100
4
398.951324 358.077141
5.295000 9.953000 12.082942 54 1
0.000000 0.000000 0.000000 0.000000 0.070413
-0.000316 -0.000659
4
273.961661 218.510766
5.295000 9.953000 12.082942 38 1
0.000000 0.000000 0.000000 0.000000 0.031904
-0.002174 -0.001615
2
143.867051 29.238261
5.295000 9.953000 12.082942 69 1
0.065880 0.000000 0.000000 0.000000 0.300574
0.005803 -0.001275
4
273.163527 84.052159
5.295000 9.953000 12.082942 46 1
0.000000 0.000000 0.000000 0.000000 0.075968
-0.000883 -0.002383
4
340.928546 345.937094
5.295000 9.953000 12.082942 47 1
0.000000 0.000000 0.000000 0.000000 0.083885
0.001657 -0.000307
4
196.570321 319.556600
5.295000 9.953000 12.082942 34 1
0.000000 0.000000 0.000000 0.000000 0.049091
0.010259 0.002649
4
464.154140 231.594463
5.295000 9.953000 12.082942 54 1
0.000000 0.000000 0.000000 0.000000 0.070134
0.003915 -0.000148
1
244.336840 13.923113
5.295000 9.953000 12.082942 46 2
0.065880 0.000000 0.000000 0.000000 0.070218
0.000133 -0.003158
2
85.552171 73.625631
5.295000 9.953000 12.082942 65 1
0.065880 0.000000 0.000000 0.000000 0.244725
-0.002044 0.002079
4
311.452071 358.535480
5.295000 9.953000 12.082942 34 1
0.000000 0.000000 0.000000 0.000000 0.086040
0.000202 0.000957
4
412.569065 149.837186
5.295000 9.953000 12.082942 71 1
0.000000 0.000000 0.000000 0.000000 0.042195
0.001353 -0.001804
4
208.222593 286.407916
5.295000 9.953000 12.082942 29 1
0.000000 0.000000 0.000000 0.000000 0.070928
0.000234 0.000439
4
445.104994 147.449827
5.295000 9.953000 12.082942 65 1
0.000000 0.000000 0.000000 0.000000 0.070233
0.001650 -0.002124
4
278.119628 236.514240
5.295000 9.953000 12.082942 55 1
0.000000 0.000000 0.000000 0.000000 0.029918
0.001496 -0.000574
4
267.054943 418.424031
5.295000 9.953000 12.082942 32 1
0.000000 0.000000 0.000000 0.000000 0.053449
-0.000114 0.003306
4
100.744657 343.048207
5.295000 9.953000 12.082942 38 1
0.000000 0.000000 0.000000 0.000000 0.052934
-0.002040 0.000837
1
105.662172 124.898507
5.295000 9.953000 12.082942 29 2
0.065880 0.000000 0.000000 0.000000 0.035165
-0.002599 -0.001625
4
230.678729 385.859278
5.295000 9.953000 12.082942 34 1
0.000000 0.000000 0.000000 0.000000 0.055682
-0.000128 0.002451
4
119.175830 370.037910
5.295000 9.953000 12.082942 37 1
0.000000 0.000000 0.000000 0.000000 0.054387
-0.001856 0.000767
4
153.199882 277.186829
5.295000 9.953000 12.082942 55 1
0.000000 0.000000 0.000000 0.000000 0.046832
-0.000430 0.000315
4
208.607026 140.395952
5.295000 9.953000 12.082942 49 1
0.000000 0.000000 0.000000 0.000000 0.059879
-0.001047 -0.002624
4
329.889212 149.447719
5.295000 9.953000 12.082942 42 1
0.000000 0.000000 0.000000 0.000000 0.042621
0.001210 -0.001674
1
354.906135 431.623552
5.295000 9.953000 12.082942 30 2
0.065880 0.000000 0.000000 0.000000 0.028717
0.001155 0.002384
4
279.449776 493.641031
5.295000 9.953000 12.082942 40 1
0.000000 0.000000 0.000000 0.000000 0.073518
0.001769 0.002794
4
239.555578 402.048151
5.295000 9.953000 12.082942 32 1
0.000000 0.000000 0.000000 0.000000 0.066278
-0.000148 0.002614
1
377.867639 134.475156
5.295000 9.953000 12.082942 30 2
0.065880 0.000000 0.000000 0.000000 0.031846
0.001087 -0.001570
4
375.740663 115.995622
5.295000 9.953000 12.082942 44 1
0.000000 0.000000 0.000000 0.000000 0.054155
0.000671 -0.001756
4
342.963667 121.016415
5.295000 9.953000 12.082942 57 1
0.000000 0.000000 0.000000 0.000000 0.043119
0.000614 -0.001792
1
458.791044 117.863681
5.295000 9.953000 12.082942 30 2
0.065880 0.000000 0.000000 0.000000 0.222750
0.000934 -0.002642
4
238.692485 434.541056
5.295000 9.953000 12.082942 32 1
0.000000 0.000000 0.000000 0.000000 0.056538
-0.000878 0.002802
1
242.355845 95.575032
5.295000 9.953000 12.082942 31 2
0.065880 0.000000 0.000000 0.000000 0.039327
0.000603 -0.002103
1
361.338840 399.848260
5.295000 9.953000 12.082942 31 2
0.065880 0.000000 0.000000 0.000000 0.035716
0.001158 0.002943
4
69.884560 363.756039
5.295000 9.953000 12.082942 53 1
0.000000 0.000000 0.000000 0.000000 0.077276
-0.002386 0.001046
4
25.887811 194.504947
5.295000 9.953000 12.082942 46 1
0.000000 0.000000 0.000000 0.000000 0.054599
-0.002589 -0.000692
4
418.708894 189.718621
5.295000 9.953000 12.082942 67 1
0.000000 0.000000 0.000000 0.000000 0.027586
0.002420 -0.000527
1
374.298682 252.993291
5.295000 9.953000 12.082942 32 2
0.065880 0.000000 0.000000 0.000000 0.029409
0.003255 -0.001434
1
331.970657 62.414744
5.295000 9.953000 12.082942 57 2
0.065880 0.000000 0.000000 0.000000 0.055237
0.000309 -0.001700
4
149.851523 110.944937
5.295000 9.953000 12.082942 44 1
0.000000 0.000000 0.000000 0.000000 0.065951
-0.002514 -0.000355
1
314.188479 93.529893
5.295000 9.953000 12.082942 32 2
0.065880 0.000000 0.000000 0.000000 0.029378
0.002064 -0.001062
4
464.724334 346.388891
5.295000 9.953000 12.082942 69 1
0.000000 0.000000 0.000000 0.000000 0.056029
0.002351 0.001313
1
346.643560 74.077022
5.295000 9.953000 12.082942 32 2
0.065880 0.000000 0.000000 0.000000 0.041262
0.002045 -0.003360
4
327.996596 478.310955
5.295000 9.953000 12.082942 53 1
0.000000 0.000000 0.000000 0.000000 0.088358
0.001342 0.002290
1
118.690579 72.933842
5.295000 9.953000 12.082942 33 2
0.065880 0.000000 0.000000 0.000000 0.083308
-0.001693 -0.000470
4
221.123023 43.488910
5.295000 9.953000 12.082942 62 1
0.000000 0.000000 0.000000 0.000000 0.056985
0.000071 -0.002740
1
160.001138 196.474007
5.295000 9.953000 12.082942 34 2
0.065880 0.000000 0.000000 0.000000 0.028124
-0.000666 -0.000609
1
463.922505 296.486153
5.295000 9.953000 12.082942 34 2
0.065880 0.000000 0.000000 0.000000 0.036141
0.002052 0.001937
4
85.397887 353.437631
5.295000 9.953000 12.082942 42 1
0.000000 0.000000 0.000000 0.000000 0.050532
-0.002219 0.000959
1
231.586103 323.039753
5.295000 9.953000 12.082942 35 2
0.065880 0.000000 0.000000 0.000000 0.025559
0.016539 0.000603
4
317.711155 423.943886
5.295000 9.953000 12.082942 65 1
0.000000 0.000000 0.000000 0.000000 0.035705
0.001614 0.001757
4
144.638091 395.317724
5.295000 9.953000 12.082942 40 1
0.000000 0.000000 0.000000 0.000000 0.069045
-0.001436 0.001818
1
281.315583 101.619632
5.295000 9.953000 12.082942 35 2
0.065880 0.000000 0.000000 0.000000 0.031813
-0.000753 -0.002555
1
305.592330 388.193050
5.295000 9.953000 12.082942 35 2
0.065880 0.000000 0.000000 0.000000 0.038729
0.000976 0.002447
4
174.015833 415.866535
5.295000 9.953000 12.082942 65 1
0.000000 0.000000 0.000000 0.000000 0.027593
-0.001238 0.001663
1
40.443619 126.553324
5.295000 9.953000 12.082942 36 2
0.065880 0.000000 0.000000 0.000000 0.194402
-0.002722 -0.001861
4
167.695886 366.348358
5.295000 9.953000 12.082942 57 1
0.000000 0.000000 0.000000 0.000000 0.051319
-0.001230 0.001439
4
269.106405 115.667796
5.295000 9.953000 12.082942 47 1
0.000000 0.000000 0.000000 0.000000 0.052891
-0.000395 -0.001719
1
110.896049 251.975207
5.295000 9.953000 12.082942 36 2
0.065880 0.000000 0.000000 0.000000 0.021360
-0.001406 -0.000057
4
398.944925 280.675910
5.295000 9.953000 12.082942 70 1
0.000000 0.000000 0.000000 0.000000 0.025594
0.002646 0.000163
4
289.140685 446.666729
5.295000 9.953000 12.082942 50 1
0.000000 0.000000 0.000000 0.000000 0.033525
0.002339 0.001368
4
343.789873 290.038730
5.295000 9.953000 12.082942 59 1
0.000000 0.000000 0.000000 0.000000 0.037900
0.004990 -0.014405
4
223.346772 92.800355
5.295000 9.953000 12.082942 55 1
0.000000 0.000000 0.000000 0.000000 0.039107
0.000683 -0.001753
4
386.274499 421.166187
5.295000 9.953000 12.082942 49 1
0.000000 0.000000 0.000000 0.000000 0.052739
0.001443 0.002526
4
265.189023 66.448931
5.295000 9.953000 12.082942 52 1
0.000000 0.000000 0.000000 0.000000 0.078640
-0.000092 -0.002789
1
386.457971 372.241818
5.295000 9.953000 12.082942 39 2
0.065880 0.000000 0.000000 0.000000 0.049676
0.000817 0.002333
4
52.510885 335.744230
5.295000 9.953000 12.082942 56 1
0.000000 0.000000 0.000000 0.000000 0.069514
-0.002339 0.000674
4
344.671601 241.712957
5.295000 9.953000 12.082942 52 1
0.000000 0.000000 0.000000 0.000000 0.069074
0.000228 0.001917
4
214.103492 206.924603
5.295000 9.953000 12.082942 64 1
0.000000 0.000000 0.000000 0.000000 0.053044
0.000889 -0.001404
4
140.885525 290.677563
5.295000 9.953000 12.082942 50 1
0.000000 0.000000 0.000000 0.000000 0.043662
-0.000942 0.001202
4
458.703379 314.252349
5.295000 9.953000 12.082942 50 1
0.000000 0.000000 0.000000 0.000000 0.038197
0.002039 0.001823
1
183.355707 84.666565
5.295000 9.953000 12.082942 40 2
0.065880 0.000000 0.000000 0.000000 0.030561
0.000872 -0.000432
4
133.779530 444.812192
5.295000 9.953000 12.082942 57 1
0.000000 0.000000 0.000000 0.000000 0.112469
-0.000836 0.002574
4
73.089392 125.624143
5.295000 9.953000 12.082942 46 1
0.000000 0.000000 0.000000 0.000000 0.078753
-0.002682 -0.001610
4
417.602802 275.818610
5.295000 9.953000 12.082942 48 1
0.000000 0.000000 0.000000 0.000000 0.053363
0.002778 0.000315
4
465.684919 182.588957
5.295000 9.953000 12.082942 64 1
0.000000 0.000000 0.000000 0.000000 0.080406
0.002474 -0.001174
4
255.014249 306.208492
5.295000 9.953000 12.082942 61 1
0.000000 0.000000 0.000000 0.000000 0.035522
0.002899 -0.000146
1
227.957501 61.063017
5.295000 9.953000 12.082942 41 2
0.065880 0.000000 0.000000 0.000000 0.028957
0.000337 -0.002757
4
151.182968 92.413607
5.295000 9.953000 12.082942 57 1
0.000000 0.000000 0.000000 0.000000 0.049722
-0.000701 -0.000636
4
65.751529 287.166315
5.295000 9.953000 12.082942 43 1
0.000000 0.000000 0.000000 0.000000 0.078032
-0.002511 0.000157
4
202.641360 40.417054
5.295000 9.953000 12.082942 56 1
0.000000 0.000000 0.000000 0.000000 0.063061
-0.000251 -0.002043
4
319.176980 180.486227
5.295000 9.953000 12.082942 46 1
0.000000 0.000000 0.000000 0.000000 0.043152
0.001505 -0.001903
4
232.091131 161.528628
5.295000 9.953000 12.082942 43 1
0.000000 0.000000 0.000000 0.000000 0.053355
-0.000224 -0.003651
4
280.579695 151.224834
5.295000 9.953000 12.082942 50 1
0.000000 0.000000 0.000000 0.000000 0.032094
0.000708 -0.001391
1
24.638000 156.253242
5.295000 9.953000 12.082942 41 2
0.065880 0.000000 0.000000 0.000000 0.197041
-0.002768 -0.001197
1
362.168384 41.533475
5.295000 9.953000 12.082942 41 2
0.065880 0.000000 0.000000 0.000000 0.089914
0.000526 -0.000355
4
25.131745 175.359491
5.295000 9.953000 12.082942 57 1
0.000000 0.000000 0.000000 0.000000 0.107326
-0.002853 -0.000968
4
161.277287 463.523187
5.295000 9.953000 12.082942 46 1
0.000000 0.000000 0.000000 0.000000 0.115087
-0.000847 0.002311
1
209.956074 450.170897
5.295000 9.953000 12.082942 42 2
0.065880 0.000000 0.000000 0.000000 0.028389
-0.001291 0.001990
4
302.577028 343.046952
5.295000 9.953000 12.082942 43 1
0.000000 0.000000 0.000000 0.000000 0.080858
-0.000341 0.001561
1
421.014317 208.310440
5.295000 9.953000 12.082942 42 2
0.065880 0.000000 0.000000 0.000000 0.039551
0.003579 -0.000508
4
244.137699 484.914013
5.295000 9.953000 12.082942 52 1
0.000000 0.000000 0.000000 0.000000 0.071285
0.001796 0.001555
1
339.977648 31.097949
5.295000 9.953000 12.082942 43 2
0.065880 0.000000 0.000000 0.000000 0.080589
-0.000205 -0.002245
4
364.892156 163.987109
5.295000 9.953000 12.082942 45 1
0.000000 0.000000 0.000000 0.000000 0.058180
0.001474 -0.001103
4
74.922475 219.879967
5.295000 9.953000 12.082942 44 1
0.000000 0.000000 0.000000 0.000000 0.065932
-0.001870 -0.000718
4
221.934513 338.272419
5.295000 9.953000 12.082942 46 1
0.000000 0.000000 0.000000 0.000000 0.039454
-0.002018 0.007229
4
373.949772 386.195441
5.295000 9.953000 12.082942 47 1
0.000000 0.000000 0.000000 0.000000 0.056594
0.000148 -0.004446
1
474.036386 260.548430
5.295000 9.953000 12.082942 45 2
0.065880 0.000000 0.000000 0.000000 0.053293
0.002330 0.001968
5
57.861361 97.982759
4.750685 8.929853 10.840841 58 1
0.065880 0.000000 0.000000 0.000000 0.407481
-0.005071 0.000432
4
489.073292 212.532099
5.295000 9.953000 12.082942 49 1
0.000000 0.000000 0.000000 0.000000 0.084547
0.002666 -0.001895
4
386.606429 266.839644
5.295000 9.953000 12.082942 64 1
0.000000 0.000000 0.000000 0.000000 0.024996
0.002539 -0.000183
4
244.792607 291.315594
5.295000 9.953000 12.082942 49 1
0.000000 0.000000 0.000000 0.000000 0.047416
0.002145 0.002723
4
362.016134 351.753278
5.295000 9.953000 12.082942 55 1
0.000000 0.000000 0.000000 0.000000 0.073215
-0.017873 -0.056444
1
251.349748 31.473900
5.295000 9.953000 12.082942 46 2
0.065880 0.000000 0.000000 0.000000 0.056102
0.000227 -0.003147
4
341.883860 464.949841
5.295000 9.953000 12.082942 56 1
0.000000 0.000000 0.000000 0.000000 0.089271
0.001989 0.002689
4
102.095787 82.909310
5.295000 9.953000 12.082942 50 1
0.000000 0.000000 0.000000 0.000000 0.094047
-0.002045 0.000264
1
364.244528 80.611514
5.295000 9.953000 12.082942 47 2
0.065880 0.000000 0.000000 0.000000 0.031928
0.002185 -0.003516
1
414.422497 168.372275
5.295000 9.953000 12.082942 47 2
0.065880 0.000000 0.000000 0.000000 0.027154
0.001588 -0.001698
4
288.833562 36.692015
5.295000 9.953000 12.082942 64 1
0.000000 0.000000 0.000000 0.000000 0.078019
0.000347 -0.002365
4
180.391768 464.880577
5.295000 9.953000 12.082942 50 1
0.000000 0.000000 0.000000 0.000000 0.087704
-0.001063 0.002006
4
300.900466 22.229636
5.295000 9.953000 12.082942 66 1
0.000000 0.000000 0.000000 0.000000 0.069242
0.000751 -0.002107
4
295.344860 54.068133
5.295000 9.953000 12.082942 71 1
0.000000 0.000000 0.000000 0.000000 0.055619
0.000121 -0.002018
4
18.818087 319.066357
5.295000 9.953000 12.082942 64 1
0.000000 0.000000 0.000000 0.000000 0.157905
-0.002424 0.000343
1
335.890210 104.474063
5.295000 9.953000 12.082942 51 2
0.065880 0.000000 0.000000 0.000000 0.026525
0.002020 -0.002830
4
378.876709 235.593486
5.295000 9.953000 12.082942 69 1
0.000000 0.000000 0.000000 0.000000 0.050765
0.002753 0.000047
1
324.098573 217.346944
5.295000 9.953000 12.082942 52 2
0.065880 0.000000 0.000000 0.000000 0.034811
-0.000820 -0.000417
4
263.087568 16.573305
5.295000 9.953000 12.082942 61 1
0.000000 0.000000 0.000000 0.000000 0.127231
0.000413 -0.003033
4
445.976602 348.812090
5.295000 9.953000 12.082942 56 1
0.000000 0.000000 0.000000 0.000000 0.059677
0.002401 0.001888
1
391.747287 341.671572
5.295000 9.953000 12.082942 56 2
0.065880 0.000000 0.000000 0.000000 0.057554
0.004245 0.008470
4
345.320466 49.470784
5.295000 9.953000 12.082942 66 1
0.000000 0.000000 0.000000 0.000000 0.077903
-0.000144 -0.002234
1
321.273158 26.388821
5.295000 9.953000 12.082942 58 2
0.065880 0.000000 0.000000 0.000000 0.075887
-0.000210 -0.002056
5
478.793864 162.928419
5.091141 9.569807 11.617745 55 1
0.065880 0.000000 0.000000 0.000000 0.145348
0.004087 -0.003039
5
116.961718 46.640146
3.744130 7.037834 8.543930 62 1
0.065880 0.000000 0.000000 0.000000 0.296315
-0.010882 0.001896
