500.000000 500.000000
613 89
248 613
1
382.499246 284.776733
5.295000 9.953000 12.082942 46 2
0.065880 0.000000 0.000000 0.000000 0.019542
0.001162 0.000262
4
418.521084 412.960118
5.295000 9.953000 12.082942 38 1
0.000000 0.000000 0.000000 0.000000 0.104495
0.000322 0.001566
4
356.060450 383.602784
5.295000 9.953000 12.082942 65 1
0.000000 0.000000 0.000000 0.000000 0.039590
0.000629 0.001134
4
212.256619 354.841801
5.295000 9.953000 12.082942 58 1
0.000000 0.000000 0.000000 0.000000 0.044260
0.000479 0.000782
4
256.818168 437.657262
5.295000 9.953000 12.082942 44 1
0.000000 0.000000 0.000000 0.000000 0.029559
-0.000009 0.001535
4
51.150088 355.413220
5.295000 9.953000 12.082942 38 1
0.000000 0.000000 0.000000 0.000000 0.116074
-0.001134 0.000032
4
340.196342 258.766656
5.295000 9.953000 12.082942 40 1
0.000000 0.000000 0.000000 0.000000 0.052841
0.001429 -0.000614
4
178.916063 317.799417
5.295000 9.953000 12.082942 41 1
0.000000 0.000000 0.000000 0.000000 0.049249
0.000119 0.000708
4
115.752114 351.418364
5.295000 9.953000 12.082942 44 1
0.000000 0.000000 0.000000 0.000000 0.052594
-0.000867 0.000167
4
239.754672 44.030871
5.295000 9.953000 12.082942 52 1
0.000000 0.000000 0.000000 0.000000 0.040585
-0.000027 -0.001105
1
7.827988 205.241842
5.295000 9.953000 12.082942 32 2
0.065880 0.000000 0.000000 0.000000 0.028013
-0.001127 -0.000018
4
463.591491 153.331300
5.295000 9.953000 12.082942 57 1
0.000000 0.000000 0.000000 0.000000 0.153099
0.000884 -0.001591
4
250.879993 325.015822
5.295000 9.953000 12.082942 42 1
0.000000 0.000000 0.000000 0.000000 0.040251
0.001456 0.000990
4
126.818626 303.651541
5.295000 9.953000 12.082942 55 1
0.000000 0.000000 0.000000 0.000000 0.040498
-0.000316 0.000235
4
86.714111 133.534096
5.295000 9.953000 12.082942 58 1
0.000000 0.000000 0.000000 0.000000 0.054517
-0.001740 -0.000699
1
152.219569 448.826541
5.295000 9.953000 12.082942 22 2
0.065880 0.000000 0.000000 0.000000 0.055725
-0.000331 0.000969
4
426.955975 118.649064
5.295000 9.953000 12.082942 49 1
0.000000 0.000000 0.000000 0.000000 0.109242
0.000576 -0.001305
4
237.763878 126.005433
5.295000 9.953000 12.082942 53 1
0.000000 0.000000 0.000000 0.000000 0.051221
-0.000001 -0.000060
4
415.123790 293.404371
5.295000 9.953000 12.082942 53 1
0.000000 0.000000 0.000000 0.000000 0.047629
0.001189 0.000226
1
260.324624 282.020660
5.295000 9.953000 12.082942 41 2
0.065880 0.000000 0.000000 0.000000 0.017337
0.000044 -0.000160
4
327.028309 129.234494
5.295000 9.953000 12.082942 37 1
0.000000 0.000000 0.000000 0.000000 0.036579
0.001048 -0.000619
4
308.214016 294.713434
5.295000 9.953000 12.082942 61 1
0.000000 0.000000 0.000000 0.000000 0.039315
0.000406 -0.000236
4
240.578915 372.285699
5.295000 9.953000 12.082942 34 1
0.000000 0.000000 0.000000 0.000000 0.058720
0.000338 0.001187
4
343.036823 448.127424
5.295000 9.953000 12.082942 64 1
0.000000 0.000000 0.000000 0.000000 0.040839
0.000567 0.001098
4
191.712356 418.544092
5.295000 9.953000 12.082942 65 1
0.000000 0.000000 0.000000 0.000000 0.035683
-0.000154 0.001109
4
432.750533 174.866870
5.295000 9.953000 12.082942 57 1
0.000000 0.000000 0.000000 0.000000 0.054427
0.001126 -0.001001
4
436.708442 366.279531
5.295000 9.953000 12.082942 50 1
0.000000 0.000000 0.000000 0.000000 0.105085
0.000741 0.001871
1
473.082344 213.326491
5.295000 9.953000 12.082942 23 2
0.065880 0.000000 0.000000 0.000000 0.044398
0.001650 -0.000434
4
363.051308 470.447284
5.295000 9.953000 12.082942 50 1
0.000000 0.000000 0.000000 0.000000 0.282226
0.001308 0.001266
4
255.552133 470.478891
5.295000 9.953000 12.082942 79 1
0.000000 0.000000 0.000000 0.000000 0.041425
-0.000302 0.001369
1
325.352547 394.031168
5.295000 9.953000 12.082942 20 2
0.065880 0.000000 0.000000 0.000000 0.016528
0.000426 0.001044
4
407.204651 262.757294
5.295000 9.953000 12.082942 73 1
0.000000 0.000000 0.000000 0.000000 0.029376
0.001344 -0.000029
1
56.075514 192.161458
5.295000 9.953000 12.082942 21 2
0.065880 0.000000 0.000000 0.000000 0.029848
-0.001154 -0.000296
4
249.533538 388.552343
5.295000 9.953000 12.082942 61 1
0.000000 0.000000 0.000000 0.000000 0.058489
0.000231 0.001373
4
56.892587 211.057160
5.295000 9.953000 12.082942 33 1
0.000000 0.000000 0.000000 0.000000 0.047885
-0.000964 -0.000203
4
313.490690 408.150618
5.295000 9.953000 12.082942 44 1
0.000000 0.000000 0.000000 0.000000 0.025084
0.000550 0.001305
4
71.145497 162.877589
5.295000 9.953000 12.082942 46 1
0.000000 0.000000 0.000000 0.000000 0.041787
-0.001441 -0.000507
4
399.944601 231.054616
5.295000 9.953000 12.082942 75 1
0.000000 0.000000 0.000000 0.000000 0.035150
0.001564 -0.000213
4
97.781858 302.510836
5.295000 9.953000 12.082942 38 1
0.000000 0.000000 0.000000 0.000000 0.042753
-0.001045 0.000145
1
204.860260 88.039037
5.295000 9.953000 12.082942 0 1
0.065880 0.000000 0.000000 0.000000 0.021231
-0.000722 -0.000713
4
363.880482 287.777042
5.295000 9.953000 12.082942 45 1
0.000000 0.000000 0.000000 0.000000 0.039427
0.001019 0.000245
4
381.297378 151.476674
5.295000 9.953000 12.082942 46 1
0.000000 0.000000 0.000000 0.000000 0.041983
0.000669 -0.000721
4
296.467855 484.746777
5.295000 9.953000 12.082942 58 1
0.000000 0.000000 0.000000 0.000000 0.070180
0.000383 0.001247
4
249.606871 111.461418
5.295000 9.953000 12.082942 39 1
0.000000 0.000000 0.000000 0.000000 0.048907
-0.000196 -0.000661
4
221.666005 371.512217
5.295000 9.953000 12.082942 65 1
0.000000 0.000000 0.000000 0.000000 0.046263
0.000238 0.000946
4
323.337505 197.937754
5.295000 9.953000 12.082942 38 1
0.000000 0.000000 0.000000 0.000000 0.046427
-0.043169 -0.020820
4
394.279492 299.340542
5.295000 9.953000 12.082942 76 1
0.000000 0.000000 0.000000 0.000000 0.026412
0.001122 0.000455
4
70.545752 143.731394
5.295000 9.953000 12.082942 48 1
0.000000 0.000000 0.000000 0.000000 0.050543
-0.001579 -0.000582
4
312.683219 245.610384
5.295000 9.953000 12.082942 72 1
0.000000 0.000000 0.000000 0.000000 0.033038
-0.000030 -0.000797
1
488.650350 275.859927
5.295000 9.953000 12.082942 40 2
0.065880 0.000000 0.000000 0.000000 0.031319
0.001013 0.001128
4
396.404074 140.365983
5.295000 9.953000 12.082942 38 1
0.000000 0.000000 0.000000 0.000000 0.041188
0.000792 -0.000943
4
147.910991 328.653620
5.295000 9.953000 12.082942 82 1
0.000000 0.000000 0.000000 0.000000 0.038166
-0.000330 0.000767
4
128.917690 206.074747
5.295000 9.953000 12.082942 34 1
0.000000 0.000000 0.000000 0.000000 0.039279
-0.001016 0.000518
4
259.678273 372.778131
5.295000 9.953000 12.082942 32 1
0.000000 0.000000 0.000000 0.000000 0.063859
0.000451 0.001439
4
422.551454 81.175408
5.295000 9.953000 12.082942 38 1
0.000000 0.000000 0.000000 0.000000 0.258508
0.000309 -0.001350
4
233.553204 306.728485
5.295000 9.953000 12.082942 47 1
0.000000 0.000000 0.000000 0.000000 0.042938
0.000084 0.000444
4
9.175691 224.341757
5.295000 9.953000 12.082942 39 1
0.000000 0.000000 0.000000 0.000000 0.037006
-0.001052 -0.000054
4
102.763592 104.393801
5.295000 9.953000 12.082942 70 1
0.000000 0.000000 0.000000 0.000000 0.067149
-0.001497 -0.000613
4
406.288597 377.400201
5.295000 9.953000 12.082942 47 1
0.000000 0.000000 0.000000 0.000000 0.078106
0.000605 0.001291
4
17.749204 338.042883
5.295000 9.953000 12.082942 67 1
0.000000 0.000000 0.000000 0.000000 0.215191
-0.001247 -0.000037
4
134.909581 378.260065
5.295000 9.953000 12.082942 34 1
0.000000 0.000000 0.000000 0.000000 0.066590
-0.001606 0.000245
4
165.351163 114.601354
5.295000 9.953000 12.082942 42 1
0.000000 0.000000 0.000000 0.000000 0.056892
-0.001066 -0.001405
1
478.058339 312.096591
5.295000 9.953000 12.082942 40 2
0.065880 0.000000 0.000000 0.000000 0.025836
0.000025 0.001171
4
164.001687 400.301284
5.295000 9.953000 12.082942 69 1
0.000000 0.000000 0.000000 0.000000 0.040622
0.000169 0.001163
4
82.043731 314.313835
5.295000 9.953000 12.082942 40 1
0.000000 0.000000 0.000000 0.000000 0.047236
-0.001162 0.000126
4
100.654747 63.784236
5.295000 9.953000 12.082942 42 1
0.000000 0.000000 0.000000 0.000000 0.215532
-0.001965 0.000058
4
60.048600 249.498134
5.295000 9.953000 12.082942 39 1
0.000000 0.000000 0.000000 0.000000 0.059466
-0.000836 -0.000164
4
216.417709 73.504652
5.295000 9.953000 12.082942 70 1
0.000000 0.000000 0.000000 0.000000 0.026432
-0.000267 -0.001025
4
54.591490 154.071965
5.295000 9.953000 12.082942 33 1
0.000000 0.000000 0.000000 0.000000 0.064560
-0.001498 -0.000457
4
143.981249 309.606576
5.295000 9.953000 12.082942 37 1
0.000000 0.000000 0.000000 0.000000 0.045505
-0.000278 0.000598
4
12.181831 262.552468
5.295000 9.953000 12.082942 42 1
0.000000 0.000000 0.000000 0.000000 0.062285
-0.001026 -0.000140
4
169.357947 482.678293
5.295000 9.953000 12.082942 72 1
0.000000 0.000000 0.000000 0.000000 0.171393
-0.000358 0.001161
4
386.204574 188.488385
5.295000 9.953000 12.082942 45 1
0.000000 0.000000 0.000000 0.000000 0.042756
0.000505 -0.000324
4
112.402940 314.405187
5.295000 9.953000 12.082942 34 1
0.000000 0.000000 0.000000 0.000000 0.051296
-0.000702 -0.000045
4
388.863259 206.873590
5.295000 9.953000 12.082942 55 1
0.000000 0.000000 0.000000 0.000000 0.052087
0.000517 -0.000446
4
196.261353 301.715184
5.295000 9.953000 12.082942 63 1
0.000000 0.000000 0.000000 0.000000 0.053988
-0.000002 0.000512
4
200.328129 435.282045
5.295000 9.953000 12.082942 57 1
0.000000 0.000000 0.000000 0.000000 0.044172
-0.000212 0.001224
4
263.898122 248.157831
5.295000 9.953000 12.082942 50 1
0.000000 0.000000 0.000000 0.000000 0.023976
-0.000513 -0.000393
4
368.520973 419.614163
5.295000 9.953000 12.082942 44 1
0.000000 0.000000 0.000000 0.000000 0.038941
0.000517 0.001239
4
173.690342 350.187476
5.295000 9.953000 12.082942 43 1
0.000000 0.000000 0.000000 0.000000 0.041066
0.000210 0.000934
4
407.177898 92.246720
5.295000 9.953000 12.082942 40 1
0.000000 0.000000 0.000000 0.000000 0.103034
0.000417 -0.001215
4
297.297869 278.369950
5.295000 9.953000 12.082942 41 1
0.000000 0.000000 0.000000 0.000000 0.039526
0.000412 -0.000366
4
429.131154 137.376050
5.295000 9.953000 12.082942 45 1
0.000000 0.000000 0.000000 0.000000 0.070620
0.000715 -0.001259
4
101.695179 283.412392
5.295000 9.953000 12.082942 46 1
0.000000 0.000000 0.000000 0.000000 0.039897
-0.000201 0.000083
4
383.662117 169.977645
5.295000 9.953000 12.082942 68 1
0.000000 0.000000 0.000000 0.000000 0.041417
0.000628 -0.000579
4
375.641662 338.373475
5.295000 9.953000 12.082942 72 1
0.000000 0.000000 0.000000 0.000000 0.065173
0.000731 0.000846
4
108.323795 437.570076
5.295000 9.953000 12.082942 61 1
0.000000 0.000000 0.000000 0.000000 0.123494
-0.002095 -0.000097
1
90.434128 431.414668
5.295000 9.953000 12.082942 25 2
0.065880 0.000000 0.000000 0.000000 0.131039
-0.002732 -0.001396
1
153.510718 227.687744
5.295000 9.953000 12.082942 21 2
0.065880 0.000000 0.000000 0.000000 0.024760
-0.000080 0.000031
4
461.728972 134.387992
5.295000 9.953000 12.082942 57 1
0.000000 0.000000 0.000000 0.000000 0.218997
0.000679 -0.001576
4
443.370052 383.903505
5.295000 9.953000 12.082942 44 1
0.000000 0.000000 0.000000 0.000000 0.156776
0.000554 0.001982
4
270.380096 31.944894
5.295000 9.953000 12.082942 87 1
0.000000 0.000000 0.000000 0.000000 0.047505
0.000074 -0.000845
4
24.712109 213.457154
5.295000 9.953000 12.082942 85 1
0.000000 0.000000 0.000000 0.000000 0.026157
-0.001055 -0.000090
4
309.341563 227.435954
5.295000 9.953000 12.082942 71 1
0.000000 0.000000 0.000000 0.000000 0.035253
0.000139 -0.000984
4
183.713152 266.530242
5.295000 9.953000 12.082942 42 1
0.000000 0.000000 0.000000 0.000000 0.062556
-0.000124 0.000266
4
258.189112 404.982181
5.295000 9.953000 12.082942 49 1
0.000000 0.000000 0.000000 0.000000 0.052008
0.000165 0.001517
4
258.482509 230.369323
5.295000 9.953000 12.082942 83 1
0.000000 0.000000 0.000000 0.000000 0.022859
-0.000835 -0.000497
1
246.811313 453.666304
5.295000 9.953000 12.082942 19 2
0.065880 0.000000 0.000000 0.000000 0.027511
-0.000234 0.001431
4
405.149800 73.529370
5.295000 9.953000 12.082942 49 1
0.000000 0.000000 0.000000 0.000000 0.169367
0.000244 -0.001234
4
326.584208 461.753653
5.295000 9.953000 12.082942 58 1
0.000000 0.000000 0.000000 0.000000 0.068911
0.001025 0.001354
4
300.025959 259.464833
5.295000 9.953000 12.082942 59 1
0.000000 0.000000 0.000000 0.000000 0.036138
-0.000435 -0.000777
4
89.835243 209.071658
5.295000 9.953000 12.082942 33 1
0.000000 0.000000 0.000000 0.000000 0.053551
-0.001549 -0.000265
4
164.264098 32.311036
5.295000 9.953000 12.082942 38 1
0.000000 0.000000 0.000000 0.000000 0.107632
0.001460 0.000318
4
399.856977 409.404917
5.295000 9.953000 12.082942 49 1
0.000000 0.000000 0.000000 0.000000 0.067709
0.000388 0.001338
4
153.805040 178.255396
5.295000 9.953000 12.082942 36 1
0.000000 0.000000 0.000000 0.000000 0.047139
-0.000846 -0.000203
4
371.669622 199.991526
5.295000 9.953000 12.082942 36 1
0.000000 0.000000 0.000000 0.000000 0.057511
0.003070 -0.000914
4
299.031366 154.687806
5.295000 9.953000 12.082942 43 1
0.000000 0.000000 0.000000 0.000000 0.023365
0.002869 -0.000431
4
254.010954 79.330690
5.295000 9.953000 12.082942 42 1
0.000000 0.000000 0.000000 0.000000 0.061455
-0.000198 -0.001002
4
214.807070 322.736775
5.295000 9.953000 12.082942 46 1
0.000000 0.000000 0.000000 0.000000 0.041248
0.000741 0.000664
4
176.528188 17.999859
5.295000 9.953000 12.082942 55 1
0.000000 0.000000 0.000000 0.000000 0.157464
0.000137 -0.000980
4
29.317505 270.800163
5.295000 9.953000 12.082942 35 1
0.000000 0.000000 0.000000 0.000000 0.062320
-0.001028 -0.000137
4
290.516137 222.270007
5.295000 9.953000 12.082942 34 1
0.000000 0.000000 0.000000 0.000000 0.036721
-0.001526 -0.000353
4
30.959026 289.705962
5.295000 9.953000 12.082942 61 1
0.000000 0.000000 0.000000 0.000000 0.064385
-0.001124 -0.000104
4
287.306472 118.052621
5.295000 9.953000 12.082942 56 1
0.000000 0.000000 0.000000 0.000000 0.032052
-0.000433 -0.001045
4
134.052518 273.706704
5.295000 9.953000 12.082942 59 1
0.000000 0.000000 0.000000 0.000000 0.027984
0.000027 0.000231
4
268.508285 388.999796
5.295000 9.953000 12.082942 31 1
0.000000 0.000000 0.000000 0.000000 0.064841
0.000349 0.001561
4
206.940291 6.294145
5.295000 9.953000 12.082942 34 1
0.000000 0.000000 0.000000 0.000000 0.090333
0.000338 -0.001394
4
123.493154 151.248537
5.295000 9.953000 12.082942 48 1
0.000000 0.000000 0.000000 0.000000 0.052009
-0.000926 -0.000813
4
229.314020 420.300505
5.295000 9.953000 12.082942 39 1
0.000000 0.000000 0.000000 0.000000 0.051119
-0.000076 0.001302
4
44.761697 260.148811
5.295000 9.953000 12.082942 38 1
0.000000 0.000000 0.000000 0.000000 0.073689
-0.000946 -0.000153
4
171.152805 132.201884
5.295000 9.953000 12.082942 44 1
0.000000 0.000000 0.000000 0.000000 0.061626
-0.001174 -0.001026
4
260.198696 340.968567
5.295000 9.953000 12.082942 54 1
0.000000 0.000000 0.000000 0.000000 0.058323
0.001023 0.001403
4
219.319213 123.177245
5.295000 9.953000 12.082942 50 1
0.000000 0.000000 0.000000 0.000000 0.043553
-0.000781 -0.001193
4
374.579504 218.417256
5.295000 9.953000 12.082942 40 1
0.000000 0.000000 0.000000 0.000000 0.059687
0.003067 0.000411
4
221.357093 223.140223
5.295000 9.953000 12.082942 35 1
0.000000 0.000000 0.000000 0.000000 0.041750
-0.000466 -0.000350
4
326.544516 292.838972
5.295000 9.953000 12.082942 81 1
0.000000 0.000000 0.000000 0.000000 0.026767
0.000624 -0.000177
4
282.336386 312.376003
5.295000 9.953000 12.082942 53 1
0.000000 0.000000 0.000000 0.000000 0.045324
0.000068 -0.000203
4
327.741317 234.913507
5.295000 9.953000 12.082942 39 1
0.000000 0.000000 0.000000 0.000000 0.036171
0.000301 -0.000787
4
87.691380 171.754257
5.295000 9.953000 12.082942 54 1
0.000000 0.000000 0.000000 0.000000 0.040501
-0.001336 -0.000758
4
197.216651 70.856878
5.295000 9.953000 12.082942 46 1
0.000000 0.000000 0.000000 0.000000 0.031792
0.000561 -0.001110
4
147.442248 210.023174
5.295000 9.953000 12.082942 48 1
0.000000 0.000000 0.000000 0.000000 0.040045
-0.000439 -0.000052
4
144.073702 431.795890
5.295000 9.953000 12.082942 48 1
0.000000 0.000000 0.000000 0.000000 0.076285
-0.000526 0.000889
1
212.059885 105.540407
5.295000 9.953000 12.082942 38 2
0.065880 0.000000 0.000000 0.000000 0.020089
0.001095 -0.000821
4
132.154016 359.307287
5.295000 9.953000 12.082942 50 1
0.000000 0.000000 0.000000 0.000000 0.051656
-0.000736 0.000408
4
119.528507 407.836118
5.295000 9.953000 12.082942 46 1
0.000000 0.000000 0.000000 0.000000 0.076842
-0.000959 0.000490
4
405.828576 427.261056
5.295000 9.953000 12.082942 68 1
0.000000 0.000000 0.000000 0.000000 0.102555
0.000330 0.001424
4
97.526439 324.792418
5.295000 9.953000 12.082942 36 1
0.000000 0.000000 0.000000 0.000000 0.055285
-0.000922 -0.000084
4
235.258433 76.396217
5.295000 9.953000 12.082942 64 1
0.000000 0.000000 0.000000 0.000000 0.032778
-0.000136 -0.001174
4
46.513250 279.028607
5.295000 9.953000 12.082942 31 1
0.000000 0.000000 0.000000 0.000000 0.072619
-0.001044 -0.000122
4
211.821612 387.225839
5.295000 9.953000 12.082942 69 1
0.000000 0.000000 0.000000 0.000000 0.043199
0.000056 0.000953
4
301.632930 431.796429
5.295000 9.953000 12.082942 74 1
0.000000 0.000000 0.000000 0.000000 0.034637
0.000539 0.000849
1
163.785576 78.811247
5.295000 9.953000 12.082942 41 2
0.065880 0.000000 0.000000 0.000000 0.027889
-0.002782 -0.001424
4
340.420720 205.051832
5.295000 9.953000 12.082942 72 1
0.000000 0.000000 0.000000 0.000000 0.047581
0.020919 0.008442
4
48.053780 297.959869
5.295000 9.953000 12.082942 43 1
0.000000 0.000000 0.000000 0.000000 0.064508
-0.001161 -0.000051
4
381.572353 356.525610
5.295000 9.953000 12.082942 47 1
0.000000 0.000000 0.000000 0.000000 0.061712
0.000773 0.000840
4
483.351231 293.991563
5.295000 9.953000 12.082942 63 1
0.000000 0.000000 0.000000 0.000000 0.041963
0.000661 0.001193
4
360.423889 230.496315
5.295000 9.953000 12.082942 41 1
0.000000 0.000000 0.000000 0.000000 0.057795
0.000973 0.000112
4
279.129337 476.818196
5.295000 9.953000 12.082942 72 1
0.000000 0.000000 0.000000 0.000000 0.041896
0.000412 0.000885
4
460.702884 199.131796
5.295000 9.953000 12.082942 75 1
0.000000 0.000000 0.000000 0.000000 0.074214
0.001333 -0.000286
4
349.312833 365.481859
5.295000 9.953000 12.082942 78 1
0.000000 0.000000 0.000000 0.000000 0.051035
0.000980 0.001382
4
165.361024 263.250208
5.295000 9.953000 12.082942 32 1
0.000000 0.000000 0.000000 0.000000 0.052569
-0.000114 0.000250
4
267.934674 164.155697
5.295000 9.953000 12.082942 73 1
0.000000 0.000000 0.000000 0.000000 0.030273
-0.003747 -0.012853
4
319.225605 310.201285
5.295000 9.953000 12.082942 41 1
0.000000 0.000000 0.000000 0.000000 0.043549
0.000328 -0.000040
4
141.374803 192.488290
5.295000 9.953000 12.082942 29 1
0.000000 0.000000 0.000000 0.000000 0.038716
-0.000861 0.000104
4
203.961222 337.860178
5.295000 9.953000 12.082942 39 1
0.000000 0.000000 0.000000 0.000000 0.042629
0.000498 0.000699
4
256.357391 128.949836
5.295000 9.953000 12.082942 62 1
0.000000 0.000000 0.000000 0.000000 0.049878
-0.000767 -0.001375
4
171.136728 450.105979
5.295000 9.953000 12.082942 37 1
0.000000 0.000000 0.000000 0.000000 0.071642
-0.000311 0.001081
4
440.228901 321.596934
5.295000 9.953000 12.082942 77 1
0.000000 0.000000 0.000000 0.000000 0.036369
0.002046 -0.000369
4
168.364512 50.776293
5.295000 9.953000 12.082942 79 1
0.000000 0.000000 0.000000 0.000000 0.037311
-0.000374 0.001277
4
190.045460 451.087359
5.295000 9.953000 12.082942 50 1
0.000000 0.000000 0.000000 0.000000 0.060949
-0.000273 0.001223
4
69.070028 383.137391
5.295000 9.953000 12.082942 37 1
0.000000 0.000000 0.000000 0.000000 0.169063
-0.001094 0.000240
4
92.236547 246.249262
5.295000 9.953000 12.082942 57 1
0.000000 0.000000 0.000000 0.000000 0.048113
-0.000429 -0.000242
4
432.579484 340.354999
5.295000 9.953000 12.082942 54 1
0.000000 0.000000 0.000000 0.000000 0.067882
0.001780 0.000526
4
196.215946 251.951432
5.295000 9.953000 12.082942 41 1
0.000000 0.000000 0.000000 0.000000 0.057058
-0.000218 0.000119
4
134.650821 63.640717
5.295000 9.953000 12.082942 77 1
0.000000 0.000000 0.000000 0.000000 0.067755
-0.002121 -0.000752
4
238.974091 275.737671
5.295000 9.953000 12.082942 46 1
0.000000 0.000000 0.000000 0.000000 0.050162
-0.000070 0.000076
4
225.770768 8.948485
5.295000 9.953000 12.082942 62 1
0.000000 0.000000 0.000000 0.000000 0.073943
0.000194 -0.001120
4
177.352992 149.667965
5.295000 9.953000 12.082942 38 1
0.000000 0.000000 0.000000 0.000000 0.058727
-0.000380 -0.000552
4
62.081175 268.351954
5.295000 9.953000 12.082942 35 1
0.000000 0.000000 0.000000 0.000000 0.074827
-0.000914 -0.000154
4
158.897860 146.282596
5.295000 9.953000 12.082942 45 1
0.000000 0.000000 0.000000 0.000000 0.061866
-0.000814 -0.000554
4
331.771223 411.840981
5.295000 9.953000 12.082942 62 1
0.000000 0.000000 0.000000 0.000000 0.035676
0.000566 0.001117
4
15.344888 300.347453
5.295000 9.953000 12.082942 39 1
0.000000 0.000000 0.000000 0.000000 0.104558
-0.001181 -0.000116
4
238.164838 176.036857
5.295000 9.953000 12.082942 48 1
0.000000 0.000000 0.000000 0.000000 0.051385
0.035355 0.002856
4
86.133267 95.048384
5.295000 9.953000 12.082942 52 1
0.000000 0.000000 0.000000 0.000000 0.145903
-0.001584 -0.000428
4
457.092010 267.046315
5.295000 9.953000 12.082942 51 1
0.000000 0.000000 0.000000 0.000000 0.055156
0.001394 0.000202
4
278.835141 373.014170
5.295000 9.953000 12.082942 30 1
0.000000 0.000000 0.000000 0.000000 0.070451
0.000628 0.001646
4
202.005581 170.361113
5.295000 9.953000 12.082942 36 1
0.000000 0.000000 0.000000 0.000000 0.043127
0.004830 0.000164
4
220.573605 403.738554
5.295000 9.953000 12.082942 38 1
0.000000 0.000000 0.000000 0.000000 0.054189
-0.000000 0.001150
4
155.598681 383.100020
5.295000 9.953000 12.082942 42 1
0.000000 0.000000 0.000000 0.000000 0.057835
-0.000259 0.001381
4
236.557802 469.537796
5.295000 9.953000 12.082942 34 1
0.000000 0.000000 0.000000 0.000000 0.044702
-0.000243 0.001485
4
301.317694 70.741607
5.295000 9.953000 12.082942 59 1
0.000000 0.000000 0.000000 0.000000 0.040014
0.000201 -0.000379
4
239.960487 226.506150
5.295000 9.953000 12.082942 55 1
0.000000 0.000000 0.000000 0.000000 0.033636
-0.000661 -0.000402
4
214.918695 304.281650
5.295000 9.953000 12.082942 64 1
0.000000 0.000000 0.000000 0.000000 0.049184
0.000038 0.000492
4
451.768522 285.131321
5.295000 9.953000 12.082942 76 1
0.000000 0.000000 0.000000 0.000000 0.044684
0.001178 0.000161
1
252.760196 212.465848
5.295000 9.953000 12.082942 19 2
0.065880 0.000000 0.000000 0.000000 0.018829
-0.000470 -0.000683
4
258.412976 46.755347
5.295000 9.953000 12.082942 61 1
0.000000 0.000000 0.000000 0.000000 0.042599
0.000030 -0.000973
4
213.837840 155.627355
5.295000 9.953000 12.082942 45 1
0.000000 0.000000 0.000000 0.000000 0.047647
0.001453 0.000911
4
273.517986 182.226738
5.295000 9.953000 12.082942 50 1
0.000000 0.000000 0.000000 0.000000 0.027208
0.079514 0.016887
4
184.314821 216.798699
5.295000 9.953000 12.082942 72 1
0.000000 0.000000 0.000000 0.000000 0.027913
-0.000312 -0.000294
4
241.429080 340.773604
5.295000 9.953000 12.082942 70 1
0.000000 0.000000 0.000000 0.000000 0.043047
0.000896 0.000928
4
462.331659 248.978697
5.295000 9.953000 12.082942 53 1
0.000000 0.000000 0.000000 0.000000 0.062525
0.001643 0.000126
4
203.131890 370.632428
5.295000 9.953000 12.082942 45 1
0.000000 0.000000 0.000000 0.000000 0.037972
0.000067 0.000757
4
53.628498 115.990856
5.295000 9.953000 12.082942 44 1
0.000000 0.000000 0.000000 0.000000 0.192854
-0.001769 -0.000804
1
269.034979 265.768433
5.295000 9.953000 12.082942 24 2
0.065880 0.000000 0.000000 0.000000 0.021837
-0.000110 -0.000360
4
104.513639 180.604053
5.295000 9.953000 12.082942 42 1
0.000000 0.000000 0.000000 0.000000 0.047165
-0.001310 -0.001698
4
116.949337 91.542257
5.295000 9.953000 12.082942 36 1
0.000000 0.000000 0.000000 0.000000 0.068087
-0.001332 -0.000402
4
424.680405 380.592414
5.295000 9.953000 12.082942 46 1
0.000000 0.000000 0.000000 0.000000 0.101247
0.000583 0.001698
4
244.109452 143.490864
5.295000 9.953000 12.082942 71 1
0.000000 0.000000 0.000000 0.000000 0.037216
-0.002439 -0.003159
4
357.257906 336.728847
5.295000 9.953000 12.082942 45 1
0.000000 0.000000 0.000000 0.000000 0.073000
0.000495 0.000633
1
380.293252 455.470053
5.295000 9.953000 12.082942 26 2
0.065880 0.000000 0.000000 0.000000 0.111179
0.000409 0.001428
4
114.706336 332.899338
5.295000 9.953000 12.082942 68 1
0.000000 0.000000 0.000000 0.000000 0.049683
-0.000971 0.000036
4
444.391033 126.522330
5.295000 9.953000 12.082942 53 1
0.000000 0.000000 0.000000 0.000000 0.120921
0.000614 -0.001447
4
350.073720 415.714634
5.295000 9.953000 12.082942 41 1
0.000000 0.000000 0.000000 0.000000 0.038183
0.000556 0.001155
4
190.262195 184.888487
5.295000 9.953000 12.082942 59 1
0.000000 0.000000 0.000000 0.000000 0.030308
-0.001055 -0.000134
4
276.979667 49.516870
5.295000 9.953000 12.082942 84 1
0.000000 0.000000 0.000000 0.000000 0.040039
0.000067 -0.000737
4
265.716219 454.396411
5.295000 9.953000 12.082942 59 1
0.000000 0.000000 0.000000 0.000000 0.027341
-0.000188 0.001575
4
409.377910 110.893109
5.295000 9.953000 12.082942 41 1
0.000000 0.000000 0.000000 0.000000 0.063409
0.000552 -0.001174
4
319.204654 74.376398
5.295000 9.953000 12.082942 78 1
0.000000 0.000000 0.000000 0.000000 0.040354
0.000427 -0.000476
4
118.927234 133.068379
5.295000 9.953000 12.082942 37 1
0.000000 0.000000 0.000000 0.000000 0.030834
-0.001676 -0.000636
1
361.356490 125.874143
5.295000 9.953000 12.082942 30 2
0.065880 0.000000 0.000000 0.000000 0.026716
0.000599 -0.000914
4
125.417039 429.699424
5.295000 9.953000 12.082942 49 1
0.000000 0.000000 0.000000 0.000000 0.087894
-0.000785 0.001285
4
431.187845 240.024867
5.295000 9.953000 12.082942 79 1
0.000000 0.000000 0.000000 0.000000 0.042911
0.001615 -0.000101
1
333.739154 275.868222
5.295000 9.953000 12.082942 19 2
0.065880 0.000000 0.000000 0.000000 0.022556
0.000662 0.000120
4
337.581194 429.837676
5.295000 9.953000 12.082942 37 1
0.000000 0.000000 0.000000 0.000000 0.035374
0.000589 0.001176
4
130.865464 45.182325
5.295000 9.953000 12.082942 56 1
0.000000 0.000000 0.000000 0.000000 0.163306
0.000227 -0.001326
4
227.219018 240.680743
5.295000 9.953000 12.082942 43 1
0.000000 0.000000 0.000000 0.000000 0.047150
-0.000442 -0.000139
4
214.584605 255.003774
5.295000 9.953000 12.082942 42 1
0.000000 0.000000 0.000000 0.000000 0.055957
-0.000255 0.000095
4
391.754054 103.222603
5.295000 9.953000 12.082942 85 1
0.000000 0.000000 0.000000 0.000000 0.051577
0.000571 -0.001003
4
169.243092 96.482821
5.295000 9.953000 12.082942 51 1
0.000000 0.000000 0.000000 0.000000 0.034855
0.000255 -0.001972
4
220.518702 272.473223
5.295000 9.953000 12.082942 31 1
0.000000 0.000000 0.000000 0.000000 0.059810
-0.000104 0.000220
4
190.602431 53.135592
5.295000 9.953000 12.082942 55 1
0.000000 0.000000 0.000000 0.000000 0.047508
-0.000803 -0.000466
4
316.982059 160.567432
5.295000 9.953000 12.082942 39 1
0.000000 0.000000 0.000000 0.000000 0.030739
-0.002631 -0.000006
4
363.879149 144.319038
5.295000 9.953000 12.082942 36 1
0.000000 0.000000 0.000000 0.000000 0.036966
0.000984 -0.000955
4
493.902861 257.681057
5.295000 9.953000 12.082942 60 1
0.000000 0.000000 0.000000 0.000000 0.068190
0.001300 0.001117
4
282.276568 253.225494
5.295000 9.953000 12.082942 38 1
0.000000 0.000000 0.000000 0.000000 0.036301
-0.000400 -0.000832
4
438.730512 271.530506
5.295000 9.953000 12.082942 36 1
0.000000 0.000000 0.000000 0.000000 0.056311
0.001346 0.000017
4
190.330287 234.362368
5.295000 9.953000 12.082942 57 1
0.000000 0.000000 0.000000 0.000000 0.034697
-0.000274 -0.000060
1
293.675941 136.370132
5.295000 9.953000 12.082942 21 2
0.065880 0.000000 0.000000 0.000000 0.018638
-0.000098 -0.001211
4
123.531177 238.394359
5.295000 9.953000 12.082942 62 1
0.000000 0.000000 0.000000 0.000000 0.034733
-0.000189 0.000117
4
195.641794 152.737413
5.295000 9.953000 12.082942 57 1
0.000000 0.000000 0.000000 0.000000 0.047013
-0.001337 -0.001804
4
309.244880 454.422481
5.295000 9.953000 12.082942 34 1
0.000000 0.000000 0.000000 0.000000 0.046915
0.000918 0.001682
4
219.178878 436.151279
5.295000 9.953000 12.082942 41 1
0.000000 0.000000 0.000000 0.000000 0.044476
-0.000177 0.001317
4
189.392156 135.247102
5.295000 9.953000 12.082942 36 1
0.000000 0.000000 0.000000 0.000000 0.059363
-0.000295 -0.000758
4
213.997572 23.795388
5.295000 9.953000 12.082942 43 1
0.000000 0.000000 0.000000 0.000000 0.076784
0.000020 -0.001143
4
358.839907 107.427569
5.295000 9.953000 12.082942 51 1
0.000000 0.000000 0.000000 0.000000 0.035670
0.000661 -0.001005
4
177.875282 248.817986
5.295000 9.953000 12.082942 41 1
0.000000 0.000000 0.000000 0.000000 0.043917
-0.000170 0.000118
4
207.299813 484.614769
5.295000 9.953000 12.082942 37 1
0.000000 0.000000 0.000000 0.000000 0.084897
-0.000267 0.001400
4
152.951235 128.674136
5.295000 9.953000 12.082942 35 1
0.000000 0.000000 0.000000 0.000000 0.063913
-0.000899 -0.000574
4
140.259233 142.555873
5.295000 9.953000 12.082942 48 1
0.000000 0.000000 0.000000 0.000000 0.060581
-0.000654 -0.000246
4
185.352454 335.486839
5.295000 9.953000 12.082942 74 1
0.000000 0.000000 0.000000 0.000000 0.037303
0.000257 0.000759
4
135.916071 175.137218
5.295000 9.953000 12.082942 44 1
0.000000 0.000000 0.000000 0.000000 0.049018
-0.000806 0.000066
4
55.287615 173.180656
5.295000 9.953000 12.082942 72 1
0.000000 0.000000 0.000000 0.000000 0.046020
-0.001287 -0.000330
4
198.651467 467.834297
5.295000 9.953000 12.082942 65 1
0.000000 0.000000 0.000000 0.000000 0.068888
-0.000281 0.001330
4
184.924712 369.439748
5.295000 9.953000 12.082942 81 1
0.000000 0.000000 0.000000 0.000000 0.034435
-0.000154 0.000740
4
282.552787 17.358918
5.295000 9.953000 12.082942 62 1
0.000000 0.000000 0.000000 0.000000 0.100814
0.000103 -0.000755
4
393.060691 441.396610
5.295000 9.953000 12.082942 46 1
0.000000 0.000000 0.000000 0.000000 0.142556
0.000395 0.001404
4
101.789425 381.008474
5.295000 9.953000 12.082942 39 1
0.000000 0.000000 0.000000 0.000000 0.066794
-0.001193 0.000284
4
261.384926 96.981821
5.295000 9.953000 12.082942 60 1
0.000000 0.000000 0.000000 0.000000 0.053400
-0.000344 -0.000868
4
82.214081 334.904880
5.295000 9.953000 12.082942 47 1
0.000000 0.000000 0.000000 0.000000 0.054513
-0.001018 -0.000033
4
133.806757 82.325694
5.295000 9.953000 12.082942 51 1
0.000000 0.000000 0.000000 0.000000 0.051573
-0.001321 -0.000605
4
58.281246 230.275998
5.295000 9.953000 12.082942 75 1
0.000000 0.000000 0.000000 0.000000 0.052760
-0.000861 -0.000140
4
66.760235 345.099460
5.295000 9.953000 12.082942 75 1
0.000000 0.000000 0.000000 0.000000 0.067781
-0.001100 0.000004
4
106.240120 233.697524
5.295000 9.953000 12.082942 70 1
0.000000 0.000000 0.000000 0.000000 0.043666
-0.000171 -0.000613
4
146.914484 259.743950
5.295000 9.953000 12.082942 32 1
0.000000 0.000000 0.000000 0.000000 0.036056
-0.000113 0.000215
4
381.161143 405.711345
5.295000 9.953000 12.082942 44 1
0.000000 0.000000 0.000000 0.000000 0.056212
0.000472 0.001183
4
49.341088 316.983961
5.295000 9.953000 12.082942 42 1
0.000000 0.000000 0.000000 0.000000 0.071306
-0.001211 0.000008
4
182.894640 401.734143
5.295000 9.953000 12.082942 72 1
0.000000 0.000000 0.000000 0.000000 0.030962
0.000034 0.001004
4
269.601714 356.932601
5.295000 9.953000 12.082942 58 1
0.000000 0.000000 0.000000 0.000000 0.064575
0.000775 0.001573
1
303.383218 173.015102
5.295000 9.953000 12.082942 41 2
0.065880 0.000000 0.000000 0.000000 0.020090
0.007053 -0.011709
4
313.104655 142.266568
5.295000 9.953000 12.082942 88 1
0.000000 0.000000 0.000000 0.000000 0.020226
0.000885 -0.000211
4
102.968227 161.355682
5.295000 9.953000 12.082942 36 1
0.000000 0.000000 0.000000 0.000000 0.042665
-0.001078 -0.000843
4
285.363690 204.324988
5.295000 9.953000 12.082942 66 1
0.000000 0.000000 0.000000 0.000000 0.033774
-0.001697 -0.000591
1
334.869746 83.566264
5.295000 9.953000 12.082942 30 2
0.065880 0.000000 0.000000 0.000000 0.016974
0.001615 -0.002156
4
189.755060 284.185652
5.295000 9.953000 12.082942 46 1
0.000000 0.000000 0.000000 0.000000 0.065355
-0.000059 0.000395
4
295.320386 406.250105
5.295000 9.953000 12.082942 70 1
0.000000 0.000000 0.000000 0.000000 0.044667
0.000405 0.001736
4
68.982521 86.917689
5.295000 9.953000 12.082942 38 1
0.000000 0.000000 0.000000 0.000000 0.412294
-0.001204 -0.001004
4
295.235720 240.222268
5.295000 9.953000 12.082942 50 1
0.000000 0.000000 0.000000 0.000000 0.038521
-0.000336 -0.000929
4
250.012545 161.135254
5.295000 9.953000 12.082942 43 1
0.000000 0.000000 0.000000 0.000000 0.040814
0.004891 0.008612
4
166.702803 332.512460
5.295000 9.953000 12.082942 65 1
0.000000 0.000000 0.000000 0.000000 0.034715
0.000008 0.000834
4
134.999779 124.180321
5.295000 9.953000 12.082942 33 1
0.000000 0.000000 0.000000 0.000000 0.055511
-0.001328 -0.000064
4
337.532585 307.374150
5.295000 9.953000 12.082942 72 1
0.000000 0.000000 0.000000 0.000000 0.031569
0.000560 0.000137
4
421.466186 325.293680
5.295000 9.953000 12.082942 80 1
0.000000 0.000000 0.000000 0.000000 0.037862
0.001750 0.000346
4
100.390954 362.206985
5.295000 9.953000 12.082942 61 1
0.000000 0.000000 0.000000 0.000000 0.058188
-0.001076 0.000111
4
246.723659 61.626083
5.295000 9.953000 12.082942 49 1
0.000000 0.000000 0.000000 0.000000 0.046839
-0.000062 -0.001092
4
381.556599 67.402602
5.295000 9.953000 12.082942 70 1
0.000000 0.000000 0.000000 0.000000 0.092364
0.001746 -0.001599
4
302.348453 106.653809
5.295000 9.953000 12.082942 60 1
0.000000 0.000000 0.000000 0.000000 0.022951
0.000407 -0.000119
4
454.187153 334.140267
5.295000 9.953000 12.082942 62 1
0.000000 0.000000 0.000000 0.000000 0.050605
0.000229 0.001583
4
74.997307 238.679568
5.295000 9.953000 12.082942 43 1
0.000000 0.000000 0.000000 0.000000 0.055308
-0.000699 -0.000142
4
41.513638 221.868719
5.295000 9.953000 12.082942 32 1
0.000000 0.000000 0.000000 0.000000 0.045124
-0.000961 -0.000142
4
470.219333 280.459709
5.295000 9.953000 12.082942 50 1
0.000000 0.000000 0.000000 0.000000 0.042030
0.001047 0.000761
4
178.168340 199.231869
5.295000 9.953000 12.082942 59 1
0.000000 0.000000 0.000000 0.000000 0.022011
-0.000308 -0.000492
4
298.133344 373.453718
5.295000 9.953000 12.082942 39 1
0.000000 0.000000 0.000000 0.000000 0.064641
0.000901 0.001594
4
70.402900 402.183633
5.295000 9.953000 12.082942 48 1
0.000000 0.000000 0.000000 0.000000 0.174421
-0.001256 0.000443
4
311.395660 327.320255
5.295000 9.953000 12.082942 32 1
0.000000 0.000000 0.000000 0.000000 0.053322
0.000009 0.000018
4
128.420030 256.130574
5.295000 9.953000 12.082942 61 1
0.000000 0.000000 0.000000 0.000000 0.020389
-0.000244 0.000190
4
86.491142 114.366016
5.295000 9.953000 12.082942 40 1
0.000000 0.000000 0.000000 0.000000 0.089607
-0.001681 -0.000656
4
433.440136 289.501101
5.295000 9.953000 12.082942 64 1
0.000000 0.000000 0.000000 0.000000 0.054249
0.001145 0.000024
4
357.264266 211.884076
5.295000 9.953000 12.082942 58 1
0.000000 0.000000 0.000000 0.000000 0.055498
-0.006449 -0.002348
4
174.399045 384.885593
5.295000 9.953000 12.082942 50 1
0.000000 0.000000 0.000000 0.000000 0.038810
-0.000087 0.000908
4
53.411123 393.574523
5.295000 9.953000 12.082942 44 1
0.000000 0.000000 0.000000 0.000000 0.302049
-0.001112 0.000158
4
448.700120 184.635912
5.295000 9.953000 12.082942 37 1
0.000000 0.000000 0.000000 0.000000 0.069229
0.000681 0.000141
1
275.525729 438.205814
5.295000 9.953000 12.082942 0 1
0.065880 0.000000 0.000000 0.000000 0.027631
0.000193 0.001819
1
248.103836 420.982293
5.295000 9.953000 12.082942 28 2
0.065880 0.000000 0.000000 0.000000 0.034606
-0.000002 0.001454
4
352.168354 90.049969
5.295000 9.953000 12.082942 63 1
0.000000 0.000000 0.000000 0.000000 0.029812
0.001317 -0.001345
4
66.194365 325.372776
5.295000 9.953000 12.082942 31 1
0.000000 0.000000 0.000000 0.000000 0.058973
-0.001184 0.000081
1
296.181159 88.933476
5.295000 9.953000 12.082942 0 1
0.065880 0.000000 0.000000 0.000000 0.029124
0.000030 -0.000208
4
71.963149 181.886723
5.295000 9.953000 12.082942 54 1
0.000000 0.000000 0.000000 0.000000 0.036364
-0.001155 -0.000421
4
35.295005 365.590001
5.295000 9.953000 12.082942 39 1
0.000000 0.000000 0.000000 0.000000 0.295299
-0.001114 0.000054
4
364.048314 59.552383
5.295000 9.953000 12.082942 66 1
0.000000 0.000000 0.000000 0.000000 0.064553
0.002084 -0.000946
4
219.947422 173.299490
5.295000 9.953000 12.082942 35 1
0.000000 0.000000 0.000000 0.000000 0.054817
-0.015372 -0.002795
4
320.966343 110.879255
5.295000 9.953000 12.082942 61 1
0.000000 0.000000 0.000000 0.000000 0.031296
0.000787 -0.000730
4
442.265469 107.653536
5.295000 9.953000 12.082942 64 1
0.000000 0.000000 0.000000 0.000000 0.181328
0.000483 -0.001456
4
292.458737 328.100469
5.295000 9.953000 12.082942 62 1
0.000000 0.000000 0.000000 0.000000 0.052670
-0.000044 0.000048
4
400.880416 177.225652
5.295000 9.953000 12.082942 70 1
0.000000 0.000000 0.000000 0.000000 0.030392
0.001281 -0.000820
4
196.616345 202.455825
5.295000 9.953000 12.082942 32 1
0.000000 0.000000 0.000000 0.000000 0.032392
-0.000901 -0.000251
4
154.736940 416.380226
5.295000 9.953000 12.082942 45 1
0.000000 0.000000 0.000000 0.000000 0.050836
-0.000485 0.000898
1
439.966817 88.829882
5.295000 9.953000 12.082942 22 2
0.065880 0.000000 0.000000 0.000000 0.299152
0.000355 -0.001459
4
193.226658 102.373865
5.295000 9.953000 12.082942 48 1
0.000000 0.000000 0.000000 0.000000 0.032154
0.002944 0.002553
4
348.967581 155.687296
5.295000 9.953000 12.082942 49 1
0.000000 0.000000 0.000000 0.000000 0.046335
-0.000309 0.000044
4
233.839376 208.901817
5.295000 9.953000 12.082942 47 1
0.000000 0.000000 0.000000 0.000000 0.047849
-0.001405 -0.000367
4
326.535045 42.729635
5.295000 9.953000 12.082942 55 1
0.000000 0.000000 0.000000 0.000000 0.049456
-0.000114 -0.000841
4
442.012881 202.937848
5.295000 9.953000 12.082942 62 1
0.000000 0.000000 0.000000 0.000000 0.059797
0.001531 0.000085
4
201.743075 402.873797
5.295000 9.953000 12.082942 34 1
0.000000 0.000000 0.000000 0.000000 0.041479
-0.000014 0.001031
4
337.678776 186.028808
5.295000 9.953000 12.082942 47 1
0.000000 0.000000 0.000000 0.000000 0.042987
0.008779 -0.004145
4
132.178922 340.575480
5.295000 9.953000 12.082942 54 1
0.000000 0.000000 0.000000 0.000000 0.044854
-0.001252 0.000417
4
449.298908 235.347966
5.295000 9.953000 12.082942 67 1
0.000000 0.000000 0.000000 0.000000 0.056045
0.001763 -0.000052
4
330.474714 361.853433
5.295000 9.953000 12.082942 46 1
0.000000 0.000000 0.000000 0.000000 0.053686
0.000763 0.000957
4
330.145277 325.709500
5.295000 9.953000 12.082942 71 1
0.000000 0.000000 0.000000 0.000000 0.052890
0.000237 0.000070
4
402.914619 327.405539
5.295000 9.953000 12.082942 0 1
0.000000 0.000000 0.000000 0.000000 0.045649
0.001482 0.000703
4
427.826394 307.450511
5.295000 9.953000 12.082942 0 1
0.000000 0.000000 0.000000 0.000000 0.046324
0.001259 0.000176
4
230.815379 108.487414
5.295000 9.953000 12.082942 0 1
0.000000 0.000000 0.000000 0.000000 0.038192
-0.000001 -0.000974
4
307.561652 191.659052
5.295000 9.953000 12.082942 45 1
0.000000 0.000000 0.000000 0.000000 0.037466
0.069209 0.021394
4
375.475173 302.566770
5.295000 9.953000 12.082942 50 1
0.000000 0.000000 0.000000 0.000000 0.050522
0.001030 0.000432
4
454.655565 217.077815
5.295000 9.953000 12.082942 0 1
0.000000 0.000000 0.000000 0.000000 0.058638
0.001746 -0.000057
4
436.544818 221.624835
5.295000 9.953000 12.082942 0 1
0.000000 0.000000 0.000000 0.000000 0.050947
0.001664 -0.000081
4
141.583718 464.338232
5.295000 9.953000 12.082942 0 1
0.000000 0.000000 0.000000 0.000000 0.197630
-0.000296 0.001016
4
95.699980 265.069547
5.295000 9.953000 12.082942 0 1
0.000000 0.000000 0.000000 0.000000 0.049364
-0.000493 -0.000065
4
278.951897 340.798354
5.295000 9.953000 12.082942 0 1
0.000000 0.000000 0.000000 0.000000 0.064822
0.001302 0.001811
4
418.427397 362.368310
5.295000 9.953000 12.082942 0 1
0.000000 0.000000 0.000000 0.000000 0.096776
0.000761 0.001511
1
394.624936 248.983330
5.295000 9.953000 12.082942 19 2
0.065880 0.000000 0.000000 0.000000 0.023062
0.001444 -0.000013
4
158.738213 295.708058
5.295000 9.953000 12.082942 43 1
0.000000 0.000000 0.000000 0.000000 0.049523
-0.000052 0.000512
4
225.838628 140.757896
5.295000 9.953000 12.082942 82 1
0.000000 0.000000 0.000000 0.000000 0.039723
0.000897 0.000406
4
289.997542 295.726432
5.295000 9.953000 12.082942 48 1
0.000000 0.000000 0.000000 0.000000 0.036838
0.000266 -0.000279
4
37.942873 145.269665
5.295000 9.953000 12.082942 54 1
0.000000 0.000000 0.000000 0.000000 0.187881
-0.001558 -0.000369
4
65.011440 306.259221
5.295000 9.953000 12.082942 72 1
0.000000 0.000000 0.000000 0.000000 0.053620
-0.001173 0.000024
4
43.057269 241.086433
5.295000 9.953000 12.082942 30 1
0.000000 0.000000 0.000000 0.000000 0.058108
-0.000929 -0.000147
1
409.353087 310.582058
5.295000 9.953000 12.082942 19 2
0.065880 0.000000 0.000000 0.000000 0.034552
0.001311 0.000460
4
342.549622 223.296803
5.295000 9.953000 12.082942 54 1
0.000000 0.000000 0.000000 0.000000 0.049951
0.001203 -0.004485
4
263.779814 487.652494
5.295000 9.953000 12.082942 41 1
0.000000 0.000000 0.000000 0.000000 0.052687
0.000190 0.000912
4
276.867163 405.545139
5.295000 9.953000 12.082942 45 1
0.000000 0.000000 0.000000 0.000000 0.057397
0.000265 0.001645
4
352.129155 273.105243
5.295000 9.953000 12.082942 44 1
0.000000 0.000000 0.000000 0.000000 0.042246
0.001092 0.000155
4
162.819423 433.262512
5.295000 9.953000 12.082942 75 1
0.000000 0.000000 0.000000 0.000000 0.045040
-0.000378 0.000965
4
354.548663 193.134628
5.295000 9.953000 12.082942 45 1
0.000000 0.000000 0.000000 0.000000 0.052982
-0.003025 0.000658
4
80.518590 295.339712
5.295000 9.953000 12.082942 81 1
0.000000 0.000000 0.000000 0.000000 0.042793
-0.001109 0.000060
4
171.259777 281.135260
5.295000 9.953000 12.082942 27 1
0.000000 0.000000 0.000000 0.000000 0.061894
-0.000076 0.000389
4
285.775786 168.258063
5.295000 9.953000 12.082942 71 1
0.000000 0.000000 0.000000 0.000000 0.026237
-0.000440 0.012961
4
181.530890 434.320956
5.295000 9.953000 12.082942 42 1
0.000000 0.000000 0.000000 0.000000 0.046786
-0.000275 0.001110
4
246.035271 194.670115
5.295000 9.953000 12.082942 72 1
0.000000 0.000000 0.000000 0.000000 0.042530
0.001410 -0.004551
4
182.997965 35.884479
5.295000 9.953000 12.082942 54 1
0.000000 0.000000 0.000000 0.000000 0.083934
0.001177 -0.001391
4
393.795302 391.683401
5.295000 9.953000 12.082942 42 1
0.000000 0.000000 0.000000 0.000000 0.065891
0.000502 0.001196
4
348.486961 321.454296
5.295000 9.953000 12.082942 39 1
0.000000 0.000000 0.000000 0.000000 0.060173
0.000562 0.000371
4
322.061935 261.074870
5.295000 9.953000 12.082942 80 1
0.000000 0.000000 0.000000 0.000000 0.029317
0.000725 -0.000678
4
226.775691 289.761110
5.295000 9.953000 12.082942 32 1
0.000000 0.000000 0.000000 0.000000 0.059776
0.000022 0.000324
4
425.699764 258.015564
5.295000 9.953000 12.082942 45 1
0.000000 0.000000 0.000000 0.000000 0.044022
0.001453 -0.000041
4
38.672386 164.446084
5.295000 9.953000 12.082942 55 1
0.000000 0.000000 0.000000 0.000000 0.074367
-0.001370 -0.000261
4
84.777319 372.696300
5.295000 9.953000 12.082942 41 1
0.000000 0.000000 0.000000 0.000000 0.079197
-0.001119 0.000191
4
33.586420 327.565268
5.295000 9.953000 12.082942 53 1
0.000000 0.000000 0.000000 0.000000 0.107359
-0.001240 -0.000007
4
379.649004 48.702414
5.295000 9.953000 12.082942 80 1
0.000000 0.000000 0.000000 0.000000 0.146567
0.001414 -0.001790
4
431.220620 156.119046
5.295000 9.953000 12.082942 39 1
0.000000 0.000000 0.000000 0.000000 0.060766
0.000869 -0.001197
4
337.378683 379.737148
5.295000 9.953000 12.082942 55 1
0.000000 0.000000 0.000000 0.000000 0.036708
0.000443 0.001035
4
287.432980 389.426432
5.295000 9.953000 12.082942 48 1
0.000000 0.000000 0.000000 0.000000 0.063411
0.000481 0.001681
4
412.820940 244.621208
5.295000 9.953000 12.082942 47 1
0.000000 0.000000 0.000000 0.000000 0.038778
0.001490 -0.000099
4
386.907535 317.295070
5.295000 9.953000 12.082942 65 1
0.000000 0.000000 0.000000 0.000000 0.052479
0.001146 0.000578
4
86.850390 152.535945
5.295000 9.953000 12.082942 70 1
0.000000 0.000000 0.000000 0.000000 0.041732
-0.001468 -0.000592
4
69.870233 105.737736
5.295000 9.953000 12.082942 43 1
0.000000 0.000000 0.000000 0.000000 0.148401
-0.001640 -0.000810
4
311.821901 473.421843
5.295000 9.953000 12.082942 47 1
0.000000 0.000000 0.000000 0.000000 0.082722
0.001102 0.001786
4
472.678088 330.205440
5.295000 9.953000 12.082942 59 1
0.000000 0.000000 0.000000 0.000000 0.074599
0.000050 0.001077
4
403.645138 195.373534
5.295000 9.953000 12.082942 61 1
0.000000 0.000000 0.000000 0.000000 0.036079
0.001503 -0.000674
4
40.196498 202.633100
5.295000 9.953000 12.082942 31 1
0.000000 0.000000 0.000000 0.000000 0.043472
-0.001070 -0.000158
4
418.487297 226.680796
5.295000 9.953000 12.082942 63 1
0.000000 0.000000 0.000000 0.000000 0.041539
0.001435 -0.000299
4
208.768089 237.478521
5.295000 9.953000 12.082942 41 1
0.000000 0.000000 0.000000 0.000000 0.033401
-0.000388 -0.000066
4
358.325387 255.359334
5.295000 9.953000 12.082942 55 1
0.000000 0.000000 0.000000 0.000000 0.054126
0.000897 -0.000079
4
202.105764 269.519931
5.295000 9.953000 12.082942 31 1
0.000000 0.000000 0.000000 0.000000 0.064467
-0.000122 0.000264
4
431.013708 398.431174
5.295000 9.953000 12.082942 74 1
0.000000 0.000000 0.000000 0.000000 0.121931
0.000423 0.001803
4
289.593904 186.217209
5.295000 9.953000 12.082942 43 1
0.000000 0.000000 0.000000 0.000000 0.027694
-0.081942 -0.024148
1
324.624732 443.404588
5.295000 9.953000 12.082942 20 2
0.065880 0.000000 0.000000 0.000000 0.024517
0.000611 0.001315
4
178.405739 67.154605
5.295000 9.953000 12.082942 33 1
0.000000 0.000000 0.000000 0.000000 0.034701
0.000599 0.001955
4
102.937194 399.729643
5.295000 9.953000 12.082942 33 1
0.000000 0.000000 0.000000 0.000000 0.070427
-0.001279 0.000518
4
275.008532 132.324522
5.295000 9.953000 12.082942 76 1
0.000000 0.000000 0.000000 0.000000 0.031165
0.000060 -0.000328
4
356.827900 305.081269
5.295000 9.953000 12.082942 50 1
0.000000 0.000000 0.000000 0.000000 0.051535
0.000848 0.000338
4
202.805114 219.964729
5.295000 9.953000 12.082942 86 1
0.000000 0.000000 0.000000 0.000000 0.030003
-0.000549 -0.000189
4
88.842696 190.563393
5.295000 9.953000 12.082942 41 1
0.000000 0.000000 0.000000 0.000000 0.046692
-0.001053 -0.000610
4
308.164191 124.413338
5.295000 9.953000 12.082942 55 1
0.000000 0.000000 0.000000 0.000000 0.029057
0.000993 -0.000344
4
321.793949 343.393625
5.295000 9.953000 12.082942 34 1
0.000000 0.000000 0.000000 0.000000 0.072031
-0.000307 -0.000050
4
370.412432 270.288443
5.295000 9.953000 12.082942 72 1
0.000000 0.000000 0.000000 0.000000 0.028745
0.001171 0.000136
4
39.340284 183.580909
5.295000 9.953000 12.082942 47 1
0.000000 0.000000 0.000000 0.000000 0.063364
-0.001232 -0.000206
4
72.880584 200.663120
5.295000 9.953000 12.082942 33 1
0.000000 0.000000 0.000000 0.000000 0.046716
-0.001141 -0.000388
4
26.118219 232.686176
5.295000 9.953000 12.082942 72 1
0.000000 0.000000 0.000000 0.000000 0.045231
-0.000992 -0.000118
4
217.603326 468.700794
5.295000 9.953000 12.082942 66 1
0.000000 0.000000 0.000000 0.000000 0.046801
-0.000250 0.001435
4
455.358841 369.050192
5.295000 9.953000 12.082942 44 1
0.000000 0.000000 0.000000 0.000000 0.143286
0.000681 0.002098
4
171.916692 231.136182
5.295000 9.953000 12.082942 36 1
0.000000 0.000000 0.000000 0.000000 0.034250
-0.000204 -0.000044
4
368.999554 181.408283
5.295000 9.953000 12.082942 59 1
0.000000 0.000000 0.000000 0.000000 0.051018
0.002427 -0.000839
4
269.151534 324.768272
5.295000 9.953000 12.082942 47 1
0.000000 0.000000 0.000000 0.000000 0.046864
0.001747 0.001817
4
271.354978 297.331196
5.295000 9.953000 12.082942 60 1
0.000000 0.000000 0.000000 0.000000 0.028309
0.000047 -0.000204
4
209.243942 56.133813
5.295000 9.953000 12.082942 81 1
0.000000 0.000000 0.000000 0.000000 0.043736
-0.000231 -0.001250
4
119.014764 389.088757
5.295000 9.953000 12.082942 33 1
0.000000 0.000000 0.000000 0.000000 0.068621
-0.001318 0.000399
4
153.724280 63.056158
5.295000 9.953000 12.082942 31 1
0.000000 0.000000 0.000000 0.000000 0.037724
-0.002333 -0.001405
4
119.087122 169.420182
5.295000 9.953000 12.082942 38 1
0.000000 0.000000 0.000000 0.000000 0.047684
-0.000794 -0.000788
1
150.019242 44.710723
5.295000 9.953000 12.082942 21 2
0.065880 0.000000 0.000000 0.000000 0.054138
0.000131 -0.001717
4
251.168667 261.956759
5.295000 9.953000 12.082942 48 1
0.000000 0.000000 0.000000 0.000000 0.029284
-0.000239 -0.000227
4
79.584542 276.331372
5.295000 9.953000 12.082942 43 1
0.000000 0.000000 0.000000 0.000000 0.068813
-0.001040 -0.000050
1
283.409946 67.077423
5.295000 9.953000 12.082942 21 2
0.065880 0.000000 0.000000 0.000000 0.032170
0.000078 -0.000649
4
231.398887 356.059983
5.295000 9.953000 12.082942 34 1
0.000000 0.000000 0.000000 0.000000 0.047411
0.000557 0.000937
4
119.111252 114.013911
5.295000 9.953000 12.082942 58 1
0.000000 0.000000 0.000000 0.000000 0.045252
-0.001356 -0.000511
4
444.060130 253.521522
5.295000 9.953000 12.082942 68 1
0.000000 0.000000 0.000000 0.000000 0.049599
0.001546 -0.000024
4
262.477470 146.574848
5.295000 9.953000 12.082942 32 1
0.000000 0.000000 0.000000 0.000000 0.033594
0.002455 0.002437
4
188.335595 483.699668
5.295000 9.953000 12.082942 60 1
0.000000 0.000000 0.000000 0.000000 0.112847
-0.000331 0.001283
4
103.039249 142.674400
5.295000 9.953000 12.082942 43 1
0.000000 0.000000 0.000000 0.000000 0.037903
-0.001737 -0.000815
4
288.721242 356.907009
5.295000 9.953000 12.082942 36 1
0.000000 0.000000 0.000000 0.000000 0.073557
0.000988 0.001778
4
177.529935 298.892637
5.295000 9.953000 12.082942 36 1
0.000000 0.000000 0.000000 0.000000 0.059799
-0.000028 0.000516
4
285.552840 422.249377
5.295000 9.953000 12.082942 32 1
0.000000 0.000000 0.000000 0.000000 0.041116
0.000083 0.001684
4
446.277181 303.315013
5.295000 9.953000 12.082942 77 1
0.000000 0.000000 0.000000 0.000000 0.035070
0.001027 -0.000086
4
486.145107 178.266543
5.295000 9.953000 12.082942 64 1
0.000000 0.000000 0.000000 0.000000 0.128229
0.000534 -0.001182
4
255.162911 178.658983
5.295000 9.953000 12.082942 70 1
0.000000 0.000000 0.000000 0.000000 0.034878
-0.057903 -0.009781
4
201.075721 120.419227
5.295000 9.953000 12.082942 51 1
0.000000 0.000000 0.000000 0.000000 0.048447
-0.000574 -0.001679
4
313.908877 56.525370
5.295000 9.953000 12.082942 63 1
0.000000 0.000000 0.000000 0.000000 0.046579
0.000232 -0.000494
4
115.999183 454.945534
5.295000 9.953000 12.082942 45 1
0.000000 0.000000 0.000000 0.000000 0.326235
-0.000900 -0.000320
4
304.097754 209.593838
5.295000 9.953000 12.082942 62 1
0.000000 0.000000 0.000000 0.000000 0.039589
-0.001105 -0.003714
4
479.561020 195.875464
5.295000 9.953000 12.082942 58 1
0.000000 0.000000 0.000000 0.000000 0.088350
0.001090 -0.000865
4
343.883871 397.669063
5.295000 9.953000 12.082942 39 1
0.000000 0.000000 0.000000 0.000000 0.035300
0.000513 0.001068
4
210.492538 419.500480
5.295000 9.953000 12.082942 43 1
0.000000 0.000000 0.000000 0.000000 0.048787
-0.000116 0.001191
4
193.045017 352.855056
5.295000 9.953000 12.082942 34 1
0.000000 0.000000 0.000000 0.000000 0.038094
0.000382 0.000814
4
165.384486 163.880554
5.295000 9.953000 12.082942 44 1
0.000000 0.000000 0.000000 0.000000 0.047860
-0.000273 -0.000446
4
493.025513 229.707116
5.295000 9.953000 12.082942 59 1
0.000000 0.000000 0.000000 0.000000 0.082400
-0.000562 -0.001245
4
113.850091 216.795324
5.295000 9.953000 12.082942 51 1
0.000000 0.000000 0.000000 0.000000 0.051929
-0.004347 -0.002969
4
87.495328 410.531845
5.295000 9.953000 12.082942 49 1
0.000000 0.000000 0.000000 0.000000 0.124669
-0.001584 0.000923
1
307.912809 38.595544
5.295000 9.953000 12.082942 47 2
0.065880 0.000000 0.000000 0.000000 0.050357
-0.000058 -0.000578
4
300.766842 311.577799
5.295000 9.953000 12.082942 61 1
0.000000 0.000000 0.000000 0.000000 0.045090
0.000193 -0.000138
4
424.717475 99.943021
5.295000 9.953000 12.082942 38 1
0.000000 0.000000 0.000000 0.000000 0.138778
0.000444 -0.001335
4
448.383930 164.585854
5.295000 9.953000 12.082942 44 1
0.000000 0.000000 0.000000 0.000000 0.074264
0.000854 -0.001633
4
346.308361 137.355874
5.295000 9.953000 12.082942 57 1
0.000000 0.000000 0.000000 0.000000 0.041565
0.000492 -0.001145
4
480.740418 244.191543
5.295000 9.953000 12.082942 53 1
0.000000 0.000000 0.000000 0.000000 0.071606
0.001622 0.000626
4
294.452299 466.057374
5.295000 9.953000 12.082942 49 1
0.000000 0.000000 0.000000 0.000000 0.051099
0.000920 0.001348
4
411.651792 129.505153
5.295000 9.953000 12.082942 54 1
0.000000 0.000000 0.000000 0.000000 0.075431
0.000668 -0.001125
4
10.620385 243.485852
5.295000 9.953000 12.082942 40 1
0.000000 0.000000 0.000000 0.000000 0.056660
-0.001014 -0.000104
4
32.397215 308.618596
5.295000 9.953000 12.082942 70 1
0.000000 0.000000 0.000000 0.000000 0.075820
-0.001209 -0.000053
4
149.038510 365.435455
5.295000 9.953000 12.082942 41 1
0.000000 0.000000 0.000000 0.000000 0.058172
-0.000713 0.001270
4
86.020329 391.553506
5.295000 9.953000 12.082942 74 1
0.000000 0.000000 0.000000 0.000000 0.101319
-0.001184 0.000461
4
165.875889 213.504074
5.295000 9.953000 12.082942 40 1
0.000000 0.000000 0.000000 0.000000 0.027697
-0.000387 -0.000189
4
171.958907 181.609957
5.295000 9.953000 12.082942 80 1
0.000000 0.000000 0.000000 0.000000 0.024585
-0.000332 -0.000623
4
394.076153 121.826638
5.295000 9.953000 12.082942 46 1
0.000000 0.000000 0.000000 0.000000 0.046815
0.000662 -0.000975
4
245.610166 244.218162
5.295000 9.953000 12.082942 69 1
0.000000 0.000000 0.000000 0.000000 0.032288
-0.000508 -0.000298
4
135.039664 223.916242
5.295000 9.953000 12.082942 44 1
0.000000 0.000000 0.000000 0.000000 0.039932
0.000105 0.000299
4
183.090290 117.788600
5.295000 9.953000 12.082942 38 1
0.000000 0.000000 0.000000 0.000000 0.049023
-0.001441 -0.000749
4
159.575002 245.479472
5.295000 9.953000 12.082942 51 1
0.000000 0.000000 0.000000 0.000000 0.032402
-0.000115 0.000132
4
226.214387 485.464282
5.295000 9.953000 12.082942 33 1
0.000000 0.000000 0.000000 0.000000 0.072349
-0.000170 0.001484
4
369.217039 370.645928
5.295000 9.953000 12.082942 56 1
0.000000 0.000000 0.000000 0.000000 0.046618
0.000583 0.000893
4
396.929244 56.488365
5.295000 9.953000 12.082942 68 1
0.000000 0.000000 0.000000 0.000000 0.234098
0.001532 -0.001900
4
89.547302 227.525452
5.295000 9.953000 12.082942 44 1
0.000000 0.000000 0.000000 0.000000 0.058970
-0.000601 -0.000150
4
27.666147 251.806207
5.295000 9.953000 12.082942 39 1
0.000000 0.000000 0.000000 0.000000 0.062335
-0.000983 -0.000137
4
367.863341 320.624898
5.295000 9.953000 12.082942 38 1
0.000000 0.000000 0.000000 0.000000 0.070809
0.000794 0.000595
4
34.582638 346.546271
5.295000 9.953000 12.082942 61 1
0.000000 0.000000 0.000000 0.000000 0.169666
-0.001226 0.000035
4
120.445798 286.685123
5.295000 9.953000 12.082942 86 1
0.000000 0.000000 0.000000 0.000000 0.021078
-0.000150 -0.000006
4
54.061482 134.993532
5.295000 9.953000 12.082942 74 1
0.000000 0.000000 0.000000 0.000000 0.089733
-0.001630 -0.000597
4
315.466084 277.940156
5.295000 9.953000 12.082942 31 1
0.000000 0.000000 0.000000 0.000000 0.032865
0.000736 -0.000445
4
412.404111 395.133816
5.295000 9.953000 12.082942 44 1
0.000000 0.000000 0.000000 0.000000 0.088766
0.000453 0.001465
1
183.724924 167.224713
5.295000 9.953000 12.082942 24 2
0.065880 0.000000 0.000000 0.000000 0.030381
-0.002007 -0.001012
4
279.141771 280.744539
5.295000 9.953000 12.082942 50 1
0.000000 0.000000 0.000000 0.000000 0.021822
0.000210 -0.000334
4
141.402883 241.935702
5.295000 9.953000 12.082942 45 1
0.000000 0.000000 0.000000 0.000000 0.033124
-0.000123 0.000200
4
266.407868 199.509224
5.295000 9.953000 12.082942 47 1
0.000000 0.000000 0.000000 0.000000 0.027288
-0.001473 0.001412
4
227.233333 191.242856
5.295000 9.953000 12.082942 39 1
0.000000 0.000000 0.000000 0.000000 0.055719
-0.003021 0.002971
1
318.693530 376.670612
5.295000 9.953000 12.082942 24 2
0.065880 0.000000 0.000000 0.000000 0.037696
0.000231 0.000885
4
250.538420 356.741413
5.295000 9.953000 12.082942 38 1
0.000000 0.000000 0.000000 0.000000 0.058287
0.000617 0.001243
4
136.575347 414.434574
5.295000 9.953000 12.082942 52 1
0.000000 0.000000 0.000000 0.000000 0.070952
-0.000777 0.000849
4
405.884246 213.551169
5.295000 9.953000 12.082942 62 1
0.000000 0.000000 0.000000 0.000000 0.040640
0.001635 -0.000224
4
114.679537 269.398738
5.295000 9.953000 12.082942 87 1
0.000000 0.000000 0.000000 0.000000 0.018572
-0.000471 -0.000084
4
398.652499 158.838726
5.295000 9.953000 12.082942 36 1
0.000000 0.000000 0.000000 0.000000 0.041985
0.000993 -0.000861
4
104.454004 418.880662
5.295000 9.953000 12.082942 32 1
0.000000 0.000000 0.000000 0.000000 0.085532
-0.001330 0.000172
4
106.286650 199.366648
5.295000 9.953000 12.082942 39 1
0.000000 0.000000 0.000000 0.000000 0.050397
-0.003241 -0.002382
4
77.481041 257.592567
5.295000 9.953000 12.082942 54 1
0.000000 0.000000 0.000000 0.000000 0.064874
-0.000682 -0.000169
4
227.877634 452.829457
5.295000 9.953000 12.082942 53 1
0.000000 0.000000 0.000000 0.000000 0.039568
-0.000233 0.001414
1
374.455368 437.519295
5.295000 9.953000 12.082942 25 2
0.065880 0.000000 0.000000 0.000000 0.034639
0.000472 0.001348
4
132.694651 100.856515
5.295000 9.953000 12.082942 31 1
0.000000 0.000000 0.000000 0.000000 0.056828
-0.001282 -0.000533
4
232.934447 258.250229
5.295000 9.953000 12.082942 72 1
0.000000 0.000000 0.000000 0.000000 0.040859
-0.000279 -0.000013
4
193.108641 386.249744
5.295000 9.953000 12.082942 31 1
0.000000 0.000000 0.000000 0.000000 0.033590
-0.000008 0.000846
4
154.600438 346.960562
5.295000 9.953000 12.082942 35 1
0.000000 0.000000 0.000000 0.000000 0.039378
0.000158 0.001113
4
334.562625 167.085199
5.295000 9.953000 12.082942 80 1
0.000000 0.000000 0.000000 0.000000 0.038899
0.005674 -0.002883
4
161.167042 314.623804
5.295000 9.953000 12.082942 47 1
0.000000 0.000000 0.000000 0.000000 0.047163
-0.000128 0.000759
1
122.188416 188.305601
5.295000 9.953000 12.082942 26 2
0.065880 0.000000 0.000000 0.000000 0.034035
-0.001414 -0.000102
4
129.985819 322.040631
5.295000 9.953000 12.082942 32 1
0.000000 0.000000 0.000000 0.000000 0.043962
-0.000585 0.000342
4
389.668648 84.543496
5.295000 9.953000 12.082942 47 1
0.000000 0.000000 0.000000 0.000000 0.059278
0.000384 -0.001023
4
195.136352 21.138450
5.295000 9.953000 12.082942 40 1
0.000000 0.000000 0.000000 0.000000 0.091968
0.000322 -0.001512
4
13.803575 281.497872
5.295000 9.953000 12.082942 72 1
0.000000 0.000000 0.000000 0.000000 0.062199
-0.001090 -0.000145
4
146.893126 160.353748
5.295000 9.953000 12.082942 49 1
0.000000 0.000000 0.000000 0.000000 0.054611
-0.000776 -0.000156
4
413.324225 343.350324
5.295000 9.953000 12.082942 50 1
0.000000 0.000000 0.000000 0.000000 0.073843
0.001659 0.000573
1
232.794506 26.496835
5.295000 9.953000 12.082942 26 2
0.065880 0.000000 0.000000 0.000000 0.039616
0.000055 -0.001119
4
208.689556 188.049867
5.295000 9.953000 12.082942 32 1
0.000000 0.000000 0.000000 0.000000 0.043879
0.000675 -0.002386
4
361.725030 451.616299
5.295000 9.953000 12.082942 46 1
0.000000 0.000000 0.000000 0.000000 0.102281
0.000457 0.001324
4
374.116693 95.698073
5.295000 9.953000 12.082942 54 1
0.000000 0.000000 0.000000 0.000000 0.042113
0.000622 -0.000776
4
351.788562 174.308969
5.295000 9.953000 12.082942 48 1
0.000000 0.000000 0.000000 0.000000 0.048089
-0.001898 0.000392
4
52.077818 374.539048
5.295000 9.953000 12.082942 45 1
0.000000 0.000000 0.000000 0.000000 0.189073
-0.001095 0.000101
4
400.054164 359.961561
5.295000 9.953000 12.082942 54 1
0.000000 0.000000 0.000000 0.000000 0.078897
0.000721 0.001111
4
271.837885 217.284547
5.295000 9.953000 12.082942 38 1
0.000000 0.000000 0.000000 0.000000 0.028270
-0.001082 -0.001206
1
140.049346 28.645294
5.295000 9.953000 12.082942 87 2
0.065880 0.000000 0.000000 0.000000 0.238743
-0.000123 -0.001605
4
272.721083 82.255238
5.295000 9.953000 12.082942 46 1
0.000000 0.000000 0.000000 0.000000 0.054781
-0.000265 -0.000861
4
340.778624 346.120701
5.295000 9.953000 12.082942 47 1
0.000000 0.000000 0.000000 0.000000 0.071642
-0.000450 -0.000342
4
196.822053 320.472296
5.295000 9.953000 12.082942 34 1
0.000000 0.000000 0.000000 0.000000 0.043543
0.000410 0.000670
4
467.455171 230.990286
5.295000 9.953000 12.082942 54 1
0.000000 0.000000 0.000000 0.000000 0.062318
0.001948 -0.000035
4
244.623604 11.648690
5.295000 9.953000 12.082942 86 1
0.000000 0.000000 0.000000 0.000000 0.041877
0.000175 -0.001076
4
311.627096 359.667095
5.295000 9.953000 12.082942 34 1
0.000000 0.000000 0.000000 0.000000 0.072950
0.000446 0.000531
4
413.869616 148.104712
5.295000 9.953000 12.082942 71 1
0.000000 0.000000 0.000000 0.000000 0.051068
0.000788 -0.001069
4
208.260587 286.988435
5.295000 9.953000 12.082942 29 1
0.000000 0.000000 0.000000 0.000000 0.065297
-0.000026 0.000383
4
446.461971 145.425840
5.295000 9.953000 12.082942 65 1
0.000000 0.000000 0.000000 0.000000 0.090959
0.000757 -0.001457
4
277.052271 235.169352
5.295000 9.953000 12.082942 55 1
0.000000 0.000000 0.000000 0.000000 0.027227
-0.000596 -0.000619
4
266.833165 421.577311
5.295000 9.953000 12.082942 32 1
0.000000 0.000000 0.000000 0.000000 0.035790
0.000086 0.001661
4
98.994564 343.391136
5.295000 9.953000 12.082942 38 1
0.000000 0.000000 0.000000 0.000000 0.054179
-0.000972 0.000045
1
102.817349 123.561532
5.295000 9.953000 12.082942 29 2
0.065880 0.000000 0.000000 0.000000 0.030786
-0.001638 -0.000728
4
230.611021 387.963203
5.295000 9.953000 12.082942 34 1
0.000000 0.000000 0.000000 0.000000 0.053973
0.000135 0.001153
4
117.355529 370.435622
5.295000 9.953000 12.082942 37 1
0.000000 0.000000 0.000000 0.000000 0.064040
-0.001158 0.000195
4
152.884318 277.472448
5.295000 9.953000 12.082942 55 1
0.000000 0.000000 0.000000 0.000000 0.047299
-0.000071 0.000337
4
207.589037 138.009940
5.295000 9.953000 12.082942 49 1
0.000000 0.000000 0.000000 0.000000 0.054195
-0.001399 -0.001844
4
331.156840 148.248366
5.295000 9.953000 12.082942 42 1
0.000000 0.000000 0.000000 0.000000 0.042021
0.001389 -0.000669
1
355.887538 433.758052
5.295000 9.953000 12.082942 30 2
0.065880 0.000000 0.000000 0.000000 0.027441
0.000559 0.001229
4
280.961423 495.646003
5.295000 9.953000 12.082942 40 1
0.000000 0.000000 0.000000 0.000000 0.068911
0.000141 0.000913
4
239.398111 404.414634
5.295000 9.953000 12.082942 32 1
0.000000 0.000000 0.000000 0.000000 0.056545
0.000065 0.001323
4
378.906496 132.962819
5.295000 9.953000 12.082942 84 1
0.000000 0.000000 0.000000 0.000000 0.025473
0.000653 -0.000827
4
376.483480 114.390064
5.295000 9.953000 12.082942 44 1
0.000000 0.000000 0.000000 0.000000 0.041532
0.000641 -0.000841
4
343.626665 119.185282
5.295000 9.953000 12.082942 57 1
0.000000 0.000000 0.000000 0.000000 0.033472
0.000549 -0.001288
1
459.647689 115.495671
5.295000 9.953000 12.082942 30 2
0.065880 0.000000 0.000000 0.000000 0.200387
0.000533 -0.001566
4
238.029210 436.946306
5.295000 9.953000 12.082942 32 1
0.000000 0.000000 0.000000 0.000000 0.046249
-0.000128 0.001400
4
242.502509 93.958121
5.295000 9.953000 12.082942 85 1
0.000000 0.000000 0.000000 0.000000 0.036028
-0.000234 -0.001023
4
362.410717 401.639965
5.295000 9.953000 12.082942 74 1
0.000000 0.000000 0.000000 0.000000 0.040103
0.000551 0.001148
4
67.855343 364.185321
5.295000 9.953000 12.082942 53 1
0.000000 0.000000 0.000000 0.000000 0.106881
-0.001103 0.000097
4
23.367202 194.119524
5.295000 9.953000 12.082942 46 1
0.000000 0.000000 0.000000 0.000000 0.056120
-0.001158 -0.000078
4
421.334545 189.554140
5.295000 9.953000 12.082942 67 1
0.000000 0.000000 0.000000 0.000000 0.037954
0.001628 -0.000248
1
376.522238 252.865111
5.295000 9.953000 12.082942 32 2
0.065880 0.000000 0.000000 0.000000 0.024911
0.001318 0.000050
1
332.475337 60.996374
5.295000 9.953000 12.082942 57 2
0.065880 0.000000 0.000000 0.000000 0.031003
0.000545 -0.000708
4
147.787882 110.718376
5.295000 9.953000 12.082942 44 1
0.000000 0.000000 0.000000 0.000000 0.060476
-0.001570 -0.000291
1
315.031615 92.768831
5.295000 9.953000 12.082942 32 2
0.065880 0.000000 0.000000 0.000000 0.017253
-0.000103 -0.000502
4
466.723537 348.230580
5.295000 9.953000 12.082942 69 1
0.000000 0.000000 0.000000 0.000000 0.086167
0.000727 0.001260
1
348.893550 71.095457
5.295000 9.953000 12.082942 32 2
0.065880 0.000000 0.000000 0.000000 0.020771
0.001798 -0.001692
4
329.823870 480.138413
5.295000 9.953000 12.082942 53 1
0.000000 0.000000 0.000000 0.000000 0.123685
0.001778 0.001142
4
117.510436 72.621143
5.295000 9.953000 12.082942 74 1
0.000000 0.000000 0.000000 0.000000 0.102439
-0.001666 -0.000328
4
220.991507 41.333337
5.295000 9.953000 12.082942 62 1
0.000000 0.000000 0.000000 0.000000 0.047300
-0.000099 -0.001176
4
159.780966 195.897952
5.295000 9.953000 12.082942 84 1
0.000000 0.000000 0.000000 0.000000 0.033285
-0.000652 -0.000231
1
464.886182 298.511567
5.295000 9.953000 12.082942 34 2
0.065880 0.000000 0.000000 0.000000 0.029015
0.000624 0.000901
4
83.483136 353.824142
5.295000 9.953000 12.082942 42 1
0.000000 0.000000 0.000000 0.000000 0.058640
-0.001072 0.000050
4
232.800955 324.652176
5.295000 9.953000 12.082942 86 1
0.000000 0.000000 0.000000 0.000000 0.026600
0.001102 0.000701
4
319.235069 425.716273
5.295000 9.953000 12.082942 65 1
0.000000 0.000000 0.000000 0.000000 0.034792
0.000671 0.001265
4
141.922801 396.111629
5.295000 9.953000 12.082942 40 1
0.000000 0.000000 0.000000 0.000000 0.065128
-0.002100 0.000108
4
280.451490 99.851344
5.295000 9.953000 12.082942 78 1
0.000000 0.000000 0.000000 0.000000 0.037488
-0.000468 -0.000862
1
306.302831 390.719732
5.295000 9.953000 12.082942 35 2
0.065880 0.000000 0.000000 0.000000 0.026674
0.000517 0.001488
4
173.089716 417.441757
5.295000 9.953000 12.082942 65 1
0.000000 0.000000 0.000000 0.000000 0.034063
-0.000262 0.001023
1
37.492346 126.170225
5.295000 9.953000 12.082942 36 2
0.065880 0.000000 0.000000 0.000000 0.312162
-0.001665 -0.000458
4
166.897852 367.735381
5.295000 9.953000 12.082942 57 1
0.000000 0.000000 0.000000 0.000000 0.048030
-0.000427 0.000952
4
268.526249 114.526676
5.295000 9.953000 12.082942 47 1
0.000000 0.000000 0.000000 0.000000 0.046385
-0.000477 -0.000802
1
110.019321 251.759674
5.295000 9.953000 12.082942 36 2
0.065880 0.000000 0.000000 0.000000 0.017831
-0.000365 -0.000278
4
401.226591 281.018002
5.295000 9.953000 12.082942 70 1
0.000000 0.000000 0.000000 0.000000 0.036851
0.001232 0.000131
4
291.629719 447.607331
5.295000 9.953000 12.082942 50 1
0.000000 0.000000 0.000000 0.000000 0.035412
0.000919 0.001166
4
345.260058 290.455079
5.295000 9.953000 12.082942 59 1
0.000000 0.000000 0.000000 0.000000 0.034104
0.000783 0.000101
4
223.682171 90.996048
5.295000 9.953000 12.082942 55 1
0.000000 0.000000 0.000000 0.000000 0.030161
-0.000101 -0.001244
4
387.175981 423.492111
5.295000 9.953000 12.082942 49 1
0.000000 0.000000 0.000000 0.000000 0.054974
0.000412 0.001317
4
265.188110 64.405736
5.295000 9.953000 12.082942 52 1
0.000000 0.000000 0.000000 0.000000 0.061824
-0.000012 -0.000896
4
387.708588 374.097969
5.295000 9.953000 12.082942 84 1
0.000000 0.000000 0.000000 0.000000 0.049016
0.000602 0.001045
4
50.392664 336.072912
5.295000 9.953000 12.082942 56 1
0.000000 0.000000 0.000000 0.000000 0.076481
-0.001211 0.000044
4
345.504822 241.440651
5.295000 9.953000 12.082942 52 1
0.000000 0.000000 0.000000 0.000000 0.056483
0.001212 0.001381
4
215.181135 205.614267
5.295000 9.953000 12.082942 64 1
0.000000 0.000000 0.000000 0.000000 0.045967
0.000089 -0.000806
4
140.367567 291.184575
5.295000 9.953000 12.082942 50 1
0.000000 0.000000 0.000000 0.000000 0.041730
-0.000073 0.000412
4
459.589618 316.443549
5.295000 9.953000 12.082942 50 1
0.000000 0.000000 0.000000 0.000000 0.032262
-0.000255 0.001162
1
184.594699 85.173748
5.295000 9.953000 12.082942 40 2
0.065880 0.000000 0.000000 0.000000 0.019559
0.004764 0.002073
4
133.256829 447.184418
5.295000 9.953000 12.082942 57 1
0.000000 0.000000 0.000000 0.000000 0.131923
-0.000307 0.001039
4
70.261443 124.706988
5.295000 9.953000 12.082942 46 1
0.000000 0.000000 0.000000 0.000000 0.083681
-0.001762 -0.000725
4
420.324554 275.845131
5.295000 9.953000 12.082942 48 1
0.000000 0.000000 0.000000 0.000000 0.055621
0.001287 0.000069
4
467.382870 181.385532
5.295000 9.953000 12.082942 64 1
0.000000 0.000000 0.000000 0.000000 0.088494
0.000648 -0.000557
4
256.384799 307.762191
5.295000 9.953000 12.082942 61 1
0.000000 0.000000 0.000000 0.000000 0.036437
-0.000003 0.000218
1
228.064312 58.837469
5.295000 9.953000 12.082942 41 2
0.065880 0.000000 0.000000 0.000000 0.033670
-0.000167 -0.001145
4
150.225754 92.087422
5.295000 9.953000 12.082942 57 1
0.000000 0.000000 0.000000 0.000000 0.045776
-0.001269 -0.000175
4
63.665499 287.164556
5.295000 9.953000 12.082942 43 1
0.000000 0.000000 0.000000 0.000000 0.068589
-0.001097 -0.000052
4
202.198057 38.526360
5.295000 9.953000 12.082942 56 1
0.000000 0.000000 0.000000 0.000000 0.073638
-0.000249 -0.000966
4
320.575155 179.237040
5.295000 9.953000 12.082942 46 1
0.000000 0.000000 0.000000 0.000000 0.036616
-0.011094 0.009722
4
231.900301 158.317921
5.295000 9.953000 12.082942 43 1
0.000000 0.000000 0.000000 0.000000 0.037049
-0.003758 -0.004795
4
280.766857 150.169956
5.295000 9.953000 12.082942 50 1
0.000000 0.000000 0.000000 0.000000 0.025637
-0.002197 -0.002905
1
22.015055 155.749421
5.295000 9.953000 12.082942 41 2
0.065880 0.000000 0.000000 0.000000 0.149524
-0.001445 -0.000129
4
362.682016 40.546603
5.295000 9.953000 12.082942 86 1
0.000000 0.000000 0.000000 0.000000 0.099214
0.000502 -0.000439
4
22.694307 174.842776
5.295000 9.953000 12.082942 57 1
0.000000 0.000000 0.000000 0.000000 0.093538
-0.001301 -0.000111
4
160.617079 465.825739
5.295000 9.953000 12.082942 46 1
0.000000 0.000000 0.000000 0.000000 0.102697
-0.000317 0.001074
4
208.955357 451.987168
5.295000 9.953000 12.082942 79 1
0.000000 0.000000 0.000000 0.000000 0.046590
-0.000245 0.001339
4
302.439436 343.747574
5.295000 9.953000 12.082942 43 1
0.000000 0.000000 0.000000 0.000000 0.072964
-0.000049 0.000374
1
423.723236 208.161443
5.295000 9.953000 12.082942 42 2
0.065880 0.000000 0.000000 0.000000 0.033167
0.001511 -0.000130
4
245.052677 486.333151
5.295000 9.953000 12.082942 52 1
0.000000 0.000000 0.000000 0.000000 0.063371
-0.000032 0.001483
4
339.199102 28.790227
5.295000 9.953000 12.082942 84 1
0.000000 0.000000 0.000000 0.000000 0.094483
-0.000533 -0.001369
4
366.398899 162.806203
5.295000 9.953000 12.082942 45 1
0.000000 0.000000 0.000000 0.000000 0.049970
0.001631 -0.001030
4
73.409624 219.328649
5.295000 9.953000 12.082942 44 1
0.000000 0.000000 0.000000 0.000000 0.055153
-0.000856 -0.000164
4
222.571526 339.723351
5.295000 9.953000 12.082942 46 1
0.000000 0.000000 0.000000 0.000000 0.035811
0.000724 0.000723
4
375.113538 388.077587
5.295000 9.953000 12.082942 47 1
0.000000 0.000000 0.000000 0.000000 0.048514
0.000534 0.001049
1
475.501637 262.351075
5.295000 9.953000 12.082942 45 2
0.065880 0.000000 0.000000 0.000000 0.037653
0.001319 0.000672
1
53.038352 97.096753
5.295000 9.953000 12.082942 76 2
0.065880 0.000000 0.000000 0.000000 0.332886
-0.001398 -0.001000
4
491.688563 210.701196
5.295000 9.953000 12.082942 49 1
0.000000 0.000000 0.000000 0.000000 0.091446
0.001562 -0.001375
4
388.861567 266.965422
5.295000 9.953000 12.082942 64 1
0.000000 0.000000 0.000000 0.000000 0.018887
0.001256 0.000058
4
245.457369 292.873209
5.295000 9.953000 12.082942 49 1
0.000000 0.000000 0.000000 0.000000 0.041936
0.000044 0.000145
4
363.468305 353.424284
5.295000 9.953000 12.082942 55 1
0.000000 0.000000 0.000000 0.000000 0.063383
0.000670 0.000786
1
251.595384 29.185766
5.295000 9.953000 12.082942 46 2
0.065880 0.000000 0.000000 0.000000 0.040989
0.000079 -0.001032
4
344.379802 467.358339
5.295000 9.953000 12.082942 56 1
0.000000 0.000000 0.000000 0.000000 0.105550
0.001342 0.000775
4
100.843162 82.660315
5.295000 9.953000 12.082942 50 1
0.000000 0.000000 0.000000 0.000000 0.100137
-0.001515 -0.000004
4
366.473092 78.308086
5.295000 9.953000 12.082942 80 1
0.000000 0.000000 0.000000 0.000000 0.033138
0.001757 -0.001099
1
415.925958 166.697509
5.295000 9.953000 12.082942 47 2
0.065880 0.000000 0.000000 0.000000 0.027643
0.000924 -0.000993
4
289.178897 35.029221
5.295000 9.953000 12.082942 64 1
0.000000 0.000000 0.000000 0.000000 0.057709
0.000024 -0.000635
4
179.675539 466.882321
5.295000 9.953000 12.082942 50 1
0.000000 0.000000 0.000000 0.000000 0.093037
-0.000311 0.001197
4
301.607877 20.743098
5.295000 9.953000 12.082942 66 1
0.000000 0.000000 0.000000 0.000000 0.068253
-0.000116 -0.000670
4
295.523144 52.762960
5.295000 9.953000 12.082942 71 1
0.000000 0.000000 0.000000 0.000000 0.044522
0.000129 -0.000518
4
16.658643 319.177133
5.295000 9.953000 12.082942 64 1
0.000000 0.000000 0.000000 0.000000 0.135969
-0.001241 -0.000071
4
337.436970 101.854070
5.295000 9.953000 12.082942 77 1
0.000000 0.000000 0.000000 0.000000 0.024675
0.000593 -0.001735
4
381.733677 235.258386
5.295000 9.953000 12.082942 69 1
0.000000 0.000000 0.000000 0.000000 0.040729
0.001337 -0.000545
4
324.855973 216.579447
5.295000 9.953000 12.082942 77 1
0.000000 0.000000 0.000000 0.000000 0.036978
0.000501 0.005835
4
263.541954 14.383652
5.295000 9.953000 12.082942 61 1
0.000000 0.000000 0.000000 0.000000 0.087481
0.000172 -0.000942
4
448.022586 351.570735
5.295000 9.953000 12.082942 56 1
0.000000 0.000000 0.000000 0.000000 0.091325
0.000884 0.001922
4
393.766666 342.806139
5.295000 9.953000 12.082942 75 1
0.000000 0.000000 0.000000 0.000000 0.062695
0.001048 0.000768
4
344.979469 46.914441
5.295000 9.953000 12.082942 66 1
0.000000 0.000000 0.000000 0.000000 0.071254
-0.000099 -0.001558
1
320.544718 24.636693
5.295000 9.953000 12.082942 58 2
0.065880 0.000000 0.000000 0.000000 0.059617
-0.000418 -0.000854
1
481.245616 160.047314
5.295000 9.953000 12.082942 73 2
0.065880 0.000000 0.000000 0.000000 0.140849
0.000835 -0.001326
1
112.054617 48.438580
5.295000 9.953000 12.082942 80 2
0.065880 0.000000 0.000000 0.000000 0.279627
0.000688 0.001834
1
83.803897 75.308130
5.295000 9.953000 12.082942 83 2
0.065880 0.000000 0.000000 0.000000 0.231019
-0.001039 -0.001259
5
74.137566 422.996939
4.982786 9.366132 11.370484 74 1
0.065880 0.000000 0.000000 0.000000 0.205454
-0.003703 -0.000940
