500.000000 500.000000
682 24
70 682
1
359.287174 277.876056
5.295000 9.953000 12.082942 19 2
0.065880 0.000000 0.000000 0.000000 0.470999
0.001280 -0.014934
1
396.855565 395.938505
5.295000 9.953000 12.082942 0 1
0.065880 0.000000 0.000000 0.000000 0.239628
0.001638 -0.007361
1
335.989235 363.143554
5.295000 9.953000 12.082942 20 2
0.065880 0.000000 0.000000 0.000000 0.350163
0.019831 -0.014916
1
38.268844 380.002221
5.295000 9.953000 12.082942 23 2
0.065880 0.000000 0.000000 0.000000 0.586608
-0.017345 0.013962
1
213.467234 339.041877
5.295000 9.953000 12.082942 0 1
0.065880 0.000000 0.000000 0.000000 0.229997
0.005698 0.008685
5
248.932704 412.318405
4.493375 8.446188 10.253672 13 1
0.065880 0.000000 0.000000 0.000000 0.252872
0.017734 0.018262
1
81.802891 333.309075
5.295000 9.953000 12.082942 24 2
0.065880 0.000000 0.000000 0.000000 0.254970
-0.017805 0.007234
1
329.519451 256.996648
5.295000 9.953000 12.082942 21 2
0.065880 0.000000 0.000000 0.000000 0.271882
0.010213 -0.007370
1
193.104077 301.656630
5.295000 9.953000 12.082942 0 1
0.065880 0.000000 0.000000 0.000000 0.249413
0.000888 0.003762
5
137.566109 340.738937
4.750685 8.929853 10.840841 11 1
0.065880 0.000000 0.000000 0.000000 0.220033
-0.003302 -0.002286
1
272.483257 484.766655
5.295000 9.953000 12.082942 0 1
0.065880 0.000000 0.000000 0.000000 0.250497
-0.006302 0.025005
2
219.116856 75.922474
5.295000 9.953000 12.082942 16 1
0.065880 0.000000 0.000000 0.000000 0.427475
0.013158 -0.004413
5
40.250521 212.134515
4.352864 8.182070 9.933032 14 1
0.065880 0.000000 0.000000 0.000000 0.239338
-0.021627 -0.044244
1
439.604343 166.413732
5.295000 9.953000 12.082942 23 2
0.065880 0.000000 0.000000 0.000000 0.296923
0.028120 -0.004131
2
237.830108 306.314020
5.295000 9.953000 12.082942 17 1
0.065880 0.000000 0.000000 0.000000 0.219951
0.000291 0.006983
2
144.539615 292.152381
5.295000 9.953000 12.082942 22 1
0.065880 0.000000 0.000000 0.000000 0.241741
0.026452 0.041100
5
110.770259 149.945339
4.750685 8.929853 10.840841 11 1
0.065880 0.000000 0.000000 0.000000 0.235484
-0.009312 -0.016070
1
159.539286 424.606550
5.295000 9.953000 12.082942 22 2
0.065880 0.000000 0.000000 0.000000 0.290362
-0.008058 0.018410
1
409.478697 135.121246
5.295000 9.953000 12.082942 0 1
0.065880 0.000000 0.000000 0.000000 0.234914
0.018996 -0.011621
2
55.198597 146.543388
5.295000 9.953000 12.082942 18 1
0.065880 0.000000 0.000000 0.000000 0.240503
-0.023028 -0.009335
1
359.639078 67.274911
5.295000 9.953000 12.082942 0 1
0.065880 0.000000 0.000000 0.000000 0.733108
-0.003210 -0.022958
1
242.913170 139.227476
5.295000 9.953000 12.082942 19 2
0.065880 0.000000 0.000000 0.000000 0.336555
0.003805 -0.008505
1
387.459510 288.893886
5.295000 9.953000 12.082942 0 1
0.065880 0.000000 0.000000 0.000000 0.305963
0.016104 -0.006670
1
79.223054 417.136549
5.295000 9.953000 12.082942 0 1
0.065880 0.000000 0.000000 0.000000 0.562258
-0.016645 0.006349
2
253.839096 277.989754
5.295000 9.953000 12.082942 23 1
0.065880 0.000000 0.000000 0.000000 0.230334
0.012782 0.005687
1
311.474405 146.357341
5.295000 9.953000 12.082942 23 2
0.065880 0.000000 0.000000 0.000000 0.274955
-0.007369 -0.015086
1
294.707617 293.504276
5.295000 9.953000 12.082942 19 2
0.065880 0.000000 0.000000 0.000000 0.247883
0.013580 0.001238
1
237.060874 356.545632
5.295000 9.953000 12.082942 0 1
0.065880 0.000000 0.000000 0.000000 0.224641
0.013352 0.002726
5
323.553539 422.242224
4.625609 8.694746 10.555422 12 1
0.065880 0.000000 0.000000 0.000000 0.274593
0.011489 0.018726
1
198.355069 398.333856
5.295000 9.953000 12.082942 0 1
0.065880 0.000000 0.000000 0.000000 0.255917
-0.007700 0.008522
5
413.739107 184.740074
4.352864 8.182070 9.933032 14 1
0.065880 0.000000 0.000000 0.000000 0.250436
0.018508 0.015685
1
425.443052 346.957848
5.295000 9.953000 12.082942 0 1
0.065880 0.000000 0.000000 0.000000 0.303704
0.011941 -0.002975
1
443.594508 223.016097
5.295000 9.953000 12.082942 23 2
0.065880 0.000000 0.000000 0.000000 0.371506
0.013145 -0.002326
5
55.657337 348.317498
5.091141 9.569807 11.617745 8 1
0.065880 0.000000 0.000000 0.000000 0.316641
-0.019657 0.008311
1
329.833170 437.582995
5.295000 9.953000 12.082942 0 1
0.065880 0.000000 0.000000 0.000000 0.239251
0.026321 0.017592
1
7.633958 267.617313
5.295000 9.953000 12.082942 0 1
0.065880 0.000000 0.000000 0.000000 0.259280
-0.024662 0.006172
1
266.402919 434.869559
5.295000 9.953000 12.082942 23 2
0.065880 0.000000 0.000000 0.000000 0.230632
-0.005967 0.016947
1
301.141482 373.440951
5.295000 9.953000 12.082942 20 2
0.065880 0.000000 0.000000 0.000000 0.318882
0.012684 0.000105
2
376.216220 274.942433
5.295000 9.953000 12.082942 19 1
0.065880 0.000000 0.000000 0.000000 0.351957
0.001879 0.005348
1
80.679293 199.479342
5.295000 9.953000 12.082942 21 2
0.065880 0.000000 0.000000 0.000000 0.224728
-0.014536 -0.002055
5
249.199330 371.995091
4.750685 8.929853 10.840841 11 1
0.065880 0.000000 0.000000 0.000000 0.250951
0.002050 0.000251
2
9.892710 286.131010
5.295000 9.953000 12.082942 16 1
0.065880 0.000000 0.000000 0.000000 0.302965
-0.027041 0.008016
1
81.718223 218.077637
5.295000 9.953000 12.082942 21 2
0.065880 0.000000 0.000000 0.000000 0.221294
0.001899 0.011282
2
305.886133 396.405261
5.295000 9.953000 12.082942 17 1
0.065880 0.000000 0.000000 0.000000 0.346878
0.008377 0.017608
1
163.321830 479.527833
5.295000 9.953000 12.082942 0 1
0.065880 0.000000 0.000000 0.000000 0.355887
-0.012660 0.006496
1
91.649799 175.965881
5.295000 9.953000 12.082942 0 1
0.065880 0.000000 0.000000 0.000000 0.203007
-0.016510 -0.010934
1
371.132019 244.112600
5.295000 9.953000 12.082942 20 2
0.065880 0.000000 0.000000 0.000000 0.579114
0.034397 -0.015499
1
114.416181 303.003089
5.295000 9.953000 12.082942 24 2
0.065880 0.000000 0.000000 0.000000 0.229533
0.008198 0.004649
1
205.699605 108.336478
5.295000 9.953000 12.082942 0 1
0.065880 0.000000 0.000000 0.000000 0.264523
0.014760 -0.015712
1
342.175088 280.251617
5.295000 9.953000 12.082942 0 1
0.065880 0.000000 0.000000 0.000000 0.325541
0.005763 -0.006705
1
363.365745 160.323840
5.295000 9.953000 12.082942 0 1
0.065880 0.000000 0.000000 0.000000 0.266290
0.006192 -0.004549
5
284.889585 453.646794
4.625609 8.694746 10.555422 12 1
0.065880 0.000000 0.000000 0.000000 0.258777
-0.006418 0.007860
5
252.335406 126.928472
4.493375 8.446188 10.253672 13 1
0.065880 0.000000 0.000000 0.000000 0.272363
0.026023 0.003951
1
220.400261 354.101684
5.295000 9.953000 12.082942 0 1
0.065880 0.000000 0.000000 0.000000 0.240080
0.009953 0.013118
1
312.008646 206.337185
5.295000 9.953000 12.082942 0 1
0.065880 0.000000 0.000000 0.000000 0.366799
-0.004878 -0.006736
1
370.962381 294.266481
5.295000 9.953000 12.082942 20 2
0.065880 0.000000 0.000000 0.000000 0.278888
0.012473 -0.009345
1
93.337463 148.760388
5.295000 9.953000 12.082942 20 2
0.065880 0.000000 0.000000 0.000000 0.244962
-0.008573 -0.013658
1
305.505454 235.596194
5.295000 9.953000 12.082942 0 1
0.065880 0.000000 0.000000 0.000000 0.238897
-0.000241 -0.005887
2
475.441152 277.078605
5.295000 9.953000 12.082942 22 1
0.065880 0.000000 0.000000 0.000000 0.539806
-0.002088 -0.005650
1
52.784963 115.052533
5.295000 9.953000 12.082942 0 1
0.065880 0.000000 0.000000 0.000000 0.363066
-0.008436 0.000991
5
368.898924 41.114228
5.091141 9.569807 11.617745 8 1
0.065880 0.000000 0.000000 0.000000 0.361033
0.000484 -0.013757
5
379.718711 156.952140
4.869501 9.153191 11.111974 10 1
0.065880 0.000000 0.000000 0.000000 0.260791
0.014095 0.008313
5
165.622611 321.283179
5.091141 9.569807 11.617745 8 1
0.065880 0.000000 0.000000 0.000000 0.246159
-0.005683 0.002691
5
140.534082 209.977994
5.091141 9.569807 11.617745 8 1
0.065880 0.000000 0.000000 0.000000 0.205555
-0.007281 -0.010238
5
254.644112 357.270856
5.195070 9.765163 11.854907 7 1
0.065880 0.000000 0.000000 0.000000 0.222537
0.010609 0.000178
5
410.657420 101.118164
4.493375 8.446188 10.253672 13 1
0.065880 0.000000 0.000000 0.000000 0.298831
-0.003793 -0.020941
5
165.053450 458.337172
5.091141 9.569807 11.617745 8 1
0.065880 0.000000 0.000000 0.000000 0.323394
0.002351 0.027475
1
242.801592 290.881909
5.295000 9.953000 12.082942 0 1
0.065880 0.000000 0.000000 0.000000 0.223214
0.013257 0.008635
1
35.750449 227.187306
5.295000 9.953000 12.082942 21 2
0.065880 0.000000 0.000000 0.000000 0.241142
-0.018559 -0.025418
1
115.059829 120.687098
5.295000 9.953000 12.082942 20 2
0.065880 0.000000 0.000000 0.000000 0.243666
0.009160 -0.016309
1
296.376905 464.831667
5.295000 9.953000 12.082942 20 2
0.065880 0.000000 0.000000 0.000000 0.271047
-0.013919 0.017044
5
393.644223 355.857630
4.982786 9.366132 11.370484 9 1
0.065880 0.000000 0.000000 0.000000 0.418506
0.002846 0.006240
1
459.186426 196.072680
5.295000 9.953000 12.082942 21 2
0.065880 0.000000 0.000000 0.000000 0.434387
0.008392 -0.004564
2
46.342940 161.880719
5.295000 9.953000 12.082942 22 1
0.065880 0.000000 0.000000 0.000000 0.265814
-0.017140 -0.005362
5
50.040602 333.248604
4.625609 8.694746 10.555422 12 1
0.065880 0.000000 0.000000 0.000000 0.296384
-0.023150 0.006074
1
56.613596 378.885645
5.295000 9.953000 12.082942 0 1
0.065880 0.000000 0.000000 0.000000 0.297262
-0.016469 0.011529
5
149.237470 363.021341
4.750685 8.929853 10.840841 11 1
0.065880 0.000000 0.000000 0.000000 0.220290
-0.001081 0.019676
5
116.893236 461.448742
5.195070 9.765163 11.854907 7 1
0.065880 0.000000 0.000000 0.000000 0.695903
-0.008485 0.020094
2
165.417782 441.235328
5.295000 9.953000 12.082942 24 1
0.065880 0.000000 0.000000 0.000000 0.329408
-0.003437 0.021419
1
176.141000 128.012049
5.295000 9.953000 12.082942 0 1
0.065880 0.000000 0.000000 0.000000 0.223764
0.000400 -0.014380
2
444.651775 298.796980
5.295000 9.953000 12.082942 22 1
0.065880 0.000000 0.000000 0.000000 0.510986
0.007132 0.010945
5
174.705611 382.554000
5.195070 9.765163 11.854907 7 1
0.065880 0.000000 0.000000 0.000000 0.227208
0.004808 0.011156
1
70.805411 84.705259
5.295000 9.953000 12.082942 21 2
0.065880 0.000000 0.000000 0.000000 0.454381
-0.011522 -0.017552
1
104.934556 316.565538
5.295000 9.953000 12.082942 19 2
0.065880 0.000000 0.000000 0.000000 0.232092
-0.012602 0.002699
1
122.649569 85.296787
5.295000 9.953000 12.082942 0 1
0.065880 0.000000 0.000000 0.000000 0.306384
-0.010755 -0.026422
1
90.487316 254.261162
5.295000 9.953000 12.082942 19 2
0.065880 0.000000 0.000000 0.000000 0.229197
-0.022523 -0.020887
2
227.667572 12.791309
5.295000 9.953000 12.082942 21 1
0.065880 0.000000 0.000000 0.000000 0.324068
0.005152 -0.013757
2
223.326921 92.834670
5.295000 9.953000 12.082942 23 1
0.065880 0.000000 0.000000 0.000000 0.471285
-0.006542 0.004735
1
82.481549 161.921126
5.295000 9.953000 12.082942 24 2
0.065880 0.000000 0.000000 0.000000 0.200619
-0.017222 -0.011859
5
164.193253 304.269745
5.091141 9.569807 11.617745 8 1
0.065880 0.000000 0.000000 0.000000 0.272251
-0.007854 0.006160
1
41.087319 256.954244
5.295000 9.953000 12.082942 0 1
0.065880 0.000000 0.000000 0.000000 0.225942
-0.025943 -0.005236
1
183.500130 445.536136
5.295000 9.953000 12.082942 0 1
0.065880 0.000000 0.000000 0.000000 0.301256
0.001748 0.005753
1
381.261914 191.618505
5.295000 9.953000 12.082942 20 2
0.065880 0.000000 0.000000 0.000000 0.269024
0.015086 0.012001
1
136.304333 306.637880
5.295000 9.953000 12.082942 0 1
0.065880 0.000000 0.000000 0.000000 0.229058
-0.025382 0.010408
5
368.037034 203.669825
5.195070 9.765163 11.854907 7 1
0.065880 0.000000 0.000000 0.000000 0.296292
0.011511 0.007548
5
208.346874 296.144259
4.869501 9.153191 11.111974 10 1
0.065880 0.000000 0.000000 0.000000 0.256354
0.000840 0.003545
2
204.855194 414.821853
5.295000 9.953000 12.082942 24 1
0.065880 0.000000 0.000000 0.000000 0.229302
-0.013460 0.012351
1
179.044779 29.146622
5.295000 9.953000 12.082942 0 1
0.065880 0.000000 0.000000 0.000000 0.331356
0.004105 -0.006271
1
261.328673 248.633305
5.295000 9.953000 12.082942 0 1
0.065880 0.000000 0.000000 0.000000 0.260925
0.009094 0.010789
1
447.413172 370.082586
5.295000 9.953000 12.082942 21 2
0.065880 0.000000 0.000000 0.000000 0.278652
0.008540 0.008223
5
358.661036 398.293262
4.493375 8.446188 10.253672 13 1
0.065880 0.000000 0.000000 0.000000 0.323598
0.002634 0.008105
2
180.331396 347.912729
5.295000 9.953000 12.082942 18 1
0.065880 0.000000 0.000000 0.000000 0.276524
-0.003981 0.006333
5
395.360706 107.399036
5.091141 9.569807 11.617745 8 1
0.065880 0.000000 0.000000 0.000000 0.438472
-0.010216 -0.011003
1
286.424296 276.893588
5.295000 9.953000 12.082942 0 1
0.065880 0.000000 0.000000 0.000000 0.307088
0.011711 -0.000641
1
408.245571 152.540050
5.295000 9.953000 12.082942 23 2
0.065880 0.000000 0.000000 0.000000 0.226805
0.020707 -0.002898
5
122.860280 278.386194
5.195070 9.765163 11.854907 7 1
0.065880 0.000000 0.000000 0.000000 0.350629
-0.036968 -0.009706
5
459.112048 348.229601
3.744130 7.037834 8.543930 15 1
0.065880 0.000000 0.000000 0.000000 0.355911
-0.001673 -0.005262
5
365.025101 185.614560
5.195070 9.765163 11.854907 7 1
0.065880 0.000000 0.000000 0.000000 0.238614
0.012470 0.006499
5
475.788869 335.926669
4.352864 8.182070 9.933032 14 1
0.065880 0.000000 0.000000 0.000000 0.294943
0.017857 0.009062
1
372.817118 328.995351
5.295000 9.953000 12.082942 19 2
0.065880 0.000000 0.000000 0.000000 0.402770
0.002918 0.000897
1
125.725303 415.462913
5.295000 9.953000 12.082942 0 1
0.065880 0.000000 0.000000 0.000000 0.234048
-0.012841 0.019742
5
377.273936 426.774929
5.195070 9.765163 11.854907 7 1
0.065880 0.000000 0.000000 0.000000 0.223088
0.021467 0.011585
5
108.716769 409.735306
5.195070 9.765163 11.854907 7 1
0.065880 0.000000 0.000000 0.000000 0.267153
-0.013597 0.017686
1
161.224494 230.182446
5.295000 9.953000 12.082942 21 2
0.065880 0.000000 0.000000 0.000000 0.216097
-0.004252 -0.005896
1
441.216779 149.162917
5.295000 9.953000 12.082942 21 2
0.065880 0.000000 0.000000 0.000000 0.342930
0.016722 -0.007363
1
429.641971 364.584209
5.295000 9.953000 12.082942 21 2
0.065880 0.000000 0.000000 0.000000 0.449499
0.007919 0.003352
5
188.969702 488.138022
3.744130 7.037834 8.543930 15 1
0.065880 0.000000 0.000000 0.000000 0.303851
-0.007248 0.023674
1
269.599843 67.126509
5.295000 9.953000 12.082942 0 1
0.065880 0.000000 0.000000 0.000000 0.553278
0.006229 -0.026948
1
53.497081 222.481285
5.295000 9.953000 12.082942 20 2
0.065880 0.000000 0.000000 0.000000 0.229541
-0.024462 -0.014645
1
316.513712 222.901573
5.295000 9.953000 12.082942 19 2
0.065880 0.000000 0.000000 0.000000 0.304520
-0.000659 -0.006396
1
188.152361 266.047637
5.295000 9.953000 12.082942 0 1
0.065880 0.000000 0.000000 0.000000 0.200497
0.002792 -0.002390
2
44.204265 131.983159
5.295000 9.953000 12.082942 22 1
0.065880 0.000000 0.000000 0.000000 0.327513
-0.008459 -0.021735
5
256.958540 385.526172
4.625609 8.694746 10.555422 12 1
0.065880 0.000000 0.000000 0.000000 0.230665
0.001237 0.008428
1
85.609977 102.730148
5.295000 9.953000 12.082942 0 1
0.065880 0.000000 0.000000 0.000000 0.255785
-0.015859 -0.012419
5
256.185340 233.407104
4.982786 9.366132 11.370484 9 1
0.065880 0.000000 0.000000 0.000000 0.224843
0.010547 0.009501
1
249.498589 430.346517
5.295000 9.953000 12.082942 19 2
0.065880 0.000000 0.000000 0.000000 0.256841
-0.008364 -0.013757
2
395.229234 83.102196
5.295000 9.953000 12.082942 17 1
0.065880 0.000000 0.000000 0.000000 0.290635
-0.006796 -0.001356
1
312.314599 433.711669
5.295000 9.953000 12.082942 0 1
0.065880 0.000000 0.000000 0.000000 0.270372
0.017072 0.031022
1
301.062817 19.050212
5.295000 9.953000 12.082942 0 1
0.065880 0.000000 0.000000 0.000000 0.372180
0.000357 0.004232
1
298.096328 263.470382
5.295000 9.953000 12.082942 24 2
0.065880 0.000000 0.000000 0.000000 0.287047
0.018834 -0.002594
1
463.274002 310.320445
5.295000 9.953000 12.082942 0 1
0.065880 0.000000 0.000000 0.000000 0.288822
-0.006539 -0.010605
5
290.976044 495.723573
4.869501 9.153191 11.111974 10 1
0.065880 0.000000 0.000000 0.000000 0.322646
0.004847 0.039857
1
239.891944 27.328654
5.295000 9.953000 12.082942 19 2
0.065880 0.000000 0.000000 0.000000 0.368726
0.005276 -0.012322
5
120.824455 62.902682
4.750685 8.929853 10.840841 11 1
0.065880 0.000000 0.000000 0.000000 0.293718
-0.011376 -0.024538
5
111.555971 214.452337
5.195070 9.765163 11.854907 7 1
0.065880 0.000000 0.000000 0.000000 0.209460
-0.010874 -0.008564
5
121.821107 47.010756
4.352864 8.182070 9.933032 14 1
0.065880 0.000000 0.000000 0.000000 0.464956
-0.009599 -0.029790
5
167.959558 59.747922
4.982786 9.366132 11.370484 9 1
0.065880 0.000000 0.000000 0.000000 0.237387
-0.001076 -0.022770
1
374.985533 395.375673
5.295000 9.953000 12.082942 24 2
0.065880 0.000000 0.000000 0.000000 0.251278
0.009737 0.008062
2
168.125991 201.239668
5.295000 9.953000 12.082942 16 1
0.065880 0.000000 0.000000 0.000000 0.200253
-0.001062 -0.007155
1
351.866885 197.148530
5.295000 9.953000 12.082942 21 2
0.065880 0.000000 0.000000 0.000000 0.283181
0.014707 0.002984
1
17.584076 229.799200
5.295000 9.953000 12.082942 19 2
0.065880 0.000000 0.000000 0.000000 0.302137
-0.025632 -0.000399
1
287.800514 185.189742
5.295000 9.953000 12.082942 0 1
0.065880 0.000000 0.000000 0.000000 0.225286
0.013304 -0.006810
1
389.096658 45.487134
5.295000 9.953000 12.082942 19 2
0.065880 0.000000 0.000000 0.000000 0.446291
0.008115 -0.008776
5
254.334226 95.050157
4.982786 9.366132 11.370484 9 1
0.065880 0.000000 0.000000 0.000000 0.338853
-0.011899 -0.015240
1
221.206562 322.478399
5.295000 9.953000 12.082942 0 1
0.065880 0.000000 0.000000 0.000000 0.220292
0.002548 0.007074
5
183.768864 46.650523
5.091141 9.569807 11.617745 8 1
0.065880 0.000000 0.000000 0.000000 0.238589
-0.010534 -0.004783
1
23.543069 259.277084
5.295000 9.953000 12.082942 23 2
0.065880 0.000000 0.000000 0.000000 0.234933
-0.026178 -0.005573
5
52.155841 269.795085
5.091141 9.569807 11.617745 8 1
0.065880 0.000000 0.000000 0.000000 0.216591
-0.023963 -0.001646
1
368.493390 442.775811
5.295000 9.953000 12.082942 0 1
0.065880 0.000000 0.000000 0.000000 0.231833
0.019935 0.018277
1
287.813432 230.903366
5.295000 9.953000 12.082942 22 2
0.065880 0.000000 0.000000 0.000000 0.247699
-0.001990 -0.002901
1
57.577113 285.888540
5.295000 9.953000 12.082942 23 2
0.065880 0.000000 0.000000 0.000000 0.232294
-0.016495 -0.002678
2
276.624124 131.661601
5.295000 9.953000 12.082942 18 1
0.065880 0.000000 0.000000 0.000000 0.244163
0.026297 -0.019114
5
149.186462 277.291277
4.750685 8.929853 10.840841 11 1
0.065880 0.000000 0.000000 0.000000 0.234407
0.000296 0.016496
1
265.320179 371.723309
5.295000 9.953000 12.082942 19 2
0.065880 0.000000 0.000000 0.000000 0.224793
0.004920 0.006021
1
212.160938 44.778630
5.295000 9.953000 12.082942 0 1
0.065880 0.000000 0.000000 0.000000 0.263375
0.005676 -0.012525
5
138.186583 165.839334
5.091141 9.569807 11.617745 8 1
0.065880 0.000000 0.000000 0.000000 0.223568
-0.009361 -0.013635
1
233.041602 403.071201
5.295000 9.953000 12.082942 0 1
0.065880 0.000000 0.000000 0.000000 0.216403
-0.007859 0.022137
1
69.037063 267.701492
5.295000 9.953000 12.082942 0 1
0.065880 0.000000 0.000000 0.000000 0.206353
-0.018860 0.002079
1
182.057791 143.838339
5.295000 9.953000 12.082942 0 1
0.065880 0.000000 0.000000 0.000000 0.208748
-0.009210 -0.005373
1
253.015163 327.988915
5.295000 9.953000 12.082942 21 2
0.065880 0.000000 0.000000 0.000000 0.268041
0.011539 -0.004959
5
226.216697 135.470817
4.750685 8.929853 10.840841 11 1
0.065880 0.000000 0.000000 0.000000 0.422435
0.003047 -0.009435
1
402.203424 415.471408
5.295000 9.953000 12.082942 0 1
0.065880 0.000000 0.000000 0.000000 0.237325
0.018643 -0.000865
1
368.539946 225.733423
5.295000 9.953000 12.082942 20 2
0.065880 0.000000 0.000000 0.000000 0.402657
-0.021180 0.030005
1
222.799009 226.475273
5.295000 9.953000 12.082942 20 2
0.065880 0.000000 0.000000 0.000000 0.309912
0.005352 0.001877
2
312.015680 293.504330
5.295000 9.953000 12.082942 20 1
0.065880 0.000000 0.000000 0.000000 0.239970
0.013379 -0.001791
5
257.123281 499.606004
3.744130 7.037834 8.543930 15 1
0.065880 0.000000 0.000000 0.000000 0.242764
-0.000426 -0.002341
1
270.203259 309.271565
5.295000 9.953000 12.082942 21 2
0.065880 0.000000 0.000000 0.000000 0.284539
0.012753 0.008825
1
324.355872 239.612923
5.295000 9.953000 12.082942 20 2
0.065880 0.000000 0.000000 0.000000 0.277004
0.009175 -0.011022
1
109.789773 179.116835
5.295000 9.953000 12.082942 0 1
0.065880 0.000000 0.000000 0.000000 0.222553
-0.013478 -0.008122
1
404.528210 445.824019
5.295000 9.953000 12.082942 0 1
0.065880 0.000000 0.000000 0.000000 0.399984
0.016022 0.022872
2
190.143362 99.752278
5.295000 9.953000 12.082942 22 1
0.065880 0.000000 0.000000 0.000000 0.224978
0.002547 -0.005962
1
156.690820 213.809876
5.295000 9.953000 12.082942 0 1
0.065880 0.000000 0.000000 0.000000 0.200847
-0.003946 -0.006910
2
154.095966 407.657659
5.295000 9.953000 12.082942 22 1
0.065880 0.000000 0.000000 0.000000 0.220759
-0.009069 0.014313
2
222.620665 110.810528
5.295000 9.953000 12.082942 20 1
0.065880 0.000000 0.000000 0.000000 0.374815
0.013364 0.008510
1
150.957416 347.325833
5.295000 9.953000 12.082942 23 2
0.065880 0.000000 0.000000 0.000000 0.217724
-0.002640 0.017484
1
148.216396 388.151662
5.295000 9.953000 12.082942 21 2
0.065880 0.000000 0.000000 0.000000 0.236121
-0.023725 0.007479
1
385.470071 410.226434
5.295000 9.953000 12.082942 0 1
0.065880 0.000000 0.000000 0.000000 0.230662
0.013623 0.006856
1
122.577242 316.883742
5.295000 9.953000 12.082942 0 1
0.065880 0.000000 0.000000 0.000000 0.209356
-0.014556 0.016743
1
238.079120 102.362328
5.295000 9.953000 12.082942 0 1
0.065880 0.000000 0.000000 0.000000 0.467806
0.003556 -0.009774
1
239.527994 490.693471
5.295000 9.953000 12.082942 0 1
0.065880 0.000000 0.000000 0.000000 0.241072
-0.003793 0.020475
1
74.664859 284.432960
5.295000 9.953000 12.082942 0 1
0.065880 0.000000 0.000000 0.000000 0.228863
-0.012540 -0.000988
1
219.366361 370.708108
5.295000 9.953000 12.082942 0 1
0.065880 0.000000 0.000000 0.000000 0.269123
-0.000041 0.016004
1
293.824977 408.673396
5.295000 9.953000 12.082942 0 1
0.065880 0.000000 0.000000 0.000000 0.299952
0.004259 0.014915
2
158.147495 104.503674
5.295000 9.953000 12.082942 23 1
0.065880 0.000000 0.000000 0.000000 0.230470
-0.019070 -0.062174
1
336.859323 206.715656
5.295000 9.953000 12.082942 19 2
0.065880 0.000000 0.000000 0.000000 0.464015
0.001933 -0.017204
2
91.944033 285.884925
5.295000 9.953000 12.082942 23 1
0.065880 0.000000 0.000000 0.000000 0.217832
-0.014949 0.001381
1
354.058802 353.732067
5.295000 9.953000 12.082942 0 1
0.065880 0.000000 0.000000 0.000000 0.666100
0.046050 -0.016070
1
458.705386 286.333413
5.295000 9.953000 12.082942 0 1
0.065880 0.000000 0.000000 0.000000 0.449152
0.002894 0.005378
5
346.713785 229.037223
4.352864 8.182070 9.933032 14 1
0.065880 0.000000 0.000000 0.000000 0.377494
0.013757 -0.004811
1
231.594388 460.442885
5.295000 9.953000 12.082942 21 2
0.065880 0.000000 0.000000 0.000000 0.246464
-0.000453 0.015417
1
268.500873 452.583794
5.295000 9.953000 12.082942 21 2
0.065880 0.000000 0.000000 0.000000 0.228794
-0.005530 0.020768
1
442.957873 204.833681
5.295000 9.953000 12.082942 22 2
0.065880 0.000000 0.000000 0.000000 0.361124
0.006771 -0.005523
5
342.911820 341.096785
4.982786 9.366132 11.370484 9 1
0.065880 0.000000 0.000000 0.000000 0.518292
0.011611 0.008788
1
171.874564 261.403112
5.295000 9.953000 12.082942 19 2
0.065880 0.000000 0.000000 0.000000 0.202236
0.005966 -0.012730
1
254.453687 173.575453
5.295000 9.953000 12.082942 19 2
0.065880 0.000000 0.000000 0.000000 0.252183
0.006797 -0.007162
1
304.678974 308.896090
5.295000 9.953000 12.082942 0 1
0.065880 0.000000 0.000000 0.000000 0.259750
0.016073 -0.000466
1
151.403876 197.532890
5.295000 9.953000 12.082942 21 2
0.065880 0.000000 0.000000 0.000000 0.198672
-0.004105 -0.010277
5
205.656936 326.291545
4.982786 9.366132 11.370484 9 1
0.065880 0.000000 0.000000 0.000000 0.229046
-0.000653 0.007658
1
261.329809 142.352831
5.295000 9.953000 12.082942 0 1
0.065880 0.000000 0.000000 0.000000 0.256489
0.009420 -0.017049
1
45.684624 363.007505
5.295000 9.953000 12.082942 22 2
0.065880 0.000000 0.000000 0.000000 0.391240
-0.016631 0.012806
2
36.794763 176.981948
5.295000 9.953000 12.082942 19 1
0.065880 0.000000 0.000000 0.000000 0.300090
-0.017284 -0.005449
1
177.074687 427.938014
5.295000 9.953000 12.082942 0 1
0.065880 0.000000 0.000000 0.000000 0.249255
-0.007317 0.011356
5
99.527153 437.165168
4.750685 8.929853 10.840841 11 1
0.065880 0.000000 0.000000 0.000000 0.350852
-0.017500 0.019823
1
426.345920 316.186117
5.295000 9.953000 12.082942 0 1
0.065880 0.000000 0.000000 0.000000 0.545296
-0.002989 -0.016017
1
170.698844 76.659684
5.295000 9.953000 12.082942 0 1
0.065880 0.000000 0.000000 0.000000 0.242847
0.002587 -0.021128
1
194.189770 430.158647
5.295000 9.953000 12.082942 19 2
0.065880 0.000000 0.000000 0.000000 0.256888
-0.002081 0.006636
1
6.026616 215.459503
5.295000 9.953000 12.082942 21 2
0.065880 0.000000 0.000000 0.000000 0.345173
-0.030817 0.001384
5
331.001072 31.859713
5.091141 9.569807 11.617745 8 1
0.065880 0.000000 0.000000 0.000000 0.416737
-0.000596 0.000711
1
89.390707 366.424829
5.295000 9.953000 12.082942 23 2
0.065880 0.000000 0.000000 0.000000 0.244153
-0.012167 0.011798
5
119.456771 246.564502
5.195070 9.765163 11.854907 7 1
0.065880 0.000000 0.000000 0.000000 0.237248
-0.020991 -0.005742
5
416.006698 331.893198
5.091141 9.569807 11.617745 8 1
0.065880 0.000000 0.000000 0.000000 0.314040
0.005646 -0.001457
1
199.395415 252.306894
5.295000 9.953000 12.082942 20 2
0.065880 0.000000 0.000000 0.000000 0.211834
0.005366 -0.000242
1
139.810832 83.075103
5.295000 9.953000 12.082942 21 2
0.065880 0.000000 0.000000 0.000000 0.233344
-0.000911 -0.005791
1
237.237718 274.906522
5.295000 9.953000 12.082942 21 2
0.065880 0.000000 0.000000 0.000000 0.251327
0.010809 0.005599
5
229.876888 42.365905
5.091141 9.569807 11.617745 8 1
0.065880 0.000000 0.000000 0.000000 0.280583
0.008886 -0.007463
1
186.187311 160.061104
5.295000 9.953000 12.082942 24 2
0.065880 0.000000 0.000000 0.000000 0.199134
0.006093 -0.007289
1
85.940907 270.303594
5.295000 9.953000 12.082942 21 2
0.065880 0.000000 0.000000 0.000000 0.204365
-0.008082 -0.007845
1
169.046262 157.773443
5.295000 9.953000 12.082942 0 1
0.065880 0.000000 0.000000 0.000000 0.207912
-0.006773 -0.041609
1
317.135239 383.953719
5.295000 9.953000 12.082942 22 2
0.065880 0.000000 0.000000 0.000000 0.379349
0.010094 0.015863
1
45.015710 300.188608
5.295000 9.953000 12.082942 19 2
0.065880 0.000000 0.000000 0.000000 0.304431
-0.020208 -0.002127
1
230.056314 197.468152
5.295000 9.953000 12.082942 0 1
0.065880 0.000000 0.000000 0.000000 0.227707
0.007913 0.002290
1
118.525335 102.530636
5.295000 9.953000 12.082942 0 1
0.065880 0.000000 0.000000 0.000000 0.342515
-0.005594 -0.020702
1
460.942227 328.341343
5.295000 9.953000 12.082942 0 1
0.065880 0.000000 0.000000 0.000000 0.267116
0.014397 -0.000775
5
96.219636 420.904313
4.869501 9.153191 11.111974 10 1
0.065880 0.000000 0.000000 0.000000 0.367720
-0.017048 0.017673
1
415.363803 395.399435
5.295000 9.953000 12.082942 20 2
0.065880 0.000000 0.000000 0.000000 0.264946
0.006331 0.010116
1
426.778192 267.198362
5.295000 9.953000 12.082942 0 1
0.065880 0.000000 0.000000 0.000000 0.269134
0.007071 0.008703
1
272.209088 356.845448
5.295000 9.953000 12.082942 0 1
0.065880 0.000000 0.000000 0.000000 0.216649
0.010394 0.006473
1
433.124912 401.340581
5.295000 9.953000 12.082942 20 2
0.065880 0.000000 0.000000 0.000000 0.317706
0.013046 0.000637
5
208.512106 178.808147
5.091141 9.569807 11.617745 8 1
0.065880 0.000000 0.000000 0.000000 0.211296
0.007122 -0.005453
1
225.673123 386.762888
5.295000 9.953000 12.082942 0 1
0.065880 0.000000 0.000000 0.000000 0.232897
0.007320 0.017089
2
21.913505 336.218926
5.295000 9.953000 12.082942 24 1
0.065880 0.000000 0.000000 0.000000 0.763581
-0.022958 0.024229
2
159.652835 374.888235
5.295000 9.953000 12.082942 17 1
0.065880 0.000000 0.000000 0.000000 0.211103
0.001757 0.023291
5
238.765351 444.532574
5.195070 9.765163 11.854907 7 1
0.065880 0.000000 0.000000 0.000000 0.241618
0.009767 0.013237
1
308.506419 96.771302
5.295000 9.953000 12.082942 21 2
0.065880 0.000000 0.000000 0.000000 0.433788
-0.016053 -0.013648
1
239.412981 229.986361
5.295000 9.953000 12.082942 0 1
0.065880 0.000000 0.000000 0.000000 0.252951
0.008231 0.005155
1
221.900309 305.174873
5.295000 9.953000 12.082942 0 1
0.065880 0.000000 0.000000 0.000000 0.216855
0.000427 0.004851
2
434.224647 283.650256
5.295000 9.953000 12.082942 16 1
0.065880 0.000000 0.000000 0.000000 0.394232
0.010745 0.007846
1
147.767544 36.970378
5.295000 9.953000 12.082942 19 2
0.065880 0.000000 0.000000 0.000000 0.428739
0.002728 -0.026070
1
417.876671 432.304292
5.295000 9.953000 12.082942 0 1
0.065880 0.000000 0.000000 0.000000 0.394374
-0.001642 0.006574
1
429.547381 88.143647
5.295000 9.953000 12.082942 21 2
0.065880 0.000000 0.000000 0.000000 0.341917
-0.000977 -0.009057
1
251.377365 218.126481
5.295000 9.953000 12.082942 19 2
0.065880 0.000000 0.000000 0.000000 0.234977
0.009368 0.009422
1
251.507048 70.143418
5.295000 9.953000 12.082942 0 1
0.065880 0.000000 0.000000 0.000000 0.350275
0.008828 0.001104
1
219.922844 164.539336
5.295000 9.953000 12.082942 0 1
0.065880 0.000000 0.000000 0.000000 0.242948
0.008784 -0.000777
1
335.907794 456.862370
5.295000 9.953000 12.082942 19 2
0.065880 0.000000 0.000000 0.000000 0.233903
0.006199 0.006515
1
441.855942 116.859571
5.295000 9.953000 12.082942 0 1
0.065880 0.000000 0.000000 0.000000 0.477621
0.007503 -0.010138
1
319.845133 17.030970
5.295000 9.953000 12.082942 0 1
0.065880 0.000000 0.000000 0.000000 0.449919
0.000751 -0.000006
1
259.934506 191.542399
5.295000 9.953000 12.082942 20 2
0.065880 0.000000 0.000000 0.000000 0.244464
-0.006878 -0.011710
1
189.650783 220.492711
5.295000 9.953000 12.082942 23 2
0.065880 0.000000 0.000000 0.000000 0.247359
0.000922 -0.003220
1
237.690783 323.059457
5.295000 9.953000 12.082942 21 2
0.065880 0.000000 0.000000 0.000000 0.221956
0.004638 0.009365
5
440.111792 255.871613
4.982786 9.366132 11.370484 9 1
0.065880 0.000000 0.000000 0.000000 0.279909
0.003311 -0.001839
1
203.208480 351.972655
5.295000 9.953000 12.082942 0 1
0.065880 0.000000 0.000000 0.000000 0.262629
0.006208 0.013272
2
84.502831 133.708264
5.295000 9.953000 12.082942 22 1
0.065880 0.000000 0.000000 0.000000 0.246331
-0.014456 -0.009216
1
265.858566 264.421259
5.295000 9.953000 12.082942 24 2
0.065880 0.000000 0.000000 0.000000 0.273834
0.018217 0.010094
1
127.144941 179.640995
5.295000 9.953000 12.082942 0 1
0.065880 0.000000 0.000000 0.000000 0.225825
-0.009477 -0.012297
1
132.036516 112.435748
5.295000 9.953000 12.082942 21 2
0.065880 0.000000 0.000000 0.000000 0.240454
-0.011197 -0.034861
1
165.951122 42.508952
5.295000 9.953000 12.082942 19 2
0.065880 0.000000 0.000000 0.000000 0.278143
-0.009859 -0.025109
1
399.607326 372.067264
5.295000 9.953000 12.082942 19 2
0.065880 0.000000 0.000000 0.000000 0.351170
0.009778 0.005879
1
249.278979 155.898024
5.295000 9.953000 12.082942 0 1
0.065880 0.000000 0.000000 0.000000 0.262738
0.007310 -0.010138
1
354.847922 328.368653
5.295000 9.953000 12.082942 19 2
0.065880 0.000000 0.000000 0.000000 0.410026
0.002395 -0.003333
5
360.186056 427.503753
5.091141 9.569807 11.617745 8 1
0.065880 0.000000 0.000000 0.000000 0.224908
0.015931 0.015979
1
138.263553 323.037804
5.295000 9.953000 12.082942 0 1
0.065880 0.000000 0.000000 0.000000 0.207060
-0.010112 0.014795
5
424.324502 143.478479
4.869501 9.153191 11.111974 10 1
0.065880 0.000000 0.000000 0.000000 0.248130
0.016210 -0.002494
5
340.370548 398.470019
5.195070 9.765163 11.854907 7 1
0.065880 0.000000 0.000000 0.000000 0.318420
0.018549 -0.011852
1
196.755527 191.582041
5.295000 9.953000 12.082942 23 2
0.065880 0.000000 0.000000 0.000000 0.219702
0.004316 -0.005467
2
274.946670 84.630007
5.295000 9.953000 12.082942 21 1
0.065880 0.000000 0.000000 0.000000 0.372839
0.008935 -0.022745
2
279.951950 420.683958
5.295000 9.953000 12.082942 19 1
0.065880 0.000000 0.000000 0.000000 0.242362
0.015736 0.008703
1
394.862832 125.658446
5.295000 9.953000 12.082942 23 2
0.065880 0.000000 0.000000 0.000000 0.280938
0.012293 -0.007350
5
323.572665 103.000283
4.352864 8.182070 9.933032 14 1
0.065880 0.000000 0.000000 0.000000 0.397623
-0.012294 -0.008191
5
146.153712 138.870683
5.195070 9.765163 11.854907 7 1
0.065880 0.000000 0.000000 0.000000 0.243713
-0.042801 -0.002016
5
13.081147 198.502110
5.195070 9.765163 11.854907 7 1
0.065880 0.000000 0.000000 0.000000 0.406612
-0.031451 -0.003891
5
345.649112 141.983672
4.625609 8.694746 10.555422 12 1
0.065880 0.000000 0.000000 0.000000 0.328699
0.003676 -0.007825
1
138.168719 402.273213
5.295000 9.953000 12.082942 0 1
0.065880 0.000000 0.000000 0.000000 0.217106
-0.010766 0.020554
1
402.835029 242.893601
5.295000 9.953000 12.082942 21 2
0.065880 0.000000 0.000000 0.000000 0.323492
0.024121 0.003409
1
316.569806 268.380233
5.295000 9.953000 12.082942 19 2
0.065880 0.000000 0.000000 0.000000 0.239658
0.010527 -0.006930
1
323.083262 401.345986
5.295000 9.953000 12.082942 20 2
0.065880 0.000000 0.000000 0.000000 0.340292
0.012204 0.017428
1
137.442737 65.271043
5.295000 9.953000 12.082942 0 1
0.065880 0.000000 0.000000 0.000000 0.264630
-0.010254 -0.007353
1
227.628629 242.629653
5.295000 9.953000 12.082942 23 2
0.065880 0.000000 0.000000 0.000000 0.243371
0.007177 0.003838
5
215.993890 255.344327
5.195070 9.765163 11.854907 7 1
0.065880 0.000000 0.000000 0.000000 0.213499
0.007585 0.002205
5
378.389408 125.300732
5.091141 9.569807 11.617745 8 1
0.065880 0.000000 0.000000 0.000000 0.350853
0.008396 0.002168
1
175.977154 109.880850
5.295000 9.953000 12.082942 0 1
0.065880 0.000000 0.000000 0.000000 0.232956
0.052408 -0.034953
1
221.248829 271.127489
5.295000 9.953000 12.082942 19 2
0.065880 0.000000 0.000000 0.000000 0.241143
0.009697 0.003220
1
187.572927 82.790793
5.295000 9.953000 12.082942 20 2
0.065880 0.000000 0.000000 0.000000 0.248571
0.006188 -0.018201
1
419.929561 413.734592
5.295000 9.953000 12.082942 0 1
0.065880 0.000000 0.000000 0.000000 0.251253
0.021052 0.008670
1
299.243116 173.772217
5.295000 9.953000 12.082942 0 1
0.065880 0.000000 0.000000 0.000000 0.226460
0.007486 -0.012343
1
66.754686 102.582152
5.295000 9.953000 12.082942 19 2
0.065880 0.000000 0.000000 0.000000 0.364386
-0.018827 -0.013818
5
346.125145 157.518164
5.091141 9.569807 11.617745 8 1
0.065880 0.000000 0.000000 0.000000 0.349468
0.000261 0.000105
1
458.093963 254.424001
5.295000 9.953000 12.082942 0 1
0.065880 0.000000 0.000000 0.000000 0.332636
0.006944 0.009932
2
133.261228 450.970084
5.295000 9.953000 12.082942 21 1
0.065880 0.000000 0.000000 0.000000 0.279417
-0.016041 0.017860
5
281.381155 259.539242
4.869501 9.153191 11.111974 10 1
0.065880 0.000000 0.000000 0.000000 0.330218
0.018530 0.008786
1
409.121442 264.371942
5.295000 9.953000 12.082942 19 2
0.065880 0.000000 0.000000 0.000000 0.321935
0.006359 -0.013523
1
306.573335 480.314589
5.295000 9.953000 12.082942 0 1
0.065880 0.000000 0.000000 0.000000 0.251094
0.006397 0.004704
1
194.475438 236.344693
5.295000 9.953000 12.082942 0 1
0.065880 0.000000 0.000000 0.000000 0.241693
0.003070 -0.002413
1
282.944251 167.027018
5.295000 9.953000 12.082942 21 2
0.065880 0.000000 0.000000 0.000000 0.232889
0.000520 -0.003967
1
132.499219 237.053951
5.295000 9.953000 12.082942 23 2
0.065880 0.000000 0.000000 0.000000 0.207640
-0.009400 -0.004448
1
30.986061 196.092470
5.295000 9.953000 12.082942 22 2
0.065880 0.000000 0.000000 0.000000 0.285388
-0.032959 0.001404
1
203.263737 163.442073
5.295000 9.953000 12.082942 0 1
0.065880 0.000000 0.000000 0.000000 0.215728
0.008781 -0.006231
1
296.667026 426.217967
5.295000 9.953000 12.082942 0 1
0.065880 0.000000 0.000000 0.000000 0.284529
0.015872 0.018886
1
24.921230 276.117614
5.295000 9.953000 12.082942 0 1
0.065880 0.000000 0.000000 0.000000 0.252168
-0.026869 0.000472
1
221.809051 416.359885
5.295000 9.953000 12.082942 22 2
0.065880 0.000000 0.000000 0.000000 0.219734
-0.016351 0.018249
1
199.080409 147.919985
5.295000 9.953000 12.082942 23 2
0.065880 0.000000 0.000000 0.000000 0.225720
0.002658 -0.011290
2
201.707312 72.383424
5.295000 9.953000 12.082942 23 1
0.065880 0.000000 0.000000 0.000000 0.389968
0.010026 -0.016666
5
335.778901 129.386912
4.625609 8.694746 10.555422 12 1
0.065880 0.000000 0.000000 0.000000 0.286236
0.007457 -0.012775
1
182.963610 249.347094
5.295000 9.953000 12.082942 23 2
0.065880 0.000000 0.000000 0.000000 0.225447
-0.002349 0.000475
1
212.749107 463.494000
5.295000 9.953000 12.082942 21 2
0.065880 0.000000 0.000000 0.000000 0.279921
-0.003356 0.015352
1
164.922032 143.123352
5.295000 9.953000 12.082942 0 1
0.065880 0.000000 0.000000 0.000000 0.212744
0.031168 0.051702
1
36.386443 325.770647
5.295000 9.953000 12.082942 22 2
0.065880 0.000000 0.000000 0.000000 0.555879
-0.030098 0.012622
1
150.955984 154.453159
5.295000 9.953000 12.082942 21 2
0.065880 0.000000 0.000000 0.000000 0.213106
-0.002253 -0.016484
1
192.240907 319.036737
5.295000 9.953000 12.082942 22 2
0.065880 0.000000 0.000000 0.000000 0.236971
0.000442 0.006558
1
186.747973 12.191038
5.295000 9.953000 12.082942 20 2
0.065880 0.000000 0.000000 0.000000 0.332736
-0.007360 -0.008822
1
162.563523 185.177500
5.295000 9.953000 12.082942 22 2
0.065880 0.000000 0.000000 0.000000 0.203341
-0.001080 -0.009997
1
74.537511 178.310258
5.295000 9.953000 12.082942 19 2
0.065880 0.000000 0.000000 0.000000 0.215560
-0.021107 -0.003771
1
202.328337 445.888398
5.295000 9.953000 12.082942 23 2
0.065880 0.000000 0.000000 0.000000 0.269168
-0.003826 0.011760
1
487.782225 245.712317
5.295000 9.953000 12.082942 22 2
0.065880 0.000000 0.000000 0.000000 0.396206
0.000029 0.002787
5
189.944291 361.498014
5.195070 9.765163 11.854907 7 1
0.065880 0.000000 0.000000 0.000000 0.238978
0.005360 0.004161
5
279.102578 31.110423
5.195070 9.765163 11.854907 7 1
0.065880 0.000000 0.000000 0.000000 0.720749
-0.000111 0.000491
1
63.170711 130.587305
5.295000 9.953000 12.082942 21 2
0.065880 0.000000 0.000000 0.000000 0.230595
-0.004345 -0.002357
2
368.115750 411.739258
5.295000 9.953000 12.082942 20 1
0.065880 0.000000 0.000000 0.000000 0.220321
0.009484 0.010825
1
121.524920 365.204607
5.295000 9.953000 12.082942 20 2
0.065880 0.000000 0.000000 0.000000 0.238732
-0.007079 0.008768
1
12.092785 304.433542
5.295000 9.953000 12.082942 24 2
0.065880 0.000000 0.000000 0.000000 0.512345
-0.021476 0.010357
2
265.460513 118.240658
5.295000 9.953000 12.082942 17 1
0.065880 0.000000 0.000000 0.000000 0.299062
0.014794 -0.017281
2
112.142432 330.967749
5.295000 9.953000 12.082942 16 1
0.065880 0.000000 0.000000 0.000000 0.210985
-0.018768 0.008170
5
143.875942 101.856724
3.744130 7.037834 8.543930 15 1
0.065880 0.000000 0.000000 0.000000 0.262327
0.006098 0.009088
1
378.194394 75.098836
5.295000 9.953000 12.082942 0 1
0.065880 0.000000 0.000000 0.000000 0.328409
0.001178 -0.014623
1
83.780653 235.708168
5.295000 9.953000 12.082942 0 1
0.065880 0.000000 0.000000 0.000000 0.243071
-0.005259 0.014665
5
96.755036 330.632118
4.493375 8.446188 10.253672 13 1
0.065880 0.000000 0.000000 0.000000 0.221715
-0.014872 0.007946
1
114.485410 230.999469
5.295000 9.953000 12.082942 22 2
0.065880 0.000000 0.000000 0.000000 0.215073
-0.003764 -0.012139
1
152.746028 259.891260
5.295000 9.953000 12.082942 24 2
0.065880 0.000000 0.000000 0.000000 0.210375
-0.011040 0.000916
1
366.871256 379.040532
5.295000 9.953000 12.082942 23 2
0.065880 0.000000 0.000000 0.000000 0.483520
0.001819 0.012095
1
80.400778 300.839097
5.295000 9.953000 12.082942 0 1
0.065880 0.000000 0.000000 0.000000 0.251520
-0.015290 0.003654
1
191.292252 380.632568
5.295000 9.953000 12.082942 0 1
0.065880 0.000000 0.000000 0.000000 0.249593
0.003486 0.014537
2
34.371289 148.009122
5.295000 9.953000 12.082942 23 1
0.065880 0.000000 0.000000 0.000000 0.420411
-0.004883 -0.017254
5
204.764636 15.834965
5.195070 9.765163 11.854907 7 1
0.065880 0.000000 0.000000 0.000000 0.338343
-0.003082 -0.005146
1
262.465973 342.298648
5.295000 9.953000 12.082942 21 2
0.065880 0.000000 0.000000 0.000000 0.241780
0.009067 0.002205
2
306.971556 189.285557
5.295000 9.953000 12.082942 23 1
0.065880 0.000000 0.000000 0.000000 0.249716
-0.008588 -0.006144
1
295.748235 155.732614
5.295000 9.953000 12.082942 20 2
0.065880 0.000000 0.000000 0.000000 0.243431
0.000883 0.002254
1
120.651086 163.544603
5.295000 9.953000 12.082942 0 1
0.065880 0.000000 0.000000 0.000000 0.249987
-0.011983 -0.011464
1
282.401606 214.198339
5.295000 9.953000 12.082942 24 2
0.065880 0.000000 0.000000 0.000000 0.243548
-0.005832 -0.009780
5
325.051577 117.883985
4.625609 8.694746 10.555422 12 1
0.065880 0.000000 0.000000 0.000000 0.507978
-0.011297 -0.003836
1
193.529967 283.813526
5.295000 9.953000 12.082942 21 2
0.065880 0.000000 0.000000 0.000000 0.226449
0.002628 -0.000093
5
257.306598 52.707418
4.982786 9.366132 11.370484 9 1
0.065880 0.000000 0.000000 0.000000 0.513111
0.012919 0.003958
1
290.425187 388.883041
5.295000 9.953000 12.082942 21 2
0.065880 0.000000 0.000000 0.000000 0.257359
0.009971 0.003639
5
102.763416 106.480938
4.982786 9.366132 11.370484 9 1
0.065880 0.000000 0.000000 0.000000 0.324599
-0.012116 -0.013039
1
493.029621 227.616287
5.295000 9.953000 12.082942 0 1
0.065880 0.000000 0.000000 0.000000 0.343866
0.008810 0.007001
1
293.073008 247.376360
5.295000 9.953000 12.082942 0 1
0.065880 0.000000 0.000000 0.000000 0.246960
0.007271 -0.001167
1
393.184126 64.148649
5.295000 9.953000 12.082942 0 1
0.065880 0.000000 0.000000 0.000000 0.327891
0.006523 -0.006859
2
237.255981 168.578241
5.295000 9.953000 12.082942 23 1
0.065880 0.000000 0.000000 0.000000 0.267059
0.009312 -0.003444
5
179.715394 329.677536
5.195070 9.765163 11.854907 7 1
0.065880 0.000000 0.000000 0.000000 0.247722
-0.002508 0.007235
5
158.459761 129.664983
4.352864 8.182070 9.933032 14 1
0.065880 0.000000 0.000000 0.000000 0.247332
0.006592 -0.158939
1
474.461391 295.718777
5.295000 9.953000 12.082942 0 1
0.065880 0.000000 0.000000 0.000000 0.289689
0.009906 -0.003342
1
322.647694 306.340401
5.295000 9.953000 12.082942 20 2
0.065880 0.000000 0.000000 0.000000 0.242514
0.013331 -0.000537
1
407.537767 316.646009
5.295000 9.953000 12.082942 0 1
0.065880 0.000000 0.000000 0.000000 0.508848
-0.003056 0.003228
1
120.474689 347.649235
5.295000 9.953000 12.082942 19 2
0.065880 0.000000 0.000000 0.000000 0.222604
-0.008837 0.011605
1
239.988489 84.269910
5.295000 9.953000 12.082942 0 1
0.065880 0.000000 0.000000 0.000000 0.453948
-0.017470 -0.016623
1
359.841173 102.707696
5.295000 9.953000 12.082942 23 2
0.065880 0.000000 0.000000 0.000000 0.417866
0.004199 -0.021871
5
292.404574 123.598772
4.352864 8.182070 9.933032 14 1
0.065880 0.000000 0.000000 0.000000 0.275618
-0.025472 0.010044
2
106.222294 52.836427
5.295000 9.953000 12.082942 17 1
0.065880 0.000000 0.000000 0.000000 0.534937
-0.014015 -0.008477
5
432.168379 331.791376
4.352864 8.182070 9.933032 14 1
0.065880 0.000000 0.000000 0.000000 0.332967
0.005571 -0.014821
1
100.742186 240.801003
5.295000 9.953000 12.082942 23 2
0.065880 0.000000 0.000000 0.000000 0.233589
0.006251 0.000058
1
65.818234 235.433327
5.295000 9.953000 12.082942 23 2
0.065880 0.000000 0.000000 0.000000 0.243173
-0.017059 -0.010371
5
463.785814 375.739061
4.493375 8.446188 10.253672 13 1
0.065880 0.000000 0.000000 0.000000 0.396841
0.004544 0.005002
1
448.534215 271.220268
5.295000 9.953000 12.082942 0 1
0.065880 0.000000 0.000000 0.000000 0.382530
0.002940 0.002204
1
184.853914 204.551751
5.295000 9.953000 12.082942 20 2
0.065880 0.000000 0.000000 0.000000 0.229512
0.000728 -0.005556
2
289.263616 356.467568
5.295000 9.953000 12.082942 17 1
0.065880 0.000000 0.000000 0.000000 0.221976
0.014181 0.006213
1
90.490976 384.641396
5.295000 9.953000 12.082942 22 2
0.065880 0.000000 0.000000 0.000000 0.245813
-0.013622 0.013549
1
350.762037 446.638058
5.295000 9.953000 12.082942 0 1
0.065880 0.000000 0.000000 0.000000 0.237449
0.004360 -0.013780
1
454.428994 135.259459
5.295000 9.953000 12.082942 0 1
0.065880 0.000000 0.000000 0.000000 0.403692
0.018184 0.003300
5
301.190826 325.179866
4.982786 9.366132 11.370484 9 1
0.065880 0.000000 0.000000 0.000000 0.256011
0.011618 0.000005
2
135.900796 253.385041
5.295000 9.953000 12.082942 18 1
0.065880 0.000000 0.000000 0.000000 0.245822
-0.008656 -0.000250
1
103.111639 134.445788
5.295000 9.953000 12.082942 0 1
0.065880 0.000000 0.000000 0.000000 0.251362
-0.005715 -0.019311
1
385.702282 448.532960
5.295000 9.953000 12.082942 20 2
0.065880 0.000000 0.000000 0.000000 0.293358
0.025241 0.007503
1
403.841650 281.726120
5.295000 9.953000 12.082942 21 2
0.065880 0.000000 0.000000 0.000000 0.382887
0.022008 -0.001694
1
353.800280 214.789352
5.295000 9.953000 12.082942 0 1
0.065880 0.000000 0.000000 0.000000 0.384786
0.004106 -0.004088
1
455.631139 172.381505
5.295000 9.953000 12.082942 24 2
0.065880 0.000000 0.000000 0.000000 0.429602
0.027358 0.010203
1
175.516279 366.924971
5.295000 9.953000 12.082942 0 1
0.065880 0.000000 0.000000 0.000000 0.240417
-0.000869 0.012145
2
91.676678 403.286102
5.295000 9.953000 12.082942 19 1
0.065880 0.000000 0.000000 0.000000 0.350337
-0.012446 0.013860
1
74.682869 376.648588
5.295000 9.953000 12.082942 0 1
0.065880 0.000000 0.000000 0.000000 0.262079
-0.014981 0.012657
1
425.886744 196.574697
5.295000 9.953000 12.082942 21 2
0.065880 0.000000 0.000000 0.000000 0.287952
0.008318 -0.003449
1
263.266003 417.727378
5.295000 9.953000 12.082942 0 1
0.065880 0.000000 0.000000 0.000000 0.256486
0.019930 0.009058
5
248.087214 397.893311
4.869501 9.153191 11.111974 10 1
0.065880 0.000000 0.000000 0.000000 0.228717
-0.007778 0.014121
5
347.526541 113.778447
4.352864 8.182070 9.933032 14 1
0.065880 0.000000 0.000000 0.000000 0.411816
0.004113 -0.016566
1
88.199175 316.630091
5.295000 9.953000 12.082942 19 2
0.065880 0.000000 0.000000 0.000000 0.267079
-0.017045 0.005955
1
281.848248 113.088499
5.295000 9.953000 12.082942 0 1
0.065880 0.000000 0.000000 0.000000 0.311075
0.011491 -0.036932
1
95.963255 191.231849
5.295000 9.953000 12.082942 20 2
0.065880 0.000000 0.000000 0.000000 0.231648
-0.017380 -0.007118
1
225.877759 477.329887
5.295000 9.953000 12.082942 22 2
0.065880 0.000000 0.000000 0.000000 0.264373
-0.004078 0.016827
1
484.173529 211.367810
5.295000 9.953000 12.082942 22 2
0.065880 0.000000 0.000000 0.000000 0.457670
0.002261 0.011582
2
75.331733 394.773433
5.295000 9.953000 12.082942 19 1
0.065880 0.000000 0.000000 0.000000 0.400353
-0.015003 0.015575
5
73.343646 349.020750
5.091141 9.569807 11.617745 8 1
0.065880 0.000000 0.000000 0.000000 0.259439
-0.016558 0.007838
1
339.906618 86.610587
5.295000 9.953000 12.082942 19 2
0.065880 0.000000 0.000000 0.000000 0.691921
-0.004844 -0.028327
1
225.174247 181.135138
5.295000 9.953000 12.082942 21 2
0.065880 0.000000 0.000000 0.000000 0.239482
0.009394 0.000217
1
312.544030 34.574892
5.295000 9.953000 12.082942 22 2
0.065880 0.000000 0.000000 0.000000 0.377236
-0.002349 -0.000471
1
307.178449 127.560871
5.295000 9.953000 12.082942 20 2
0.065880 0.000000 0.000000 0.000000 0.299800
-0.000151 -0.039109
5
425.383433 124.046125
4.625609 8.694746 10.555422 12 1
0.065880 0.000000 0.000000 0.000000 0.284363
0.002552 0.000119
2
285.405912 325.682359
5.295000 9.953000 12.082942 24 1
0.065880 0.000000 0.000000 0.000000 0.327904
0.011743 0.006881
1
395.285464 180.720324
5.295000 9.953000 12.082942 19 2
0.065880 0.000000 0.000000 0.000000 0.243113
0.004972 -0.005098
1
201.549648 207.402533
5.295000 9.953000 12.082942 24 2
0.065880 0.000000 0.000000 0.000000 0.245872
0.003822 -0.002328
2
181.786547 397.222630
5.295000 9.953000 12.082942 17 1
0.065880 0.000000 0.000000 0.000000 0.238642
-0.011800 0.014450
1
129.808686 432.899596
5.295000 9.953000 12.082942 20 2
0.065880 0.000000 0.000000 0.000000 0.277398
-0.011397 0.019356
1
426.614623 106.680259
5.295000 9.953000 12.082942 22 2
0.065880 0.000000 0.000000 0.000000 0.345555
-0.000375 -0.005150
1
190.751065 117.008380
5.295000 9.953000 12.082942 21 2
0.065880 0.000000 0.000000 0.000000 0.225089
0.003566 -0.024104
5
310.239366 458.324333
4.352864 8.182070 9.933032 14 1
0.065880 0.000000 0.000000 0.000000 0.247098
0.004516 0.032492
1
24.290161 163.718175
5.295000 9.953000 12.082942 23 2
0.065880 0.000000 0.000000 0.000000 0.464947
-0.016400 -0.015303
5
324.023856 160.106474
4.750685 8.929853 10.840841 11 1
0.065880 0.000000 0.000000 0.000000 0.318530
0.014704 -0.001911
1
234.662494 213.780438
5.295000 9.953000 12.082942 0 1
0.065880 0.000000 0.000000 0.000000 0.249872
0.006772 0.004816
1
316.862044 72.581083
5.295000 9.953000 12.082942 21 2
0.065880 0.000000 0.000000 0.000000 0.660801
-0.012733 -0.019131
1
411.363137 208.768057
5.295000 9.953000 12.082942 0 1
0.065880 0.000000 0.000000 0.000000 0.300027
0.007970 -0.001877
1
208.499206 384.627144
5.295000 9.953000 12.082942 0 1
0.065880 0.000000 0.000000 0.000000 0.273876
0.003958 0.015350
5
323.963192 194.574251
5.195070 9.765163 11.854907 7 1
0.065880 0.000000 0.000000 0.000000 0.369301
-0.006358 -0.011063
1
152.039111 330.611897
5.295000 9.953000 12.082942 0 1
0.065880 0.000000 0.000000 0.000000 0.236166
-0.003827 0.008609
1
421.198846 232.018407
5.295000 9.953000 12.082942 0 1
0.065880 0.000000 0.000000 0.000000 0.368595
-0.008539 -0.006801
1
324.126679 350.786063
5.295000 9.953000 12.082942 24 2
0.065880 0.000000 0.000000 0.000000 0.334672
0.006687 0.001661
1
317.150988 322.062463
5.295000 9.953000 12.082942 20 2
0.065880 0.000000 0.000000 0.000000 0.245254
0.013103 0.000717
4
390.819284 325.101381
5.295000 9.953000 12.082942 0 1
0.000000 0.000000 0.000000 0.000000 0.595983
0.000549 -0.000373
4
401.214238 300.092293
5.295000 9.953000 12.082942 0 1
0.000000 0.000000 0.000000 0.000000 0.624731
0.012633 -0.002754
4
236.563850 121.551392
5.295000 9.953000 12.082942 0 1
0.000000 0.000000 0.000000 0.000000 0.392648
0.021995 -0.002388
1
294.532657 201.573902
5.295000 9.953000 12.082942 0 1
0.065880 0.000000 0.000000 0.000000 0.257765
-0.005565 -0.003821
1
353.782313 294.492264
5.295000 9.953000 12.082942 23 2
0.065880 0.000000 0.000000 0.000000 0.298998
0.010769 -0.009557
4
427.705988 215.054001
5.295000 9.953000 12.082942 0 1
0.000000 0.000000 0.000000 0.000000 0.495400
0.010096 -0.002721
4
178.560427 469.283878
5.295000 9.953000 12.082942 0 1
0.000000 0.000000 0.000000 0.000000 0.394717
0.002438 0.032165
4
403.904711 224.967850
5.295000 9.953000 12.082942 0 1
0.000000 0.000000 0.000000 0.000000 0.631248
-0.011482 -0.003429
4
147.330776 438.397984
5.295000 9.953000 12.082942 0 1
0.000000 0.000000 0.000000 0.000000 0.376799
-0.007875 0.021029
4
121.135457 262.880530
5.295000 9.953000 12.082942 0 1
0.000000 0.000000 0.000000 0.000000 0.426965
-0.004448 -0.013074
4
269.083464 326.119946
5.295000 9.953000 12.082942 0 1
0.000000 0.000000 0.000000 0.000000 0.399458
0.013278 0.007742
4
479.393027 160.062471
5.295000 9.953000 12.082942 0 1
0.000000 0.000000 0.000000 0.000000 0.784454
0.002707 -0.015028
4
411.479912 358.418346
5.295000 9.953000 12.082942 0 1
0.000000 0.000000 0.000000 0.000000 0.567952
0.009192 0.002901
1
364.457308 260.725267
5.295000 9.953000 12.082942 19 2
0.065880 0.000000 0.000000 0.000000 0.517743
0.016980 -0.013875
1
161.516274 288.459568
5.295000 9.953000 12.082942 19 2
0.065880 0.000000 0.000000 0.000000 0.222192
0.010646 -0.013047
1
231.565314 151.875801
5.295000 9.953000 12.082942 19 2
0.065880 0.000000 0.000000 0.000000 0.325137
0.005740 -0.005493
1
277.952686 294.219805
5.295000 9.953000 12.082942 19 2
0.065880 0.000000 0.000000 0.000000 0.288655
0.015790 0.010165
1
65.020907 161.773519
5.295000 9.953000 12.082942 19 2
0.065880 0.000000 0.000000 0.000000 0.232378
-0.021196 -0.002667
1
97.500655 301.476954
5.295000 9.953000 12.082942 19 2
0.065880 0.000000 0.000000 0.000000 0.242830
-0.008537 0.005536
1
74.732013 250.719034
5.295000 9.953000 12.082942 19 2
0.065880 0.000000 0.000000 0.000000 0.212915
-0.028095 0.000882
2
241.166401 0.182498
5.295000 9.953000 12.082942 21 1
0.065880 0.000000 0.000000 0.000000 0.561599
0.008898 -0.008349
2
322.924780 489.001960
5.295000 9.953000 12.082942 21 1
0.065880 0.000000 0.000000 0.000000 0.315226
0.010074 0.002902
1
384.267365 307.620451
5.295000 9.953000 12.082942 19 2
0.065880 0.000000 0.000000 0.000000 0.346871
0.012926 -0.007477
1
332.832144 223.715432
5.295000 9.953000 12.082942 19 2
0.065880 0.000000 0.000000 0.000000 0.476586
0.004825 -0.014698
1
251.082394 455.958156
5.295000 9.953000 12.082942 19 2
0.065880 0.000000 0.000000 0.000000 0.233054
-0.003485 0.027389
1
218.157601 28.160416
5.295000 9.953000 12.082942 19 2
0.065880 0.000000 0.000000 0.000000 0.273177
0.010102 -0.011879
1
24.177761 212.931378
5.295000 9.953000 12.082942 19 2
0.065880 0.000000 0.000000 0.000000 0.275552
-0.029381 -0.001149
1
375.309618 57.625631
5.295000 9.953000 12.082942 19 2
0.065880 0.000000 0.000000 0.000000 0.325435
0.004925 -0.013776
1
273.120988 386.977865
5.295000 9.953000 12.082942 19 2
0.065880 0.000000 0.000000 0.000000 0.235010
0.004657 0.005622
1
325.458568 283.330037
5.295000 9.953000 12.082942 19 2
0.065880 0.000000 0.000000 0.000000 0.242002
0.008299 -0.005902
1
171.055934 411.084082
5.295000 9.953000 12.082942 19 2
0.065880 0.000000 0.000000 0.000000 0.236041
-0.013915 0.009198
1
338.630398 186.479816
5.295000 9.953000 12.082942 19 2
0.065880 0.000000 0.000000 0.000000 0.337822
0.010923 0.013511
1
109.174088 287.684837
5.295000 9.953000 12.082942 19 2
0.065880 0.000000 0.000000 0.000000 0.255745
-0.015029 0.014987
1
177.046445 278.433393
5.295000 9.953000 12.082942 19 2
0.065880 0.000000 0.000000 0.000000 0.197041
0.003252 0.000981
2
271.187902 179.097236
5.295000 9.953000 12.082942 23 1
0.065880 0.000000 0.000000 0.000000 0.231786
0.006777 0.000006
1
188.065347 413.517745
5.295000 9.953000 12.082942 19 2
0.065880 0.000000 0.000000 0.000000 0.242556
-0.012845 0.009710
2
27.252403 293.415522
5.295000 9.953000 12.082942 21 1
0.065880 0.000000 0.000000 0.000000 0.400730
-0.025623 0.002655
1
161.010398 24.702937
5.295000 9.953000 12.082942 19 2
0.065880 0.000000 0.000000 0.000000 0.487551
0.009758 -0.035829
1
247.100910 201.969814
5.295000 9.953000 12.082942 19 2
0.065880 0.000000 0.000000 0.000000 0.238500
0.008003 0.006918
1
322.456629 469.959512
5.295000 9.953000 12.082942 19 2
0.065880 0.000000 0.000000 0.000000 0.246942
0.011102 0.010651
1
184.551932 65.088306
5.295000 9.953000 12.082942 19 2
0.065880 0.000000 0.000000 0.000000 0.275861
0.002199 -0.013022
2
377.829698 364.015857
5.295000 9.953000 12.082942 21 1
0.065880 0.000000 0.000000 0.000000 0.642609
-0.012797 -0.007195
1
334.665840 319.397517
5.295000 9.953000 12.082942 19 2
0.065880 0.000000 0.000000 0.000000 0.269196
0.014457 -0.001077
1
311.376258 251.888328
5.295000 9.953000 12.082942 19 2
0.065880 0.000000 0.000000 0.000000 0.242844
0.012454 -0.009435
1
225.384053 288.444853
5.295000 9.953000 12.082942 19 2
0.065880 0.000000 0.000000 0.000000 0.219279
0.010903 0.005338
1
132.718408 470.235189
5.295000 9.953000 12.082942 19 2
0.065880 0.000000 0.000000 0.000000 0.358720
-0.003583 0.016466
2
391.893678 267.467082
5.295000 9.953000 12.082942 22 1
0.065880 0.000000 0.000000 0.000000 0.318622
0.009383 0.021935
2
56.679230 176.584707
5.295000 9.953000 12.082942 23 1
0.065880 0.000000 0.000000 0.000000 0.245821
-0.025894 0.004863
1
341.772466 474.173563
5.295000 9.953000 12.082942 19 2
0.065880 0.000000 0.000000 0.000000 0.348467
-0.000811 0.018221
1
105.415675 358.424896
5.295000 9.953000 12.082942 19 2
0.065880 0.000000 0.000000 0.000000 0.220486
-0.010225 0.011685
1
220.981258 494.918554
5.295000 9.953000 12.082942 19 2
0.065880 0.000000 0.000000 0.000000 0.265516
-0.005506 0.017740
2
71.360381 317.206902
5.295000 9.953000 12.082942 21 1
0.065880 0.000000 0.000000 0.000000 0.291165
-0.021881 0.004489
2
357.986008 85.123069
5.295000 9.953000 12.082942 23 1
0.065880 0.000000 0.000000 0.000000 0.598129
0.000436 -0.020865
1
409.686207 169.798246
5.295000 9.953000 12.082942 19 2
0.065880 0.000000 0.000000 0.000000 0.247350
0.019078 0.006378
1
94.823822 67.261992
5.295000 9.953000 12.082942 19 2
0.065880 0.000000 0.000000 0.000000 0.484707
-0.043816 -0.020707
1
364.639758 460.617796
5.295000 9.953000 12.082942 19 2
0.065880 0.000000 0.000000 0.000000 0.272156
-0.009552 0.014602
1
318.480602 367.214197
5.295000 9.953000 12.082942 20 2
0.065880 0.000000 0.000000 0.000000 0.280958
0.023330 0.012258
1
283.020117 372.423854
5.295000 9.953000 12.082942 20 2
0.065880 0.000000 0.000000 0.000000 0.252533
0.007405 0.005240
1
386.884864 250.522574
5.295000 9.953000 12.082942 20 2
0.065880 0.000000 0.000000 0.000000 0.360342
0.025071 0.018427
1
366.697664 312.186795
5.295000 9.953000 12.082942 20 2
0.065880 0.000000 0.000000 0.000000 0.325202
0.014918 -0.005985
1
102.582245 163.505163
5.295000 9.953000 12.082942 20 2
0.065880 0.000000 0.000000 0.000000 0.223680
-0.011473 -0.011490
1
93.827476 119.652574
5.295000 9.953000 12.082942 20 2
0.065880 0.000000 0.000000 0.000000 0.247941
-0.017049 -0.014558
1
299.521829 445.526341
5.295000 9.953000 12.082942 20 2
0.065880 0.000000 0.000000 0.000000 0.262180
0.005549 0.025181
1
445.416722 317.518054
5.295000 9.953000 12.082942 20 2
0.065880 0.000000 0.000000 0.000000 0.416707
-0.000580 0.012358
2
393.710571 204.368170
5.295000 9.953000 12.082942 24 1
0.065880 0.000000 0.000000 0.000000 0.326638
0.003455 0.031115
1
66.768072 210.742549
5.295000 9.953000 12.082942 20 2
0.065880 0.000000 0.000000 0.000000 0.249734
0.007774 0.015712
1
386.697396 232.016653
5.295000 9.953000 12.082942 20 2
0.065880 0.000000 0.000000 0.000000 0.356155
-0.004558 0.024382
1
211.059887 239.427679
5.295000 9.953000 12.082942 20 2
0.065880 0.000000 0.000000 0.000000 0.281573
0.004648 0.000965
2
342.706543 244.981758
5.295000 9.953000 12.082942 21 1
0.065880 0.000000 0.000000 0.000000 0.461498
0.000009 -0.002392
1
204.255397 268.032706
5.295000 9.953000 12.082942 20 2
0.065880 0.000000 0.000000 0.000000 0.202902
0.006749 0.002166
1
416.526468 377.018021
5.295000 9.953000 12.082942 20 2
0.065880 0.000000 0.000000 0.000000 0.420300
0.009361 0.007607
1
449.696670 393.110502
5.295000 9.953000 12.082942 20 2
0.065880 0.000000 0.000000 0.000000 0.388470
0.012414 -0.004318
1
276.703227 197.360720
5.295000 9.953000 12.082942 20 2
0.065880 0.000000 0.000000 0.000000 0.251799
-0.005550 -0.016873
1
310.036762 413.933639
5.295000 9.953000 12.082942 20 2
0.065880 0.000000 0.000000 0.000000 0.381085
0.007803 0.016285
1
172.993753 93.599664
5.295000 9.953000 12.082942 20 2
0.065880 0.000000 0.000000 0.000000 0.244201
0.010210 -0.013702
1
197.360456 33.396172
5.295000 9.953000 12.082942 20 2
0.065880 0.000000 0.000000 0.000000 0.245434
-0.001686 -0.003435
1
122.181081 382.265218
5.295000 9.953000 12.082942 20 2
0.065880 0.000000 0.000000 0.000000 0.226357
-0.013506 0.013610
1
278.723739 149.291329
5.295000 9.953000 12.082942 20 2
0.065880 0.000000 0.000000 0.000000 0.234250
0.006310 -0.012631
1
336.890342 297.525325
5.295000 9.953000 12.082942 20 2
0.065880 0.000000 0.000000 0.000000 0.248238
0.010428 -0.005605
2
206.266419 223.382072
5.295000 9.953000 12.082942 21 1
0.065880 0.000000 0.000000 0.000000 0.293010
0.003671 -0.001179
1
111.785692 196.325792
5.295000 9.953000 12.082942 20 2
0.065880 0.000000 0.000000 0.000000 0.215798
-0.017556 -0.006525
1
293.280103 139.029666
5.295000 9.953000 12.082942 20 2
0.065880 0.000000 0.000000 0.000000 0.293447
0.026813 0.004001
2
115.695876 443.736906
5.295000 9.953000 12.082942 23 1
0.065880 0.000000 0.000000 0.000000 0.414028
-0.015326 0.018707
1
311.790073 338.606591
5.295000 9.953000 12.082942 20 2
0.065880 0.000000 0.000000 0.000000 0.238296
0.010927 0.000893
1
346.573555 262.998397
5.295000 9.953000 12.082942 21 2
0.065880 0.000000 0.000000 0.000000 0.468653
0.013831 -0.005688
2
64.591234 192.981158
5.295000 9.953000 12.082942 23 1
0.065880 0.000000 0.000000 0.000000 0.224345
-0.020774 0.006391
1
96.241019 207.694674
5.295000 9.953000 12.082942 21 2
0.065880 0.000000 0.000000 0.000000 0.210743
-0.013568 -0.003128
1
47.999762 239.796646
5.295000 9.953000 12.082942 21 2
0.065880 0.000000 0.000000 0.000000 0.235688
-0.022705 -0.011097
1
477.728537 194.353314
5.295000 9.953000 12.082942 21 2
0.065880 0.000000 0.000000 0.000000 0.514781
0.009230 0.008426
1
89.163988 84.729471
5.295000 9.953000 12.082942 21 2
0.065880 0.000000 0.000000 0.000000 0.304109
-0.013353 -0.009557
1
211.497930 430.971465
5.295000 9.953000 12.082942 21 2
0.065880 0.000000 0.000000 0.000000 0.240456
0.001553 0.015570
1
443.368596 351.956023
5.295000 9.953000 12.082942 21 2
0.065880 0.000000 0.000000 0.000000 0.270728
0.008620 0.006616
1
177.725908 233.564811
5.295000 9.953000 12.082942 21 2
0.065880 0.000000 0.000000 0.000000 0.219022
-0.001375 -0.004218
1
459.126297 153.643696
5.295000 9.953000 12.082942 21 2
0.065880 0.000000 0.000000 0.000000 0.353049
0.015245 0.005736
1
433.890050 382.860258
5.295000 9.953000 12.082942 21 2
0.065880 0.000000 0.000000 0.000000 0.299124
0.008816 0.003533
1
352.176044 174.319067
5.295000 9.953000 12.082942 21 2
0.065880 0.000000 0.000000 0.000000 0.262157
0.009581 0.002573
1
253.502273 311.268850
5.295000 9.953000 12.082942 21 2
0.065880 0.000000 0.000000 0.000000 0.256141
0.006345 -0.005646
1
259.836076 294.786123
5.295000 9.953000 12.082942 21 2
0.065880 0.000000 0.000000 0.000000 0.231829
0.014999 0.005148
1
205.460615 90.041437
5.295000 9.953000 12.082942 21 2
0.065880 0.000000 0.000000 0.000000 0.273951
0.003286 -0.017053
1
137.497728 374.066133
5.295000 9.953000 12.082942 21 2
0.065880 0.000000 0.000000 0.000000 0.222489
-0.017058 0.004821
1
156.250878 88.159278
5.295000 9.953000 12.082942 21 2
0.065880 0.000000 0.000000 0.000000 0.217976
0.012586 -0.008025
1
244.077072 473.122292
5.295000 9.953000 12.082942 21 2
0.065880 0.000000 0.000000 0.000000 0.233699
-0.001013 0.022086
1
261.633178 470.252881
5.295000 9.953000 12.082942 21 2
0.065880 0.000000 0.000000 0.000000 0.237599
0.004334 0.021015
1
145.243034 181.156358
5.295000 9.953000 12.082942 21 2
0.065880 0.000000 0.000000 0.000000 0.215331
-0.003711 -0.014080
1
154.011120 70.993710
5.295000 9.953000 12.082942 21 2
0.065880 0.000000 0.000000 0.000000 0.226016
-0.004188 -0.022542
1
249.082491 261.797742
5.295000 9.953000 12.082942 21 2
0.065880 0.000000 0.000000 0.000000 0.226476
0.013880 0.006106
1
103.775219 272.012539
5.295000 9.953000 12.082942 21 2
0.065880 0.000000 0.000000 0.000000 0.246878
-0.002975 0.012305
1
289.096917 96.722157
5.295000 9.953000 12.082942 21 2
0.065880 0.000000 0.000000 0.000000 0.394962
0.018294 -0.025219
1
419.895325 71.433306
5.295000 9.953000 12.082942 21 2
0.065880 0.000000 0.000000 0.000000 0.352243
0.014992 -0.019612
1
229.871376 338.723256
5.295000 9.953000 12.082942 21 2
0.065880 0.000000 0.000000 0.000000 0.223809
0.004371 0.009149
1
132.584598 129.592382
5.295000 9.953000 12.082942 21 2
0.065880 0.000000 0.000000 0.000000 0.239714
-0.008334 -0.028443
1
419.849698 249.978527
5.295000 9.953000 12.082942 21 2
0.065880 0.000000 0.000000 0.000000 0.310644
0.031094 -0.000585
1
266.138887 160.975547
5.295000 9.953000 12.082942 21 2
0.065880 0.000000 0.000000 0.000000 0.234909
0.005962 -0.008499
1
63.080332 408.290103
5.295000 9.953000 12.082942 21 2
0.065880 0.000000 0.000000 0.000000 0.489038
-0.020574 0.014092
1
194.248579 460.859692
5.295000 9.953000 12.082942 21 2
0.065880 0.000000 0.000000 0.000000 0.342655
-0.005051 0.016155
1
132.146138 149.296016
5.295000 9.953000 12.082942 21 2
0.065880 0.000000 0.000000 0.000000 0.233572
-0.007234 -0.016241
1
75.867557 118.056743
5.295000 9.953000 12.082942 21 2
0.065880 0.000000 0.000000 0.000000 0.241368
-0.015629 -0.012770
1
279.110469 341.322453
5.295000 9.953000 12.082942 21 2
0.065880 0.000000 0.000000 0.000000 0.240599
0.012101 0.007204
1
178.091827 294.578902
5.295000 9.953000 12.082942 21 2
0.065880 0.000000 0.000000 0.000000 0.227655
0.004050 0.000222
1
278.476148 403.176852
5.295000 9.953000 12.082942 21 2
0.065880 0.000000 0.000000 0.000000 0.250024
0.003267 0.006462
1
418.321336 293.224204
5.295000 9.953000 12.082942 21 2
0.065880 0.000000 0.000000 0.000000 0.434903
0.013223 0.006995
2
443.102094 186.463527
5.295000 9.953000 12.082942 22 1
0.065880 0.000000 0.000000 0.000000 0.461152
0.010508 -0.006336
1
242.422281 185.425882
5.295000 9.953000 12.082942 21 2
0.065880 0.000000 0.000000 0.000000 0.232212
0.007234 0.000485
1
130.217373 30.919688
5.295000 9.953000 12.082942 21 2
0.065880 0.000000 0.000000 0.000000 0.502274
-0.011233 0.006446
1
212.478982 125.632677
5.295000 9.953000 12.082942 21 2
0.065880 0.000000 0.000000 0.000000 0.305015
-0.003856 -0.004350
1
299.536056 81.009674
5.295000 9.953000 12.082942 21 2
0.065880 0.000000 0.000000 0.000000 0.511550
-0.008009 -0.024635
1
142.454920 420.481599
5.295000 9.953000 12.082942 22 2
0.065880 0.000000 0.000000 0.000000 0.245250
-0.009184 0.019065
1
299.635706 218.548273
5.295000 9.953000 12.082942 22 2
0.065880 0.000000 0.000000 0.000000 0.285903
-0.004902 -0.005129
1
459.939934 214.950003
5.295000 9.953000 12.082942 22 2
0.065880 0.000000 0.000000 0.000000 0.360958
0.012280 -0.007496
1
26.004384 354.690581
5.295000 9.953000 12.082942 22 2
0.065880 0.000000 0.000000 0.000000 0.826380
-0.019229 0.020808
1
334.672943 381.240512
5.295000 9.953000 12.082942 22 2
0.065880 0.000000 0.000000 0.000000 0.317125
0.012128 -0.013021
1
47.320544 190.744161
5.295000 9.953000 12.082942 22 2
0.065880 0.000000 0.000000 0.000000 0.246905
-0.028656 0.012491
1
215.505307 400.526428
5.295000 9.953000 12.082942 22 2
0.065880 0.000000 0.000000 0.000000 0.228556
-0.005926 0.013864
1
53.172116 316.876840
5.295000 9.953000 12.082942 22 2
0.065880 0.000000 0.000000 0.000000 0.272077
-0.027444 0.001882
1
194.369391 337.706833
5.295000 9.953000 12.082942 22 2
0.065880 0.000000 0.000000 0.000000 0.278044
-0.000500 0.009937
1
174.389290 173.182162
5.295000 9.953000 12.082942 22 2
0.065880 0.000000 0.000000 0.000000 0.198769
0.005609 0.000204
1
474.719664 232.023757
5.295000 9.953000 12.082942 22 2
0.065880 0.000000 0.000000 0.000000 0.456903
0.003945 -0.003021
1
128.063157 221.278705
5.295000 9.953000 12.082942 22 2
0.065880 0.000000 0.000000 0.000000 0.206651
-0.005256 -0.009698
1
482.504885 312.564302
5.295000 9.953000 12.082942 22 2
0.065880 0.000000 0.000000 0.000000 0.272457
-0.000512 0.002603
1
106.261659 392.329094
5.295000 9.953000 12.082942 22 2
0.065880 0.000000 0.000000 0.000000 0.250674
-0.012165 0.014999
1
207.735413 481.260345
5.295000 9.953000 12.082942 22 2
0.065880 0.000000 0.000000 0.000000 0.269160
-0.001799 0.019986
1
311.594063 53.844165
5.295000 9.953000 12.082942 22 2
0.065880 0.000000 0.000000 0.000000 0.521809
0.002335 0.002323
1
287.385359 309.058179
5.295000 9.953000 12.082942 22 2
0.065880 0.000000 0.000000 0.000000 0.286781
0.016917 0.006435
1
410.472810 117.275031
5.295000 9.953000 12.082942 22 2
0.065880 0.000000 0.000000 0.000000 0.297232
0.005590 -0.019300
1
49.474861 395.597300
5.295000 9.953000 12.082942 23 2
0.065880 0.000000 0.000000 0.000000 0.482231
-0.017537 0.012309
1
427.176071 177.895822
5.295000 9.953000 12.082942 23 2
0.065880 0.000000 0.000000 0.000000 0.273835
0.013035 -0.012160
1
330.649651 146.117734
5.295000 9.953000 12.082942 23 2
0.065880 0.000000 0.000000 0.000000 0.297207
0.002786 -0.009621
1
456.460388 235.790562
5.295000 9.953000 12.082942 23 2
0.065880 0.000000 0.000000 0.000000 0.329407
0.003020 0.010784
1
283.370407 437.763400
5.295000 9.953000 12.082942 23 2
0.065880 0.000000 0.000000 0.000000 0.261034
0.004891 0.007262
1
392.781448 144.283345
5.295000 9.953000 12.082942 23 2
0.065880 0.000000 0.000000 0.000000 0.227414
0.016837 -0.003334
2
492.962079 296.471221
5.295000 9.953000 12.082942 24 1
0.065880 0.000000 0.000000 0.000000 0.374732
0.008975 0.003376
1
29.716766 243.280103
5.295000 9.953000 12.082942 23 2
0.065880 0.000000 0.000000 0.000000 0.235887
-0.020272 -0.012566
1
63.077541 301.948816
5.295000 9.953000 12.082942 23 2
0.065880 0.000000 0.000000 0.000000 0.263906
-0.019718 0.001985
1
164.386144 355.987494
5.295000 9.953000 12.082942 23 2
0.065880 0.000000 0.000000 0.000000 0.240096
-0.003643 0.011935
1
105.847741 375.134016
5.295000 9.953000 12.082942 23 2
0.065880 0.000000 0.000000 0.000000 0.220287
-0.011776 0.012803
1
173.112280 217.420255
5.295000 9.953000 12.082942 23 2
0.065880 0.000000 0.000000 0.000000 0.226707
-0.001941 -0.005495
1
179.730247 188.746098
5.295000 9.953000 12.082942 23 2
0.065880 0.000000 0.000000 0.000000 0.198677
0.002489 -0.007407
1
375.655165 141.459413
5.295000 9.953000 12.082942 23 2
0.065880 0.000000 0.000000 0.000000 0.269589
0.012039 0.006393
1
244.430620 245.786195
5.295000 9.953000 12.082942 23 2
0.065880 0.000000 0.000000 0.000000 0.236051
0.009091 0.005512
1
144.887591 226.032343
5.295000 9.953000 12.082942 23 2
0.065880 0.000000 0.000000 0.000000 0.206116
-0.006486 -0.004890
1
196.063861 132.218663
5.295000 9.953000 12.082942 23 2
0.065880 0.000000 0.000000 0.000000 0.229782
-0.005667 -0.002666
1
165.541692 246.481881
5.295000 9.953000 12.082942 23 2
0.065880 0.000000 0.000000 0.000000 0.201696
-0.001220 0.000799
1
220.053716 447.113632
5.295000 9.953000 12.082942 23 2
0.065880 0.000000 0.000000 0.000000 0.250904
0.001545 0.011532
1
351.259927 370.796042
5.295000 9.953000 12.082942 23 2
0.065880 0.000000 0.000000 0.000000 0.438073
0.017361 -0.015502
1
374.889420 92.173284
5.295000 9.953000 12.082942 23 2
0.065880 0.000000 0.000000 0.000000 0.311188
0.006288 -0.013971
1
97.712669 224.558436
5.295000 9.953000 12.082942 23 2
0.065880 0.000000 0.000000 0.000000 0.218752
-0.004134 0.001958
1
58.360523 253.441536
5.295000 9.953000 12.082942 23 2
0.065880 0.000000 0.000000 0.000000 0.217846
-0.027134 -0.001806
1
349.293145 311.210229
5.295000 9.953000 12.082942 23 2
0.065880 0.000000 0.000000 0.000000 0.291392
0.013464 -0.007484
1
65.349555 333.422358
5.295000 9.953000 12.082942 24 2
0.065880 0.000000 0.000000 0.000000 0.282140
-0.020778 0.007685
1
127.384581 293.217102
5.295000 9.953000 12.082942 24 2
0.065880 0.000000 0.000000 0.000000 0.231022
0.012936 -0.018212
1
73.407374 146.460337
5.295000 9.953000 12.082942 24 2
0.065880 0.000000 0.000000 0.000000 0.241003
-0.020795 -0.008203
1
303.680191 279.158741
5.295000 9.953000 12.082942 24 2
0.065880 0.000000 0.000000 0.000000 0.235112
0.011573 -0.001293
1
385.012380 381.234120
5.295000 9.953000 12.082942 24 2
0.065880 0.000000 0.000000 0.000000 0.276838
-0.001854 -0.007840
1
191.448669 175.945762
5.295000 9.953000 12.082942 24 2
0.065880 0.000000 0.000000 0.000000 0.202073
0.006197 -0.006037
1
10.821963 246.699953
5.295000 9.953000 12.082942 24 2
0.065880 0.000000 0.000000 0.000000 0.247422
-0.030515 -0.000654
1
270.029335 280.153576
5.295000 9.953000 12.082942 24 2
0.065880 0.000000 0.000000 0.000000 0.248823
0.011735 0.011539
1
29.353189 310.401494
5.295000 9.953000 12.082942 24 2
0.065880 0.000000 0.000000 0.000000 0.469547
-0.015595 0.003216
1
149.083664 242.744261
5.295000 9.953000 12.082942 24 2
0.065880 0.000000 0.000000 0.000000 0.209085
-0.007013 -0.004345
1
265.259999 209.549167
5.295000 9.953000 12.082942 24 2
0.065880 0.000000 0.000000 0.000000 0.241399
-0.002939 -0.012458
1
472.551876 177.133498
5.295000 9.953000 12.082942 24 2
0.065880 0.000000 0.000000 0.000000 0.652426
0.034147 -0.001321
1
218.087608 210.264239
5.295000 9.953000 12.082942 24 2
0.065880 0.000000 0.000000 0.000000 0.302535
0.004978 0.000528
1
306.145222 355.152685
5.295000 9.953000 12.082942 24 2
0.065880 0.000000 0.000000 0.000000 0.252771
0.017005 0.007908
5
357.304170 27.467116
5.195070 9.765163 11.854907 7 1
0.065880 0.000000 0.000000 0.000000 0.473968
-0.009878 -0.008660
5
245.702774 342.571391
5.195070 9.765163 11.854907 7 1
0.065880 0.000000 0.000000 0.000000 0.234228
0.009412 -0.003591
5
164.232383 394.640092
5.195070 9.765163 11.854907 7 1
0.065880 0.000000 0.000000 0.000000 0.225589
-0.017074 -0.000150
5
381.373365 214.908438
5.195070 9.765163 11.854907 7 1
0.065880 0.000000 0.000000 0.000000 0.387806
-0.009274 0.029386
5
136.727079 269.484799
5.195070 9.765163 11.854907 7 1
0.065880 0.000000 0.000000 0.000000 0.316663
-0.016706 0.004098
5
378.107891 173.602367
5.195070 9.765163 11.854907 7 1
0.065880 0.000000 0.000000 0.000000 0.238062
0.009932 0.009035
5
393.749925 431.563793
5.195070 9.765163 11.854907 7 1
0.065880 0.000000 0.000000 0.000000 0.262424
0.029308 0.007201
5
122.000288 398.764040
5.195070 9.765163 11.854907 7 1
0.065880 0.000000 0.000000 0.000000 0.223025
-0.011445 0.016872
5
124.916846 205.397683
5.195070 9.765163 11.854907 7 1
0.065880 0.000000 0.000000 0.000000 0.228701
-0.007925 -0.011822
5
106.474909 256.105526
5.195070 9.765163 11.854907 7 1
0.065880 0.000000 0.000000 0.000000 0.240003
-0.018060 0.010335
5
228.319198 432.095318
5.195070 9.765163 11.854907 7 1
0.065880 0.000000 0.000000 0.000000 0.234842
0.011846 0.008822
5
351.048682 412.687915
5.195070 9.765163 11.854907 7 1
0.065880 0.000000 0.000000 0.000000 0.233467
0.004764 0.008358
5
147.530125 119.635283
5.195070 9.765163 11.854907 7 1
0.065880 0.000000 0.000000 0.000000 0.254811
0.036232 -0.012887
5
19.392490 181.623762
5.195070 9.765163 11.854907 7 1
0.065880 0.000000 0.000000 0.000000 0.349294
-0.021373 -0.009076
5
232.590949 258.501328
5.195070 9.765163 11.854907 7 1
0.065880 0.000000 0.000000 0.000000 0.230994
0.010932 0.004404
5
203.751238 368.679876
5.195070 9.765163 11.854907 7 1
0.065880 0.000000 0.000000 0.000000 0.250246
-0.004506 0.009959
5
283.195029 12.986686
5.195070 9.765163 11.854907 7 1
0.065880 0.000000 0.000000 0.000000 0.419013
0.001694 0.000043
5
166.154001 338.902205
5.195070 9.765163 11.854907 7 1
0.065880 0.000000 0.000000 0.000000 0.228957
-0.003909 0.010399
5
319.894972 177.222222
5.195070 9.765163 11.854907 7 1
0.065880 0.000000 0.000000 0.000000 0.330362
-0.007906 -0.008213
5
64.050463 363.079063
5.091141 9.569807 11.617745 8 1
0.065880 0.000000 0.000000 0.000000 0.265698
-0.016140 0.009872
5
350.918862 44.874822
5.091141 9.569807 11.617745 8 1
0.065880 0.000000 0.000000 0.000000 0.464086
0.003419 -0.002661
5
178.532798 311.415398
5.091141 9.569807 11.617745 8 1
0.065880 0.000000 0.000000 0.000000 0.247069
-0.005339 0.002927
5
135.188914 193.912172
5.091141 9.569807 11.617745 8 1
0.065880 0.000000 0.000000 0.000000 0.224466
-0.006144 -0.010042
5
148.147922 461.316770
5.091141 9.569807 11.617745 8 1
0.065880 0.000000 0.000000 0.000000 0.307330
-0.006714 0.001483
5
151.366973 312.946856
5.091141 9.569807 11.617745 8 1
0.065880 0.000000 0.000000 0.000000 0.289185
-0.008619 0.003875
5
377.896283 108.789081
5.091141 9.569807 11.617745 8 1
0.065880 0.000000 0.000000 0.000000 0.326691
-0.018748 -0.004805
5
198.866004 55.297989
5.091141 9.569807 11.617745 8 1
0.065880 0.000000 0.000000 0.000000 0.277391
-0.000129 -0.017085
5
40.943824 282.578246
5.091141 9.569807 11.617745 8 1
0.065880 0.000000 0.000000 0.000000 0.250520
-0.022733 0.001712
5
156.917169 169.631462
5.091141 9.569807 11.617745 8 1
0.065880 0.000000 0.000000 0.000000 0.209645
-0.001943 -0.007969
5
400.696984 340.194403
5.091141 9.569807 11.617745 8 1
0.065880 0.000000 0.000000 0.000000 0.400595
0.003099 0.000960
5
222.923810 58.896372
5.091141 9.569807 11.617745 8 1
0.065880 0.000000 0.000000 0.000000 0.316858
0.003622 -0.009528
5
213.415399 194.332174
5.091141 9.569807 11.617745 8 1
0.065880 0.000000 0.000000 0.000000 0.229187
0.006684 -0.001877
5
343.829513 428.936142
5.091141 9.569807 11.617745 8 1
0.065880 0.000000 0.000000 0.000000 0.225942
0.004752 -0.021971
5
363.268506 119.377719
5.091141 9.569807 11.617745 8 1
0.065880 0.000000 0.000000 0.000000 0.439464
0.011268 -0.023836
5
335.608516 170.205597
5.091141 9.569807 11.617745 8 1
0.065880 0.000000 0.000000 0.000000 0.352971
0.005511 0.013111
5
89.977207 348.988192
5.091141 9.569807 11.617745 8 1
0.065880 0.000000 0.000000 0.000000 0.229070
-0.013519 0.009135
5
383.038107 342.786219
4.982786 9.366132 11.370484 9 1
0.065880 0.000000 0.000000 0.000000 0.541319
0.003166 0.003519
5
270.874806 226.758017
4.982786 9.366132 11.370484 9 1
0.065880 0.000000 0.000000 0.000000 0.228961
0.003458 -0.002844
5
151.837860 53.997257
4.982786 9.366132 11.370484 9 1
0.065880 0.000000 0.000000 0.000000 0.248844
-0.007139 -0.017749
5
269.923030 101.235072
4.982786 9.366132 11.370484 9 1
0.065880 0.000000 0.000000 0.000000 0.334904
-0.008602 -0.023873
5
328.226146 334.679599
4.982786 9.366132 11.370484 9 1
0.065880 0.000000 0.000000 0.000000 0.278049
0.013181 0.000808
5
207.027213 311.309338
4.982786 9.366132 11.370484 9 1
0.065880 0.000000 0.000000 0.000000 0.229794
-0.000427 0.007538
5
437.770863 239.341222
4.982786 9.366132 11.370484 9 1
0.065880 0.000000 0.000000 0.000000 0.361989
-0.006790 -0.004502
5
240.173577 56.486083
4.982786 9.366132 11.370484 9 1
0.065880 0.000000 0.000000 0.000000 0.346007
0.007888 -0.002555
5
105.730250 90.349676
4.982786 9.366132 11.370484 9 1
0.065880 0.000000 0.000000 0.000000 0.353993
-0.011441 -0.019157
5
295.432176 340.653086
4.982786 9.366132 11.370484 9 1
0.065880 0.000000 0.000000 0.000000 0.228430
0.012601 0.004853
5
393.986250 163.349460
4.869501 9.153191 11.111974 10 1
0.065880 0.000000 0.000000 0.000000 0.224500
0.021378 -0.003557
5
210.010624 282.097988
4.869501 9.153191 11.111974 10 1
0.065880 0.000000 0.000000 0.000000 0.224217
0.008984 0.003402
5
288.820886 479.512383
4.869501 9.153191 11.111974 10 1
0.065880 0.000000 0.000000 0.000000 0.280548
0.002510 0.034739
5
112.644886 426.552607
4.869501 9.153191 11.111974 10 1
0.065880 0.000000 0.000000 0.000000 0.258115
-0.015987 0.019069
5
423.785668 160.106273
4.869501 9.153191 11.111974 10 1
0.065880 0.000000 0.000000 0.000000 0.242934
0.020549 -0.000621
5
276.541972 243.114993
4.869501 9.153191 11.111974 10 1
0.065880 0.000000 0.000000 0.000000 0.282154
0.007153 0.007536
5
459.613058 117.762749
4.869501 9.153191 11.111974 10 1
0.065880 0.000000 0.000000 0.000000 0.542331
0.011322 0.001576
5
262.793833 400.826146
4.869501 9.153191 11.111974 10 1
0.065880 0.000000 0.000000 0.000000 0.241666
-0.003514 0.006332
5
126.480912 332.516956
4.750685 8.929853 10.840841 11 1
0.065880 0.000000 0.000000 0.000000 0.209015
-0.007873 0.015893
5
119.327037 137.710006
4.750685 8.929853 10.840841 11 1
0.065880 0.000000 0.000000 0.000000 0.239461
-0.002284 -0.015505
5
234.385213 372.125364
4.750685 8.929853 10.840841 11 1
0.065880 0.000000 0.000000 0.000000 0.249757
0.000492 0.004256
5
135.378602 356.238369
4.750685 8.929853 10.840841 11 1
0.065880 0.000000 0.000000 0.000000 0.236298
-0.001502 0.004694
5
110.024382 74.586195
4.750685 8.929853 10.840841 11 1
0.065880 0.000000 0.000000 0.000000 0.332927
-0.028299 -0.029436
5
162.425513 272.896079
4.750685 8.929853 10.840841 11 1
0.065880 0.000000 0.000000 0.000000 0.202070
-0.024424 0.004232
5
215.386853 147.570233
4.750685 8.929853 10.840841 11 1
0.065880 0.000000 0.000000 0.000000 0.361084
0.005006 -0.001964
5
310.083434 163.158343
4.750685 8.929853 10.840841 11 1
0.065880 0.000000 0.000000 0.000000 0.254930
0.011354 -0.016272
5
335.374066 413.986104
4.625609 8.694746 10.555422 12 1
0.065880 0.000000 0.000000 0.000000 0.290933
-0.006713 -0.020712
5
278.008334 467.458845
4.625609 8.694746 10.555422 12 1
0.065880 0.000000 0.000000 0.000000 0.240158
0.010470 0.020435
5
38.807051 343.667152
4.625609 8.694746 10.555422 12 1
0.065880 0.000000 0.000000 0.000000 0.434885
-0.022827 0.011637
5
241.313997 385.171232
4.625609 8.694746 10.555422 12 1
0.065880 0.000000 0.000000 0.000000 0.245477
0.006056 -0.001639
5
360.282793 139.596274
4.625609 8.694746 10.555422 12 1
0.065880 0.000000 0.000000 0.000000 0.432375
0.005895 0.017477
5
350.463498 127.982197
4.625609 8.694746 10.555422 12 1
0.065880 0.000000 0.000000 0.000000 0.393884
0.019970 -0.008193
5
321.508951 133.161232
4.625609 8.694746 10.555422 12 1
0.065880 0.000000 0.000000 0.000000 0.287235
0.000613 -0.005864
5
437.464614 133.300106
4.625609 8.694746 10.555422 12 1
0.065880 0.000000 0.000000 0.000000 0.292232
0.014950 -0.008943
5
237.198689 419.616261
4.493375 8.446188 10.253672 13 1
0.065880 0.000000 0.000000 0.000000 0.231767
-0.010933 -0.013750
5
250.895736 111.579430
4.493375 8.446188 10.253672 13 1
0.065880 0.000000 0.000000 0.000000 0.287863
0.003678 -0.001398
5
412.161669 86.254103
4.493375 8.446188 10.253672 13 1
0.065880 0.000000 0.000000 0.000000 0.286752
-0.000446 -0.024566
5
350.597674 386.304682
4.493375 8.446188 10.253672 13 1
0.065880 0.000000 0.000000 0.000000 0.359907
0.019936 -0.011466
5
104.250895 343.427665
4.493375 8.446188 10.253672 13 1
0.065880 0.000000 0.000000 0.000000 0.217953
-0.011140 0.010108
5
52.461165 205.330009
4.352864 8.182070 9.933032 14 1
0.065880 0.000000 0.000000 0.000000 0.240337
0.016033 0.002870
5
404.587121 194.251035
4.352864 8.182070 9.933032 14 1
0.065880 0.000000 0.000000 0.000000 0.266993
-0.011674 -0.002165
5
136.454135 48.934250
4.352864 8.182070 9.933032 14 1
0.065880 0.000000 0.000000 0.000000 0.343072
-0.004482 -0.016133
5
357.420069 237.393871
4.352864 8.182070 9.933032 14 1
0.065880 0.000000 0.000000 0.000000 0.443738
-0.014553 0.053735
5
323.256628 88.106978
4.352864 8.182070 9.933032 14 1
0.065880 0.000000 0.000000 0.000000 0.384346
-0.007723 -0.013495
5
163.362543 118.936253
4.352864 8.182070 9.933032 14 1
0.065880 0.000000 0.000000 0.000000 0.240755
-0.051604 0.108191
5
299.370379 110.470565
4.352864 8.182070 9.933032 14 1
0.065880 0.000000 0.000000 0.000000 0.310893
-0.005637 0.006129
5
446.344503 335.535755
4.352864 8.182070 9.933032 14 1
0.065880 0.000000 0.000000 0.000000 0.318047
0.006208 0.000664
5
338.203592 102.979625
4.352864 8.182070 9.933032 14 1
0.065880 0.000000 0.000000 0.000000 0.389705
-0.005296 -0.021584
5
321.141173 450.072232
4.352864 8.182070 9.933032 14 1
0.065880 0.000000 0.000000 0.000000 0.232531
-0.006941 0.001643
5
460.851021 361.385528
3.744130 7.037834 8.543930 15 1
0.065880 0.000000 0.000000 0.000000 0.355911
0.003602 -0.001196
5
192.889382 475.912354
3.744130 7.037834 8.543930 15 1
0.065880 0.000000 0.000000 0.000000 0.303851
0.002993 0.022704
5
256.702980 486.104186
3.744130 7.037834 8.543930 15 1
0.065880 0.000000 0.000000 0.000000 0.242764
-0.015673 -0.005049
5
132.562241 96.931086
3.744130 7.037834 8.543930 15 1
0.065880 0.000000 0.000000 0.000000 0.262327
-0.007985 -0.023044
