500.000000 500.000000
654 54
199 654
1
376.944927 284.497546
5.295000 9.953000 12.082942 46 2
0.065880 0.000000 0.000000 0.000000 0.049747
0.002306 -0.000060
4
415.184331 402.678648
5.295000 9.953000 12.082942 38 1
0.000000 0.000000 0.000000 0.000000 0.098843
0.003703 0.013471
1
352.312040 378.780378
5.295000 9.953000 12.082942 20 2
0.065880 0.000000 0.000000 0.000000 0.057090
0.002250 0.002956
1
213.139454 350.558941
5.295000 9.953000 12.082942 0 1
0.065880 0.000000 0.000000 0.000000 0.044924
-0.001354 0.002843
4
257.787119 429.886793
5.295000 9.953000 12.082942 44 1
0.000000 0.000000 0.000000 0.000000 0.059008
-0.000554 0.005359
4
57.310169 352.658441
5.295000 9.953000 12.082942 38 1
0.000000 0.000000 0.000000 0.000000 0.102156
-0.004439 0.003827
4
335.909379 257.377310
5.295000 9.953000 12.082942 40 1
0.000000 0.000000 0.000000 0.000000 0.087414
-0.000975 -0.001055
4
180.979670 315.405173
5.295000 9.953000 12.082942 41 1
0.000000 0.000000 0.000000 0.000000 0.063606
-0.003127 0.001837
4
120.261402 349.271845
5.295000 9.953000 12.082942 44 1
0.000000 0.000000 0.000000 0.000000 0.046135
-0.003766 0.002386
4
238.572907 53.303635
5.295000 9.953000 12.082942 52 1
0.000000 0.000000 0.000000 0.000000 0.072438
-0.000018 -0.009721
1
14.193061 206.134344
5.295000 9.953000 12.082942 32 2
0.065880 0.000000 0.000000 0.000000 0.073465
-0.004361 -0.001837
1
458.713333 159.608937
5.295000 9.953000 12.082942 23 2
0.065880 0.000000 0.000000 0.000000 0.084904
0.005534 -0.003145
4
248.268313 319.376554
5.295000 9.953000 12.082942 42 1
0.000000 0.000000 0.000000 0.000000 0.046922
-0.001293 0.003170
1
130.588258 302.074863
5.295000 9.953000 12.082942 40 2
0.065880 0.000000 0.000000 0.000000 0.046195
-0.004065 0.001331
1
94.171105 137.371779
5.295000 9.953000 12.082942 29 2
0.065880 0.000000 0.000000 0.000000 0.052263
-0.005139 -0.003460
1
153.999282 442.950616
5.295000 9.953000 12.082942 22 2
0.065880 0.000000 0.000000 0.000000 0.084629
-0.002376 0.003872
4
423.429266 124.108631
5.295000 9.953000 12.082942 49 1
0.000000 0.000000 0.000000 0.000000 0.082529
0.004475 -0.003161
1
376.840918 39.762739
5.295000 9.953000 12.082942 0 1
0.065880 0.000000 0.000000 0.000000 0.291293
-0.002806 0.010955
4
238.742151 129.587014
5.295000 9.953000 12.082942 53 1
0.000000 0.000000 0.000000 0.000000 0.095569
0.000955 -0.004011
4
407.060185 294.092609
5.295000 9.953000 12.082942 53 1
0.000000 0.000000 0.000000 0.000000 0.073472
0.006666 0.000492
1
260.067730 284.331569
5.295000 9.953000 12.082942 41 2
0.065880 0.000000 0.000000 0.000000 0.033487
-0.000829 0.000246
4
323.682001 133.049086
5.295000 9.953000 12.082942 37 1
0.000000 0.000000 0.000000 0.000000 0.074844
0.003125 -0.003563
1
305.561270 293.409606
5.295000 9.953000 12.082942 19 2
0.065880 0.000000 0.000000 0.000000 0.044508
0.005947 0.002259
4
240.691346 366.318143
5.295000 9.953000 12.082942 34 1
0.000000 0.000000 0.000000 0.000000 0.085614
-0.000604 0.003748
1
340.531621 441.060748
5.295000 9.953000 12.082942 30 2
0.065880 0.000000 0.000000 0.000000 0.042868
0.002346 0.005479
1
193.652201 412.939168
5.295000 9.953000 12.082942 0 1
0.065880 0.000000 0.000000 0.000000 0.036827
-0.001552 0.005191
1
427.126396 178.907968
5.295000 9.953000 12.082942 32 2
0.065880 0.000000 0.000000 0.000000 0.058571
0.005897 -0.003245
4
435.576558 362.652861
5.295000 9.953000 12.082942 50 1
0.000000 0.000000 0.000000 0.000000 0.107248
0.002569 0.005196
1
466.229132 216.884434
5.295000 9.953000 12.082942 23 2
0.065880 0.000000 0.000000 0.000000 0.078105
0.006648 -0.003085
4
356.970314 463.110901
5.295000 9.953000 12.082942 50 1
0.000000 0.000000 0.000000 0.000000 0.110767
0.004353 0.006250
1
258.333233 462.047136
5.295000 9.953000 12.082942 23 2
0.065880 0.000000 0.000000 0.000000 0.058075
0.000669 0.005226
1
322.233267 389.219656
5.295000 9.953000 12.082942 20 2
0.065880 0.000000 0.000000 0.000000 0.044895
0.000880 0.005638
1
399.896404 263.684077
5.295000 9.953000 12.082942 37 2
0.065880 0.000000 0.000000 0.000000 0.054367
0.004917 -0.000922
1
63.708677 194.706802
5.295000 9.953000 12.082942 21 2
0.065880 0.000000 0.000000 0.000000 0.044272
-0.006339 -0.002019
1
249.487193 381.877826
5.295000 9.953000 12.082942 29 2
0.065880 0.000000 0.000000 0.000000 0.067513
-0.000551 0.004395
4
62.475512 212.888474
5.295000 9.953000 12.082942 33 1
0.000000 0.000000 0.000000 0.000000 0.090794
-0.003870 -0.001355
4
310.543699 402.718098
5.295000 9.953000 12.082942 44 1
0.000000 0.000000 0.000000 0.000000 0.069462
0.001327 0.005096
4
78.522552 165.957012
5.295000 9.953000 12.082942 46 1
0.000000 0.000000 0.000000 0.000000 0.064312
-0.005669 -0.002841
1
393.003540 234.456794
5.295000 9.953000 12.082942 52 2
0.065880 0.000000 0.000000 0.000000 0.065579
0.005654 -0.005008
4
104.812693 300.817478
5.295000 9.953000 12.082942 38 1
0.000000 0.000000 0.000000 0.000000 0.061055
-0.007185 0.002999
1
201.708892 95.374029
5.295000 9.953000 12.082942 0 1
0.065880 0.000000 0.000000 0.000000 0.050074
-0.002362 -0.008141
4
359.286054 286.489768
5.295000 9.953000 12.082942 45 1
0.000000 0.000000 0.000000 0.000000 0.068667
0.007153 -0.011099
4
377.360534 154.529033
5.295000 9.953000 12.082942 46 1
0.000000 0.000000 0.000000 0.000000 0.066227
0.002950 -0.002364
1
292.955180 478.559175
5.295000 9.953000 12.082942 30 2
0.065880 0.000000 0.000000 0.000000 0.053373
0.002098 0.006222
4
250.860286 115.935548
5.295000 9.953000 12.082942 39 1
0.000000 0.000000 0.000000 0.000000 0.080492
-0.002253 -0.005212
1
222.319315 366.278577
5.295000 9.953000 12.082942 0 1
0.065880 0.000000 0.000000 0.000000 0.041678
-0.000999 0.003543
4
319.696781 199.926250
5.295000 9.953000 12.082942 38 1
0.000000 0.000000 0.000000 0.000000 0.075072
0.002724 0.003596
1
388.734485 298.676765
5.295000 9.953000 12.082942 20 2
0.065880 0.000000 0.000000 0.000000 0.051819
0.005412 0.001549
4
77.996179 147.089753
5.295000 9.953000 12.082942 48 1
0.000000 0.000000 0.000000 0.000000 0.047641
-0.005414 -0.003202
1
311.127477 246.617737
5.295000 9.953000 12.082942 0 1
0.065880 0.000000 0.000000 0.000000 0.042822
0.006304 0.004557
1
482.130950 271.255484
5.295000 9.953000 12.082942 40 2
0.065880 0.000000 0.000000 0.000000 0.126790
0.008800 -0.000190
4
392.534177 144.417375
5.295000 9.953000 12.082942 38 1
0.000000 0.000000 0.000000 0.000000 0.062678
0.003611 -0.003072
1
151.863824 325.439826
5.295000 9.953000 12.082942 26 2
0.065880 0.000000 0.000000 0.000000 0.049782
-0.003880 0.001885
4
132.156541 206.697317
5.295000 9.953000 12.082942 34 1
0.000000 0.000000 0.000000 0.000000 0.057131
-0.004278 -0.000832
4
259.042154 365.992513
5.295000 9.953000 12.082942 32 1
0.000000 0.000000 0.000000 0.000000 0.088746
-0.000044 0.004149
4
420.839008 86.999578
5.295000 9.953000 12.082942 38 1
0.000000 0.000000 0.000000 0.000000 0.223142
0.004145 -0.003102
2
148.395976 474.604717
5.295000 9.953000 12.082942 48 1
0.065880 0.000000 0.000000 0.000000 0.234620
0.003571 0.004047
4
234.704097 303.631207
5.295000 9.953000 12.082942 47 1
0.000000 0.000000 0.000000 0.000000 0.053743
-0.001112 0.001257
4
14.989207 225.390277
5.295000 9.953000 12.082942 39 1
0.000000 0.000000 0.000000 0.000000 0.072946
-0.004369 -0.001831
1
109.229759 108.620395
5.295000 9.953000 12.082942 20 2
0.065880 0.000000 0.000000 0.000000 0.063279
-0.004515 -0.004322
4
401.786441 367.454520
5.295000 9.953000 12.082942 47 1
0.000000 0.000000 0.000000 0.000000 0.120325
0.003881 0.012868
4
490.863127 195.728119
5.295000 9.953000 12.082942 52 1
0.000000 0.000000 0.000000 0.000000 0.191690
0.007825 -0.000397
1
23.698106 336.806649
5.295000 9.953000 12.082942 30 2
0.065880 0.000000 0.000000 0.000000 0.215965
-0.003200 0.000888
4
139.653406 374.838517
5.295000 9.953000 12.082942 34 1
0.000000 0.000000 0.000000 0.000000 0.084320
-0.002914 0.003105
4
171.145399 118.865650
5.295000 9.953000 12.082942 42 1
0.000000 0.000000 0.000000 0.000000 0.050972
-0.005765 -0.003342
1
472.018137 307.549273
5.295000 9.953000 12.082942 40 2
0.065880 0.000000 0.000000 0.000000 0.061543
0.008024 0.001470
1
165.995766 395.237589
5.295000 9.953000 12.082942 25 2
0.065880 0.000000 0.000000 0.000000 0.048343
-0.002180 0.003920
4
88.962024 312.523750
5.295000 9.953000 12.082942 40 1
0.000000 0.000000 0.000000 0.000000 0.064719
-0.006794 0.002706
4
105.719421 66.149158
5.295000 9.953000 12.082942 42 1
0.000000 0.000000 0.000000 0.000000 0.206324
-0.005784 -0.001667
4
65.582544 249.992060
5.295000 9.953000 12.082942 39 1
0.000000 0.000000 0.000000 0.000000 0.077837
-0.004737 0.000033
1
211.725973 79.886148
5.295000 9.953000 12.082942 41 2
0.065880 0.000000 0.000000 0.000000 0.055574
0.007108 -0.002336
4
62.346162 157.243155
5.295000 9.953000 12.082942 33 1
0.000000 0.000000 0.000000 0.000000 0.053171
-0.005685 -0.002992
4
147.556404 307.277794
5.295000 9.953000 12.082942 37 1
0.000000 0.000000 0.000000 0.000000 0.050460
-0.003836 0.001465
4
18.636080 263.361099
5.295000 9.953000 12.082942 42 1
0.000000 0.000000 0.000000 0.000000 0.061417
-0.005447 -0.001061
1
171.178037 475.608033
5.295000 9.953000 12.082942 48 2
0.065880 0.000000 0.000000 0.000000 0.119522
-0.003400 0.005851
4
381.349768 189.902178
5.295000 9.953000 12.082942 45 1
0.000000 0.000000 0.000000 0.000000 0.066934
0.003828 -0.002172
4
117.709262 313.421956
5.295000 9.953000 12.082942 34 1
0.000000 0.000000 0.000000 0.000000 0.075442
-0.004831 0.001382
1
382.823338 207.170613
5.295000 9.953000 12.082942 25 2
0.065880 0.000000 0.000000 0.000000 0.063876
0.004709 -0.001993
1
197.418948 299.997936
5.295000 9.953000 12.082942 28 2
0.065880 0.000000 0.000000 0.000000 0.064520
-0.001949 0.001407
1
202.293587 429.086616
5.295000 9.953000 12.082942 42 2
0.065880 0.000000 0.000000 0.000000 0.039305
-0.001466 0.005858
4
264.953658 250.301633
5.295000 9.953000 12.082942 50 1
0.000000 0.000000 0.000000 0.000000 0.039954
-0.000437 -0.001503
2
462.937423 378.935834
5.295000 9.953000 12.082942 51 1
0.065880 0.000000 0.000000 0.000000 0.212117
0.007466 -0.000786
4
365.384754 412.750578
5.295000 9.953000 12.082942 44 1
0.000000 0.000000 0.000000 0.000000 0.056604
0.001972 0.004930
4
175.962711 346.921234
5.295000 9.953000 12.082942 43 1
0.000000 0.000000 0.000000 0.000000 0.056127
-0.003126 0.002286
4
405.372871 97.960623
5.295000 9.953000 12.082942 40 1
0.000000 0.000000 0.000000 0.000000 0.103885
0.002305 -0.004553
4
294.350722 278.512673
5.295000 9.953000 12.082942 41 1
0.000000 0.000000 0.000000 0.000000 0.066727
-0.000330 0.002459
4
425.004058 142.494874
5.295000 9.953000 12.082942 45 1
0.000000 0.000000 0.000000 0.000000 0.059757
0.004480 -0.003009
4
103.808039 282.303961
5.295000 9.953000 12.082942 46 1
0.000000 0.000000 0.000000 0.000000 0.061377
-0.004503 0.001931
1
473.380928 357.609207
5.295000 9.953000 12.082942 33 2
0.065880 0.000000 0.000000 0.000000 0.146273
0.004376 0.004523
1
379.400540 172.329142
5.295000 9.953000 12.082942 25 2
0.065880 0.000000 0.000000 0.000000 0.048749
0.002598 -0.002075
5
366.992124 334.474399
5.091141 9.569807 11.617745 38 1
0.065880 0.000000 0.000000 0.000000 0.111916
-0.038412 0.001884
1
113.805812 434.647684
5.295000 9.953000 12.082942 0 1
0.065880 0.000000 0.000000 0.000000 0.085237
-0.003286 0.003943
1
396.329468 450.809208
5.295000 9.953000 12.082942 25 2
0.065880 0.000000 0.000000 0.000000 0.206929
0.003886 0.003423
1
94.106901 426.340759
5.295000 9.953000 12.082942 25 2
0.065880 0.000000 0.000000 0.000000 0.108290
-0.003974 0.003785
1
155.254662 228.564127
5.295000 9.953000 12.082942 21 2
0.065880 0.000000 0.000000 0.000000 0.041980
-0.002592 -0.000677
1
457.208388 140.707081
5.295000 9.953000 12.082942 21 2
0.065880 0.000000 0.000000 0.000000 0.094845
0.005325 -0.002847
4
444.339037 378.574489
5.295000 9.953000 12.082942 44 1
0.000000 0.000000 0.000000 0.000000 0.119770
0.005699 0.005977
1
270.495019 39.685618
5.295000 9.953000 12.082942 0 1
0.065880 0.000000 0.000000 0.000000 0.155579
-0.002254 -0.007211
1
30.668499 214.874790
5.295000 9.953000 12.082942 20 2
0.065880 0.000000 0.000000 0.000000 0.049946
-0.004182 -0.001785
1
310.768481 229.666438
5.295000 9.953000 12.082942 19 2
0.065880 0.000000 0.000000 0.000000 0.045618
-0.007267 0.000140
4
184.859545 266.200599
5.295000 9.953000 12.082942 42 1
0.000000 0.000000 0.000000 0.000000 0.074558
-0.002541 0.000464
4
258.046430 397.692454
5.295000 9.953000 12.082942 49 1
0.000000 0.000000 0.000000 0.000000 0.055694
-0.000552 0.005041
1
261.491532 232.528042
5.295000 9.953000 12.082942 27 2
0.065880 0.000000 0.000000 0.000000 0.033261
-0.000452 -0.002281
1
248.875978 446.043989
5.295000 9.953000 12.082942 19 2
0.065880 0.000000 0.000000 0.000000 0.052349
-0.000135 0.005121
4
403.853185 79.452884
5.295000 9.953000 12.082942 49 1
0.000000 0.000000 0.000000 0.000000 0.119321
0.003985 -0.005423
1
321.101662 455.207206
5.295000 9.953000 12.082942 47 2
0.065880 0.000000 0.000000 0.000000 0.043457
0.003167 0.006028
1
300.556358 261.622591
5.295000 9.953000 12.082942 24 2
0.065880 0.000000 0.000000 0.000000 0.044952
-0.000017 -0.000200
1
485.030958 321.143705
5.295000 9.953000 12.082942 52 2
0.065880 0.000000 0.000000 0.000000 0.093769
0.007963 0.002727
4
238.139899 3.167066
5.295000 9.953000 12.082942 51 1
0.000000 0.000000 0.000000 0.000000 0.126867
-0.003291 -0.009539
1
112.527572 48.435333
5.295000 9.953000 12.082942 52 2
0.065880 0.000000 0.000000 0.000000 0.358270
-0.001792 0.000454
4
98.981604 211.044587
5.295000 9.953000 12.082942 33 1
0.000000 0.000000 0.000000 0.000000 0.080829
-0.010395 -0.002876
4
162.145247 36.122737
5.295000 9.953000 12.082942 38 1
0.000000 0.000000 0.000000 0.000000 0.123390
-0.000120 -0.003345
4
396.243810 400.857635
5.295000 9.953000 12.082942 49 1
0.000000 0.000000 0.000000 0.000000 0.062930
0.002157 0.006601
4
157.677690 180.781983
5.295000 9.953000 12.082942 36 1
0.000000 0.000000 0.000000 0.000000 0.061381
-0.004178 -0.002166
4
366.374623 200.008481
5.295000 9.953000 12.082942 36 1
0.000000 0.000000 0.000000 0.000000 0.065209
0.005829 0.001665
4
296.592873 159.103455
5.295000 9.953000 12.082942 43 1
0.000000 0.000000 0.000000 0.000000 0.042878
0.002562 -0.002871
4
256.334604 85.497796
5.295000 9.953000 12.082942 42 1
0.000000 0.000000 0.000000 0.000000 0.083473
-0.003357 -0.005655
4
214.513761 319.497801
5.295000 9.953000 12.082942 46 1
0.000000 0.000000 0.000000 0.000000 0.049308
-0.002251 0.001954
1
175.035656 21.823406
5.295000 9.953000 12.082942 26 2
0.065880 0.000000 0.000000 0.000000 0.124339
-0.002073 -0.002888
1
1.434729 255.841895
5.295000 9.953000 12.082942 23 2
0.065880 0.000000 0.000000 0.000000 0.062612
-0.005376 -0.001481
4
35.909851 271.043437
5.295000 9.953000 12.082942 35 1
0.000000 0.000000 0.000000 0.000000 0.083062
-0.005633 -0.000100
4
293.055665 226.205255
5.295000 9.953000 12.082942 34 1
0.000000 0.000000 0.000000 0.000000 0.057715
-0.004171 -0.002483
1
38.212933 289.335169
5.295000 9.953000 12.082942 23 2
0.065880 0.000000 0.000000 0.000000 0.065175
-0.006602 0.000691
1
287.252951 123.751758
5.295000 9.953000 12.082942 36 2
0.065880 0.000000 0.000000 0.000000 0.043584
0.000558 -0.004672
1
136.158094 273.356086
5.295000 9.953000 12.082942 29 2
0.065880 0.000000 0.000000 0.000000 0.038830
-0.003320 0.000448
4
267.698069 381.734259
5.295000 9.953000 12.082942 31 1
0.000000 0.000000 0.000000 0.000000 0.066888
-0.000093 0.004897
4
207.725573 13.920486
5.295000 9.953000 12.082942 34 1
0.000000 0.000000 0.000000 0.000000 0.097288
-0.002516 -0.009389
4
130.463998 154.360209
5.295000 9.953000 12.082942 48 1
0.000000 0.000000 0.000000 0.000000 0.059915
-0.005278 -0.002349
4
230.495066 413.622463
5.295000 9.953000 12.082942 39 1
0.000000 0.000000 0.000000 0.000000 0.075960
-0.001181 0.005199
4
50.847581 260.484391
5.295000 9.953000 12.082942 38 1
0.000000 0.000000 0.000000 0.000000 0.096247
-0.005190 0.000069
4
174.845535 136.746422
5.295000 9.953000 12.082942 44 1
0.000000 0.000000 0.000000 0.000000 0.069219
-0.003281 -0.003851
4
258.382496 334.390409
5.295000 9.953000 12.082942 54 1
0.000000 0.000000 0.000000 0.000000 0.046417
0.000120 0.003531
4
221.166374 126.570168
5.295000 9.953000 12.082942 50 1
0.000000 0.000000 0.000000 0.000000 0.073847
0.003400 0.000374
1
420.818852 422.026964
5.295000 9.953000 12.082942 0 1
0.065880 0.000000 0.000000 0.000000 0.158725
0.002025 -0.002148
4
368.988125 217.002655
5.295000 9.953000 12.082942 40 1
0.000000 0.000000 0.000000 0.000000 0.089386
0.008475 0.000031
4
227.684561 220.543667
5.295000 9.953000 12.082942 35 1
0.000000 0.000000 0.000000 0.000000 0.058246
-0.001962 -0.001411
1
322.804286 290.812523
5.295000 9.953000 12.082942 38 2
0.065880 0.000000 0.000000 0.000000 0.042560
-0.009618 -0.013007
4
281.927358 312.738731
5.295000 9.953000 12.082942 53 1
0.000000 0.000000 0.000000 0.000000 0.045734
-0.003178 0.001697
4
327.283288 239.098956
5.295000 9.953000 12.082942 39 1
0.000000 0.000000 0.000000 0.000000 0.062691
-0.001721 -0.015100
4
94.592598 174.581292
5.295000 9.953000 12.082942 54 1
0.000000 0.000000 0.000000 0.000000 0.037589
-0.005618 -0.002654
4
194.104730 74.512821
5.295000 9.953000 12.082942 46 1
0.000000 0.000000 0.000000 0.000000 0.062013
0.004113 -0.001733
4
149.893520 211.289953
5.295000 9.953000 12.082942 48 1
0.000000 0.000000 0.000000 0.000000 0.053365
-0.003436 -0.001016
4
146.664762 426.066418
5.295000 9.953000 12.082942 48 1
0.000000 0.000000 0.000000 0.000000 0.059573
-0.002669 0.003999
1
215.265553 108.087280
5.295000 9.953000 12.082942 38 2
0.065880 0.000000 0.000000 0.000000 0.050066
-0.011524 0.003871
4
136.072069 356.285161
5.295000 9.953000 12.082942 50 1
0.000000 0.000000 0.000000 0.000000 0.049884
-0.003136 0.002664
4
123.571696 404.233907
5.295000 9.953000 12.082942 46 1
0.000000 0.000000 0.000000 0.000000 0.082708
-0.003222 0.004014
1
402.538782 418.372701
5.295000 9.953000 12.082942 0 1
0.065880 0.000000 0.000000 0.000000 0.064194
0.001950 0.004767
4
103.480143 323.257271
5.295000 9.953000 12.082942 36 1
0.000000 0.000000 0.000000 0.000000 0.071103
-0.005293 0.001781
1
237.906408 81.772812
5.295000 9.953000 12.082942 0 1
0.065880 0.000000 0.000000 0.000000 0.067236
-0.005549 -0.004818
4
53.331577 278.758394
5.295000 9.953000 12.082942 31 1
0.000000 0.000000 0.000000 0.000000 0.096486
-0.005975 0.000923
1
212.869601 381.753832
5.295000 9.953000 12.082942 0 1
0.065880 0.000000 0.000000 0.000000 0.052139
-0.001188 0.004167
1
298.468942 427.813965
5.295000 9.953000 12.082942 0 1
0.065880 0.000000 0.000000 0.000000 0.064700
0.002314 0.005349
1
166.013516 83.857396
5.295000 9.953000 12.082942 41 2
0.065880 0.000000 0.000000 0.000000 0.062655
-0.003751 -0.004653
1
336.278539 205.718751
5.295000 9.953000 12.082942 52 2
0.065880 0.000000 0.000000 0.000000 0.065897
0.004076 0.005605
4
55.390157 296.999810
5.295000 9.953000 12.082942 43 1
0.000000 0.000000 0.000000 0.000000 0.068642
-0.007098 0.001938
4
374.765682 350.787578
5.295000 9.953000 12.082942 47 1
0.000000 0.000000 0.000000 0.000000 0.110445
0.006952 0.013796
1
477.217648 289.502780
5.295000 9.953000 12.082942 0 1
0.065880 0.000000 0.000000 0.000000 0.096229
0.007918 0.000135
4
357.178152 229.631617
5.295000 9.953000 12.082942 41 1
0.000000 0.000000 0.000000 0.000000 0.078448
0.006865 0.005595
4
223.525093 496.453780
5.295000 9.953000 12.082942 46 1
0.000000 0.000000 0.000000 0.000000 0.091785
-0.003239 0.008342
1
275.987231 469.531338
5.295000 9.953000 12.082942 21 2
0.065880 0.000000 0.000000 0.000000 0.046415
0.001875 0.005424
1
454.547056 202.286982
5.295000 9.953000 12.082942 22 2
0.065880 0.000000 0.000000 0.000000 0.083209
0.006798 -0.003218
1
345.293046 361.962293
5.295000 9.953000 12.082942 46 2
0.065880 0.000000 0.000000 0.000000 0.066423
-0.005406 0.011906
4
166.984772 263.093172
5.295000 9.953000 12.082942 32 1
0.000000 0.000000 0.000000 0.000000 0.067561
-0.002662 0.000094
1
266.692457 167.268976
5.295000 9.953000 12.082942 19 2
0.065880 0.000000 0.000000 0.000000 0.054454
0.001828 -0.004092
4
316.516646 308.235122
5.295000 9.953000 12.082942 41 1
0.000000 0.000000 0.000000 0.000000 0.046995
-0.012557 0.008720
4
145.152126 194.074833
5.295000 9.953000 12.082942 29 1
0.000000 0.000000 0.000000 0.000000 0.056535
-0.004396 -0.001366
4
204.775277 334.510112
5.295000 9.953000 12.082942 39 1
0.000000 0.000000 0.000000 0.000000 0.062281
-0.001720 0.002360
1
256.709357 132.935623
5.295000 9.953000 12.082942 0 1
0.065880 0.000000 0.000000 0.000000 0.056717
0.000521 -0.004657
1
14.097202 168.185740
5.295000 9.953000 12.082942 37 2
0.065880 0.000000 0.000000 0.000000 0.289163
-0.005940 -0.002159
4
173.364627 445.271365
5.295000 9.953000 12.082942 37 1
0.000000 0.000000 0.000000 0.000000 0.094353
-0.002334 0.004353
1
432.894729 320.829165
5.295000 9.953000 12.082942 0 1
0.065880 0.000000 0.000000 0.000000 0.064456
0.006413 0.001700
1
168.566821 53.425639
5.295000 9.953000 12.082942 0 1
0.065880 0.000000 0.000000 0.000000 0.057226
0.000347 -0.002949
4
192.545663 445.185165
5.295000 9.953000 12.082942 50 1
0.000000 0.000000 0.000000 0.000000 0.065452
-0.001852 0.005799
4
74.729697 380.030669
5.295000 9.953000 12.082942 37 1
0.000000 0.000000 0.000000 0.000000 0.086455
-0.004107 0.003830
1
96.732963 246.203047
5.295000 9.953000 12.082942 25 2
0.065880 0.000000 0.000000 0.000000 0.049364
-0.004299 0.000612
4
426.892727 339.033483
5.295000 9.953000 12.082942 54 1
0.000000 0.000000 0.000000 0.000000 0.068752
0.004476 0.001734
4
197.036913 252.004729
5.295000 9.953000 12.082942 41 1
0.000000 0.000000 0.000000 0.000000 0.060212
-0.002307 0.000315
1
138.307184 66.212442
5.295000 9.953000 12.082942 21 2
0.065880 0.000000 0.000000 0.000000 0.068103
-0.002133 -0.004879
4
237.485859 272.979575
5.295000 9.953000 12.082942 46 1
0.000000 0.000000 0.000000 0.000000 0.069430
-0.000800 -0.000590
1
226.119712 17.499177
5.295000 9.953000 12.082942 26 2
0.065880 0.000000 0.000000 0.000000 0.121899
-0.002254 -0.008725
4
180.247901 153.921971
5.295000 9.953000 12.082942 38 1
0.000000 0.000000 0.000000 0.000000 0.060313
-0.002637 -0.003939
4
68.262074 268.257596
5.295000 9.953000 12.082942 35 1
0.000000 0.000000 0.000000 0.000000 0.094793
-0.005370 0.000817
4
162.183707 149.200530
5.295000 9.953000 12.082942 45 1
0.000000 0.000000 0.000000 0.000000 0.065399
-0.003718 -0.002559
1
328.454958 406.484426
5.295000 9.953000 12.082942 22 2
0.065880 0.000000 0.000000 0.000000 0.054555
0.001736 0.004733
4
23.003867 300.124495
5.295000 9.953000 12.082942 39 1
0.000000 0.000000 0.000000 0.000000 0.136305
-0.007605 -0.000351
4
238.923467 188.213616
5.295000 9.953000 12.082942 48 1
0.000000 0.000000 0.000000 0.000000 0.073848
-0.000500 -0.008353
4
93.381584 99.514203
5.295000 9.953000 12.082942 52 1
0.000000 0.000000 0.000000 0.000000 0.100817
-0.005254 -0.003974
1
434.709817 409.567722
5.295000 9.953000 12.082942 20 2
0.065880 0.000000 0.000000 0.000000 0.108877
0.006580 0.004153
4
448.151973 267.530063
5.295000 9.953000 12.082942 51 1
0.000000 0.000000 0.000000 0.000000 0.065407
0.006917 -0.000480
4
277.319475 365.723523
5.295000 9.953000 12.082942 30 1
0.000000 0.000000 0.000000 0.000000 0.087194
0.000635 0.004892
4
205.342698 174.273777
5.295000 9.953000 12.082942 36 1
0.000000 0.000000 0.000000 0.000000 0.047798
-0.004612 -0.002964
4
221.615839 397.648899
5.295000 9.953000 12.082942 38 1
0.000000 0.000000 0.000000 0.000000 0.070472
-0.001204 0.004718
4
158.275391 378.233699
5.295000 9.953000 12.082942 42 1
0.000000 0.000000 0.000000 0.000000 0.072538
-0.002245 0.003364
4
239.144504 462.234764
5.295000 9.953000 12.082942 34 1
0.000000 0.000000 0.000000 0.000000 0.071799
0.000211 0.003791
1
301.714188 76.231932
5.295000 9.953000 12.082942 21 2
0.065880 0.000000 0.000000 0.000000 0.116219
0.001109 -0.005940
1
244.560021 226.583266
5.295000 9.953000 12.082942 0 1
0.065880 0.000000 0.000000 0.000000 0.043922
-0.001189 -0.002520
1
215.939918 302.033544
5.295000 9.953000 12.082942 0 1
0.065880 0.000000 0.000000 0.000000 0.045201
-0.001352 0.001234
1
443.115623 285.366399
5.295000 9.953000 12.082942 34 2
0.065880 0.000000 0.000000 0.000000 0.072782
0.007447 -0.000172
1
258.718040 214.808867
5.295000 9.953000 12.082942 19 2
0.065880 0.000000 0.000000 0.000000 0.036027
-0.002283 -0.003264
1
259.702528 54.259878
5.295000 9.953000 12.082942 0 1
0.065880 0.000000 0.000000 0.000000 0.106516
-0.003302 -0.006823
4
215.655063 158.935949
5.295000 9.953000 12.082942 45 1
0.000000 0.000000 0.000000 0.000000 0.056896
-0.001416 -0.000797
1
344.331140 477.372695
5.295000 9.953000 12.082942 19 2
0.065880 0.000000 0.000000 0.000000 0.115524
0.003728 0.006044
4
269.746531 185.077583
5.295000 9.953000 12.082942 50 1
0.000000 0.000000 0.000000 0.000000 0.033394
0.001819 -0.003268
1
184.794913 218.578410
5.295000 9.953000 12.082942 23 2
0.065880 0.000000 0.000000 0.000000 0.038061
-0.001610 -0.001084
1
240.551604 335.545698
5.295000 9.953000 12.082942 21 2
0.065880 0.000000 0.000000 0.000000 0.039794
-0.000448 0.002456
4
452.644507 249.602178
5.295000 9.953000 12.082942 53 1
0.000000 0.000000 0.000000 0.000000 0.063260
0.008135 -0.000523
4
204.177757 365.756489
5.295000 9.953000 12.082942 45 1
0.000000 0.000000 0.000000 0.000000 0.059453
-0.001285 0.003651
4
61.624616 119.463225
5.295000 9.953000 12.082942 44 1
0.000000 0.000000 0.000000 0.000000 0.113179
-0.005560 -0.003160
1
267.315881 267.860987
5.295000 9.953000 12.082942 24 2
0.065880 0.000000 0.000000 0.000000 0.039441
0.000657 -0.001592
4
110.948582 182.677376
5.295000 9.953000 12.082942 42 1
0.000000 0.000000 0.000000 0.000000 0.059851
-0.005447 -0.001463
4
121.748709 94.842861
5.295000 9.953000 12.082942 36 1
0.000000 0.000000 0.000000 0.000000 0.071680
-0.003584 -0.004416
1
155.842114 18.669384
5.295000 9.953000 12.082942 19 2
0.065880 0.000000 0.000000 0.000000 0.384993
-0.000465 -0.003836
4
422.311439 375.226098
5.295000 9.953000 12.082942 46 1
0.000000 0.000000 0.000000 0.000000 0.121718
-0.000423 0.003588
1
244.409777 146.405158
5.295000 9.953000 12.082942 0 1
0.065880 0.000000 0.000000 0.000000 0.046009
0.000651 -0.004028
4
351.059310 333.293275
5.295000 9.953000 12.082942 45 1
0.000000 0.000000 0.000000 0.000000 0.118498
0.046609 0.069107
1
377.828901 447.452530
5.295000 9.953000 12.082942 26 2
0.065880 0.000000 0.000000 0.000000 0.064388
0.002968 0.005075
1
120.430570 331.404285
5.295000 9.953000 12.082942 0 1
0.065880 0.000000 0.000000 0.000000 0.042971
-0.004798 0.001795
4
440.437762 132.399819
5.295000 9.953000 12.082942 53 1
0.000000 0.000000 0.000000 0.000000 0.074023
0.004933 -0.002790
4
346.871264 409.740692
5.295000 9.953000 12.082942 41 1
0.000000 0.000000 0.000000 0.000000 0.071789
0.001939 0.004733
1
192.802935 187.717962
5.295000 9.953000 12.082942 23 2
0.065880 0.000000 0.000000 0.000000 0.032193
-0.004350 -0.002156
1
277.830643 56.284955
5.295000 9.953000 12.082942 39 2
0.065880 0.000000 0.000000 0.000000 0.134192
-0.001660 -0.006185
1
267.926216 445.926174
5.295000 9.953000 12.082942 37 2
0.065880 0.000000 0.000000 0.000000 0.044902
0.000420 0.005716
4
406.269424 116.147352
5.295000 9.953000 12.082942 41 1
0.000000 0.000000 0.000000 0.000000 0.091769
0.003962 -0.003788
1
318.804773 79.154390
5.295000 9.953000 12.082942 32 2
0.065880 0.000000 0.000000 0.000000 0.106837
0.003311 -0.010655
4
126.676030 136.340563
5.295000 9.953000 12.082942 37 1
0.000000 0.000000 0.000000 0.000000 0.047365
-0.004949 -0.002941
1
358.168438 129.960308
5.295000 9.953000 12.082942 30 2
0.065880 0.000000 0.000000 0.000000 0.052772
0.003548 -0.001828
4
127.780456 422.446099
5.295000 9.953000 12.082942 49 1
0.000000 0.000000 0.000000 0.000000 0.074859
-0.002654 0.004418
1
422.420513 241.657152
5.295000 9.953000 12.082942 21 2
0.065880 0.000000 0.000000 0.000000 0.070185
0.006474 -0.001413
1
329.944208 274.771032
5.295000 9.953000 12.082942 19 2
0.065880 0.000000 0.000000 0.000000 0.053749
0.003665 0.007164
4
334.460439 423.618643
5.295000 9.953000 12.082942 37 1
0.000000 0.000000 0.000000 0.000000 0.068499
0.002210 0.005213
1
131.410922 48.592606
5.295000 9.953000 12.082942 0 1
0.065880 0.000000 0.000000 0.000000 0.143673
-0.001310 -0.005511
4
230.334033 238.353087
5.295000 9.953000 12.082942 43 1
0.000000 0.000000 0.000000 0.000000 0.063735
-0.001416 -0.001640
4
214.918195 253.872525
5.295000 9.953000 12.082942 42 1
0.000000 0.000000 0.000000 0.000000 0.068836
-0.002010 0.000901
1
388.914354 108.384712
5.295000 9.953000 12.082942 26 2
0.065880 0.000000 0.000000 0.000000 0.060767
0.003256 -0.005110
4
169.683414 101.324968
5.295000 9.953000 12.082942 51 1
0.000000 0.000000 0.000000 0.000000 0.045546
-0.003075 -0.004166
4
220.162753 270.686699
5.295000 9.953000 12.082942 31 1
0.000000 0.000000 0.000000 0.000000 0.090465
-0.001460 0.000872
1
188.516617 56.642283
5.295000 9.953000 12.082942 20 2
0.065880 0.000000 0.000000 0.000000 0.043844
0.001773 -0.002387
4
313.649530 164.036379
5.295000 9.953000 12.082942 39 1
0.000000 0.000000 0.000000 0.000000 0.066594
0.002727 -0.000756
4
360.251486 147.620945
5.295000 9.953000 12.082942 36 1
0.000000 0.000000 0.000000 0.000000 0.064217
0.002480 -0.001609
1
486.582860 252.692488
5.295000 9.953000 12.082942 0 1
0.065880 0.000000 0.000000 0.000000 0.117460
0.012388 0.000686
4
282.268600 257.914937
5.295000 9.953000 12.082942 38 1
0.000000 0.000000 0.000000 0.000000 0.055514
0.000213 -0.004626
4
430.333194 272.372191
5.295000 9.953000 12.082942 36 1
0.000000 0.000000 0.000000 0.000000 0.106937
0.006586 -0.000830
1
190.577613 235.779377
5.295000 9.953000 12.082942 0 1
0.065880 0.000000 0.000000 0.000000 0.035137
-0.000762 -0.001070
1
292.410260 141.337096
5.295000 9.953000 12.082942 21 2
0.065880 0.000000 0.000000 0.000000 0.037726
0.001683 -0.003559
1
126.616144 238.513619
5.295000 9.953000 12.082942 23 2
0.065880 0.000000 0.000000 0.000000 0.033918
-0.003352 0.000142
1
198.333543 157.297773
5.295000 9.953000 12.082942 0 1
0.065880 0.000000 0.000000 0.000000 0.058352
-0.002405 -0.004433
4
305.092285 445.617894
5.295000 9.953000 12.082942 34 1
0.000000 0.000000 0.000000 0.000000 0.070911
0.002432 0.005862
4
3.522522 274.631911
5.295000 9.953000 12.082942 46 1
0.000000 0.000000 0.000000 0.000000 0.074044
-0.005871 -0.001514
4
220.976043 429.423305
5.295000 9.953000 12.082942 41 1
0.000000 0.000000 0.000000 0.000000 0.067813
-0.001369 0.005735
4
192.329980 140.837112
5.295000 9.953000 12.082942 36 1
0.000000 0.000000 0.000000 0.000000 0.071638
-0.002324 -0.006032
4
214.310305 31.494145
5.295000 9.953000 12.082942 43 1
0.000000 0.000000 0.000000 0.000000 0.110536
-0.003320 -0.008865
4
355.016529 112.340307
5.295000 9.953000 12.082942 51 1
0.000000 0.000000 0.000000 0.000000 0.064583
0.002434 -0.002022
4
178.917595 249.381941
5.295000 9.953000 12.082942 41 1
0.000000 0.000000 0.000000 0.000000 0.052254
-0.002000 -0.000518
4
207.667494 484.306672
5.295000 9.953000 12.082942 37 1
0.000000 0.000000 0.000000 0.000000 0.093147
-0.002925 0.002867
4
157.894747 131.084557
5.295000 9.953000 12.082942 35 1
0.000000 0.000000 0.000000 0.000000 0.083226
-0.004486 -0.002439
4
144.455636 143.053645
5.295000 9.953000 12.082942 48 1
0.000000 0.000000 0.000000 0.000000 0.067695
-0.004707 -0.002364
1
187.057019 332.605572
5.295000 9.953000 12.082942 22 2
0.065880 0.000000 0.000000 0.000000 0.040762
-0.002518 0.002420
4
141.001691 176.746064
5.295000 9.953000 12.082942 44 1
0.000000 0.000000 0.000000 0.000000 0.057970
-0.004862 -0.001494
1
62.980796 176.105116
5.295000 9.953000 12.082942 19 2
0.065880 0.000000 0.000000 0.000000 0.043644
-0.005931 -0.002636
1
202.188790 465.620362
5.295000 9.953000 12.082942 23 2
0.065880 0.000000 0.000000 0.000000 0.058370
-0.002705 0.002325
1
186.526906 365.000352
5.295000 9.953000 12.082942 25 2
0.065880 0.000000 0.000000 0.000000 0.038989
-0.001424 0.004000
1
280.290040 24.106733
5.295000 9.953000 12.082942 49 2
0.065880 0.000000 0.000000 0.000000 0.158308
0.003261 -0.005250
1
45.203559 110.497041
5.295000 9.953000 12.082942 21 2
0.065880 0.000000 0.000000 0.000000 0.320734
-0.005952 -0.002909
4
390.148827 433.024485
5.295000 9.953000 12.082942 46 1
0.000000 0.000000 0.000000 0.000000 0.066137
0.002788 0.004739
4
106.989223 378.150878
5.295000 9.953000 12.082942 39 1
0.000000 0.000000 0.000000 0.000000 0.067812
-0.003630 0.003312
1
262.992434 102.514494
5.295000 9.953000 12.082942 35 2
0.065880 0.000000 0.000000 0.000000 0.060998
-0.002037 -0.005365
4
88.250403 332.564418
5.295000 9.953000 12.082942 47 1
0.000000 0.000000 0.000000 0.000000 0.065682
-0.005298 0.002476
4
137.463558 85.025665
5.295000 9.953000 12.082942 51 1
0.000000 0.000000 0.000000 0.000000 0.053128
-0.003329 -0.004735
2
393.758924 48.584216
5.295000 9.953000 12.082942 54 1
0.065880 0.000000 0.000000 0.000000 0.387325
0.002095 -0.009715
1
63.493820 231.483777
5.295000 9.953000 12.082942 0 1
0.065880 0.000000 0.000000 0.000000 0.069067
-0.004252 -0.000720
1
72.793155 342.375129
5.295000 9.953000 12.082942 31 2
0.065880 0.000000 0.000000 0.000000 0.052646
-0.004331 0.003776
1
110.023051 234.033623
5.295000 9.953000 12.082942 22 2
0.065880 0.000000 0.000000 0.000000 0.036807
-0.003731 0.000548
4
148.995450 259.707925
5.295000 9.953000 12.082942 32 1
0.000000 0.000000 0.000000 0.000000 0.045125
-0.002928 0.000049
4
377.556599 398.446845
5.295000 9.953000 12.082942 44 1
0.000000 0.000000 0.000000 0.000000 0.064063
0.002576 0.005614
4
56.469293 315.363038
5.295000 9.953000 12.082942 42 1
0.000000 0.000000 0.000000 0.000000 0.066823
-0.007914 0.002943
1
184.719808 396.621588
5.295000 9.953000 12.082942 0 1
0.065880 0.000000 0.000000 0.000000 0.037948
-0.001745 0.004544
1
268.108916 349.869830
5.295000 9.953000 12.082942 21 2
0.065880 0.000000 0.000000 0.000000 0.053048
0.000440 0.004043
1
299.990753 177.013874
5.295000 9.953000 12.082942 41 2
0.065880 0.000000 0.000000 0.000000 0.040735
0.002760 -0.001707
1
310.089825 146.034026
5.295000 9.953000 12.082942 20 2
0.065880 0.000000 0.000000 0.000000 0.040233
0.002782 -0.002574
4
109.320405 164.105221
5.295000 9.953000 12.082942 36 1
0.000000 0.000000 0.000000 0.000000 0.041757
-0.005243 -0.002402
1
289.373431 208.130238
5.295000 9.953000 12.082942 24 2
0.065880 0.000000 0.000000 0.000000 0.047495
-0.000522 -0.002414
1
329.599759 92.618467
5.295000 9.953000 12.082942 30 2
0.065880 0.000000 0.000000 0.000000 0.068287
0.001940 -0.009023
4
190.769915 283.195398
5.295000 9.953000 12.082942 46 1
0.000000 0.000000 0.000000 0.000000 0.074491
-0.002342 0.000990
1
256.620187 6.106523
5.295000 9.953000 12.082942 52 2
0.065880 0.000000 0.000000 0.000000 0.215986
-0.003124 -0.009611
1
293.551470 398.455620
5.295000 9.953000 12.082942 21 2
0.065880 0.000000 0.000000 0.000000 0.055662
0.000222 0.006506
4
77.203536 90.362034
5.295000 9.953000 12.082942 38 1
0.000000 0.000000 0.000000 0.000000 0.182838
-0.006311 -0.002742
4
294.249761 244.434256
5.295000 9.953000 12.082942 50 1
0.000000 0.000000 0.000000 0.000000 0.051004
0.003463 -0.002542
4
249.784519 162.787966
5.295000 9.953000 12.082942 43 1
0.000000 0.000000 0.000000 0.000000 0.059571
0.000918 -0.003942
1
169.351000 329.638926
5.295000 9.953000 12.082942 25 2
0.065880 0.000000 0.000000 0.000000 0.045495
-0.003189 0.002034
4
141.029076 124.845373
5.295000 9.953000 12.082942 33 1
0.000000 0.000000 0.000000 0.000000 0.082724
-0.004551 -0.002599
1
333.988033 305.250230
5.295000 9.953000 12.082942 20 2
0.065880 0.000000 0.000000 0.000000 0.039348
0.044031 0.043271
1
415.357691 324.727755
5.295000 9.953000 12.082942 0 1
0.065880 0.000000 0.000000 0.000000 0.092217
0.012349 -0.000651
1
105.464794 359.740779
5.295000 9.953000 12.082942 19 2
0.065880 0.000000 0.000000 0.000000 0.054401
-0.003796 0.002909
4
249.030672 68.357159
5.295000 9.953000 12.082942 49 1
0.000000 0.000000 0.000000 0.000000 0.087358
-0.004032 -0.005720
1
376.069258 77.964373
5.295000 9.953000 12.082942 47 2
0.065880 0.000000 0.000000 0.000000 0.079505
0.003867 -0.015618
1
299.599000 110.398788
5.295000 9.953000 12.082942 32 2
0.065880 0.000000 0.000000 0.000000 0.045221
-0.000130 -0.005686
1
448.880424 329.489288
5.295000 9.953000 12.082942 52 2
0.065880 0.000000 0.000000 0.000000 0.058181
0.007682 0.003006
4
79.969986 239.275037
5.295000 9.953000 12.082942 43 1
0.000000 0.000000 0.000000 0.000000 0.067490
-0.004275 -0.000065
4
47.102952 223.283042
5.295000 9.953000 12.082942 32 1
0.000000 0.000000 0.000000 0.000000 0.061141
-0.004230 -0.001342
4
464.061284 276.439121
5.295000 9.953000 12.082942 50 1
0.000000 0.000000 0.000000 0.000000 0.094262
0.008294 -0.001340
1
179.939335 201.288343
5.295000 9.953000 12.082942 20 2
0.065880 0.000000 0.000000 0.000000 0.033402
-0.003252 -0.001384
4
295.679870 366.644054
5.295000 9.953000 12.082942 39 1
0.000000 0.000000 0.000000 0.000000 0.094263
0.001277 0.005945
4
75.965264 398.884733
5.295000 9.953000 12.082942 48 1
0.000000 0.000000 0.000000 0.000000 0.129959
-0.003994 0.003896
1
375.453300 466.052632
5.295000 9.953000 12.082942 0 1
0.065880 0.000000 0.000000 0.000000 0.183736
0.004924 0.005430
4
310.173664 324.991050
5.295000 9.953000 12.082942 32 1
0.000000 0.000000 0.000000 0.000000 0.078432
0.001991 0.000259
1
131.320257 256.033010
5.295000 9.953000 12.082942 36 2
0.065880 0.000000 0.000000 0.000000 0.036658
-0.003409 0.000245
4
93.716721 118.599699
5.295000 9.953000 12.082942 40 1
0.000000 0.000000 0.000000 0.000000 0.072381
-0.004855 -0.003860
1
425.084668 289.883696
5.295000 9.953000 12.082942 21 2
0.065880 0.000000 0.000000 0.000000 0.092487
0.007657 -0.000528
1
352.357448 212.019468
5.295000 9.953000 12.082942 0 1
0.065880 0.000000 0.000000 0.000000 0.068856
0.007646 0.000936
1
476.961533 163.829985
5.295000 9.953000 12.082942 24 2
0.065880 0.000000 0.000000 0.000000 0.213323
0.005560 -0.003540
4
176.469202 380.286125
5.295000 9.953000 12.082942 50 1
0.000000 0.000000 0.000000 0.000000 0.045912
-0.001840 0.003987
1
77.193813 417.774142
5.295000 9.953000 12.082942 37 2
0.065880 0.000000 0.000000 0.000000 0.187336
-0.003992 0.003859
4
59.166725 390.380610
5.295000 9.953000 12.082942 44 1
0.000000 0.000000 0.000000 0.000000 0.260177
-0.004239 0.003960
4
441.212319 189.862229
5.295000 9.953000 12.082942 37 1
0.000000 0.000000 0.000000 0.000000 0.110085
0.007559 -0.004352
1
275.781827 429.181290
5.295000 9.953000 12.082942 0 1
0.065880 0.000000 0.000000 0.000000 0.059072
-0.000319 0.006292
1
248.808660 413.739303
5.295000 9.953000 12.082942 28 2
0.065880 0.000000 0.000000 0.000000 0.063825
-0.000851 0.005163
1
347.308692 96.265657
5.295000 9.953000 12.082942 51 2
0.065880 0.000000 0.000000 0.000000 0.073054
-0.000698 -0.000942
4
72.813442 323.361420
5.295000 9.953000 12.082942 31 1
0.000000 0.000000 0.000000 0.000000 0.081672
-0.006593 0.002899
1
293.420030 92.554564
5.295000 9.953000 12.082942 0 1
0.065880 0.000000 0.000000 0.000000 0.071930
-0.000292 -0.005478
4
79.446428 184.740926
5.295000 9.953000 12.082942 54 1
0.000000 0.000000 0.000000 0.000000 0.036259
-0.006159 -0.002380
4
41.729033 363.138640
5.295000 9.953000 12.082942 39 1
0.000000 0.000000 0.000000 0.000000 0.192443
-0.004782 0.003438
1
355.340733 65.975786
5.295000 9.953000 12.082942 43 2
0.065880 0.000000 0.000000 0.000000 0.118577
0.012346 0.000196
4
223.414635 178.305464
5.295000 9.953000 12.082942 35 1
0.000000 0.000000 0.000000 0.000000 0.075006
-0.004456 -0.002459
5
314.251832 16.224302
4.869501 9.153191 11.111974 40 1
0.065880 0.000000 0.000000 0.000000 0.124233
0.010034 -0.010019
1
317.687554 114.837521
5.295000 9.953000 12.082942 20 2
0.065880 0.000000 0.000000 0.000000 0.053127
-0.002935 -0.003916
1
439.102542 113.748025
5.295000 9.953000 12.082942 30 2
0.065880 0.000000 0.000000 0.000000 0.104668
0.004665 -0.002904
1
292.284512 326.731048
5.295000 9.953000 12.082942 42 2
0.065880 0.000000 0.000000 0.000000 0.046968
0.001202 0.004004
1
396.452397 180.711250
5.295000 9.953000 12.082942 47 2
0.065880 0.000000 0.000000 0.000000 0.049263
0.003389 -0.003109
4
197.105321 205.009885
5.295000 9.953000 12.082942 32 1
0.000000 0.000000 0.000000 0.000000 0.043463
-0.002308 -0.001762
4
157.799777 411.358016
5.295000 9.953000 12.082942 45 1
0.000000 0.000000 0.000000 0.000000 0.051502
-0.002246 0.004180
1
437.791549 95.028689
5.295000 9.953000 12.082942 22 2
0.065880 0.000000 0.000000 0.000000 0.215874
0.004843 -0.002890
4
187.371311 106.781890
5.295000 9.953000 12.082942 48 1
0.000000 0.000000 0.000000 0.000000 0.043326
-0.001949 -0.007543
4
310.749891 486.016418
5.295000 9.953000 12.082942 42 1
0.000000 0.000000 0.000000 0.000000 0.113713
0.002735 0.006460
4
345.116662 158.911137
5.295000 9.953000 12.082942 49 1
0.000000 0.000000 0.000000 0.000000 0.059579
0.001930 -0.001291
4
241.786747 208.696098
5.295000 9.953000 12.082942 47 1
0.000000 0.000000 0.000000 0.000000 0.048701
-0.003241 -0.003453
1
325.423765 47.958529
5.295000 9.953000 12.082942 21 2
0.065880 0.000000 0.000000 0.000000 0.143048
0.008021 -0.005545
1
430.530582 204.819134
5.295000 9.953000 12.082942 0 1
0.065880 0.000000 0.000000 0.000000 0.075077
0.008490 -0.002779
4
203.215075 397.315589
5.295000 9.953000 12.082942 34 1
0.000000 0.000000 0.000000 0.000000 0.069513
-0.001422 0.004748
4
333.358532 187.746310
5.295000 9.953000 12.082942 47 1
0.000000 0.000000 0.000000 0.000000 0.057843
0.002958 0.003426
4
138.408231 338.170703
5.295000 9.953000 12.082942 54 1
0.000000 0.000000 0.000000 0.000000 0.041557
-0.004388 0.001986
1
439.485736 236.373516
5.295000 9.953000 12.082942 0 1
0.065880 0.000000 0.000000 0.000000 0.105442
0.007518 -0.001188
4
327.563630 358.323872
5.295000 9.953000 12.082942 46 1
0.000000 0.000000 0.000000 0.000000 0.098138
0.000993 0.006777
1
327.861408 323.321359
5.295000 9.953000 12.082942 20 2
0.065880 0.000000 0.000000 0.000000 0.064498
0.004346 0.000613
4
397.838746 327.860088
5.295000 9.953000 12.082942 0 1
0.000000 0.000000 0.000000 0.000000 0.124874
-0.013080 0.008554
4
419.906422 307.318819
5.295000 9.953000 12.082942 0 1
0.000000 0.000000 0.000000 0.000000 0.121964
0.007823 0.000836
4
232.751277 112.391273
5.295000 9.953000 12.082942 0 1
0.000000 0.000000 0.000000 0.000000 0.097412
-0.005176 -0.005421
4
302.999537 194.879106
5.295000 9.953000 12.082942 45 1
0.000000 0.000000 0.000000 0.000000 0.059641
0.002682 -0.000738
4
370.851175 301.549228
5.295000 9.953000 12.082942 50 1
0.000000 0.000000 0.000000 0.000000 0.068539
0.007949 0.001028
4
444.437692 217.878814
5.295000 9.953000 12.082942 0 1
0.000000 0.000000 0.000000 0.000000 0.123273
0.008164 -0.001728
4
426.917870 223.105256
5.295000 9.953000 12.082942 0 1
0.000000 0.000000 0.000000 0.000000 0.136858
0.007709 -0.002031
4
141.691314 457.129940
5.295000 9.953000 12.082942 0 1
0.000000 0.000000 0.000000 0.000000 0.148047
0.000082 0.005176
4
100.265469 264.190003
5.295000 9.953000 12.082942 0 1
0.000000 0.000000 0.000000 0.000000 0.066640
-0.004530 0.001242
4
276.072384 333.291828
5.295000 9.953000 12.082942 0 1
0.000000 0.000000 0.000000 0.000000 0.081552
0.000746 0.003744
4
417.942934 357.430652
5.295000 9.953000 12.082942 0 1
0.000000 0.000000 0.000000 0.000000 0.135852
0.000341 0.003471
1
383.226860 249.530921
5.295000 9.953000 12.082942 19 2
0.065880 0.000000 0.000000 0.000000 0.058756
0.014041 0.000321
4
160.829735 294.029793
5.295000 9.953000 12.082942 43 1
0.000000 0.000000 0.000000 0.000000 0.059715
-0.003125 0.001227
1
227.022489 144.281455
5.295000 9.953000 12.082942 19 2
0.065880 0.000000 0.000000 0.000000 0.054942
-0.000127 -0.000354
4
288.242683 295.915196
5.295000 9.953000 12.082942 48 1
0.000000 0.000000 0.000000 0.000000 0.043932
-0.002202 0.000626
4
46.066893 148.390893
5.295000 9.953000 12.082942 54 1
0.000000 0.000000 0.000000 0.000000 0.101472
-0.005783 -0.002987
1
72.325675 304.762740
5.295000 9.953000 12.082942 19 2
0.065880 0.000000 0.000000 0.000000 0.054750
-0.007213 0.002435
4
48.644435 241.989554
5.295000 9.953000 12.082942 30 1
0.000000 0.000000 0.000000 0.000000 0.068047
-0.004654 -0.000660
1
401.863388 310.956559
5.295000 9.953000 12.082942 19 2
0.065880 0.000000 0.000000 0.000000 0.101938
0.009353 -0.007187
4
339.474851 224.805433
5.295000 9.953000 12.082942 54 1
0.000000 0.000000 0.000000 0.000000 0.055016
0.007153 -0.004891
4
261.183792 480.456401
5.295000 9.953000 12.082942 41 1
0.000000 0.000000 0.000000 0.000000 0.076173
0.001111 0.004870
4
276.013961 397.853076
5.295000 9.953000 12.082942 45 1
0.000000 0.000000 0.000000 0.000000 0.071638
-0.000189 0.005612
4
347.380213 273.018044
5.295000 9.953000 12.082942 44 1
0.000000 0.000000 0.000000 0.000000 0.076524
-0.000485 0.008448
1
165.342356 428.204184
5.295000 9.953000 12.082942 19 2
0.065880 0.000000 0.000000 0.000000 0.051575
-0.002198 0.004301
4
349.927903 193.994901
5.295000 9.953000 12.082942 45 1
0.000000 0.000000 0.000000 0.000000 0.066726
0.002423 0.001942
1
87.932483 293.863105
5.295000 9.953000 12.082942 19 2
0.065880 0.000000 0.000000 0.000000 0.052957
-0.006880 0.002162
4
172.903329 280.256112
5.295000 9.953000 12.082942 27 1
0.000000 0.000000 0.000000 0.000000 0.073616
-0.002813 0.000794
1
283.295924 172.266176
5.295000 9.953000 12.082942 41 2
0.065880 0.000000 0.000000 0.000000 0.033870
0.002349 -0.003253
4
183.740196 428.951668
5.295000 9.953000 12.082942 42 1
0.000000 0.000000 0.000000 0.000000 0.051976
-0.001819 0.005279
1
255.383288 196.981359
5.295000 9.953000 12.082942 19 2
0.065880 0.000000 0.000000 0.000000 0.034100
-0.001507 -0.003586
4
180.841713 39.637839
5.295000 9.953000 12.082942 54 1
0.000000 0.000000 0.000000 0.000000 0.066616
0.001004 -0.003385
4
389.168707 383.753589
5.295000 9.953000 12.082942 42 1
0.000000 0.000000 0.000000 0.000000 0.083796
0.004750 0.006291
4
344.256738 316.925655
5.295000 9.953000 12.082942 39 1
0.000000 0.000000 0.000000 0.000000 0.066709
-0.029235 -0.076522
1
318.978976 261.135799
5.295000 9.953000 12.082942 19 2
0.065880 0.000000 0.000000 0.000000 0.044643
-0.001915 0.000943
4
226.248134 287.462672
5.295000 9.953000 12.082942 32 1
0.000000 0.000000 0.000000 0.000000 0.094418
-0.001306 0.000621
4
417.688770 259.460557
5.295000 9.953000 12.082942 45 1
0.000000 0.000000 0.000000 0.000000 0.077624
0.005720 -0.001476
1
46.587825 167.329356
5.295000 9.953000 12.082942 41 2
0.065880 0.000000 0.000000 0.000000 0.058459
-0.005900 -0.002865
4
90.210288 369.834568
5.295000 9.953000 12.082942 41 1
0.000000 0.000000 0.000000 0.000000 0.067050
-0.003894 0.003479
4
39.559563 326.013517
5.295000 9.953000 12.082942 53 1
0.000000 0.000000 0.000000 0.000000 0.112141
-0.001666 0.002051
1
372.852110 59.763734
5.295000 9.953000 12.082942 41 2
0.065880 0.000000 0.000000 0.000000 0.101180
0.009804 -0.018528
4
426.508732 160.816297
5.295000 9.953000 12.082942 39 1
0.000000 0.000000 0.000000 0.000000 0.065587
0.004536 -0.003061
1
334.158356 375.605530
5.295000 9.953000 12.082942 20 2
0.065880 0.000000 0.000000 0.000000 0.052777
0.003186 0.001375
4
285.792212 381.968160
5.295000 9.953000 12.082942 48 1
0.000000 0.000000 0.000000 0.000000 0.070320
0.000421 0.005823
4
405.092294 246.796981
5.295000 9.953000 12.082942 47 1
0.000000 0.000000 0.000000 0.000000 0.072195
0.005001 -0.001900
1
382.348368 316.704348
5.295000 9.953000 12.082942 20 2
0.065880 0.000000 0.000000 0.000000 0.077651
0.002989 0.003241
1
93.903489 155.661496
5.295000 9.953000 12.082942 20 2
0.065880 0.000000 0.000000 0.000000 0.038348
-0.005342 -0.003017
4
77.570621 109.482047
5.295000 9.953000 12.082942 43 1
0.000000 0.000000 0.000000 0.000000 0.110532
-0.005377 -0.003371
4
308.060223 467.766418
5.295000 9.953000 12.082942 47 1
0.000000 0.000000 0.000000 0.000000 0.063320
0.002896 0.006422
1
466.868237 325.491205
5.295000 9.953000 12.082942 20 2
0.065880 0.000000 0.000000 0.000000 0.055554
0.007907 0.002662
1
398.578818 198.810092
5.295000 9.953000 12.082942 42 2
0.065880 0.000000 0.000000 0.000000 0.053477
0.006750 -0.003699
4
46.531511 204.547346
5.295000 9.953000 12.082942 31 1
0.000000 0.000000 0.000000 0.000000 0.065439
-0.004032 -0.002022
1
409.985368 228.939220
5.295000 9.953000 12.082942 20 2
0.065880 0.000000 0.000000 0.000000 0.077481
0.007018 -0.002472
4
212.508616 236.349601
5.295000 9.953000 12.082942 41 1
0.000000 0.000000 0.000000 0.000000 0.055101
-0.002730 0.000770
1
353.475877 257.136645
5.295000 9.953000 12.082942 39 2
0.065880 0.000000 0.000000 0.000000 0.069800
0.000082 -0.008146
4
202.596326 268.720218
5.295000 9.953000 12.082942 31 1
0.000000 0.000000 0.000000 0.000000 0.074464
-0.002160 0.000807
1
430.690167 391.563654
5.295000 9.953000 12.082942 20 2
0.065880 0.000000 0.000000 0.000000 0.087422
0.000247 0.004086
4
286.323719 190.196677
5.295000 9.953000 12.082942 43 1
0.000000 0.000000 0.000000 0.000000 0.048175
0.001988 -0.002603
1
321.940900 437.130422
5.295000 9.953000 12.082942 20 2
0.065880 0.000000 0.000000 0.000000 0.045525
0.002371 0.005619
4
176.357951 69.827578
5.295000 9.953000 12.082942 33 1
0.000000 0.000000 0.000000 0.000000 0.051858
0.001924 -0.001735
1
189.365355 9.097139
5.295000 9.953000 12.082942 20 2
0.065880 0.000000 0.000000 0.000000 0.130866
-0.003864 -0.003143
4
107.660154 396.454631
5.295000 9.953000 12.082942 33 1
0.000000 0.000000 0.000000 0.000000 0.066557
-0.003497 0.003677
1
274.683128 136.899939
5.295000 9.953000 12.082942 20 2
0.065880 0.000000 0.000000 0.000000 0.044397
0.001045 -0.004513
4
352.490061 302.829827
5.295000 9.953000 12.082942 50 1
0.000000 0.000000 0.000000 0.000000 0.061368
-0.013581 0.028628
1
201.867487 222.615268
5.295000 9.953000 12.082942 39 2
0.065880 0.000000 0.000000 0.000000 0.041529
0.000021 -0.002426
4
96.309432 193.116055
5.295000 9.953000 12.082942 41 1
0.000000 0.000000 0.000000 0.000000 0.049964
-0.006412 -0.002873
1
305.348991 128.249520
5.295000 9.953000 12.082942 20 2
0.065880 0.000000 0.000000 0.000000 0.042397
0.000746 -0.003006
4
320.419049 340.521678
5.295000 9.953000 12.082942 34 1
0.000000 0.000000 0.000000 0.000000 0.106067
0.001296 0.003936
1
365.486359 269.979540
5.295000 9.953000 12.082942 21 2
0.065880 0.000000 0.000000 0.000000 0.060149
0.002970 0.000954
4
47.029166 186.086499
5.295000 9.953000 12.082942 47 1
0.000000 0.000000 0.000000 0.000000 0.051029
-0.005919 -0.002546
4
80.854973 203.057396
5.295000 9.953000 12.082942 33 1
0.000000 0.000000 0.000000 0.000000 0.065243
-0.006217 -0.001718
1
31.807091 233.786455
5.295000 9.953000 12.082942 21 2
0.065880 0.000000 0.000000 0.000000 0.052044
-0.004585 -0.001267
1
220.218775 460.752480
5.295000 9.953000 12.082942 21 2
0.065880 0.000000 0.000000 0.000000 0.058200
-0.000421 0.007102
4
454.623715 361.796653
5.295000 9.953000 12.082942 44 1
0.000000 0.000000 0.000000 0.000000 0.122889
0.003416 0.003197
4
172.934448 232.282002
5.295000 9.953000 12.082942 36 1
0.000000 0.000000 0.000000 0.000000 0.053304
-0.001804 -0.000780
2
475.243571 145.268190
5.295000 9.953000 12.082942 46 1
0.065880 0.000000 0.000000 0.000000 0.315984
0.005970 -0.003948
1
448.903282 396.712864
5.295000 9.953000 12.082942 21 2
0.065880 0.000000 0.000000 0.000000 0.124433
-0.000603 0.008095
1
364.474084 182.651410
5.295000 9.953000 12.082942 43 2
0.065880 0.000000 0.000000 0.000000 0.047403
0.002675 -0.000973
4
265.508135 317.411752
5.295000 9.953000 12.082942 47 1
0.000000 0.000000 0.000000 0.000000 0.049917
0.002174 0.001999
1
270.724596 299.022085
5.295000 9.953000 12.082942 21 2
0.065880 0.000000 0.000000 0.000000 0.036699
0.001112 0.001985
1
207.148652 61.984012
5.295000 9.953000 12.082942 21 2
0.065880 0.000000 0.000000 0.000000 0.051359
0.002550 -0.003410
4
124.277014 385.961660
5.295000 9.953000 12.082942 33 1
0.000000 0.000000 0.000000 0.000000 0.090676
-0.003468 0.003399
4
156.999582 68.102801
5.295000 9.953000 12.082942 31 1
0.000000 0.000000 0.000000 0.000000 0.051745
-0.001391 -0.005143
4
242.448148 499.625279
5.295000 9.953000 12.082942 34 1
0.000000 0.000000 0.000000 0.000000 0.078010
-0.001635 0.001414
4
261.527068 499.171212
5.295000 9.953000 12.082942 44 1
0.000000 0.000000 0.000000 0.000000 0.082750
-0.000874 0.004599
4
124.898906 171.277253
5.295000 9.953000 12.082942 38 1
0.000000 0.000000 0.000000 0.000000 0.070311
-0.005193 -0.001587
1
149.967034 50.954175
5.295000 9.953000 12.082942 21 2
0.065880 0.000000 0.000000 0.000000 0.055912
-0.000874 -0.004776
4
250.773774 261.787885
5.295000 9.953000 12.082942 48 1
0.000000 0.000000 0.000000 0.000000 0.041718
-0.000117 -0.001236
4
85.914901 275.656413
5.295000 9.953000 12.082942 43 1
0.000000 0.000000 0.000000 0.000000 0.072281
-0.005258 0.001489
1
284.565991 73.491903
5.295000 9.953000 12.082942 21 2
0.065880 0.000000 0.000000 0.000000 0.109702
-0.001088 -0.005766
4
231.560770 350.983421
5.295000 9.953000 12.082942 34 1
0.000000 0.000000 0.000000 0.000000 0.069640
-0.000981 0.003124
1
124.722116 117.739429
5.295000 9.953000 12.082942 21 2
0.065880 0.000000 0.000000 0.000000 0.053594
-0.004415 -0.003613
1
435.178068 254.561955
5.295000 9.953000 12.082942 21 2
0.065880 0.000000 0.000000 0.000000 0.056210
0.006877 -0.001160
4
262.160385 149.899983
5.295000 9.953000 12.082942 32 1
0.000000 0.000000 0.000000 0.000000 0.062741
0.001210 -0.004237
1
189.532512 479.444431
5.295000 9.953000 12.082942 21 2
0.065880 0.000000 0.000000 0.000000 0.104352
-0.002587 0.003453
4
110.878785 146.128961
5.295000 9.953000 12.082942 43 1
0.000000 0.000000 0.000000 0.000000 0.049407
-0.005345 -0.003030
4
286.299474 349.634545
5.295000 9.953000 12.082942 36 1
0.000000 0.000000 0.000000 0.000000 0.090621
0.001305 0.004657
4
178.956044 297.510256
5.295000 9.953000 12.082942 36 1
0.000000 0.000000 0.000000 0.000000 0.072096
-0.002515 0.001244
4
285.648355 414.251414
5.295000 9.953000 12.082942 32 1
0.000000 0.000000 0.000000 0.000000 0.086146
-0.000103 0.006595
1
437.871115 303.041663
5.295000 9.953000 12.082942 21 2
0.065880 0.000000 0.000000 0.000000 0.083060
0.008413 0.000451
1
477.116188 182.313121
5.295000 9.953000 12.082942 40 2
0.065880 0.000000 0.000000 0.000000 0.132132
0.009604 -0.003104
1
253.415054 179.371757
5.295000 9.953000 12.082942 21 2
0.065880 0.000000 0.000000 0.000000 0.048982
0.002369 -0.004116
4
204.283301 121.730465
5.295000 9.953000 12.082942 51 1
0.000000 0.000000 0.000000 0.000000 0.058269
0.001341 0.020661
1
312.964789 61.500012
5.295000 9.953000 12.082942 49 2
0.065880 0.000000 0.000000 0.000000 0.131790
0.004158 -0.008105
4
120.833569 452.407486
5.295000 9.953000 12.082942 45 1
0.000000 0.000000 0.000000 0.000000 0.208771
-0.003671 0.003748
1
306.317360 212.571870
5.295000 9.953000 12.082942 22 2
0.065880 0.000000 0.000000 0.000000 0.045375
0.000422 0.000364
1
472.933137 200.122858
5.295000 9.953000 12.082942 45 2
0.065880 0.000000 0.000000 0.000000 0.091968
0.006962 -0.003431
4
340.499535 392.681309
5.295000 9.953000 12.082942 39 1
0.000000 0.000000 0.000000 0.000000 0.076395
0.001679 0.005168
1
14.057189 187.051781
5.295000 9.953000 12.082942 22 2
0.065880 0.000000 0.000000 0.000000 0.126640
-0.005047 -0.001888
4
212.070500 413.358791
5.295000 9.953000 12.082942 43 1
0.000000 0.000000 0.000000 0.000000 0.059327
-0.001385 0.005278
4
194.693473 349.310139
5.295000 9.953000 12.082942 34 1
0.000000 0.000000 0.000000 0.000000 0.056173
-0.002253 0.002979
4
168.084431 166.689605
5.295000 9.953000 12.082942 44 1
0.000000 0.000000 0.000000 0.000000 0.049248
-0.002963 -0.002555
1
490.899171 233.725499
5.295000 9.953000 12.082942 22 2
0.065880 0.000000 0.000000 0.000000 0.085164
0.001418 -0.001367
4
119.159735 218.879305
5.295000 9.953000 12.082942 51 1
0.000000 0.000000 0.000000 0.000000 0.069156
-0.003411 0.000209
4
92.772541 407.399097
5.295000 9.953000 12.082942 49 1
0.000000 0.000000 0.000000 0.000000 0.079950
-0.003705 0.003836
1
308.380535 40.095917
5.295000 9.953000 12.082942 47 2
0.065880 0.000000 0.000000 0.000000 0.125933
0.002742 0.004001
1
299.393831 310.275206
5.295000 9.953000 12.082942 22 2
0.065880 0.000000 0.000000 0.000000 0.039613
0.008485 0.002974
4
422.178311 105.688348
5.295000 9.953000 12.082942 38 1
0.000000 0.000000 0.000000 0.000000 0.140601
0.003877 -0.003447
4
443.523947 170.566906
5.295000 9.953000 12.082942 44 1
0.000000 0.000000 0.000000 0.000000 0.098799
0.006269 -0.002690
1
342.944120 141.758914
5.295000 9.953000 12.082942 23 2
0.065880 0.000000 0.000000 0.000000 0.053362
0.002110 -0.003252
4
473.194629 239.796365
5.295000 9.953000 12.082942 53 1
0.000000 0.000000 0.000000 0.000000 0.091049
0.004712 0.007099
4
291.739378 459.915419
5.295000 9.953000 12.082942 49 1
0.000000 0.000000 0.000000 0.000000 0.059603
0.002700 0.005848
4
407.895716 134.308312
5.295000 9.953000 12.082942 54 1
0.000000 0.000000 0.000000 0.000000 0.054997
0.004073 -0.003210
4
16.521917 244.513642
5.295000 9.953000 12.082942 40 1
0.000000 0.000000 0.000000 0.000000 0.066844
-0.005078 -0.001440
1
39.838728 307.650995
5.295000 9.953000 12.082942 23 2
0.065880 0.000000 0.000000 0.000000 0.067752
-0.008200 0.001594
4
152.369072 361.069869
5.295000 9.953000 12.082942 41 1
0.000000 0.000000 0.000000 0.000000 0.063227
-0.002474 0.002987
1
91.279751 388.394000
5.295000 9.953000 12.082942 23 2
0.065880 0.000000 0.000000 0.000000 0.066737
-0.003795 0.003709
4
167.462186 215.053805
5.295000 9.953000 12.082942 40 1
0.000000 0.000000 0.000000 0.000000 0.046371
-0.002605 -0.001069
1
174.991170 184.109032
5.295000 9.953000 12.082942 23 2
0.065880 0.000000 0.000000 0.000000 0.041454
-0.003885 -0.002105
4
390.610676 126.359220
5.295000 9.953000 12.082942 46 1
0.000000 0.000000 0.000000 0.000000 0.065997
0.003674 -0.003944
1
247.493522 244.344543
5.295000 9.953000 12.082942 23 2
0.065880 0.000000 0.000000 0.000000 0.038837
-0.000828 -0.001960
4
137.336978 224.328426
5.295000 9.953000 12.082942 44 1
0.000000 0.000000 0.000000 0.000000 0.047257
-0.003186 -0.000431
4
187.467234 124.297078
5.295000 9.953000 12.082942 38 1
0.000000 0.000000 0.000000 0.000000 0.061499
-0.004517 -0.007311
4
161.176542 245.982324
5.295000 9.953000 12.082942 51 1
0.000000 0.000000 0.000000 0.000000 0.041439
-0.002429 -0.000418
4
225.080884 478.040405
5.295000 9.953000 12.082942 33 1
0.000000 0.000000 0.000000 0.000000 0.080959
-0.000894 0.008232
1
364.025167 365.184912
5.295000 9.953000 12.082942 44 2
0.065880 0.000000 0.000000 0.000000 0.073556
0.007724 0.014528
1
390.351103 66.781080
5.295000 9.953000 12.082942 23 2
0.065880 0.000000 0.000000 0.000000 0.108834
0.006265 -0.009355
4
93.986113 228.100597
5.295000 9.953000 12.082942 44 1
0.000000 0.000000 0.000000 0.000000 0.072502
-0.003657 -0.000094
4
33.650771 252.528973
5.295000 9.953000 12.082942 39 1
0.000000 0.000000 0.000000 0.000000 0.081157
-0.005085 -0.000765
4
362.965617 317.737488
5.295000 9.953000 12.082942 38 1
0.000000 0.000000 0.000000 0.000000 0.095292
0.007739 0.003416
1
40.665481 344.517360
5.295000 9.953000 12.082942 24 2
0.065880 0.000000 0.000000 0.000000 0.090055
-0.004041 0.002817
1
122.204260 286.465864
5.295000 9.953000 12.082942 24 2
0.065880 0.000000 0.000000 0.000000 0.041759
-0.003506 0.000621
1
61.871246 138.307137
5.295000 9.953000 12.082942 24 2
0.065880 0.000000 0.000000 0.000000 0.065081
-0.005513 -0.003163
4
311.804061 276.824868
5.295000 9.953000 12.082942 31 1
0.000000 0.000000 0.000000 0.000000 0.061806
0.002931 0.008992
4
407.279195 385.544010
5.295000 9.953000 12.082942 44 1
0.000000 0.000000 0.000000 0.000000 0.100629
0.004964 0.011949
1
186.747454 170.775278
5.295000 9.953000 12.082942 24 2
0.065880 0.000000 0.000000 0.000000 0.037704
-0.003429 -0.003228
4
277.453190 282.018759
5.295000 9.953000 12.082942 50 1
0.000000 0.000000 0.000000 0.000000 0.037897
0.001917 0.001723
4
143.706911 242.272263
5.295000 9.953000 12.082942 45 1
0.000000 0.000000 0.000000 0.000000 0.043632
-0.002896 -0.000233
4
272.453651 202.781045
5.295000 9.953000 12.082942 47 1
0.000000 0.000000 0.000000 0.000000 0.043384
-0.000739 -0.003099
4
226.623578 199.798809
5.295000 9.953000 12.082942 39 1
0.000000 0.000000 0.000000 0.000000 0.078568
-0.001690 -0.009140
1
316.420836 372.160883
5.295000 9.953000 12.082942 24 2
0.065880 0.000000 0.000000 0.000000 0.054101
0.000128 0.003974
4
249.930708 350.614285
5.295000 9.953000 12.082942 38 1
0.000000 0.000000 0.000000 0.000000 0.080414
-0.000128 0.003472
4
140.368042 408.997118
5.295000 9.953000 12.082942 52 1
0.000000 0.000000 0.000000 0.000000 0.055845
-0.002695 0.003762
1
396.637405 217.241496
5.295000 9.953000 12.082942 25 2
0.065880 0.000000 0.000000 0.000000 0.058037
0.008388 -0.003676
1
117.994171 269.195288
5.295000 9.953000 12.082942 25 2
0.065880 0.000000 0.000000 0.000000 0.062065
-0.003939 0.000650
4
394.413545 162.492767
5.295000 9.953000 12.082942 36 1
0.000000 0.000000 0.000000 0.000000 0.068307
0.003513 -0.002804
1
408.562177 436.348302
5.295000 9.953000 12.082942 25 2
0.065880 0.000000 0.000000 0.000000 0.108944
0.004209 0.002374
4
109.621395 416.038023
5.295000 9.953000 12.082942 32 1
0.000000 0.000000 0.000000 0.000000 0.085182
-0.003428 0.004133
4
114.088827 201.002281
5.295000 9.953000 12.082942 39 1
0.000000 0.000000 0.000000 0.000000 0.070950
-0.006232 0.000094
4
82.786340 257.527393
5.295000 9.953000 12.082942 54 1
0.000000 0.000000 0.000000 0.000000 0.056402
-0.004784 0.000749
4
230.223638 445.510681
5.295000 9.953000 12.082942 53 1
0.000000 0.000000 0.000000 0.000000 0.049689
-0.001094 0.005698
1
371.585387 430.010335
5.295000 9.953000 12.082942 25 2
0.065880 0.000000 0.000000 0.000000 0.046050
0.002222 0.005263
4
137.448638 104.973590
5.295000 9.953000 12.082942 31 1
0.000000 0.000000 0.000000 0.000000 0.080907
-0.004256 -0.004172
1
232.972653 255.999304
5.295000 9.953000 12.082942 25 2
0.065880 0.000000 0.000000 0.000000 0.045001
-0.001055 -0.001045
4
194.654575 381.264913
5.295000 9.953000 12.082942 31 1
0.000000 0.000000 0.000000 0.000000 0.061496
-0.001413 0.004271
1
284.782991 5.978780
5.295000 9.953000 12.082942 25 2
0.065880 0.000000 0.000000 0.000000 0.168937
0.002059 -0.005640
4
157.037023 343.324032
5.295000 9.953000 12.082942 35 1
0.000000 0.000000 0.000000 0.000000 0.050562
-0.003809 0.002102
1
330.573458 169.786352
5.295000 9.953000 12.082942 25 2
0.065880 0.000000 0.000000 0.000000 0.058942
0.002502 0.001040
1
42.417283 381.874859
5.295000 9.953000 12.082942 26 2
0.065880 0.000000 0.000000 0.000000 0.262522
-0.004405 0.003779
5
347.230219 20.293563
4.869501 9.153191 11.111974 40 1
0.065880 0.000000 0.000000 0.000000 0.220702
0.000734 -0.015661
4
164.308977 311.789342
5.295000 9.953000 12.082942 47 1
0.000000 0.000000 0.000000 0.000000 0.061276
-0.003310 0.001892
1
127.817187 189.178791
5.295000 9.953000 12.082942 26 2
0.065880 0.000000 0.000000 0.000000 0.060940
-0.005388 -0.000851
4
134.642827 320.081564
5.295000 9.953000 12.082942 32 1
0.000000 0.000000 0.000000 0.000000 0.059271
-0.004355 0.001632
4
388.768306 90.428523
5.295000 9.953000 12.082942 47 1
0.000000 0.000000 0.000000 0.000000 0.065550
0.000667 -0.007065
4
194.463287 27.092933
5.295000 9.953000 12.082942 40 1
0.000000 0.000000 0.000000 0.000000 0.086112
0.002219 -0.004038
1
20.828707 281.876704
5.295000 9.953000 12.082942 26 2
0.065880 0.000000 0.000000 0.000000 0.064260
-0.006196 -0.000683
4
148.882501 160.988313
5.295000 9.953000 12.082942 49 1
0.000000 0.000000 0.000000 0.000000 0.051962
-0.004869 -0.002372
4
408.768678 342.064793
5.295000 9.953000 12.082942 50 1
0.000000 0.000000 0.000000 0.000000 0.111082
0.003240 0.001311
1
232.508325 35.517785
5.295000 9.953000 12.082942 26 2
0.065880 0.000000 0.000000 0.000000 0.088759
-0.001706 -0.009610
4
210.507490 191.926968
5.295000 9.953000 12.082942 32 1
0.000000 0.000000 0.000000 0.000000 0.082707
-0.004581 -0.003245
4
359.206139 444.448647
5.295000 9.953000 12.082942 46 1
0.000000 0.000000 0.000000 0.000000 0.051799
0.002443 0.005595
4
371.734219 99.170694
5.295000 9.953000 12.082942 54 1
0.000000 0.000000 0.000000 0.000000 0.059783
0.002096 -0.004826
4
347.574402 176.351473
5.295000 9.953000 12.082942 48 1
0.000000 0.000000 0.000000 0.000000 0.052186
0.002196 0.000637
4
58.223881 371.537942
5.295000 9.953000 12.082942 45 1
0.000000 0.000000 0.000000 0.000000 0.142415
-0.004473 0.003843
4
392.981471 351.115695
5.295000 9.953000 12.082942 54 1
0.000000 0.000000 0.000000 0.000000 0.090003
0.005685 0.008809
4
275.823352 220.604919
5.295000 9.953000 12.082942 38 1
0.000000 0.000000 0.000000 0.000000 0.050141
-0.002506 -0.002686
1
143.335060 33.429258
5.295000 9.953000 12.082942 27 2
0.065880 0.000000 0.000000 0.000000 0.197515
-0.000373 -0.004866
4
274.880823 88.762904
5.295000 9.953000 12.082942 46 1
0.000000 0.000000 0.000000 0.000000 0.095039
-0.001808 -0.005623
4
338.287345 344.510726
5.295000 9.953000 12.082942 47 1
0.000000 0.000000 0.000000 0.000000 0.100116
0.010153 0.001006
4
197.744410 317.815004
5.295000 9.953000 12.082942 34 1
0.000000 0.000000 0.000000 0.000000 0.060319
-0.001619 0.002188
4
456.726076 231.903699
5.295000 9.953000 12.082942 54 1
0.000000 0.000000 0.000000 0.000000 0.072946
0.008263 -0.001271
1
244.159130 20.933529
5.295000 9.953000 12.082942 46 2
0.065880 0.000000 0.000000 0.000000 0.124823
-0.001089 -0.009702
1
89.474749 75.846640
5.295000 9.953000 12.082942 27 2
0.065880 0.000000 0.000000 0.000000 0.277940
-0.005223 -0.001081
4
309.988237 355.903721
5.295000 9.953000 12.082942 34 1
0.000000 0.000000 0.000000 0.000000 0.100028
0.000873 0.004154
1
409.609249 152.475270
5.295000 9.953000 12.082942 28 2
0.065880 0.000000 0.000000 0.000000 0.049850
0.004046 -0.002762
4
208.622727 285.487410
5.295000 9.953000 12.082942 29 1
0.000000 0.000000 0.000000 0.000000 0.078228
-0.001613 0.001133
1
98.049342 444.818726
5.295000 9.953000 12.082942 28 2
0.065880 0.000000 0.000000 0.000000 0.307468
-0.003503 0.003720
1
441.957795 151.253101
5.295000 9.953000 12.082942 28 2
0.065880 0.000000 0.000000 0.000000 0.063913
0.005045 -0.002744
1
278.261036 238.381727
5.295000 9.953000 12.082942 28 2
0.065880 0.000000 0.000000 0.000000 0.043657
0.001345 -0.001087
4
266.992139 413.570810
5.295000 9.953000 12.082942 32 1
0.000000 0.000000 0.000000 0.000000 0.066295
-0.000422 0.005662
4
104.386387 341.219943
5.295000 9.953000 12.082942 38 1
0.000000 0.000000 0.000000 0.000000 0.060493
-0.004497 0.002348
1
109.814803 127.757508
5.295000 9.953000 12.082942 29 2
0.065880 0.000000 0.000000 0.000000 0.044006
-0.004810 -0.003599
4
231.188317 381.959086
5.295000 9.953000 12.082942 34 1
0.000000 0.000000 0.000000 0.000000 0.076257
-0.000924 0.004165
4
122.173492 367.787104
5.295000 9.953000 12.082942 37 1
0.000000 0.000000 0.000000 0.000000 0.064030
-0.003405 0.002927
1
154.966970 276.615555
5.295000 9.953000 12.082942 29 2
0.065880 0.000000 0.000000 0.000000 0.045942
-0.003080 0.000617
4
209.706738 141.114260
5.295000 9.953000 12.082942 49 1
0.000000 0.000000 0.000000 0.000000 0.071505
-0.001223 -0.002335
4
327.571580 151.590349
5.295000 9.953000 12.082942 42 1
0.000000 0.000000 0.000000 0.000000 0.067184
0.002706 -0.000997
1
353.014349 426.995166
5.295000 9.953000 12.082942 30 2
0.065880 0.000000 0.000000 0.000000 0.045831
0.002193 0.005257
4
277.586698 488.937212
5.295000 9.953000 12.082942 40 1
0.000000 0.000000 0.000000 0.000000 0.074765
0.000844 0.005549
4
239.918354 397.769947
5.295000 9.953000 12.082942 32 1
0.000000 0.000000 0.000000 0.000000 0.081931
-0.000936 0.004738
1
375.325278 136.509396
5.295000 9.953000 12.082942 30 2
0.065880 0.000000 0.000000 0.000000 0.055943
0.003662 -0.002808
4
372.938220 118.110663
5.295000 9.953000 12.082942 44 1
0.000000 0.000000 0.000000 0.000000 0.065011
0.002883 -0.003808
1
340.680989 124.909885
5.295000 9.953000 12.082942 30 2
0.065880 0.000000 0.000000 0.000000 0.053191
0.003935 -0.005539
1
456.060643 121.905210
5.295000 9.953000 12.082942 30 2
0.065880 0.000000 0.000000 0.000000 0.154510
0.005061 -0.002850
4
239.512249 429.705163
5.295000 9.953000 12.082942 32 1
0.000000 0.000000 0.000000 0.000000 0.076431
-0.000978 0.005424
1
244.396869 98.861953
5.295000 9.953000 12.082942 31 2
0.065880 0.000000 0.000000 0.000000 0.065643
-0.003587 -0.005025
1
358.978693 395.676899
5.295000 9.953000 12.082942 31 2
0.065880 0.000000 0.000000 0.000000 0.057670
0.001950 0.005124
4
73.716976 361.237874
5.295000 9.953000 12.082942 53 1
0.000000 0.000000 0.000000 0.000000 0.066628
-0.004208 0.003802
4
30.349806 195.993110
5.295000 9.953000 12.082942 46 1
0.000000 0.000000 0.000000 0.000000 0.064140
-0.004589 -0.002074
1
415.602432 192.617329
5.295000 9.953000 12.082942 32 2
0.065880 0.000000 0.000000 0.000000 0.050685
0.007058 -0.002342
1
365.489375 245.659781
5.295000 9.953000 12.082942 32 2
0.065880 0.000000 0.000000 0.000000 0.071871
0.008726 0.010870
5
329.846088 65.687329
4.982786 9.366132 11.370484 39 1
0.065880 0.000000 0.000000 0.000000 0.130174
0.008840 -0.008386
4
154.417193 112.741544
5.295000 9.953000 12.082942 44 1
0.000000 0.000000 0.000000 0.000000 0.075271
-0.004995 -0.003494
1
311.708462 96.704142
5.295000 9.953000 12.082942 32 2
0.065880 0.000000 0.000000 0.000000 0.070231
0.001282 -0.007498
1
461.416819 343.463005
5.295000 9.953000 12.082942 32 2
0.065880 0.000000 0.000000 0.000000 0.069808
0.005816 0.003288
1
341.626555 78.725022
5.295000 9.953000 12.082942 32 2
0.065880 0.000000 0.000000 0.000000 0.125013
0.009292 -0.004773
4
325.778068 473.534103
5.295000 9.953000 12.082942 53 1
0.000000 0.000000 0.000000 0.000000 0.072901
0.003422 0.006041
1
121.761513 75.634028
5.295000 9.953000 12.082942 33 2
0.065880 0.000000 0.000000 0.000000 0.072991
-0.003577 -0.004746
1
220.258911 49.381929
5.295000 9.953000 12.082942 34 2
0.065880 0.000000 0.000000 0.000000 0.083470
-0.001007 -0.008778
1
162.571941 197.901224
5.295000 9.953000 12.082942 34 2
0.065880 0.000000 0.000000 0.000000 0.050714
-0.003774 -0.001543
1
459.036823 294.282922
5.295000 9.953000 12.082942 34 2
0.065880 0.000000 0.000000 0.000000 0.065582
0.008230 0.000064
4
89.082432 351.179893
5.295000 9.953000 12.082942 42 1
0.000000 0.000000 0.000000 0.000000 0.053842
-0.004162 0.003170
1
231.338139 320.433982
5.295000 9.953000 12.082942 35 2
0.065880 0.000000 0.000000 0.000000 0.036439
0.000592 0.001703
1
315.606910 420.110470
5.295000 9.953000 12.082942 35 2
0.065880 0.000000 0.000000 0.000000 0.062174
0.002391 0.005304
1
408.227994 61.201525
5.295000 9.953000 12.082942 35 2
0.065880 0.000000 0.000000 0.000000 0.170275
0.001862 -0.008400
4
146.949911 392.188770
5.295000 9.953000 12.082942 40 1
0.000000 0.000000 0.000000 0.000000 0.074533
-0.002532 0.003416
1
281.365449 106.228551
5.295000 9.953000 12.082942 35 2
0.065880 0.000000 0.000000 0.000000 0.060382
-0.000854 -0.005263
1
303.965906 384.273860
5.295000 9.953000 12.082942 35 2
0.065880 0.000000 0.000000 0.000000 0.049934
0.000695 0.006765
1
175.529941 412.302648
5.295000 9.953000 12.082942 35 2
0.065880 0.000000 0.000000 0.000000 0.039254
-0.001832 0.004798
1
45.501033 129.411607
5.295000 9.953000 12.082942 36 2
0.065880 0.000000 0.000000 0.000000 0.239102
-0.005648 -0.003013
1
169.305477 363.560543
5.295000 9.953000 12.082942 36 2
0.065880 0.000000 0.000000 0.000000 0.052831
-0.001862 0.003421
4
269.111018 119.669844
5.295000 9.953000 12.082942 47 1
0.000000 0.000000 0.000000 0.000000 0.071599
-0.000607 -0.005075
1
113.858667 251.705088
5.295000 9.953000 12.082942 36 2
0.065880 0.000000 0.000000 0.000000 0.043302
-0.003958 0.000623
1
394.594027 281.126629
5.295000 9.953000 12.082942 37 2
0.065880 0.000000 0.000000 0.000000 0.052012
0.005503 -0.000327
4
286.938552 442.719787
5.295000 9.953000 12.082942 50 1
0.000000 0.000000 0.000000 0.000000 0.048593
0.001896 0.005387
1
60.309604 409.215637
5.295000 9.953000 12.082942 37 2
0.065880 0.000000 0.000000 0.000000 0.217994
-0.004122 0.004034
1
341.005146 288.944096
5.295000 9.953000 12.082942 38 2
0.065880 0.000000 0.000000 0.000000 0.057111
0.006343 -0.010078
1
224.494187 93.084210
5.295000 9.953000 12.082942 38 2
0.065880 0.000000 0.000000 0.000000 0.056289
0.002265 0.008464
4
384.001530 415.562081
5.295000 9.953000 12.082942 49 1
0.000000 0.000000 0.000000 0.000000 0.054728
0.001765 0.005252
4
267.026220 71.222021
5.295000 9.953000 12.082942 52 1
0.000000 0.000000 0.000000 0.000000 0.095446
-0.002670 -0.006234
1
5.682422 293.358599
5.295000 9.953000 12.082942 39 2
0.065880 0.000000 0.000000 0.000000 0.082801
-0.007115 -0.001496
1
382.798146 366.798972
5.295000 9.953000 12.082942 39 2
0.065880 0.000000 0.000000 0.000000 0.082153
0.001245 0.004720
1
56.494457 333.842752
5.295000 9.953000 12.082942 39 2
0.065880 0.000000 0.000000 0.000000 0.061658
-0.003681 0.003576
4
344.926184 241.970295
5.295000 9.953000 12.082942 52 1
0.000000 0.000000 0.000000 0.000000 0.075551
-0.002278 -0.000965
1
213.551094 210.302848
5.295000 9.953000 12.082942 39 2
0.065880 0.000000 0.000000 0.000000 0.057951
-0.000388 -0.004528
4
143.046932 289.747028
5.295000 9.953000 12.082942 50 1
0.000000 0.000000 0.000000 0.000000 0.037391
-0.003492 0.001041
1
29.560130 139.532391
5.295000 9.953000 12.082942 40 2
0.065880 0.000000 0.000000 0.000000 0.529608
-0.005773 -0.003025
4
453.854059 311.950073
5.295000 9.953000 12.082942 50 1
0.000000 0.000000 0.000000 0.000000 0.066417
0.008339 0.001687
1
183.676157 89.113389
5.295000 9.953000 12.082942 40 2
0.065880 0.000000 0.000000 0.000000 0.062879
-0.003869 -0.006975
1
134.624596 439.894245
5.295000 9.953000 12.082942 40 2
0.065880 0.000000 0.000000 0.000000 0.068207
-0.001900 0.005133
4
77.904828 128.418344
5.295000 9.953000 12.082942 46 1
0.000000 0.000000 0.000000 0.000000 0.078959
-0.005206 -0.003454
4
412.417784 276.807965
5.295000 9.953000 12.082942 48 1
0.000000 0.000000 0.000000 0.000000 0.089685
0.006283 -0.001457
1
458.286434 183.216031
5.295000 9.953000 12.082942 40 2
0.065880 0.000000 0.000000 0.000000 0.094730
0.008712 -0.003234
1
253.699032 302.811610
5.295000 9.953000 12.082942 41 2
0.065880 0.000000 0.000000 0.000000 0.038395
-0.001146 0.001393
1
225.663793 67.475219
5.295000 9.953000 12.082942 41 2
0.065880 0.000000 0.000000 0.000000 0.061436
0.000996 -0.009578
1
152.391310 94.936959
5.295000 9.953000 12.082942 41 2
0.065880 0.000000 0.000000 0.000000 0.048889
-0.003495 -0.003810
4
70.753723 286.412865
5.295000 9.953000 12.082942 43 1
0.000000 0.000000 0.000000 0.000000 0.084250
-0.006419 0.001573
1
201.673092 44.324394
5.295000 9.953000 12.082942 41 2
0.065880 0.000000 0.000000 0.000000 0.065248
0.000854 -0.003682
4
316.697608 182.035599
5.295000 9.953000 12.082942 46 1
0.000000 0.000000 0.000000 0.000000 0.061777
0.002711 0.001366
4
232.649241 162.177546
5.295000 9.953000 12.082942 43 1
0.000000 0.000000 0.000000 0.000000 0.064325
-0.000321 -0.000255
4
279.479950 154.396605
5.295000 9.953000 12.082942 50 1
0.000000 0.000000 0.000000 0.000000 0.053123
0.001929 -0.003948
1
30.172011 158.408819
5.295000 9.953000 12.082942 41 2
0.065880 0.000000 0.000000 0.000000 0.140380
-0.006042 -0.002828
1
358.836566 47.368118
5.295000 9.953000 12.082942 41 2
0.065880 0.000000 0.000000 0.000000 0.136409
0.003616 -0.005486
1
30.530136 177.284346
5.295000 9.953000 12.082942 41 2
0.065880 0.000000 0.000000 0.000000 0.070200
-0.005804 -0.002550
4
160.726392 460.110841
5.295000 9.953000 12.082942 46 1
0.000000 0.000000 0.000000 0.000000 0.109430
0.001172 0.002627
1
211.174190 445.063617
5.295000 9.953000 12.082942 42 2
0.065880 0.000000 0.000000 0.000000 0.040873
-0.001287 0.006607
4
301.967113 340.895051
5.295000 9.953000 12.082942 43 1
0.000000 0.000000 0.000000 0.000000 0.093894
0.000896 0.003208
1
413.225711 210.675988
5.295000 9.953000 12.082942 42 2
0.065880 0.000000 0.000000 0.000000 0.079596
0.008067 -0.002672
4
243.018638 480.782750
5.295000 9.953000 12.082942 52 1
0.000000 0.000000 0.000000 0.000000 0.066828
0.000715 0.001885
1
341.129256 36.933950
5.295000 9.953000 12.082942 43 2
0.065880 0.000000 0.000000 0.000000 0.161818
-0.005953 -0.014544
4
362.338042 165.183722
5.295000 9.953000 12.082942 45 1
0.000000 0.000000 0.000000 0.000000 0.072953
0.002269 -0.000609
4
78.239714 220.852787
5.295000 9.953000 12.082942 44 1
0.000000 0.000000 0.000000 0.000000 0.082086
-0.003747 -0.000739
4
222.561655 335.621181
5.295000 9.953000 12.082942 46 1
0.000000 0.000000 0.000000 0.000000 0.050963
-0.001243 0.002808
1
479.635757 339.373354
5.295000 9.953000 12.082942 44 2
0.065880 0.000000 0.000000 0.000000 0.077343
0.006605 0.003945
1
490.238350 302.972093
5.295000 9.953000 12.082942 44 2
0.065880 0.000000 0.000000 0.000000 0.073909
0.007401 0.001580
4
370.886199 381.494861
5.295000 9.953000 12.082942 47 1
0.000000 0.000000 0.000000 0.000000 0.076415
0.001542 0.002530
1
468.683922 258.296101
5.295000 9.953000 12.082942 45 2
0.065880 0.000000 0.000000 0.000000 0.089948
0.009943 -0.000662
1
61.230363 100.478728
5.295000 9.953000 12.082942 45 2
0.065880 0.000000 0.000000 0.000000 0.156800
-0.006040 -0.002871
4
484.846894 215.252402
5.295000 9.953000 12.082942 49 1
0.000000 0.000000 0.000000 0.000000 0.113434
0.007038 -0.003547
1
382.687504 267.322523
5.295000 9.953000 12.082942 46 2
0.065880 0.000000 0.000000 0.000000 0.055328
0.003909 0.000326
4
243.670245 288.761005
5.295000 9.953000 12.082942 49 1
0.000000 0.000000 0.000000 0.000000 0.055443
0.000289 0.000616
1
356.780380 348.418792
5.295000 9.953000 12.082942 46 2
0.065880 0.000000 0.000000 0.000000 0.100780
-0.001699 -0.041947
1
250.798410 38.527270
5.295000 9.953000 12.082942 46 2
0.065880 0.000000 0.000000 0.000000 0.148222
-0.000509 -0.009765
1
338.809892 459.576040
5.295000 9.953000 12.082942 47 2
0.065880 0.000000 0.000000 0.000000 0.045215
0.003830 0.005932
4
105.692816 85.266900
5.295000 9.953000 12.082942 50 1
0.000000 0.000000 0.000000 0.000000 0.085519
-0.003761 -0.003083
1
359.494450 83.735649
5.295000 9.953000 12.082942 47 2
0.065880 0.000000 0.000000 0.000000 0.088313
0.009716 0.007186
1
411.082388 170.679729
5.295000 9.953000 12.082942 47 2
0.065880 0.000000 0.000000 0.000000 0.045529
0.004516 -0.002421
1
289.280412 40.857331
5.295000 9.953000 12.082942 47 2
0.065880 0.000000 0.000000 0.000000 0.163638
-0.000658 -0.003830
4
183.604544 461.437613
5.295000 9.953000 12.082942 50 1
0.000000 0.000000 0.000000 0.000000 0.095718
-0.003994 0.004831
1
298.460481 24.293789
5.295000 9.953000 12.082942 49 2
0.065880 0.000000 0.000000 0.000000 0.124757
0.009223 -0.001012
1
295.537648 58.403670
5.295000 9.953000 12.082942 49 2
0.065880 0.000000 0.000000 0.000000 0.168184
0.000693 -0.004304
1
22.333180 318.426303
5.295000 9.953000 12.082942 50 2
0.065880 0.000000 0.000000 0.000000 0.162522
0.000234 0.000074
1
24.831766 355.406198
5.295000 9.953000 12.082942 51 2
0.065880 0.000000 0.000000 0.000000 0.333742
-0.004306 0.001500
1
334.828338 109.071548
5.295000 9.953000 12.082942 51 2
0.065880 0.000000 0.000000 0.000000 0.060406
-0.005850 -0.004554
1
376.109792 232.295627
5.295000 9.953000 12.082942 52 2
0.065880 0.000000 0.000000 0.000000 0.075442
0.005410 0.003802
1
323.405924 217.728129
5.295000 9.953000 12.082942 52 2
0.065880 0.000000 0.000000 0.000000 0.064227
-0.000416 0.007019
1
262.067359 23.654497
5.295000 9.953000 12.082942 52 2
0.065880 0.000000 0.000000 0.000000 0.222117
0.000502 -0.009940
1
443.460992 346.665908
5.295000 9.953000 12.082942 52 2
0.065880 0.000000 0.000000 0.000000 0.054182
0.004654 0.003750
5
383.909652 335.588559
5.091141 9.569807 11.617745 38 1
0.065880 0.000000 0.000000 0.000000 0.109387
0.039352 -0.001095
5
342.227002 54.386186
4.982786 9.366132 11.370484 39 1
0.065880 0.000000 0.000000 0.000000 0.145309
0.011267 -0.009221
5
324.201089 30.271367
4.869501 9.153191 11.111974 40 1
0.065880 0.000000 0.000000 0.000000 0.122868
-0.001958 -0.004886
5
361.753215 29.713952
4.869501 9.153191 11.111974 40 1
0.065880 0.000000 0.000000 0.000000 0.405272
0.001924 -0.006141
