500.000000 500.000000
613 87
248 613
1
382.331953 284.738391
5.295000 9.953000 12.082942 46 2
0.065880 0.000000 0.000000 0.000000 0.019520
0.001274 0.000299
4
418.480325 412.734252
5.295000 9.953000 12.082942 38 1
0.000000 0.000000 0.000000 0.000000 0.101190
0.000208 0.001721
4
355.973655 383.448408
5.295000 9.953000 12.082942 65 1
0.000000 0.000000 0.000000 0.000000 0.039814
0.000618 0.001115
4
212.193351 354.730413
5.295000 9.953000 12.082942 58 1
0.000000 0.000000 0.000000 0.000000 0.044549
0.000433 0.000838
4
256.824472 437.439087
5.295000 9.953000 12.082942 44 1
0.000000 0.000000 0.000000 0.000000 0.030649
-0.000093 0.001641
4
51.311354 355.410095
5.295000 9.953000 12.082942 38 1
0.000000 0.000000 0.000000 0.000000 0.113368
-0.001216 0.000015
4
340.039729 258.767140
5.295000 9.953000 12.082942 40 1
0.000000 0.000000 0.000000 0.000000 0.044839
0.001581 -0.000617
4
178.902064 317.702148
5.295000 9.953000 12.082942 41 1
0.000000 0.000000 0.000000 0.000000 0.049629
0.000078 0.000700
4
115.874213 351.395473
5.295000 9.953000 12.082942 44 1
0.000000 0.000000 0.000000 0.000000 0.052267
-0.000895 0.000149
4
239.755583 44.192920
5.295000 9.953000 12.082942 52 1
0.000000 0.000000 0.000000 0.000000 0.041559
0.000007 -0.001248
1
7.991127 205.242547
5.295000 9.953000 12.082942 32 2
0.065880 0.000000 0.000000 0.000000 0.028243
-0.001253 0.000011
4
463.469087 153.548306
5.295000 9.953000 12.082942 57 1
0.000000 0.000000 0.000000 0.000000 0.150724
0.000897 -0.001561
4
250.677226 324.872631
5.295000 9.953000 12.082942 42 1
0.000000 0.000000 0.000000 0.000000 0.040115
0.001481 0.001101
4
126.865251 303.618370
5.295000 9.953000 12.082942 55 1
0.000000 0.000000 0.000000 0.000000 0.040496
-0.000363 0.000244
4
86.961629 133.631819
5.295000 9.953000 12.082942 58 1
0.000000 0.000000 0.000000 0.000000 0.055058
-0.001866 -0.000729
1
152.263870 448.689903
5.295000 9.953000 12.082942 22 2
0.065880 0.000000 0.000000 0.000000 0.055141
-0.000298 0.001029
4
426.875991 118.833860
5.295000 9.953000 12.082942 49 1
0.000000 0.000000 0.000000 0.000000 0.108232
0.000586 -0.001384
4
237.830679 126.114035
5.295000 9.953000 12.082942 53 1
0.000000 0.000000 0.000000 0.000000 0.052536
0.000013 -0.000048
4
414.948410 293.373931
5.295000 9.953000 12.082942 53 1
0.000000 0.000000 0.000000 0.000000 0.049421
0.001381 0.000209
1
260.318496 282.045433
5.295000 9.953000 12.082942 41 2
0.065880 0.000000 0.000000 0.000000 0.017633
0.000040 -0.000206
4
326.884535 129.318689
5.295000 9.953000 12.082942 37 1
0.000000 0.000000 0.000000 0.000000 0.037311
0.001073 -0.000633
4
308.150501 294.748391
5.295000 9.953000 12.082942 61 1
0.000000 0.000000 0.000000 0.000000 0.039574
0.000449 -0.000208
4
240.533992 372.116020
5.295000 9.953000 12.082942 34 1
0.000000 0.000000 0.000000 0.000000 0.058976
0.000308 0.001285
4
342.955819 447.962771
5.295000 9.953000 12.082942 64 1
0.000000 0.000000 0.000000 0.000000 0.042626
0.000623 0.001392
4
191.732605 418.385009
5.295000 9.953000 12.082942 65 1
0.000000 0.000000 0.000000 0.000000 0.035045
-0.000131 0.001206
4
432.600161 175.006367
5.295000 9.953000 12.082942 57 1
0.000000 0.000000 0.000000 0.000000 0.054633
0.001080 -0.001027
4
436.604976 366.011480
5.295000 9.953000 12.082942 50 1
0.000000 0.000000 0.000000 0.000000 0.105607
0.000745 0.002017
1
472.851261 213.394872
5.295000 9.953000 12.082942 23 2
0.065880 0.000000 0.000000 0.000000 0.044387
0.001711 -0.000566
4
362.871399 470.267319
5.295000 9.953000 12.082942 50 1
0.000000 0.000000 0.000000 0.000000 0.280209
0.001310 0.001342
4
255.592910 470.283279
5.295000 9.953000 12.082942 79 1
0.000000 0.000000 0.000000 0.000000 0.040562
-0.000303 0.001476
1
325.292937 393.883831
5.295000 9.953000 12.082942 20 2
0.065880 0.000000 0.000000 0.000000 0.017031
0.000439 0.001097
4
407.009471 262.758211
5.295000 9.953000 12.082942 73 1
0.000000 0.000000 0.000000 0.000000 0.030726
0.001479 -0.000009
1
56.239263 192.203100
5.295000 9.953000 12.082942 21 2
0.065880 0.000000 0.000000 0.000000 0.030380
-0.001256 -0.000309
4
249.503749 388.356711
5.295000 9.953000 12.082942 61 1
0.000000 0.000000 0.000000 0.000000 0.058653
0.000195 0.001478
4
57.029729 211.086353
5.295000 9.953000 12.082942 33 1
0.000000 0.000000 0.000000 0.000000 0.048804
-0.001046 -0.000213
4
313.412982 407.966490
5.295000 9.953000 12.082942 44 1
0.000000 0.000000 0.000000 0.000000 0.026756
0.000577 0.001373
4
71.347734 162.945682
5.295000 9.953000 12.082942 46 1
0.000000 0.000000 0.000000 0.000000 0.041569
-0.001508 -0.000500
4
399.723888 231.079325
5.295000 9.953000 12.082942 75 1
0.000000 0.000000 0.000000 0.000000 0.034788
0.001704 -0.000211
4
97.932651 302.492735
5.295000 9.953000 12.082942 38 1
0.000000 0.000000 0.000000 0.000000 0.041529
-0.001153 0.000114
1
204.929610 88.208609
5.295000 9.953000 12.082942 0 1
0.065880 0.000000 0.000000 0.000000 0.021931
-0.000163 -0.001840
4
363.733025 287.739781
5.295000 9.953000 12.082942 45 1
0.000000 0.000000 0.000000 0.000000 0.039977
0.001123 0.000278
4
381.178937 151.588702
5.295000 9.953000 12.082942 46 1
0.000000 0.000000 0.000000 0.000000 0.042397
0.000725 -0.000778
4
296.458510 484.593918
5.295000 9.953000 12.082942 58 1
0.000000 0.000000 0.000000 0.000000 0.069863
-0.000958 0.000539
4
249.661429 111.572972
5.295000 9.953000 12.082942 39 1
0.000000 0.000000 0.000000 0.000000 0.049981
-0.000331 -0.000700
4
221.634801 371.377034
5.295000 9.953000 12.082942 65 1
0.000000 0.000000 0.000000 0.000000 0.045875
0.000210 0.001022
4
323.244158 198.019773
5.295000 9.953000 12.082942 38 1
0.000000 0.000000 0.000000 0.000000 0.047421
-0.048673 -0.023599
4
394.118892 299.273930
5.295000 9.953000 12.082942 76 1
0.000000 0.000000 0.000000 0.000000 0.026220
0.001217 0.000520
4
70.768810 143.813482
5.295000 9.953000 12.082942 48 1
0.000000 0.000000 0.000000 0.000000 0.049576
-0.001663 -0.000616
4
312.694870 245.709173
5.295000 9.953000 12.082942 72 1
0.000000 0.000000 0.000000 0.000000 0.032508
-0.000169 -0.000873
1
488.511395 275.696757
5.295000 9.953000 12.082942 40 2
0.065880 0.000000 0.000000 0.000000 0.032969
0.000989 0.001258
4
396.296481 140.500372
5.295000 9.953000 12.082942 38 1
0.000000 0.000000 0.000000 0.000000 0.041038
0.000830 -0.001054
4
147.962888 328.543102
5.295000 9.953000 12.082942 82 1
0.000000 0.000000 0.000000 0.000000 0.037584
-0.000435 0.000843
4
129.038187 206.001796
5.295000 9.953000 12.082942 34 1
0.000000 0.000000 0.000000 0.000000 0.040805
-0.000710 0.000525
4
259.617258 372.572346
5.295000 9.953000 12.082942 32 1
0.000000 0.000000 0.000000 0.000000 0.064214
0.000429 0.001560
4
422.508936 81.364893
5.295000 9.953000 12.082942 38 1
0.000000 0.000000 0.000000 0.000000 0.256785
0.000302 -0.001401
4
233.542239 306.661839
5.295000 9.953000 12.082942 47 1
0.000000 0.000000 0.000000 0.000000 0.043155
0.000072 0.000535
4
9.327643 224.347531
5.295000 9.953000 12.082942 39 1
0.000000 0.000000 0.000000 0.000000 0.037859
-0.001164 -0.000027
4
102.978581 104.481591
5.295000 9.953000 12.082942 70 1
0.000000 0.000000 0.000000 0.000000 0.067150
-0.001640 -0.000673
4
406.199045 377.217178
5.295000 9.953000 12.082942 47 1
0.000000 0.000000 0.000000 0.000000 0.078098
0.000710 0.001356
4
17.928787 338.047149
5.295000 9.953000 12.082942 67 1
0.000000 0.000000 0.000000 0.000000 0.220720
-0.001372 -0.000025
4
135.148382 378.232774
5.295000 9.953000 12.082942 34 1
0.000000 0.000000 0.000000 0.000000 0.067088
-0.001877 0.000124
4
165.517489 114.784727
5.295000 9.953000 12.082942 42 1
0.000000 0.000000 0.000000 0.000000 0.057311
-0.001088 -0.001051
1
478.051537 311.927466
5.295000 9.953000 12.082942 40 2
0.065880 0.000000 0.000000 0.000000 0.027843
0.000075 0.001297
4
163.971041 400.134506
5.295000 9.953000 12.082942 69 1
0.000000 0.000000 0.000000 0.000000 0.040072
0.000283 0.001254
4
82.211328 314.296477
5.295000 9.953000 12.082942 40 1
0.000000 0.000000 0.000000 0.000000 0.046965
-0.001282 0.000125
4
100.920690 63.776547
5.295000 9.953000 12.082942 42 1
0.000000 0.000000 0.000000 0.000000 0.222522
-0.001917 0.000084
4
60.168838 249.521698
5.295000 9.953000 12.082942 39 1
0.000000 0.000000 0.000000 0.000000 0.059137
-0.000916 -0.000179
4
216.430202 73.677318
5.295000 9.953000 12.082942 70 1
0.000000 0.000000 0.000000 0.000000 0.026314
0.000094 -0.001444
4
54.803336 154.136383
5.295000 9.953000 12.082942 33 1
0.000000 0.000000 0.000000 0.000000 0.063256
-0.001587 -0.000483
4
144.023203 309.524146
5.295000 9.953000 12.082942 37 1
0.000000 0.000000 0.000000 0.000000 0.045978
-0.000336 0.000597
4
12.329094 262.571059
5.295000 9.953000 12.082942 42 1
0.000000 0.000000 0.000000 0.000000 0.062387
-0.001118 -0.000126
4
169.407674 482.509131
5.295000 9.953000 12.082942 72 1
0.000000 0.000000 0.000000 0.000000 0.168123
-0.000363 0.001316
4
386.041218 188.564463
5.295000 9.953000 12.082942 45 1
0.000000 0.000000 0.000000 0.000000 0.041962
0.000498 -0.000313
4
112.505484 314.414051
5.295000 9.953000 12.082942 34 1
0.000000 0.000000 0.000000 0.000000 0.052033
-0.000794 -0.000094
4
388.685645 206.935703
5.295000 9.953000 12.082942 55 1
0.000000 0.000000 0.000000 0.000000 0.052717
0.000488 -0.000416
4
196.263697 301.643118
5.295000 9.953000 12.082942 63 1
0.000000 0.000000 0.000000 0.000000 0.053978
-0.000036 0.000534
4
200.357451 435.106129
5.295000 9.953000 12.082942 57 1
0.000000 0.000000 0.000000 0.000000 0.044050
-0.000209 0.001334
4
263.974802 248.220366
5.295000 9.953000 12.082942 50 1
0.000000 0.000000 0.000000 0.000000 0.022766
-0.000638 -0.000478
4
368.447614 419.439356
5.295000 9.953000 12.082942 44 1
0.000000 0.000000 0.000000 0.000000 0.038795
0.000552 0.001306
4
173.663845 350.058763
5.295000 9.953000 12.082942 43 1
0.000000 0.000000 0.000000 0.000000 0.038333
0.000173 0.000925
4
407.126220 92.422755
5.295000 9.953000 12.082942 40 1
0.000000 0.000000 0.000000 0.000000 0.101388
0.000297 -0.001368
4
297.232831 278.419909
5.295000 9.953000 12.082942 41 1
0.000000 0.000000 0.000000 0.000000 0.040419
0.000483 -0.000346
4
429.030502 137.552844
5.295000 9.953000 12.082942 45 1
0.000000 0.000000 0.000000 0.000000 0.070793
0.000755 -0.001312
4
101.715003 283.400093
5.295000 9.953000 12.082942 46 1
0.000000 0.000000 0.000000 0.000000 0.040519
-0.000075 0.000097
4
383.520781 170.073053
5.295000 9.953000 12.082942 68 1
0.000000 0.000000 0.000000 0.000000 0.041226
0.000670 -0.000611
4
375.536221 338.254252
5.295000 9.953000 12.082942 72 1
0.000000 0.000000 0.000000 0.000000 0.065192
0.000838 0.000884
4
108.576401 437.554309
5.295000 9.953000 12.082942 61 1
0.000000 0.000000 0.000000 0.000000 0.122045
-0.002237 0.000188
1
90.731831 431.493490
5.295000 9.953000 12.082942 25 2
0.065880 0.000000 0.000000 0.000000 0.132180
-0.003105 -0.000946
1
153.514022 227.685312
5.295000 9.953000 12.082942 21 2
0.065880 0.000000 0.000000 0.000000 0.025334
0.000054 -0.000020
4
461.633851 134.605837
5.295000 9.953000 12.082942 57 1
0.000000 0.000000 0.000000 0.000000 0.216479
0.000706 -0.001590
4
443.291947 383.617500
5.295000 9.953000 12.082942 44 1
0.000000 0.000000 0.000000 0.000000 0.152425
0.000554 0.002178
4
270.368139 32.068828
5.295000 9.953000 12.082942 87 1
0.000000 0.000000 0.000000 0.000000 0.044653
0.000109 -0.000967
4
24.864561 213.468658
5.295000 9.953000 12.082942 85 1
0.000000 0.000000 0.000000 0.000000 0.024909
-0.001170 -0.000075
4
309.379061 227.600037
5.295000 9.953000 12.082942 71 1
0.000000 0.000000 0.000000 0.000000 0.035126
0.000450 -0.000746
4
183.730539 266.492501
5.295000 9.953000 12.082942 42 1
0.000000 0.000000 0.000000 0.000000 0.063084
-0.000130 0.000277
4
258.168868 404.766536
5.295000 9.953000 12.082942 49 1
0.000000 0.000000 0.000000 0.000000 0.052681
0.000124 0.001624
4
258.599550 230.449985
5.295000 9.953000 12.082942 83 1
0.000000 0.000000 0.000000 0.000000 0.022207
-0.001031 -0.000708
1
246.846446 453.461604
5.295000 9.953000 12.082942 19 2
0.065880 0.000000 0.000000 0.000000 0.028015
-0.000285 0.001543
4
405.112866 73.702745
5.295000 9.953000 12.082942 49 1
0.000000 0.000000 0.000000 0.000000 0.164012
0.000302 -0.001290
4
326.453109 461.567387
5.295000 9.953000 12.082942 58 1
0.000000 0.000000 0.000000 0.000000 0.067652
0.000704 0.001189
4
300.098648 259.574663
5.295000 9.953000 12.082942 59 1
0.000000 0.000000 0.000000 0.000000 0.036162
-0.000668 -0.000801
4
90.063248 209.092951
5.295000 9.953000 12.082942 33 1
0.000000 0.000000 0.000000 0.000000 0.057236
-0.001690 -0.000153
4
164.071274 32.289703
5.295000 9.953000 12.082942 38 1
0.000000 0.000000 0.000000 0.000000 0.107256
0.001256 -0.000030
4
399.804176 409.216528
5.295000 9.953000 12.082942 49 1
0.000000 0.000000 0.000000 0.000000 0.067619
0.000362 0.001386
4
153.899451 178.290362
5.295000 9.953000 12.082942 36 1
0.000000 0.000000 0.000000 0.000000 0.047570
-0.000770 -0.000256
4
371.504919 200.048061
5.295000 9.953000 12.082942 36 1
0.000000 0.000000 0.000000 0.000000 0.058311
0.003346 -0.000977
4
298.958467 154.811411
5.295000 9.953000 12.082942 43 1
0.000000 0.000000 0.000000 0.000000 0.023879
0.003382 -0.000070
4
254.038170 79.468921
5.295000 9.953000 12.082942 42 1
0.000000 0.000000 0.000000 0.000000 0.062916
-0.000173 -0.001037
4
214.704755 322.641313
5.295000 9.953000 12.082942 46 1
0.000000 0.000000 0.000000 0.000000 0.041496
0.000739 0.000727
4
176.510102 18.145441
5.295000 9.953000 12.082942 55 1
0.000000 0.000000 0.000000 0.000000 0.158332
0.000104 -0.001106
4
29.465079 270.818742
5.295000 9.953000 12.082942 35 1
0.000000 0.000000 0.000000 0.000000 0.061933
-0.001120 -0.000130
4
290.682969 222.368049
5.295000 9.953000 12.082942 34 1
0.000000 0.000000 0.000000 0.000000 0.036977
-0.001850 -0.000202
4
31.120409 289.719839
5.295000 9.953000 12.082942 61 1
0.000000 0.000000 0.000000 0.000000 0.063825
-0.001225 -0.000095
4
287.369995 118.197626
5.295000 9.953000 12.082942 56 1
0.000000 0.000000 0.000000 0.000000 0.031637
-0.000427 -0.001074
4
134.048675 273.680527
5.295000 9.953000 12.082942 59 1
0.000000 0.000000 0.000000 0.000000 0.027941
0.000032 0.000137
4
268.461839 388.776849
5.295000 9.953000 12.082942 31 1
0.000000 0.000000 0.000000 0.000000 0.065142
0.000319 0.001688
4
206.895394 6.491073
5.295000 9.953000 12.082942 34 1
0.000000 0.000000 0.000000 0.000000 0.090583
0.000306 -0.001456
4
123.630334 151.359474
5.295000 9.953000 12.082942 48 1
0.000000 0.000000 0.000000 0.000000 0.052480
-0.001091 -0.000780
4
229.326891 420.115148
5.295000 9.953000 12.082942 39 1
0.000000 0.000000 0.000000 0.000000 0.051902
-0.000113 0.001391
4
44.897555 260.170287
5.295000 9.953000 12.082942 38 1
0.000000 0.000000 0.000000 0.000000 0.074545
-0.001034 -0.000157
4
171.286858 132.326566
5.295000 9.953000 12.082942 44 1
0.000000 0.000000 0.000000 0.000000 0.062033
-0.001129 -0.001070
4
260.056752 340.767183
5.295000 9.953000 12.082942 54 1
0.000000 0.000000 0.000000 0.000000 0.050957
0.001033 0.001533
4
219.408820 123.318577
5.295000 9.953000 12.082942 50 1
0.000000 0.000000 0.000000 0.000000 0.044361
-0.001105 -0.001565
4
374.412376 218.450353
5.295000 9.953000 12.082942 40 1
0.000000 0.000000 0.000000 0.000000 0.060684
0.003356 0.000561
4
221.437806 223.175716
5.295000 9.953000 12.082942 35 1
0.000000 0.000000 0.000000 0.000000 0.042246
-0.000558 -0.000245
4
326.458884 292.851729
5.295000 9.953000 12.082942 81 1
0.000000 0.000000 0.000000 0.000000 0.025883
0.000728 -0.000120
4
282.326062 312.405256
5.295000 9.953000 12.082942 53 1
0.000000 0.000000 0.000000 0.000000 0.045280
0.000074 -0.000212
4
327.642720 234.925695
5.295000 9.953000 12.082942 39 1
0.000000 0.000000 0.000000 0.000000 0.035646
-0.000075 -0.001031
4
87.876469 171.847819
5.295000 9.953000 12.082942 54 1
0.000000 0.000000 0.000000 0.000000 0.040392
-0.001371 -0.000636
4
197.164230 71.026211
5.295000 9.953000 12.082942 46 1
0.000000 0.000000 0.000000 0.000000 0.033748
0.000161 -0.001264
4
147.492971 210.033404
5.295000 9.953000 12.082942 48 1
0.000000 0.000000 0.000000 0.000000 0.040908
-0.000235 -0.000121
4
144.147591 431.673949
5.295000 9.953000 12.082942 48 1
0.000000 0.000000 0.000000 0.000000 0.075108
-0.000520 0.000880
1
212.006735 105.695857
5.295000 9.953000 12.082942 38 2
0.065880 0.000000 0.000000 0.000000 0.020007
-0.001038 -0.001469
4
132.259584 359.250250
5.295000 9.953000 12.082942 50 1
0.000000 0.000000 0.000000 0.000000 0.051614
-0.000791 0.000411
4
119.667555 407.741604
5.295000 9.953000 12.082942 46 1
0.000000 0.000000 0.000000 0.000000 0.076699
-0.001195 0.000968
4
405.784885 427.059182
5.295000 9.953000 12.082942 68 1
0.000000 0.000000 0.000000 0.000000 0.102426
0.000302 0.001512
4
97.659632 324.805620
5.295000 9.953000 12.082942 36 1
0.000000 0.000000 0.000000 0.000000 0.055911
-0.001019 -0.000118
4
235.274643 76.557535
5.295000 9.953000 12.082942 64 1
0.000000 0.000000 0.000000 0.000000 0.033262
-0.000086 -0.001168
4
46.663358 279.045406
5.295000 9.953000 12.082942 31 1
0.000000 0.000000 0.000000 0.000000 0.073212
-0.001142 -0.000121
4
211.815058 387.089770
5.295000 9.953000 12.082942 69 1
0.000000 0.000000 0.000000 0.000000 0.042907
0.000033 0.001025
4
301.552944 431.690454
5.295000 9.953000 12.082942 74 1
0.000000 0.000000 0.000000 0.000000 0.034316
0.000624 0.000697
1
164.157268 79.001475
5.295000 9.953000 12.082942 41 2
0.065880 0.000000 0.000000 0.000000 0.029184
-0.002363 -0.001243
4
340.261996 205.098050
5.295000 9.953000 12.082942 72 1
0.000000 0.000000 0.000000 0.000000 0.044562
0.024147 0.009777
4
48.220768 297.966563
5.295000 9.953000 12.082942 43 1
0.000000 0.000000 0.000000 0.000000 0.063955
-0.001270 -0.000045
4
381.460255 356.408909
5.295000 9.953000 12.082942 47 1
0.000000 0.000000 0.000000 0.000000 0.061692
0.000820 0.000854
4
483.260976 293.819839
5.295000 9.953000 12.082942 63 1
0.000000 0.000000 0.000000 0.000000 0.043766
0.000631 0.001313
4
360.302458 230.548348
5.295000 9.953000 12.082942 41 1
0.000000 0.000000 0.000000 0.000000 0.058741
0.000921 0.000188
4
279.084072 476.710726
5.295000 9.953000 12.082942 72 1
0.000000 0.000000 0.000000 0.000000 0.040888
0.000375 0.000889
4
460.515909 199.183535
5.295000 9.953000 12.082942 75 1
0.000000 0.000000 0.000000 0.000000 0.072716
0.001384 -0.000475
4
349.183586 365.294118
5.295000 9.953000 12.082942 78 1
0.000000 0.000000 0.000000 0.000000 0.050745
0.000889 0.001325
4
165.376931 263.216802
5.295000 9.953000 12.082942 32 1
0.000000 0.000000 0.000000 0.000000 0.053002
-0.000118 0.000225
4
267.910088 164.242504
5.295000 9.953000 12.082942 73 1
0.000000 0.000000 0.000000 0.000000 0.030098
-0.004365 -0.015704
4
319.175628 310.206077
5.295000 9.953000 12.082942 41 1
0.000000 0.000000 0.000000 0.000000 0.043460
0.000402 -0.000004
4
141.487406 192.474715
5.295000 9.953000 12.082942 29 1
0.000000 0.000000 0.000000 0.000000 0.039368
-0.000696 0.000017
4
203.894397 337.761716
5.295000 9.953000 12.082942 39 1
0.000000 0.000000 0.000000 0.000000 0.042876
0.000466 0.000732
4
256.406945 129.044372
5.295000 9.953000 12.082942 62 1
0.000000 0.000000 0.000000 0.000000 0.050748
-0.000876 -0.001596
4
171.178922 449.949206
5.295000 9.953000 12.082942 37 1
0.000000 0.000000 0.000000 0.000000 0.057122
-0.000293 0.001214
4
439.935972 321.648472
5.295000 9.953000 12.082942 77 1
0.000000 0.000000 0.000000 0.000000 0.036510
0.002225 -0.000379
4
168.409065 50.629916
5.295000 9.953000 12.082942 79 1
0.000000 0.000000 0.000000 0.000000 0.036603
-0.000294 0.000756
4
190.083054 450.910385
5.295000 9.953000 12.082942 50 1
0.000000 0.000000 0.000000 0.000000 0.060879
-0.000270 0.001357
4
69.225135 383.105829
5.295000 9.953000 12.082942 37 1
0.000000 0.000000 0.000000 0.000000 0.165432
-0.001128 0.000168
4
92.298134 246.280345
5.295000 9.953000 12.082942 57 1
0.000000 0.000000 0.000000 0.000000 0.048144
-0.000480 -0.000209
4
432.324553 340.283784
5.295000 9.953000 12.082942 54 1
0.000000 0.000000 0.000000 0.000000 0.067573
0.001937 0.000495
4
196.246259 251.931200
5.295000 9.953000 12.082942 41 1
0.000000 0.000000 0.000000 0.000000 0.057395
-0.000222 0.000175
4
134.917582 63.745399
5.295000 9.953000 12.082942 77 1
0.000000 0.000000 0.000000 0.000000 0.067059
-0.001651 -0.000681
4
238.979697 275.720831
5.295000 9.953000 12.082942 46 1
0.000000 0.000000 0.000000 0.000000 0.050570
-0.000003 0.000195
4
225.745730 9.107703
5.295000 9.953000 12.082942 62 1
0.000000 0.000000 0.000000 0.000000 0.075605
0.000168 -0.001196
4
177.439344 149.782709
5.295000 9.953000 12.082942 38 1
0.000000 0.000000 0.000000 0.000000 0.059065
-0.000254 -0.000503
4
62.212961 268.373648
5.295000 9.953000 12.082942 35 1
0.000000 0.000000 0.000000 0.000000 0.075692
-0.001007 -0.000160
4
158.998624 146.351682
5.295000 9.953000 12.082942 45 1
0.000000 0.000000 0.000000 0.000000 0.062275
-0.000782 -0.000574
4
331.688747 411.684523
5.295000 9.953000 12.082942 62 1
0.000000 0.000000 0.000000 0.000000 0.036410
0.000630 0.001156
4
15.514385 300.362895
5.295000 9.953000 12.082942 39 1
0.000000 0.000000 0.000000 0.000000 0.105080
-0.001286 -0.000107
4
238.156643 176.083126
5.295000 9.953000 12.082942 48 1
0.000000 0.000000 0.000000 0.000000 0.052206
0.042110 0.003780
4
86.358729 95.118353
5.295000 9.953000 12.082942 52 1
0.000000 0.000000 0.000000 0.000000 0.144612
-0.001702 -0.000604
4
456.894525 267.019754
5.295000 9.953000 12.082942 51 1
0.000000 0.000000 0.000000 0.000000 0.055793
0.001477 0.000180
4
278.749145 372.778642
5.295000 9.953000 12.082942 30 1
0.000000 0.000000 0.000000 0.000000 0.071131
0.000615 0.001785
4
202.057905 170.479587
5.295000 9.953000 12.082942 36 1
0.000000 0.000000 0.000000 0.000000 0.042592
0.006017 0.000315
4
220.575346 403.574743
5.295000 9.953000 12.082942 38 1
0.000000 0.000000 0.000000 0.000000 0.054825
-0.000030 0.001231
4
155.632338 382.902973
5.295000 9.953000 12.082942 42 1
0.000000 0.000000 0.000000 0.000000 0.058026
-0.000213 0.001464
4
236.590849 469.325015
5.295000 9.953000 12.082942 34 1
0.000000 0.000000 0.000000 0.000000 0.044840
-0.000248 0.001606
4
301.290893 70.796054
5.295000 9.953000 12.082942 59 1
0.000000 0.000000 0.000000 0.000000 0.041511
0.000190 -0.000411
4
240.056800 226.567399
5.295000 9.953000 12.082942 55 1
0.000000 0.000000 0.000000 0.000000 0.034180
-0.000773 -0.000411
4
214.914626 304.210027
5.295000 9.953000 12.082942 64 1
0.000000 0.000000 0.000000 0.000000 0.048990
0.000016 0.000553
4
451.599539 285.108768
5.295000 9.953000 12.082942 76 1
0.000000 0.000000 0.000000 0.000000 0.044606
0.001282 0.000161
1
252.889128 212.590726
5.295000 9.953000 12.082942 19 2
0.065880 0.000000 0.000000 0.000000 0.019071
-0.000761 -0.000943
4
258.407361 46.896209
5.295000 9.953000 12.082942 61 1
0.000000 0.000000 0.000000 0.000000 0.044212
0.000056 -0.001091
4
213.888765 155.764060
5.295000 9.953000 12.082942 45 1
0.000000 0.000000 0.000000 0.000000 0.047832
0.002045 0.001346
4
273.401974 182.300311
5.295000 9.953000 12.082942 50 1
0.000000 0.000000 0.000000 0.000000 0.027004
0.092179 0.020640
4
184.362645 216.833555
5.295000 9.953000 12.082942 72 1
0.000000 0.000000 0.000000 0.000000 0.027792
-0.000227 -0.000315
4
241.305557 340.639314
5.295000 9.953000 12.082942 70 1
0.000000 0.000000 0.000000 0.000000 0.042543
0.000893 0.001031
4
462.099057 248.964013
5.295000 9.953000 12.082942 53 1
0.000000 0.000000 0.000000 0.000000 0.063460
0.001739 0.000082
4
203.123496 370.523636
5.295000 9.953000 12.082942 45 1
0.000000 0.000000 0.000000 0.000000 0.037923
0.000052 0.000826
4
53.880260 116.107987
5.295000 9.953000 12.082942 44 1
0.000000 0.000000 0.000000 0.000000 0.198022
-0.001900 -0.000908
1
269.050133 265.820749
5.295000 9.953000 12.082942 24 2
0.065880 0.000000 0.000000 0.000000 0.022262
-0.000112 -0.000432
4
104.689245 180.846434
5.295000 9.953000 12.082942 42 1
0.000000 0.000000 0.000000 0.000000 0.047571
-0.001257 -0.001654
4
117.134527 91.594922
5.295000 9.953000 12.082942 36 1
0.000000 0.000000 0.000000 0.000000 0.067147
-0.001383 -0.000356
4
424.594649 380.343996
5.295000 9.953000 12.082942 46 1
0.000000 0.000000 0.000000 0.000000 0.100585
0.000686 0.001971
4
244.148908 143.581048
5.295000 9.953000 12.082942 71 1
0.000000 0.000000 0.000000 0.000000 0.036631
-0.002928 -0.003783
4
357.184117 336.635017
5.295000 9.953000 12.082942 45 1
0.000000 0.000000 0.000000 0.000000 0.074109
0.000476 0.000552
1
380.232727 455.267821
5.295000 9.953000 12.082942 26 2
0.065880 0.000000 0.000000 0.000000 0.109180
0.000467 0.001510
4
114.847855 332.896724
5.295000 9.953000 12.082942 68 1
0.000000 0.000000 0.000000 0.000000 0.049436
-0.001096 -0.000011
4
444.304587 126.723863
5.295000 9.953000 12.082942 53 1
0.000000 0.000000 0.000000 0.000000 0.118800
0.000643 -0.001482
4
349.993307 415.552095
5.295000 9.953000 12.082942 41 1
0.000000 0.000000 0.000000 0.000000 0.039538
0.000615 0.001205
4
190.329880 184.979621
5.295000 9.953000 12.082942 59 1
0.000000 0.000000 0.000000 0.000000 0.030098
-0.001066 -0.000070
4
276.969692 49.624722
5.295000 9.953000 12.082942 84 1
0.000000 0.000000 0.000000 0.000000 0.038178
0.000087 -0.000843
4
265.745886 454.173011
5.295000 9.953000 12.082942 59 1
0.000000 0.000000 0.000000 0.000000 0.027579
-0.000251 0.001680
4
409.303377 111.063444
5.295000 9.953000 12.082942 41 1
0.000000 0.000000 0.000000 0.000000 0.061771
0.000518 -0.001317
4
319.146775 74.443283
5.295000 9.953000 12.082942 78 1
0.000000 0.000000 0.000000 0.000000 0.041313
0.000412 -0.000504
4
119.166221 133.156429
5.295000 9.953000 12.082942 37 1
0.000000 0.000000 0.000000 0.000000 0.031019
-0.001803 -0.000651
1
361.273601 126.004693
5.295000 9.953000 12.082942 30 2
0.065880 0.000000 0.000000 0.000000 0.027881
0.000620 -0.000953
4
125.525579 429.524932
5.295000 9.953000 12.082942 49 1
0.000000 0.000000 0.000000 0.000000 0.086152
-0.000862 0.001268
4
430.960259 240.044879
5.295000 9.953000 12.082942 79 1
0.000000 0.000000 0.000000 0.000000 0.042138
0.001744 -0.000152
1
333.625570 275.884089
5.295000 9.953000 12.082942 19 2
0.065880 0.000000 0.000000 0.000000 0.022659
0.000740 0.000142
4
337.493151 429.669867
5.295000 9.953000 12.082942 37 1
0.000000 0.000000 0.000000 0.000000 0.035903
0.000716 0.001248
4
130.822261 45.380184
5.295000 9.953000 12.082942 56 1
0.000000 0.000000 0.000000 0.000000 0.164733
0.000500 -0.001610
4
227.283717 240.694716
5.295000 9.953000 12.082942 43 1
0.000000 0.000000 0.000000 0.000000 0.047597
-0.000483 -0.000022
4
214.620100 254.984456
5.295000 9.953000 12.082942 42 1
0.000000 0.000000 0.000000 0.000000 0.056441
-0.000257 0.000205
4
391.677589 103.373466
5.295000 9.953000 12.082942 85 1
0.000000 0.000000 0.000000 0.000000 0.047989
0.000521 -0.001250
4
169.255800 96.730897
5.295000 9.953000 12.082942 51 1
0.000000 0.000000 0.000000 0.000000 0.035430
-0.000514 -0.001525
4
220.531359 272.436713
5.295000 9.953000 12.082942 31 1
0.000000 0.000000 0.000000 0.000000 0.060547
-0.000076 0.000324
4
190.714093 53.213723
5.295000 9.953000 12.082942 55 1
0.000000 0.000000 0.000000 0.000000 0.047306
-0.000749 -0.000667
4
316.878275 160.640581
5.295000 9.953000 12.082942 39 1
0.000000 0.000000 0.000000 0.000000 0.031803
-0.003188 0.000208
4
363.774609 144.438590
5.295000 9.953000 12.082942 36 1
0.000000 0.000000 0.000000 0.000000 0.037434
0.001057 -0.001002
4
493.722648 257.518685
5.295000 9.953000 12.082942 60 1
0.000000 0.000000 0.000000 0.000000 0.070148
0.001306 0.001259
4
282.339931 253.346997
5.295000 9.953000 12.082942 38 1
0.000000 0.000000 0.000000 0.000000 0.037066
-0.000532 -0.000973
4
438.536786 271.530070
5.295000 9.953000 12.082942 36 1
0.000000 0.000000 0.000000 0.000000 0.057256
0.001474 -0.000016
4
190.369269 234.367753
5.295000 9.953000 12.082942 57 1
0.000000 0.000000 0.000000 0.000000 0.034357
-0.000258 -0.000027
1
293.680292 136.520942
5.295000 9.953000 12.082942 21 2
0.065880 0.000000 0.000000 0.000000 0.018948
-0.000060 -0.001303
4
123.554705 238.381128
5.295000 9.953000 12.082942 62 1
0.000000 0.000000 0.000000 0.000000 0.034565
-0.000157 0.000057
4
195.710117 152.874828
5.295000 9.953000 12.082942 57 1
0.000000 0.000000 0.000000 0.000000 0.047317
-0.001467 -0.002046
4
309.112825 454.167430
5.295000 9.953000 12.082942 34 1
0.000000 0.000000 0.000000 0.000000 0.047040
0.001012 0.001877
4
219.204999 435.963015
5.295000 9.953000 12.082942 41 1
0.000000 0.000000 0.000000 0.000000 0.043990
-0.000202 0.001417
4
189.489042 135.399470
5.295000 9.953000 12.082942 36 1
0.000000 0.000000 0.000000 0.000000 0.059833
-0.000218 -0.000724
4
213.997671 23.957939
5.295000 9.953000 12.082942 43 1
0.000000 0.000000 0.000000 0.000000 0.078876
-0.000020 -0.001214
4
358.746954 107.566494
5.295000 9.953000 12.082942 51 1
0.000000 0.000000 0.000000 0.000000 0.036212
0.000677 -0.001018
4
177.897591 248.801401
5.295000 9.953000 12.082942 41 1
0.000000 0.000000 0.000000 0.000000 0.044309
-0.000158 0.000115
4
207.335022 484.413765
5.295000 9.953000 12.082942 37 1
0.000000 0.000000 0.000000 0.000000 0.084625
-0.000249 0.001521
4
153.087385 128.753460
5.295000 9.953000 12.082942 35 1
0.000000 0.000000 0.000000 0.000000 0.064517
-0.000967 -0.000476
4
140.355234 142.586199
5.295000 9.953000 12.082942 48 1
0.000000 0.000000 0.000000 0.000000 0.060962
-0.000731 -0.000175
4
185.319775 335.382571
5.295000 9.953000 12.082942 74 1
0.000000 0.000000 0.000000 0.000000 0.036668
0.000213 0.000749
4
136.034361 175.131505
5.295000 9.953000 12.082942 44 1
0.000000 0.000000 0.000000 0.000000 0.049525
-0.000738 0.000024
4
55.468745 173.225722
5.295000 9.953000 12.082942 72 1
0.000000 0.000000 0.000000 0.000000 0.045269
-0.001378 -0.000340
4
198.690449 467.642332
5.295000 9.953000 12.082942 65 1
0.000000 0.000000 0.000000 0.000000 0.068329
-0.000289 0.001464
4
184.946558 369.335733
5.295000 9.953000 12.082942 81 1
0.000000 0.000000 0.000000 0.000000 0.033759
-0.000163 0.000768
4
282.535467 17.469532
5.295000 9.953000 12.082942 62 1
0.000000 0.000000 0.000000 0.000000 0.102942
0.000164 -0.000859
4
393.004240 441.197859
5.295000 9.953000 12.082942 46 1
0.000000 0.000000 0.000000 0.000000 0.146624
0.000431 0.001489
4
101.954415 380.967625
5.295000 9.953000 12.082942 39 1
0.000000 0.000000 0.000000 0.000000 0.065880
-0.001201 0.000401
4
261.436033 97.102838
5.295000 9.953000 12.082942 60 1
0.000000 0.000000 0.000000 0.000000 0.054310
-0.000339 -0.000899
4
82.359014 334.909622
5.295000 9.953000 12.082942 47 1
0.000000 0.000000 0.000000 0.000000 0.054497
-0.001093 -0.000045
4
133.991904 82.404145
5.295000 9.953000 12.082942 51 1
0.000000 0.000000 0.000000 0.000000 0.051141
-0.001385 -0.000464
4
58.404093 230.296847
5.295000 9.953000 12.082942 75 1
0.000000 0.000000 0.000000 0.000000 0.052502
-0.000928 -0.000163
4
66.916365 345.099933
5.295000 9.953000 12.082942 75 1
0.000000 0.000000 0.000000 0.000000 0.065779
-0.001175 -0.000015
4
106.263100 233.781218
5.295000 9.953000 12.082942 70 1
0.000000 0.000000 0.000000 0.000000 0.043452
-0.000196 -0.000562
4
146.929121 259.717692
5.295000 9.953000 12.082942 32 1
0.000000 0.000000 0.000000 0.000000 0.036290
-0.000100 0.000152
4
381.094581 405.545139
5.295000 9.953000 12.082942 44 1
0.000000 0.000000 0.000000 0.000000 0.056225
0.000490 0.001228
4
49.515218 316.982084
5.295000 9.953000 12.082942 42 1
0.000000 0.000000 0.000000 0.000000 0.069754
-0.001326 0.000021
4
182.887813 401.591057
5.295000 9.953000 12.082942 72 1
0.000000 0.000000 0.000000 0.000000 0.030097
0.000063 0.001074
4
269.494506 356.707513
5.295000 9.953000 12.082942 58 1
0.000000 0.000000 0.000000 0.000000 0.064725
0.000777 0.001706
1
303.290726 173.110027
5.295000 9.953000 12.082942 41 2
0.065880 0.000000 0.000000 0.000000 0.020650
0.008045 -0.014676
1
312.951886 142.325123
5.295000 9.953000 12.082942 20 2
0.065880 0.000000 0.000000 0.000000 0.020626
0.000909 -0.000229
4
103.122414 161.465791
5.295000 9.953000 12.082942 36 1
0.000000 0.000000 0.000000 0.000000 0.042535
-0.001127 -0.000719
4
285.553174 204.452263
5.295000 9.953000 12.082942 66 1
0.000000 0.000000 0.000000 0.000000 0.034099
-0.001888 -0.000343
1
334.635573 83.882085
5.295000 9.953000 12.082942 30 2
0.065880 0.000000 0.000000 0.000000 0.017822
0.001784 -0.002431
4
189.764098 284.130004
5.295000 9.953000 12.082942 46 1
0.000000 0.000000 0.000000 0.000000 0.065912
-0.000075 0.000410
4
295.264683 406.001537
5.295000 9.953000 12.082942 70 1
0.000000 0.000000 0.000000 0.000000 0.044971
0.000400 0.001883
4
69.154790 87.066605
5.295000 9.953000 12.082942 38 1
0.000000 0.000000 0.000000 0.000000 0.428642
-0.001295 -0.001189
4
295.277238 240.349013
5.295000 9.953000 12.082942 50 1
0.000000 0.000000 0.000000 0.000000 0.039025
-0.000377 -0.001001
4
250.016363 161.202214
5.295000 9.953000 12.082942 43 1
0.000000 0.000000 0.000000 0.000000 0.041108
0.006031 0.010398
4
166.705494 332.397186
5.295000 9.953000 12.082942 65 1
0.000000 0.000000 0.000000 0.000000 0.033896
-0.000053 0.000833
4
135.185797 124.189712
5.295000 9.953000 12.082942 33 1
0.000000 0.000000 0.000000 0.000000 0.055910
-0.001412 -0.000088
4
337.451444 307.354435
5.295000 9.953000 12.082942 72 1
0.000000 0.000000 0.000000 0.000000 0.030245
0.000568 0.000084
4
421.215019 325.247133
5.295000 9.953000 12.082942 80 1
0.000000 0.000000 0.000000 0.000000 0.037280
0.001912 0.000323
4
100.539461 362.188679
5.295000 9.953000 12.082942 61 1
0.000000 0.000000 0.000000 0.000000 0.057847
-0.001073 0.000145
4
246.729795 61.780664
5.295000 9.953000 12.082942 49 1
0.000000 0.000000 0.000000 0.000000 0.048259
-0.000024 -0.001173
4
381.328487 67.645301
5.295000 9.953000 12.082942 70 1
0.000000 0.000000 0.000000 0.000000 0.085544
0.001319 -0.002061
4
302.289974 106.670680
5.295000 9.953000 12.082942 60 1
0.000000 0.000000 0.000000 0.000000 0.023540
0.000455 -0.000112
4
454.146982 333.912270
5.295000 9.953000 12.082942 62 1
0.000000 0.000000 0.000000 0.000000 0.050886
0.000379 0.001737
4
75.098001 238.699326
5.295000 9.953000 12.082942 43 1
0.000000 0.000000 0.000000 0.000000 0.054980
-0.000764 -0.000152
4
41.651807 221.888430
5.295000 9.953000 12.082942 32 1
0.000000 0.000000 0.000000 0.000000 0.045340
-0.001057 -0.000141
4
470.074091 280.349351
5.295000 9.953000 12.082942 50 1
0.000000 0.000000 0.000000 0.000000 0.043999
0.001050 0.000850
4
178.228369 199.291507
5.295000 9.953000 12.082942 59 1
0.000000 0.000000 0.000000 0.000000 0.021056
-0.000152 -0.000560
4
298.010546 373.224743
5.295000 9.953000 12.082942 39 1
0.000000 0.000000 0.000000 0.000000 0.064663
0.000876 0.001743
4
70.571984 402.109275
5.295000 9.953000 12.082942 48 1
0.000000 0.000000 0.000000 0.000000 0.170710
-0.001368 0.000286
4
311.392472 327.314087
5.295000 9.953000 12.082942 32 1
0.000000 0.000000 0.000000 0.000000 0.053326
0.000047 0.000078
4
128.452570 256.109139
5.295000 9.953000 12.082942 61 1
0.000000 0.000000 0.000000 0.000000 0.020386
-0.000230 0.000107
4
86.731300 114.461912
5.295000 9.953000 12.082942 40 1
0.000000 0.000000 0.000000 0.000000 0.088472
-0.001820 -0.000749
4
433.271867 289.497944
5.295000 9.953000 12.082942 64 1
0.000000 0.000000 0.000000 0.000000 0.055047
0.001316 0.000018
4
357.120500 211.937377
5.295000 9.953000 12.082942 58 1
0.000000 0.000000 0.000000 0.000000 0.055610
-0.007321 -0.002538
4
174.409886 384.757936
5.295000 9.953000 12.082942 50 1
0.000000 0.000000 0.000000 0.000000 0.038742
-0.000067 0.000939
4
53.567495 393.557396
5.295000 9.953000 12.082942 44 1
0.000000 0.000000 0.000000 0.000000 0.296505
-0.001193 0.000071
4
448.594641 184.642846
5.295000 9.953000 12.082942 37 1
0.000000 0.000000 0.000000 0.000000 0.069733
0.000858 -0.000283
1
275.505064 437.948300
5.295000 9.953000 12.082942 0 1
0.065880 0.000000 0.000000 0.000000 0.027644
0.000063 0.001908
1
248.107676 420.775769
5.295000 9.953000 12.082942 28 2
0.065880 0.000000 0.000000 0.000000 0.035433
-0.000057 0.001552
4
351.988254 90.235075
5.295000 9.953000 12.082942 63 1
0.000000 0.000000 0.000000 0.000000 0.030961
0.001232 -0.001311
4
66.364254 325.360630
5.295000 9.953000 12.082942 31 1
0.000000 0.000000 0.000000 0.000000 0.058598
-0.001293 0.000097
1
296.173975 88.962384
5.295000 9.953000 12.082942 0 1
0.065880 0.000000 0.000000 0.000000 0.030257
0.000084 -0.000211
4
72.116402 181.938520
5.295000 9.953000 12.082942 54 1
0.000000 0.000000 0.000000 0.000000 0.036178
-0.001160 -0.000378
4
35.453298 365.581929
5.295000 9.953000 12.082942 39 1
0.000000 0.000000 0.000000 0.000000 0.292435
-0.001190 0.000066
4
363.711410 59.666491
5.295000 9.953000 12.082942 66 1
0.000000 0.000000 0.000000 0.000000 0.059861
0.003148 -0.000564
4
219.992560 173.408853
5.295000 9.953000 12.082942 35 1
0.000000 0.000000 0.000000 0.000000 0.055714
-0.018826 -0.003246
4
320.856878 110.980112
5.295000 9.953000 12.082942 61 1
0.000000 0.000000 0.000000 0.000000 0.031204
0.000808 -0.000731
4
442.198608 107.857935
5.295000 9.953000 12.082942 64 1
0.000000 0.000000 0.000000 0.000000 0.179495
0.000488 -0.001516
4
292.463861 328.093194
5.295000 9.953000 12.082942 62 1
0.000000 0.000000 0.000000 0.000000 0.052427
-0.000033 0.000067
4
400.726353 177.328588
5.295000 9.953000 12.082942 70 1
0.000000 0.000000 0.000000 0.000000 0.030275
0.001347 -0.000869
4
196.684514 202.519114
5.295000 9.953000 12.082942 32 1
0.000000 0.000000 0.000000 0.000000 0.032573
-0.000933 -0.000201
4
154.802425 416.252329
5.295000 9.953000 12.082942 45 1
0.000000 0.000000 0.000000 0.000000 0.050540
-0.000420 0.000974
1
439.918635 89.034499
5.295000 9.953000 12.082942 22 2
0.065880 0.000000 0.000000 0.000000 0.312614
0.000339 -0.001516
4
192.644429 101.970220
5.295000 9.953000 12.082942 48 1
0.000000 0.000000 0.000000 0.000000 0.033941
0.005607 0.002868
4
348.847048 155.798745
5.295000 9.953000 12.082942 49 1
0.000000 0.000000 0.000000 0.000000 0.046871
-0.000300 0.000037
4
233.947982 208.980043
5.295000 9.953000 12.082942 47 1
0.000000 0.000000 0.000000 0.000000 0.049832
-0.001788 -0.000320
4
326.560341 42.853385
5.295000 9.953000 12.082942 55 1
0.000000 0.000000 0.000000 0.000000 0.051467
-0.000265 -0.000965
4
441.796633 202.936627
5.295000 9.953000 12.082942 62 1
0.000000 0.000000 0.000000 0.000000 0.060737
0.001621 -0.000073
4
201.745385 402.726905
5.295000 9.953000 12.082942 34 1
0.000000 0.000000 0.000000 0.000000 0.041509
-0.000024 0.001103
4
337.533304 186.104643
5.295000 9.953000 12.082942 47 1
0.000000 0.000000 0.000000 0.000000 0.042984
0.009723 -0.004843
4
132.365034 340.517092
5.295000 9.953000 12.082942 54 1
0.000000 0.000000 0.000000 0.000000 0.044516
-0.001483 0.000430
4
449.046889 235.359833
5.295000 9.953000 12.082942 67 1
0.000000 0.000000 0.000000 0.000000 0.056763
0.001893 -0.000129
4
330.375440 361.719872
5.295000 9.953000 12.082942 46 1
0.000000 0.000000 0.000000 0.000000 0.054492
0.000664 0.000980
4
330.109614 325.695650
5.295000 9.953000 12.082942 71 1
0.000000 0.000000 0.000000 0.000000 0.052222
0.000275 0.000141
4
402.701491 327.309521
5.295000 9.953000 12.082942 0 1
0.000000 0.000000 0.000000 0.000000 0.046632
0.001619 0.000684
4
427.641937 307.426924
5.295000 9.953000 12.082942 0 1
0.000000 0.000000 0.000000 0.000000 0.048061
0.001442 0.000164
4
230.852765 108.619354
5.295000 9.953000 12.082942 0 1
0.000000 0.000000 0.000000 0.000000 0.038675
-0.000689 -0.001192
4
307.400325 191.743030
5.295000 9.953000 12.082942 45 1
0.000000 0.000000 0.000000 0.000000 0.038116
0.081432 0.027174
4
375.327663 302.504480
5.295000 9.953000 12.082942 50 1
0.000000 0.000000 0.000000 0.000000 0.051262
0.001116 0.000477
4
454.408101 217.093091
5.295000 9.953000 12.082942 0 1
0.000000 0.000000 0.000000 0.000000 0.059288
0.001848 -0.000170
4
436.309553 221.639982
5.295000 9.953000 12.082942 0 1
0.000000 0.000000 0.000000 0.000000 0.052490
0.001785 -0.000147
4
141.625399 464.196834
5.295000 9.953000 12.082942 0 1
0.000000 0.000000 0.000000 0.000000 0.196058
-0.000310 0.001040
4
95.769887 265.075241
5.295000 9.953000 12.082942 0 1
0.000000 0.000000 0.000000 0.000000 0.049861
-0.000528 -0.000013
4
278.770256 340.539897
5.295000 9.953000 12.082942 0 1
0.000000 0.000000 0.000000 0.000000 0.064909
0.001333 0.001950
4
418.319381 362.154842
5.295000 9.953000 12.082942 0 1
0.000000 0.000000 0.000000 0.000000 0.098391
0.000800 0.001581
1
394.423585 248.991495
5.295000 9.953000 12.082942 19 2
0.065880 0.000000 0.000000 0.000000 0.023032
0.001585 0.000017
4
158.748981 295.638114
5.295000 9.953000 12.082942 43 1
0.000000 0.000000 0.000000 0.000000 0.049772
-0.000107 0.000499
4
225.900942 140.874972
5.295000 9.953000 12.082942 82 1
0.000000 0.000000 0.000000 0.000000 0.038506
0.001333 0.000622
4
289.959931 295.764992
5.295000 9.953000 12.082942 48 1
0.000000 0.000000 0.000000 0.000000 0.037136
0.000312 -0.000289
4
38.163918 145.321779
5.295000 9.953000 12.082942 54 1
0.000000 0.000000 0.000000 0.000000 0.188030
-0.001659 -0.000385
4
65.180494 306.255556
5.295000 9.953000 12.082942 72 1
0.000000 0.000000 0.000000 0.000000 0.053023
-0.001290 0.000030
4
43.190438 241.107376
5.295000 9.953000 12.082942 30 1
0.000000 0.000000 0.000000 0.000000 0.058188
-0.001012 -0.000156
1
409.161627 310.519750
5.295000 9.953000 12.082942 19 2
0.065880 0.000000 0.000000 0.000000 0.035133
0.001491 0.000433
4
342.423329 223.333869
5.295000 9.953000 12.082942 54 1
0.000000 0.000000 0.000000 0.000000 0.049858
0.001264 -0.005093
4
263.747574 487.521496
5.295000 9.953000 12.082942 41 1
0.000000 0.000000 0.000000 0.000000 0.052379
0.000412 0.000972
4
276.832196 405.310673
5.295000 9.953000 12.082942 45 1
0.000000 0.000000 0.000000 0.000000 0.058271
0.000238 0.001770
4
351.980589 273.088001
5.295000 9.953000 12.082942 44 1
0.000000 0.000000 0.000000 0.000000 0.042886
0.001218 0.000168
4
162.870646 433.124012
5.295000 9.953000 12.082942 75 1
0.000000 0.000000 0.000000 0.000000 0.044035
-0.000340 0.001064
4
354.403017 193.200446
5.295000 9.953000 12.082942 45 1
0.000000 0.000000 0.000000 0.000000 0.053318
-0.003358 0.000813
4
80.678795 295.331579
5.295000 9.953000 12.082942 81 1
0.000000 0.000000 0.000000 0.000000 0.041297
-0.001225 0.000057
4
171.271942 281.082199
5.295000 9.953000 12.082942 27 1
0.000000 0.000000 0.000000 0.000000 0.062366
-0.000103 0.000375
4
285.716078 168.341502
5.295000 9.953000 12.082942 71 1
0.000000 0.000000 0.000000 0.000000 0.026285
-0.000023 0.014543
4
181.567658 434.160611
5.295000 9.953000 12.082942 42 1
0.000000 0.000000 0.000000 0.000000 0.046638
-0.000246 0.001232
4
246.205158 194.832211
5.295000 9.953000 12.082942 72 1
0.000000 0.000000 0.000000 0.000000 0.042448
0.000941 -0.005601
4
182.835314 36.086428
5.295000 9.953000 12.082942 54 1
0.000000 0.000000 0.000000 0.000000 0.085611
0.001158 -0.001514
4
393.721666 391.515354
5.295000 9.953000 12.082942 42 1
0.000000 0.000000 0.000000 0.000000 0.066067
0.000577 0.001235
4
348.406875 321.402375
5.295000 9.953000 12.082942 39 1
0.000000 0.000000 0.000000 0.000000 0.060085
0.000704 0.000552
4
321.939692 261.172740
5.295000 9.953000 12.082942 80 1
0.000000 0.000000 0.000000 0.000000 0.028941
0.000853 -0.000660
4
226.770573 289.710871
5.295000 9.953000 12.082942 32 1
0.000000 0.000000 0.000000 0.000000 0.060671
0.000056 0.000416
4
425.491344 258.022633
5.295000 9.953000 12.082942 45 1
0.000000 0.000000 0.000000 0.000000 0.044046
0.001585 -0.000074
4
38.867831 164.482839
5.295000 9.953000 12.082942 55 1
0.000000 0.000000 0.000000 0.000000 0.074345
-0.001484 -0.000275
4
84.932872 372.673332
5.295000 9.953000 12.082942 41 1
0.000000 0.000000 0.000000 0.000000 0.079467
-0.001121 0.000188
4
33.764772 327.565279
5.295000 9.953000 12.082942 53 1
0.000000 0.000000 0.000000 0.000000 0.105253
-0.001360 0.000008
4
379.427183 48.987856
5.295000 9.953000 12.082942 80 1
0.000000 0.000000 0.000000 0.000000 0.137751
0.001925 -0.002590
4
431.098690 156.284151
5.295000 9.953000 12.082942 39 1
0.000000 0.000000 0.000000 0.000000 0.059719
0.000933 -0.001218
4
337.319111 379.593373
5.295000 9.953000 12.082942 55 1
0.000000 0.000000 0.000000 0.000000 0.037192
0.000418 0.001053
4
287.367812 389.185624
5.295000 9.953000 12.082942 48 1
0.000000 0.000000 0.000000 0.000000 0.064164
0.000460 0.001826
4
412.605819 244.636971
5.295000 9.953000 12.082942 47 1
0.000000 0.000000 0.000000 0.000000 0.039182
0.001621 -0.000106
4
386.745428 317.210558
5.295000 9.953000 12.082942 65 1
0.000000 0.000000 0.000000 0.000000 0.052970
0.001209 0.000655
4
87.056314 152.614311
5.295000 9.953000 12.082942 70 1
0.000000 0.000000 0.000000 0.000000 0.041560
-0.001535 -0.000561
4
70.103389 105.857705
5.295000 9.953000 12.082942 43 1
0.000000 0.000000 0.000000 0.000000 0.142276
-0.001754 -0.000952
4
311.652309 473.110807
5.295000 9.953000 12.082942 47 1
0.000000 0.000000 0.000000 0.000000 0.083684
0.001377 0.003902
4
472.662579 330.047011
5.295000 9.953000 12.082942 59 1
0.000000 0.000000 0.000000 0.000000 0.046787
0.000197 0.001242
4
403.459484 195.456527
5.295000 9.953000 12.082942 61 1
0.000000 0.000000 0.000000 0.000000 0.035817
0.001558 -0.000706
4
40.350770 202.654893
5.295000 9.953000 12.082942 31 1
0.000000 0.000000 0.000000 0.000000 0.044193
-0.001185 -0.000156
4
418.271749 226.713828
5.295000 9.953000 12.082942 63 1
0.000000 0.000000 0.000000 0.000000 0.042175
0.001540 -0.000342
4
208.821279 237.481485
5.295000 9.953000 12.082942 41 1
0.000000 0.000000 0.000000 0.000000 0.032322
-0.000418 0.000043
4
358.160998 255.360112
5.295000 9.953000 12.082942 55 1
0.000000 0.000000 0.000000 0.000000 0.055432
0.000950 -0.000156
4
202.122296 269.479571
5.295000 9.953000 12.082942 31 1
0.000000 0.000000 0.000000 0.000000 0.065064
-0.000118 0.000325
4
430.948573 398.162437
5.295000 9.953000 12.082942 74 1
0.000000 0.000000 0.000000 0.000000 0.117843
0.000593 0.002234
4
289.566072 186.314850
5.295000 9.953000 12.082942 43 1
0.000000 0.000000 0.000000 0.000000 0.027925
-0.095524 -0.027721
1
324.537810 443.222469
5.295000 9.953000 12.082942 20 2
0.065880 0.000000 0.000000 0.000000 0.024201
0.000778 0.001273
4
178.331008 66.906786
5.295000 9.953000 12.082942 33 1
0.000000 0.000000 0.000000 0.000000 0.033824
0.000439 0.001432
4
103.091218 399.672118
5.295000 9.953000 12.082942 33 1
0.000000 0.000000 0.000000 0.000000 0.069344
-0.001413 0.000740
4
275.036942 132.428056
5.295000 9.953000 12.082942 76 1
0.000000 0.000000 0.000000 0.000000 0.030756
0.000137 -0.000274
4
356.706635 305.033041
5.295000 9.953000 12.082942 50 1
0.000000 0.000000 0.000000 0.000000 0.051931
0.000942 0.000349
4
202.869718 219.995035
5.295000 9.953000 12.082942 86 1
0.000000 0.000000 0.000000 0.000000 0.022975
-0.000575 -0.000114
4
88.943175 190.621060
5.295000 9.953000 12.082942 41 1
0.000000 0.000000 0.000000 0.000000 0.046945
-0.000683 -0.000351
4
308.022611 124.455862
5.295000 9.953000 12.082942 55 1
0.000000 0.000000 0.000000 0.000000 0.029998
0.001048 -0.000321
4
321.835881 343.393635
5.295000 9.953000 12.082942 34 1
0.000000 0.000000 0.000000 0.000000 0.072963
-0.000297 0.000064
4
370.244670 270.270299
5.295000 9.953000 12.082942 72 1
0.000000 0.000000 0.000000 0.000000 0.028800
0.001288 0.000147
4
39.517466 183.609758
5.295000 9.953000 12.082942 47 1
0.000000 0.000000 0.000000 0.000000 0.063196
-0.001358 -0.000213
4
73.036260 200.720068
5.295000 9.953000 12.082942 33 1
0.000000 0.000000 0.000000 0.000000 0.046540
-0.001178 -0.000427
4
26.261208 232.701843
5.295000 9.953000 12.082942 72 1
0.000000 0.000000 0.000000 0.000000 0.045161
-0.001093 -0.000107
4
217.637874 468.495021
5.295000 9.953000 12.082942 66 1
0.000000 0.000000 0.000000 0.000000 0.045118
-0.000259 0.001552
4
455.265335 368.749641
5.295000 9.953000 12.082942 44 1
0.000000 0.000000 0.000000 0.000000 0.139397
0.000662 0.002264
4
171.939023 231.144273
5.295000 9.953000 12.082942 36 1
0.000000 0.000000 0.000000 0.000000 0.034586
-0.000135 -0.000072
4
368.847692 181.486303
5.295000 9.953000 12.082942 59 1
0.000000 0.000000 0.000000 0.000000 0.051257
0.002644 -0.000891
4
268.907734 324.508222
5.295000 9.953000 12.082942 47 1
0.000000 0.000000 0.000000 0.000000 0.047356
0.001793 0.001967
4
271.346012 297.363194
5.295000 9.953000 12.082942 60 1
0.000000 0.000000 0.000000 0.000000 0.028500
0.000078 -0.000263
4
209.278756 56.315222
5.295000 9.953000 12.082942 81 1
0.000000 0.000000 0.000000 0.000000 0.043086
-0.000267 -0.001340
4
119.197972 389.017803
5.295000 9.953000 12.082942 33 1
0.000000 0.000000 0.000000 0.000000 0.069098
-0.001382 0.000695
4
154.014384 63.258925
5.295000 9.953000 12.082942 31 1
0.000000 0.000000 0.000000 0.000000 0.037547
-0.001754 -0.001470
4
119.188358 169.523381
5.295000 9.953000 12.082942 38 1
0.000000 0.000000 0.000000 0.000000 0.048038
-0.000807 -0.000690
1
150.004145 44.962918
5.295000 9.953000 12.082942 21 2
0.065880 0.000000 0.000000 0.000000 0.086635
-0.000017 -0.001994
4
251.203707 261.987294
5.295000 9.953000 12.082942 48 1
0.000000 0.000000 0.000000 0.000000 0.029412
-0.000241 -0.000207
4
79.733408 276.339200
5.295000 9.953000 12.082942 43 1
0.000000 0.000000 0.000000 0.000000 0.069543
-0.001128 -0.000064
1
283.399516 67.172137
5.295000 9.953000 12.082942 21 2
0.065880 0.000000 0.000000 0.000000 0.032472
0.000082 -0.000739
4
231.323713 355.925529
5.295000 9.953000 12.082942 34 1
0.000000 0.000000 0.000000 0.000000 0.047463
0.000528 0.001022
4
119.307603 114.083708
5.295000 9.953000 12.082942 58 1
0.000000 0.000000 0.000000 0.000000 0.044661
-0.001506 -0.000505
4
443.838941 253.527320
5.295000 9.953000 12.082942 68 1
0.000000 0.000000 0.000000 0.000000 0.048902
0.001660 -0.000080
4
262.486815 146.659454
5.295000 9.953000 12.082942 32 1
0.000000 0.000000 0.000000 0.000000 0.033521
0.003080 0.003141
4
188.380811 483.513607
5.295000 9.953000 12.082942 60 1
0.000000 0.000000 0.000000 0.000000 0.111869
-0.000325 0.001432
4
103.285906 142.783998
5.295000 9.953000 12.082942 43 1
0.000000 0.000000 0.000000 0.000000 0.037913
-0.001857 -0.000782
4
288.583713 356.653226
5.295000 9.953000 12.082942 36 1
0.000000 0.000000 0.000000 0.000000 0.074108
0.001006 0.001916
4
177.536440 298.821982
5.295000 9.953000 12.082942 36 1
0.000000 0.000000 0.000000 0.000000 0.060290
-0.000070 0.000505
4
285.546065 422.009414
5.295000 9.953000 12.082942 32 1
0.000000 0.000000 0.000000 0.000000 0.040676
0.000011 0.001810
4
446.125407 303.324351
5.295000 9.953000 12.082942 77 1
0.000000 0.000000 0.000000 0.000000 0.034502
0.001199 -0.000048
4
486.062312 178.438083
5.295000 9.953000 12.082942 64 1
0.000000 0.000000 0.000000 0.000000 0.130381
0.000671 -0.001319
4
255.166371 178.730395
5.295000 9.953000 12.082942 70 1
0.000000 0.000000 0.000000 0.000000 0.034679
-0.070337 -0.011614
4
201.204224 120.672851
5.295000 9.953000 12.082942 51 1
0.000000 0.000000 0.000000 0.000000 0.049205
-0.000727 -0.001404
4
313.877189 56.595297
5.295000 9.953000 12.082942 63 1
0.000000 0.000000 0.000000 0.000000 0.048427
0.000229 -0.000524
4
116.109156 454.972448
5.295000 9.953000 12.082942 45 1
0.000000 0.000000 0.000000 0.000000 0.323563
-0.000643 -0.000033
4
304.386143 209.733560
5.295000 9.953000 12.082942 62 1
0.000000 0.000000 0.000000 0.000000 0.040086
-0.001496 -0.005293
4
479.404706 196.002529
5.295000 9.953000 12.082942 58 1
0.000000 0.000000 0.000000 0.000000 0.089410
0.001188 -0.000987
4
343.810958 397.520684
5.295000 9.953000 12.082942 39 1
0.000000 0.000000 0.000000 0.000000 0.035970
0.000545 0.001086
4
210.509254 419.330430
5.295000 9.953000 12.082942 43 1
0.000000 0.000000 0.000000 0.000000 0.049182
-0.000127 0.001279
4
192.996325 352.742778
5.295000 9.953000 12.082942 34 1
0.000000 0.000000 0.000000 0.000000 0.038589
0.000319 0.000813
4
165.464630 163.949120
5.295000 9.953000 12.082942 44 1
0.000000 0.000000 0.000000 0.000000 0.048115
-0.000108 -0.000470
4
493.105267 229.883342
5.295000 9.953000 12.082942 59 1
0.000000 0.000000 0.000000 0.000000 0.083730
-0.000605 -0.001311
4
114.470596 217.234548
5.295000 9.953000 12.082942 51 1
0.000000 0.000000 0.000000 0.000000 0.052092
-0.004448 -0.003214
4
87.661382 410.489165
5.295000 9.953000 12.082942 49 1
0.000000 0.000000 0.000000 0.000000 0.122225
-0.001901 0.001038
1
307.923734 38.678967
5.295000 9.953000 12.082942 47 2
0.065880 0.000000 0.000000 0.000000 0.051492
-0.000095 -0.000635
4
300.739113 311.594426
5.295000 9.953000 12.082942 61 1
0.000000 0.000000 0.000000 0.000000 0.044853
0.000227 -0.000122
4
424.658402 100.132291
5.295000 9.953000 12.082942 38 1
0.000000 0.000000 0.000000 0.000000 0.137910
0.000403 -0.001419
4
448.261403 164.798707
5.295000 9.953000 12.082942 44 1
0.000000 0.000000 0.000000 0.000000 0.073533
0.000930 -0.001426
4
346.223085 137.502497
5.295000 9.953000 12.082942 57 1
0.000000 0.000000 0.000000 0.000000 0.042375
0.000522 -0.001199
4
480.512965 244.101144
5.295000 9.953000 12.082942 53 1
0.000000 0.000000 0.000000 0.000000 0.072702
0.001676 0.000698
4
294.310318 465.877582
5.295000 9.953000 12.082942 49 1
0.000000 0.000000 0.000000 0.000000 0.050911
0.001218 0.001006
4
411.557830 129.667907
5.295000 9.953000 12.082942 54 1
0.000000 0.000000 0.000000 0.000000 0.075188
0.000683 -0.001241
4
10.766286 243.499009
5.295000 9.953000 12.082942 40 1
0.000000 0.000000 0.000000 0.000000 0.057073
-0.001112 -0.000083
4
32.570945 308.625109
5.295000 9.953000 12.082942 70 1
0.000000 0.000000 0.000000 0.000000 0.074689
-0.001320 -0.000040
4
149.140116 365.254932
5.295000 9.953000 12.082942 41 1
0.000000 0.000000 0.000000 0.000000 0.058443
-0.000759 0.001338
4
86.185419 391.509813
5.295000 9.953000 12.082942 74 1
0.000000 0.000000 0.000000 0.000000 0.098384
-0.001219 0.000478
4
165.916519 213.535816
5.295000 9.953000 12.082942 40 1
0.000000 0.000000 0.000000 0.000000 0.027920
-0.000250 -0.000244
4
172.031343 181.681386
5.295000 9.953000 12.082942 80 1
0.000000 0.000000 0.000000 0.000000 0.024002
-0.000174 -0.000711
4
393.985229 121.969712
5.295000 9.953000 12.082942 46 1
0.000000 0.000000 0.000000 0.000000 0.048716
0.000665 -0.001136
4
245.685441 244.258354
5.295000 9.953000 12.082942 69 1
0.000000 0.000000 0.000000 0.000000 0.031994
-0.000578 -0.000295
4
135.008808 223.873693
5.295000 9.953000 12.082942 44 1
0.000000 0.000000 0.000000 0.000000 0.039966
0.000346 0.000306
4
183.265027 117.905944
5.295000 9.953000 12.082942 38 1
0.000000 0.000000 0.000000 0.000000 0.049450
-0.001382 -0.001206
4
159.588579 245.463174
5.295000 9.953000 12.082942 51 1
0.000000 0.000000 0.000000 0.000000 0.032746
-0.000077 0.000090
4
226.234415 485.252335
5.295000 9.953000 12.082942 33 1
0.000000 0.000000 0.000000 0.000000 0.072561
-0.000125 0.001592
4
369.130695 370.518566
5.295000 9.953000 12.082942 56 1
0.000000 0.000000 0.000000 0.000000 0.046328
0.000660 0.000895
4
396.719037 56.743326
5.295000 9.953000 12.082942 68 1
0.000000 0.000000 0.000000 0.000000 0.224057
0.001410 -0.001700
4
89.632971 227.540369
5.295000 9.953000 12.082942 44 1
0.000000 0.000000 0.000000 0.000000 0.059615
-0.000643 -0.000109
4
27.807258 251.824813
5.295000 9.953000 12.082942 39 1
0.000000 0.000000 0.000000 0.000000 0.062684
-0.001073 -0.000131
4
367.749459 320.539953
5.295000 9.953000 12.082942 38 1
0.000000 0.000000 0.000000 0.000000 0.072031
0.000854 0.000646
4
34.758775 346.540415
5.295000 9.953000 12.082942 61 1
0.000000 0.000000 0.000000 0.000000 0.165917
-0.001343 0.000052
4
120.458283 286.687758
5.295000 9.953000 12.082942 86 1
0.000000 0.000000 0.000000 0.000000 0.019401
-0.000017 -0.000039
4
54.292050 135.079264
5.295000 9.953000 12.082942 74 1
0.000000 0.000000 0.000000 0.000000 0.087178
-0.001726 -0.000653
4
315.369256 277.997496
5.295000 9.953000 12.082942 31 1
0.000000 0.000000 0.000000 0.000000 0.032923
0.000839 -0.000486
4
412.336451 394.923860
5.295000 9.953000 12.082942 44 1
0.000000 0.000000 0.000000 0.000000 0.088491
0.000567 0.001582
1
183.792462 167.329331
5.295000 9.953000 12.082942 24 2
0.065880 0.000000 0.000000 0.000000 0.030721
-0.002208 -0.001122
4
279.111736 280.794601
5.295000 9.953000 12.082942 50 1
0.000000 0.000000 0.000000 0.000000 0.022176
0.000255 -0.000392
4
141.415877 241.911489
5.295000 9.953000 12.082942 45 1
0.000000 0.000000 0.000000 0.000000 0.033376
-0.000073 0.000134
4
266.512840 199.627608
5.295000 9.953000 12.082942 47 1
0.000000 0.000000 0.000000 0.000000 0.026933
-0.001200 0.001462
4
227.355039 191.334878
5.295000 9.953000 12.082942 39 1
0.000000 0.000000 0.000000 0.000000 0.056613
-0.003616 0.003666
1
318.664270 376.543966
5.295000 9.953000 12.082942 24 2
0.065880 0.000000 0.000000 0.000000 0.038361
0.000190 0.000958
4
250.454005 356.563025
5.295000 9.953000 12.082942 38 1
0.000000 0.000000 0.000000 0.000000 0.058404
0.000604 0.001357
4
136.681130 414.320238
5.295000 9.953000 12.082942 52 1
0.000000 0.000000 0.000000 0.000000 0.070509
-0.000738 0.000775
4
405.685354 213.606479
5.295000 9.953000 12.082942 62 1
0.000000 0.000000 0.000000 0.000000 0.040861
0.001744 -0.000226
4
114.738558 269.411153
5.295000 9.953000 12.082942 87 1
0.000000 0.000000 0.000000 0.000000 0.018174
-0.000382 -0.000097
4
398.524534 158.959674
5.295000 9.953000 12.082942 36 1
0.000000 0.000000 0.000000 0.000000 0.042643
0.001041 -0.000938
4
104.643162 418.839189
5.295000 9.953000 12.082942 32 1
0.000000 0.000000 0.000000 0.000000 0.084766
-0.001748 0.000507
4
106.806228 199.724931
5.295000 9.953000 12.082942 39 1
0.000000 0.000000 0.000000 0.000000 0.051591
-0.003816 -0.002580
4
77.580165 257.616485
5.295000 9.953000 12.082942 54 1
0.000000 0.000000 0.000000 0.000000 0.065263
-0.000767 -0.000177
4
227.911485 452.626983
5.295000 9.953000 12.082942 53 1
0.000000 0.000000 0.000000 0.000000 0.038733
-0.000264 0.001525
1
374.387233 437.328637
5.295000 9.953000 12.082942 25 2
0.065880 0.000000 0.000000 0.000000 0.034086
0.000522 0.001423
4
132.878758 100.925270
5.295000 9.953000 12.082942 31 1
0.000000 0.000000 0.000000 0.000000 0.057176
-0.001355 -0.000389
4
232.972413 258.245876
5.295000 9.953000 12.082942 72 1
0.000000 0.000000 0.000000 0.000000 0.040425
-0.000273 0.000096
4
193.110140 386.129621
5.295000 9.953000 12.082942 31 1
0.000000 0.000000 0.000000 0.000000 0.033253
-0.000017 0.000899
4
154.580394 346.804341
5.295000 9.953000 12.082942 35 1
0.000000 0.000000 0.000000 0.000000 0.038813
0.000133 0.001150
4
334.427237 167.169624
5.295000 9.953000 12.082942 80 1
0.000000 0.000000 0.000000 0.000000 0.038475
0.006188 -0.003079
4
161.188704 314.518148
5.295000 9.953000 12.082942 47 1
0.000000 0.000000 0.000000 0.000000 0.047564
-0.000194 0.000775
1
122.380189 188.312452
5.295000 9.953000 12.082942 26 2
0.065880 0.000000 0.000000 0.000000 0.034813
-0.001305 -0.000004
4
130.071481 321.993501
5.295000 9.953000 12.082942 32 1
0.000000 0.000000 0.000000 0.000000 0.043784
-0.000667 0.000339
4
389.626353 84.703966
5.295000 9.953000 12.082942 47 1
0.000000 0.000000 0.000000 0.000000 0.057690
0.000151 -0.001435
4
195.094940 21.355083
5.295000 9.953000 12.082942 40 1
0.000000 0.000000 0.000000 0.000000 0.091419
0.000266 -0.001620
4
13.959904 281.517388
5.295000 9.953000 12.082942 72 1
0.000000 0.000000 0.000000 0.000000 0.060961
-0.001186 -0.000135
4
146.987284 160.376188
5.295000 9.953000 12.082942 49 1
0.000000 0.000000 0.000000 0.000000 0.055107
-0.000695 -0.000159
4
413.087425 343.270355
5.295000 9.953000 12.082942 50 1
0.000000 0.000000 0.000000 0.000000 0.074469
0.001793 0.000565
1
232.787698 26.657572
5.295000 9.953000 12.082942 26 2
0.065880 0.000000 0.000000 0.000000 0.040961
0.000045 -0.001217
4
208.769464 188.147698
5.295000 9.953000 12.082942 32 1
0.000000 0.000000 0.000000 0.000000 0.044415
0.000872 -0.002867
4
361.657022 451.428420
5.295000 9.953000 12.082942 46 1
0.000000 0.000000 0.000000 0.000000 0.100760
0.000536 0.001404
4
374.026668 95.798526
5.295000 9.953000 12.082942 54 1
0.000000 0.000000 0.000000 0.000000 0.042752
0.000700 -0.000648
4
351.651584 174.395367
5.295000 9.953000 12.082942 48 1
0.000000 0.000000 0.000000 0.000000 0.048278
-0.002066 0.000426
4
52.231787 374.529138
5.295000 9.953000 12.082942 45 1
0.000000 0.000000 0.000000 0.000000 0.185040
-0.001142 0.000051
4
399.951575 359.804609
5.295000 9.953000 12.082942 54 1
0.000000 0.000000 0.000000 0.000000 0.067027
0.000768 0.001174
4
271.990802 217.381223
5.295000 9.953000 12.082942 38 1
0.000000 0.000000 0.000000 0.000000 0.028007
-0.001130 -0.001235
1
140.064344 28.900504
5.295000 9.953000 12.082942 87 2
0.065880 0.000000 0.000000 0.000000 0.254264
-0.000109 -0.002471
4
272.756903 82.376916
5.295000 9.953000 12.082942 46 1
0.000000 0.000000 0.000000 0.000000 0.056391
-0.000235 -0.000920
4
340.838598 346.162103
5.295000 9.953000 12.082942 47 1
0.000000 0.000000 0.000000 0.000000 0.072574
-0.000408 -0.000242
4
196.766534 320.378583
5.295000 9.953000 12.082942 34 1
0.000000 0.000000 0.000000 0.000000 0.043522
0.000392 0.000689
4
467.177837 230.999832
5.295000 9.953000 12.082942 54 1
0.000000 0.000000 0.000000 0.000000 0.062897
0.002089 -0.000109
4
244.599593 11.803866
5.295000 9.953000 12.082942 86 1
0.000000 0.000000 0.000000 0.000000 0.040226
0.000176 -0.001186
4
311.571635 359.588334
5.295000 9.953000 12.082942 34 1
0.000000 0.000000 0.000000 0.000000 0.074250
0.000348 0.000621
4
413.756218 148.258953
5.295000 9.953000 12.082942 71 1
0.000000 0.000000 0.000000 0.000000 0.050376
0.000825 -0.001162
4
208.263841 286.931798
5.295000 9.953000 12.082942 29 1
0.000000 0.000000 0.000000 0.000000 0.065837
-0.000023 0.000443
4
446.354169 145.625446
5.295000 9.953000 12.082942 65 1
0.000000 0.000000 0.000000 0.000000 0.088531
0.000805 -0.001437
4
277.159696 235.259420
5.295000 9.953000 12.082942 55 1
0.000000 0.000000 0.000000 0.000000 0.027031
-0.000710 -0.000697
4
266.825608 421.341916
5.295000 9.953000 12.082942 32 1
0.000000 0.000000 0.000000 0.000000 0.036686
0.000017 0.001762
4
99.132331 343.384407
5.295000 9.953000 12.082942 38 1
0.000000 0.000000 0.000000 0.000000 0.054043
-0.001029 0.000040
1
103.052441 123.662922
5.295000 9.953000 12.082942 29 2
0.065880 0.000000 0.000000 0.000000 0.030991
-0.001789 -0.000755
4
230.594356 387.798795
5.295000 9.953000 12.082942 34 1
0.000000 0.000000 0.000000 0.000000 0.053998
0.000101 0.001240
4
117.518265 370.400925
5.295000 9.953000 12.082942 37 1
0.000000 0.000000 0.000000 0.000000 0.064076
-0.001193 0.000317
4
152.895937 277.427611
5.295000 9.953000 12.082942 55 1
0.000000 0.000000 0.000000 0.000000 0.047435
-0.000100 0.000305
4
207.676283 138.186111
5.295000 9.953000 12.082942 49 1
0.000000 0.000000 0.000000 0.000000 0.054913
-0.001565 -0.001991
4
331.025043 148.319727
5.295000 9.953000 12.082942 42 1
0.000000 0.000000 0.000000 0.000000 0.043300
0.001526 -0.000790
1
355.806812 433.581989
5.295000 9.953000 12.082942 30 2
0.065880 0.000000 0.000000 0.000000 0.027229
0.000614 0.001334
4
280.944625 495.511642
5.295000 9.953000 12.082942 40 1
0.000000 0.000000 0.000000 0.000000 0.069240
0.000373 0.001077
4
239.391587 404.226437
5.295000 9.953000 12.082942 32 1
0.000000 0.000000 0.000000 0.000000 0.057405
0.000025 0.001416
4
378.808065 133.082460
5.295000 9.953000 12.082942 84 1
0.000000 0.000000 0.000000 0.000000 0.025061
0.000699 -0.000882
4
376.392945 114.505821
5.295000 9.953000 12.082942 44 1
0.000000 0.000000 0.000000 0.000000 0.042410
0.000672 -0.000848
4
343.551958 119.373881
5.295000 9.953000 12.082942 57 1
0.000000 0.000000 0.000000 0.000000 0.033425
0.000541 -0.001358
1
459.573201 115.713787
5.295000 9.953000 12.082942 30 2
0.065880 0.000000 0.000000 0.000000 0.200536
0.000551 -0.001604
4
238.050322 436.746710
5.295000 9.953000 12.082942 32 1
0.000000 0.000000 0.000000 0.000000 0.047275
-0.000182 0.001500
4
242.542415 94.095227
5.295000 9.953000 12.082942 85 1
0.000000 0.000000 0.000000 0.000000 0.034239
-0.000316 -0.001004
4
362.333021 401.480298
5.295000 9.953000 12.082942 74 1
0.000000 0.000000 0.000000 0.000000 0.039502
0.000577 0.001174
4
68.009582 364.174129
5.295000 9.953000 12.082942 53 1
0.000000 0.000000 0.000000 0.000000 0.107450
-0.001141 0.000058
4
23.534785 194.129800
5.295000 9.953000 12.082942 46 1
0.000000 0.000000 0.000000 0.000000 0.056137
-0.001289 -0.000069
4
421.103417 189.589058
5.295000 9.953000 12.082942 67 1
0.000000 0.000000 0.000000 0.000000 0.039490
0.001661 -0.000230
1
376.336039 252.866724
5.295000 9.953000 12.082942 32 2
0.065880 0.000000 0.000000 0.000000 0.025234
0.001444 0.000078
1
332.398672 61.094525
5.295000 9.953000 12.082942 57 2
0.065880 0.000000 0.000000 0.000000 0.032584
0.000568 -0.000721
4
147.995307 110.754122
5.295000 9.953000 12.082942 44 1
0.000000 0.000000 0.000000 0.000000 0.061049
-0.001552 -0.000305
1
315.045854 92.838363
5.295000 9.953000 12.082942 32 2
0.065880 0.000000 0.000000 0.000000 0.017999
-0.000094 -0.000513
4
466.616627 348.045794
5.295000 9.953000 12.082942 69 1
0.000000 0.000000 0.000000 0.000000 0.086485
0.000843 0.001442
1
348.625137 71.341621
5.295000 9.953000 12.082942 32 2
0.065880 0.000000 0.000000 0.000000 0.021770
0.002149 -0.001927
4
329.499469 480.015943
5.295000 9.953000 12.082942 53 1
0.000000 0.000000 0.000000 0.000000 0.097116
0.003347 -0.000094
4
117.733565 72.667839
5.295000 9.953000 12.082942 74 1
0.000000 0.000000 0.000000 0.000000 0.100021
-0.001561 -0.000336
4
221.008245 41.502950
5.295000 9.953000 12.082942 62 1
0.000000 0.000000 0.000000 0.000000 0.048741
-0.000149 -0.001275
4
159.853297 195.938674
5.295000 9.953000 12.082942 84 1
0.000000 0.000000 0.000000 0.000000 0.033038
-0.000508 -0.000300
1
464.799348 298.379598
5.295000 9.953000 12.082942 34 2
0.065880 0.000000 0.000000 0.000000 0.029384
0.000624 0.001028
4
83.632775 353.817261
5.295000 9.953000 12.082942 42 1
0.000000 0.000000 0.000000 0.000000 0.057610
-0.001105 0.000042
4
232.648163 324.549402
5.295000 9.953000 12.082942 86 1
0.000000 0.000000 0.000000 0.000000 0.024422
0.001113 0.000800
4
319.134477 425.540609
5.295000 9.953000 12.082942 65 1
0.000000 0.000000 0.000000 0.000000 0.034973
0.000789 0.001287
4
142.243854 396.114108
5.295000 9.953000 12.082942 40 1
0.000000 0.000000 0.000000 0.000000 0.065204
-0.002590 -0.000203
4
280.516176 99.972296
5.295000 9.953000 12.082942 78 1
0.000000 0.000000 0.000000 0.000000 0.032793
-0.000455 -0.000903
1
306.232374 390.507438
5.295000 9.953000 12.082942 35 2
0.065880 0.000000 0.000000 0.000000 0.026902
0.000503 0.001602
4
173.123717 417.294795
5.295000 9.953000 12.082942 65 1
0.000000 0.000000 0.000000 0.000000 0.033233
-0.000208 0.001123
1
37.728512 126.235052
5.295000 9.953000 12.082942 36 2
0.065880 0.000000 0.000000 0.000000 0.315481
-0.001772 -0.000479
4
166.958190 367.602429
5.295000 9.953000 12.082942 57 1
0.000000 0.000000 0.000000 0.000000 0.048317
-0.000446 0.000964
4
268.587027 114.634666
5.295000 9.953000 12.082942 47 1
0.000000 0.000000 0.000000 0.000000 0.046912
-0.000499 -0.000833
1
110.070219 251.797308
5.295000 9.953000 12.082942 36 2
0.065880 0.000000 0.000000 0.000000 0.017904
-0.000380 -0.000259
4
401.049656 280.997242
5.295000 9.953000 12.082942 70 1
0.000000 0.000000 0.000000 0.000000 0.038210
0.001353 0.000184
4
291.494774 447.456838
5.295000 9.953000 12.082942 50 1
0.000000 0.000000 0.000000 0.000000 0.035632
0.000916 0.000919
4
345.143136 290.436830
5.295000 9.953000 12.082942 59 1
0.000000 0.000000 0.000000 0.000000 0.033995
0.000869 0.000135
4
223.711848 91.169622
5.295000 9.953000 12.082942 55 1
0.000000 0.000000 0.000000 0.000000 0.030863
-0.000273 -0.001143
4
387.118559 423.306409
5.295000 9.953000 12.082942 49 1
0.000000 0.000000 0.000000 0.000000 0.054416
0.000429 0.001386
4
265.189430 64.533929
5.295000 9.953000 12.082942 52 1
0.000000 0.000000 0.000000 0.000000 0.063598
0.000004 -0.000990
4
387.620937 373.951015
5.295000 9.953000 12.082942 84 1
0.000000 0.000000 0.000000 0.000000 0.047238
0.000672 0.001090
4
50.566544 336.066091
5.295000 9.953000 12.082942 56 1
0.000000 0.000000 0.000000 0.000000 0.075111
-0.001324 0.000056
4
345.375841 241.458159
5.295000 9.953000 12.082942 52 1
0.000000 0.000000 0.000000 0.000000 0.057614
0.001145 0.001587
4
215.271284 205.674805
5.295000 9.953000 12.082942 64 1
0.000000 0.000000 0.000000 0.000000 0.046536
0.000093 -0.000756
4
140.382442 291.130197
5.295000 9.953000 12.082942 50 1
0.000000 0.000000 0.000000 0.000000 0.041837
-0.000147 0.000371
4
459.617997 316.274093
5.295000 9.953000 12.082942 50 1
0.000000 0.000000 0.000000 0.000000 0.031916
-0.000144 0.001314
1
183.991914 84.874458
5.295000 9.953000 12.082942 40 2
0.065880 0.000000 0.000000 0.000000 0.020360
0.003498 0.002018
4
133.295721 447.042591
5.295000 9.953000 12.082942 57 1
0.000000 0.000000 0.000000 0.000000 0.135274
-0.000237 0.001006
4
70.511910 124.812224
5.295000 9.953000 12.082942 46 1
0.000000 0.000000 0.000000 0.000000 0.082307
-0.001887 -0.000816
4
420.137311 275.837147
5.295000 9.953000 12.082942 48 1
0.000000 0.000000 0.000000 0.000000 0.056728
0.001452 0.000052
4
467.282703 181.472689
5.295000 9.953000 12.082942 64 1
0.000000 0.000000 0.000000 0.000000 0.087618
0.000814 -0.000714
4
256.376283 307.725086
5.295000 9.953000 12.082942 61 1
0.000000 0.000000 0.000000 0.000000 0.036542
0.000148 0.000338
1
228.077439 59.010964
5.295000 9.953000 12.082942 41 2
0.065880 0.000000 0.000000 0.000000 0.034981
-0.000040 -0.001353
4
150.403934 92.116466
5.295000 9.953000 12.082942 57 1
0.000000 0.000000 0.000000 0.000000 0.046064
-0.001295 -0.000268
4
63.823515 287.171990
5.295000 9.953000 12.082942 43 1
0.000000 0.000000 0.000000 0.000000 0.069245
-0.001204 -0.000056
4
202.242071 38.669331
5.295000 9.953000 12.082942 56 1
0.000000 0.000000 0.000000 0.000000 0.073921
-0.000389 -0.001111
4
320.469930 179.307353
5.295000 9.953000 12.082942 46 1
0.000000 0.000000 0.000000 0.000000 0.037070
-0.011911 0.010465
4
231.930070 158.406135
5.295000 9.953000 12.082942 43 1
0.000000 0.000000 0.000000 0.000000 0.036104
-0.004550 -0.005901
4
280.739784 150.274565
5.295000 9.953000 12.082942 50 1
0.000000 0.000000 0.000000 0.000000 0.025919
-0.002698 -0.003155
1
22.221498 155.768111
5.295000 9.953000 12.082942 41 2
0.065880 0.000000 0.000000 0.000000 0.152706
-0.001564 -0.000142
4
362.618978 40.575391
5.295000 9.953000 12.082942 86 1
0.000000 0.000000 0.000000 0.000000 0.090189
0.000389 0.000137
4
22.881693 174.858651
5.295000 9.953000 12.082942 57 1
0.000000 0.000000 0.000000 0.000000 0.094393
-0.001433 -0.000118
4
160.661718 465.670398
5.295000 9.953000 12.082942 46 1
0.000000 0.000000 0.000000 0.000000 0.102431
-0.000331 0.001201
4
208.989915 451.794909
5.295000 9.953000 12.082942 79 1
0.000000 0.000000 0.000000 0.000000 0.046134
-0.000259 0.001455
4
302.446226 343.693654
5.295000 9.953000 12.082942 43 1
0.000000 0.000000 0.000000 0.000000 0.073700
-0.000051 0.000413
1
423.504002 208.181961
5.295000 9.953000 12.082942 42 2
0.065880 0.000000 0.000000 0.000000 0.033460
0.001606 -0.000148
4
245.051431 486.121443
5.295000 9.953000 12.082942 52 1
0.000000 0.000000 0.000000 0.000000 0.063878
0.000076 0.001594
4
339.285214 28.995440
5.295000 9.953000 12.082942 84 1
0.000000 0.000000 0.000000 0.000000 0.098547
-0.000723 -0.001633
4
366.266708 162.906827
5.295000 9.953000 12.082942 45 1
0.000000 0.000000 0.000000 0.000000 0.050658
0.001764 -0.001103
4
73.530188 219.352916
5.295000 9.953000 12.082942 44 1
0.000000 0.000000 0.000000 0.000000 0.056037
-0.000896 -0.000199
4
222.472898 339.619018
5.295000 9.953000 12.082942 46 1
0.000000 0.000000 0.000000 0.000000 0.035515
0.000702 0.000799
4
375.036484 387.930570
5.295000 9.953000 12.082942 47 1
0.000000 0.000000 0.000000 0.000000 0.048693
0.000585 0.001110
1
475.317853 262.254211
5.295000 9.953000 12.082942 45 2
0.065880 0.000000 0.000000 0.000000 0.038740
0.001341 0.000743
1
53.236340 97.242931
5.295000 9.953000 12.082942 76 2
0.065880 0.000000 0.000000 0.000000 0.336370
-0.001476 -0.001141
4
491.468602 210.897515
5.295000 9.953000 12.082942 49 1
0.000000 0.000000 0.000000 0.000000 0.093034
0.001638 -0.001477
4
388.679598 266.953335
5.295000 9.953000 12.082942 64 1
0.000000 0.000000 0.000000 0.000000 0.019147
0.001383 0.000088
4
245.446521 292.844829
5.295000 9.953000 12.082942 49 1
0.000000 0.000000 0.000000 0.000000 0.042460
0.000128 0.000285
4
363.373831 353.314087
5.295000 9.953000 12.082942 55 1
0.000000 0.000000 0.000000 0.000000 0.063999
0.000750 0.000943
1
251.582920 29.336152
5.295000 9.953000 12.082942 46 2
0.065880 0.000000 0.000000 0.000000 0.041607
0.000105 -0.001162
4
344.194373 467.244729
5.295000 9.953000 12.082942 56 1
0.000000 0.000000 0.000000 0.000000 0.102500
0.001325 0.001281
4
101.052939 82.661408
5.295000 9.953000 12.082942 50 1
0.000000 0.000000 0.000000 0.000000 0.100960
-0.001540 0.000002
4
366.220614 78.441856
5.295000 9.953000 12.082942 80 1
0.000000 0.000000 0.000000 0.000000 0.032766
0.001878 -0.000687
1
415.789198 166.844518
5.295000 9.953000 12.082942 47 2
0.065880 0.000000 0.000000 0.000000 0.027469
0.000936 -0.001087
4
289.174857 35.122029
5.295000 9.953000 12.082942 64 1
0.000000 0.000000 0.000000 0.000000 0.056584
0.000046 -0.000720
4
179.718790 466.708223
5.295000 9.953000 12.082942 50 1
0.000000 0.000000 0.000000 0.000000 0.092946
-0.000318 0.001348
4
301.623358 20.840900
5.295000 9.953000 12.082942 66 1
0.000000 0.000000 0.000000 0.000000 0.068753
-0.000090 -0.000752
4
295.505103 52.838109
5.295000 9.953000 12.082942 71 1
0.000000 0.000000 0.000000 0.000000 0.045200
0.000138 -0.000577
4
16.837206 319.186270
5.295000 9.953000 12.082942 64 1
0.000000 0.000000 0.000000 0.000000 0.137167
-0.001360 -0.000061
4
337.362111 102.101002
5.295000 9.953000 12.082942 77 1
0.000000 0.000000 0.000000 0.000000 0.024050
0.000487 -0.001846
4
381.521637 235.281083
5.295000 9.953000 12.082942 69 1
0.000000 0.000000 0.000000 0.000000 0.040870
0.001477 -0.000581
4
324.721798 216.605470
5.295000 9.953000 12.082942 77 1
0.000000 0.000000 0.000000 0.000000 0.036276
0.000413 0.006832
4
263.516200 14.521352
5.295000 9.953000 12.082942 61 1
0.000000 0.000000 0.000000 0.000000 0.091017
0.000210 -0.001068
4
447.896641 351.296330
5.295000 9.953000 12.082942 56 1
0.000000 0.000000 0.000000 0.000000 0.089416
0.000953 0.002061
4
393.614031 342.699131
5.295000 9.953000 12.082942 75 1
0.000000 0.000000 0.000000 0.000000 0.061909
0.001176 0.000762
4
345.013617 47.147395
5.295000 9.953000 12.082942 66 1
0.000000 0.000000 0.000000 0.000000 0.068064
-0.000452 -0.001858
1
320.610370 24.763171
5.295000 9.953000 12.082942 58 2
0.065880 0.000000 0.000000 0.000000 0.060996
-0.000532 -0.000988
1
481.124706 160.238963
5.295000 9.953000 12.082942 73 2
0.065880 0.000000 0.000000 0.000000 0.144341
0.000930 -0.001471
1
111.956308 48.195852
5.295000 9.953000 12.082942 80 2
0.065880 0.000000 0.000000 0.000000 0.279757
0.000678 0.001653
1
83.947802 75.483984
5.295000 9.953000 12.082942 83 2
0.065880 0.000000 0.000000 0.000000 0.239257
-0.001048 -0.001346
5
74.962021 423.079982
4.750685 8.929853 10.840841 74 1
0.065880 0.000000 0.000000 0.000000 0.207288
-0.004128 -0.000602
