500.000000 500.000000
468 5
0 468
2
362.892893 281.198661
5.295000 9.953000 12.082942 1 1
0.065880 0.000000 0.000000 0.000000 0.763410
0.000099 0.000011
1
393.480622 396.042680
5.295000 9.953000 12.082942 0 1
0.065880 0.000000 0.000000 0.000000 0.731262
0.001168 0.001172
2
311.035539 362.180908
5.295000 9.953000 12.082942 2 1
0.065880 0.000000 0.000000 0.000000 0.758002
0.000069 0.000263
2
57.133448 373.497833
5.295000 9.953000 12.082942 5 1
0.065880 0.000000 0.000000 0.000000 0.748984
-0.001116 0.000180
1
211.453409 327.075491
5.295000 9.953000 12.082942 0 1
0.065880 0.000000 0.000000 0.000000 0.733434
0.000984 0.000137
1
234.479047 413.804722
5.295000 9.953000 12.082942 0 1
0.065880 0.000000 0.000000 0.000000 0.736106
-0.001188 -0.000303
1
355.934257 26.197757
5.295000 9.953000 12.082942 0 1
0.065880 0.000000 0.000000 0.000000 0.821795
-0.000012 -0.000466
1
82.764445 336.015256
5.295000 9.953000 12.082942 0 1
0.065880 0.000000 0.000000 0.000000 0.762002
0.000252 0.000274
2
324.024633 267.624914
5.295000 9.953000 12.082942 3 1
0.065880 0.000000 0.000000 0.000000 0.753204
0.000428 -0.000000
1
187.351074 304.477808
5.295000 9.953000 12.082942 0 1
0.065880 0.000000 0.000000 0.000000 0.757119
0.000030 0.001066
1
133.294732 334.059429
5.295000 9.953000 12.082942 0 1
0.065880 0.000000 0.000000 0.000000 0.732515
0.001212 0.002270
1
266.849013 469.566449
5.295000 9.953000 12.082942 0 1
0.065880 0.000000 0.000000 0.000000 0.743484
0.000045 -0.000074
1
206.080485 78.220631
5.295000 9.953000 12.082942 0 1
0.065880 0.000000 0.000000 0.000000 0.851456
0.001294 0.002276
1
56.123215 220.913054
5.295000 9.953000 12.082942 0 1
0.065880 0.000000 0.000000 0.000000 0.746759
0.000017 -0.000053
2
425.324829 175.393505
5.295000 9.953000 12.082942 5 1
0.065880 0.000000 0.000000 0.000000 0.767067
-0.000949 0.000975
1
237.139990 299.502882
5.295000 9.953000 12.082942 0 1
0.065880 0.000000 0.000000 0.000000 0.727995
0.000915 0.000384
2
157.944310 284.490169
5.295000 9.953000 12.082942 1 1
0.065880 0.000000 0.000000 0.000000 0.771370
-0.000435 -0.009035
1
127.179050 154.099595
5.295000 9.953000 12.082942 0 1
0.065880 0.000000 0.000000 0.000000 0.765333
0.000826 -0.000569
2
152.850043 413.459635
5.295000 9.953000 12.082942 4 1
0.065880 0.000000 0.000000 0.000000 0.739883
-0.000190 0.000116
1
405.323683 136.794222
5.295000 9.953000 12.082942 0 1
0.065880 0.000000 0.000000 0.000000 0.736314
0.000296 -0.000425
1
237.504157 490.934020
5.295000 9.953000 12.082942 0 1
0.065880 0.000000 0.000000 0.000000 0.751478
-0.000153 -0.000489
1
69.730851 151.657407
5.295000 9.953000 12.082942 0 1
0.065880 0.000000 0.000000 0.000000 0.725754
-0.000447 -0.000241
1
367.846852 72.321933
5.295000 9.953000 12.082942 0 1
0.065880 0.000000 0.000000 0.000000 0.839398
0.000122 0.000284
2
241.584949 152.161157
5.295000 9.953000 12.082942 1 1
0.065880 0.000000 0.000000 0.000000 0.747510
-0.000320 -0.000282
1
377.362483 293.329942
5.295000 9.953000 12.082942 0 1
0.065880 0.000000 0.000000 0.000000 0.734208
-0.000017 0.000273
1
97.026238 416.574358
5.295000 9.953000 12.082942 0 1
0.065880 0.000000 0.000000 0.000000 0.843131
-0.000398 -0.000950
1
250.357986 285.796499
5.295000 9.953000 12.082942 0 1
0.065880 0.000000 0.000000 0.000000 0.749000
0.001296 0.000792
2
321.117801 149.805292
5.295000 9.953000 12.082942 5 1
0.065880 0.000000 0.000000 0.000000 0.748720
-0.000903 -0.000142
2
281.374186 294.686167
5.295000 9.953000 12.082942 1 1
0.065880 0.000000 0.000000 0.000000 0.748764
-0.000301 -0.000204
1
236.284771 348.990358
5.295000 9.953000 12.082942 0 1
0.065880 0.000000 0.000000 0.000000 0.736184
0.001294 -0.000117
1
327.339569 418.512965
5.295000 9.953000 12.082942 0 1
0.065880 0.000000 0.000000 0.000000 0.834865
0.001775 -0.000238
1
202.322492 404.492903
5.295000 9.953000 12.082942 0 1
0.065880 0.000000 0.000000 0.000000 0.741142
0.000744 0.000212
1
408.330721 183.763167
5.295000 9.953000 12.082942 0 1
0.065880 0.000000 0.000000 0.000000 0.734842
-0.000899 0.000242
1
422.477673 343.880033
5.295000 9.953000 12.082942 0 1
0.065880 0.000000 0.000000 0.000000 0.755624
-0.001438 -0.000917
2
447.659952 230.435316
5.295000 9.953000 12.082942 5 1
0.065880 0.000000 0.000000 0.000000 0.786447
-0.000119 -0.000095
1
70.432735 350.353637
5.295000 9.953000 12.082942 0 1
0.065880 0.000000 0.000000 0.000000 0.748263
-0.000490 0.000783
1
329.266009 437.278894
5.295000 9.953000 12.082942 0 1
0.065880 0.000000 0.000000 0.000000 0.733287
0.000489 0.000084
1
22.260193 259.949359
5.295000 9.953000 12.082942 0 1
0.065880 0.000000 0.000000 0.000000 0.762971
-0.000427 0.000022
2
266.797142 436.984644
5.295000 9.953000 12.082942 5 1
0.065880 0.000000 0.000000 0.000000 0.731414
0.000287 -0.000312
2
285.024453 368.562042
5.295000 9.953000 12.082942 2 1
0.065880 0.000000 0.000000 0.000000 0.772772
0.000999 -0.000451
1
380.740410 274.543892
5.295000 9.953000 12.082942 0 1
0.065880 0.000000 0.000000 0.000000 0.771830
0.000161 0.000574
2
85.424310 198.580277
5.295000 9.953000 12.082942 3 1
0.065880 0.000000 0.000000 0.000000 0.732585
0.000746 0.000383
1
250.097662 362.115183
5.295000 9.953000 12.082942 0 1
0.065880 0.000000 0.000000 0.000000 0.738315
0.001053 0.000207
1
29.042400 277.652281
5.295000 9.953000 12.082942 0 1
0.065880 0.000000 0.000000 0.000000 0.738162
0.000090 -0.000153
2
96.564462 213.551119
5.295000 9.953000 12.082942 3 1
0.065880 0.000000 0.000000 0.000000 0.741650
0.000901 0.000171
1
291.877941 386.300391
5.295000 9.953000 12.082942 0 1
0.065880 0.000000 0.000000 0.000000 0.766986
0.000514 -0.000352
1
169.312265 469.183202
5.295000 9.953000 12.082942 0 1
0.065880 0.000000 0.000000 0.000000 0.741225
-0.003499 0.001693
1
92.874979 181.270782
5.295000 9.953000 12.082942 0 1
0.065880 0.000000 0.000000 0.000000 0.726285
0.000160 -0.000077
2
386.312912 242.889784
5.295000 9.953000 12.082942 2 1
0.065880 0.000000 0.000000 0.000000 0.789692
-0.000462 0.000179
1
122.637282 286.183356
5.295000 9.953000 12.082942 0 1
0.065880 0.000000 0.000000 0.000000 0.765718
-0.000601 -0.024767
1
204.966103 115.849713
5.295000 9.953000 12.082942 0 1
0.065880 0.000000 0.000000 0.000000 0.738878
0.000732 -0.000077
1
331.976638 284.746301
5.295000 9.953000 12.082942 0 1
0.065880 0.000000 0.000000 0.000000 0.751571
0.000378 0.000021
1
362.423971 163.383432
5.295000 9.953000 12.082942 0 1
0.065880 0.000000 0.000000 0.000000 0.749987
0.000863 0.000317
1
276.343802 453.263135
5.295000 9.953000 12.082942 0 1
0.065880 0.000000 0.000000 0.000000 0.731310
0.000105 -0.000091
1
246.141934 133.860238
5.295000 9.953000 12.082942 0 1
0.065880 0.000000 0.000000 0.000000 0.788581
-0.000161 0.000136
1
217.597650 344.959520
5.295000 9.953000 12.082942 0 1
0.065880 0.000000 0.000000 0.000000 0.786709
0.001045 0.000304
1
307.252391 218.997480
5.295000 9.953000 12.082942 0 1
0.065880 0.000000 0.000000 0.000000 0.863577
-0.000540 0.000570
2
359.405091 299.924321
5.295000 9.953000 12.082942 2 1
0.065880 0.000000 0.000000 0.000000 0.870923
0.000126 0.000066
2
100.139049 163.929734
5.295000 9.953000 12.082942 2 1
0.065880 0.000000 0.000000 0.000000 0.731932
-0.000352 -0.000333
1
303.013445 237.560326
5.295000 9.953000 12.082942 0 1
0.065880 0.000000 0.000000 0.000000 0.730876
0.000682 0.000085
1
476.032895 277.649398
5.295000 9.953000 12.082942 0 1
0.065880 0.000000 0.000000 0.000000 0.866860
0.000016 0.000125
1
63.853739 119.667020
5.295000 9.953000 12.082942 0 1
0.065880 0.000000 0.000000 0.000000 0.732678
0.000039 -0.000622
1
362.600474 43.916263
5.295000 9.953000 12.082942 0 1
0.065880 0.000000 0.000000 0.000000 0.757311
-0.000395 -0.000351
1
380.883462 158.730803
5.295000 9.953000 12.082942 0 1
0.065880 0.000000 0.000000 0.000000 0.728432
0.000391 -0.000188
2
436.280166 83.937080
5.295000 9.953000 12.082942 3 1
0.065880 0.000000 0.000000 0.000000 0.795745
0.000383 -0.000025
1
168.532898 319.174423
5.295000 9.953000 12.082942 0 1
0.065880 0.000000 0.000000 0.000000 0.854836
-0.000383 -0.000262
1
134.952387 209.926108
5.295000 9.953000 12.082942 0 1
0.065880 0.000000 0.000000 0.000000 0.758766
0.000592 -0.000591
1
253.452376 340.323697
5.295000 9.953000 12.082942 0 1
0.065880 0.000000 0.000000 0.000000 0.740161
0.000976 0.000435
1
407.001520 100.976939
5.295000 9.953000 12.082942 0 1
0.065880 0.000000 0.000000 0.000000 0.807578
-0.000746 -0.000583
1
160.948956 452.107633
5.295000 9.953000 12.082942 0 1
0.065880 0.000000 0.000000 0.000000 0.744624
-0.000809 0.000841
1
232.051210 281.414038
5.295000 9.953000 12.082942 0 1
0.065880 0.000000 0.000000 0.000000 0.733813
-0.001985 -0.000273
2
52.401598 239.455974
5.295000 9.953000 12.082942 3 1
0.065880 0.000000 0.000000 0.000000 0.779002
-0.000552 0.000334
2
109.891012 128.541524
5.295000 9.953000 12.082942 2 1
0.065880 0.000000 0.000000 0.000000 0.782314
-0.000010 0.000098
2
295.161217 450.901300
5.295000 9.953000 12.082942 2 1
0.065880 0.000000 0.000000 0.000000 0.758810
0.000009 -0.000522
1
388.051339 352.403852
5.295000 9.953000 12.082942 0 1
0.065880 0.000000 0.000000 0.000000 0.859051
-0.000091 -0.000050
2
457.550098 197.383173
5.295000 9.953000 12.082942 3 1
0.065880 0.000000 0.000000 0.000000 0.883751
0.000069 -0.000080
2
62.499079 169.083879
5.295000 9.953000 12.082942 1 1
0.065880 0.000000 0.000000 0.000000 0.730715
-0.000108 0.000000
1
57.020280 336.819510
5.295000 9.953000 12.082942 0 1
0.065880 0.000000 0.000000 0.000000 0.774910
-0.000068 0.000323
1
75.389881 368.734837
5.295000 9.953000 12.082942 0 1
0.065880 0.000000 0.000000 0.000000 0.762667
-0.000802 0.001015
1
135.863882 359.471479
5.295000 9.953000 12.082942 0 1
0.065880 0.000000 0.000000 0.000000 0.842796
0.000471 0.000489
1
123.531414 446.292263
5.295000 9.953000 12.082942 0 1
0.065880 0.000000 0.000000 0.000000 0.768191
-0.000642 0.002027
1
166.765147 434.204474
5.295000 9.953000 12.082942 0 1
0.065880 0.000000 0.000000 0.000000 0.807687
0.000082 0.001012
1
175.715554 139.391596
5.295000 9.953000 12.082942 0 1
0.065880 0.000000 0.000000 0.000000 0.729740
0.001123 -0.000536
2
446.494526 312.491911
5.295000 9.953000 12.082942 2 1
0.065880 0.000000 0.000000 0.000000 0.821384
-0.000161 0.000132
1
161.344569 380.124551
5.295000 9.953000 12.082942 0 1
0.065880 0.000000 0.000000 0.000000 0.730784
0.000574 0.000056
2
88.197577 97.834587
5.295000 9.953000 12.082942 3 1
0.065880 0.000000 0.000000 0.000000 0.741672
0.000491 -0.000290
2
103.295734 310.694090
5.295000 9.953000 12.082942 1 1
0.065880 0.000000 0.000000 0.000000 0.733531
0.003289 -0.001027
1
139.814282 95.091985
5.295000 9.953000 12.082942 0 1
0.065880 0.000000 0.000000 0.000000 0.752993
-0.000470 -0.000041
2
96.250335 242.789477
5.295000 9.953000 12.082942 1 1
0.065880 0.000000 0.000000 0.000000 0.758329
-0.000590 -0.001190
2
34.708424 139.496848
5.295000 9.953000 12.082942 1 1
0.065880 0.000000 0.000000 0.000000 0.866153
0.002764 0.000456
2
224.736282 12.956236
5.295000 9.953000 12.082942 1 1
0.065880 0.000000 0.000000 0.000000 0.765838
-0.000183 -0.000071
1
203.647979 97.167618
5.295000 9.953000 12.082942 0 1
0.065880 0.000000 0.000000 0.000000 0.750052
0.000277 0.000616
1
81.371507 166.346759
5.295000 9.953000 12.082942 0 1
0.065880 0.000000 0.000000 0.000000 0.727245
-0.000273 0.000009
1
168.898418 300.145820
5.295000 9.953000 12.082942 0 1
0.065880 0.000000 0.000000 0.000000 0.814812
0.001231 0.000229
1
58.823217 257.189921
5.295000 9.953000 12.082942 0 1
0.065880 0.000000 0.000000 0.000000 0.726269
-0.005232 -0.000513
1
185.315120 435.665436
5.295000 9.953000 12.082942 0 1
0.065880 0.000000 0.000000 0.000000 0.774694
0.000754 0.002728
2
390.027596 190.593747
5.295000 9.953000 12.082942 2 1
0.065880 0.000000 0.000000 0.000000 0.772904
0.001121 0.000092
1
139.212792 296.497992
5.295000 9.953000 12.082942 0 1
0.065880 0.000000 0.000000 0.000000 0.758304
-0.010758 0.001974
2
129.784312 464.266724
5.295000 9.953000 12.082942 1 1
0.065880 0.000000 0.000000 0.000000 0.851404
0.002982 0.001295
1
374.032277 201.103518
5.295000 9.953000 12.082942 0 1
0.065880 0.000000 0.000000 0.000000 0.758706
-0.000294 -0.001829
1
195.482699 280.040269
5.295000 9.953000 12.082942 0 1
0.065880 0.000000 0.000000 0.000000 0.742641
-0.003810 -0.003386
2
216.363598 418.394650
5.295000 9.953000 12.082942 3 1
0.065880 0.000000 0.000000 0.000000 0.741329
-0.000810 -0.000624
1
173.949376 38.837278
5.295000 9.953000 12.082942 0 1
0.065880 0.000000 0.000000 0.000000 0.780338
-0.000054 0.000156
1
253.223082 250.702838
5.295000 9.953000 12.082942 0 1
0.065880 0.000000 0.000000 0.000000 0.750135
0.000040 -0.000489
2
433.851877 359.297859
5.295000 9.953000 12.082942 3 1
0.065880 0.000000 0.000000 0.000000 0.746147
-0.001736 -0.000778
1
361.179169 397.088730
5.295000 9.953000 12.082942 0 1
0.065880 0.000000 0.000000 0.000000 0.751027
-0.002001 0.001157
1
181.996272 348.361468
5.295000 9.953000 12.082942 0 1
0.065880 0.000000 0.000000 0.000000 0.818088
0.000343 0.000282
1
392.811168 122.681961
5.295000 9.953000 12.082942 0 1
0.065880 0.000000 0.000000 0.000000 0.756135
-0.000221 -0.000156
1
275.650450 276.661764
5.295000 9.953000 12.082942 0 1
0.065880 0.000000 0.000000 0.000000 0.785538
0.000307 -0.000474
2
323.944456 473.507491
5.295000 9.953000 12.082942 1 1
0.065880 0.000000 0.000000 0.000000 0.740358
-0.000368 0.000032
2
399.643920 154.562946
5.295000 9.953000 12.082942 5 1
0.065880 0.000000 0.000000 0.000000 0.729035
0.000273 -0.000421
1
129.353570 269.838470
5.295000 9.953000 12.082942 0 1
0.065880 0.000000 0.000000 0.000000 0.765092
-0.041333 0.009120
1
452.773489 357.329342
5.295000 9.953000 12.082942 0 1
0.065880 0.000000 0.000000 0.000000 0.767076
-0.001673 -0.000147
1
375.944815 177.121080
5.295000 9.953000 12.082942 0 1
0.065880 0.000000 0.000000 0.000000 0.742758
0.000665 0.000192
1
287.331925 3.631099
5.295000 9.953000 12.082942 0 1
0.065880 0.000000 0.000000 0.000000 0.796600
-0.000027 -0.000009
1
474.590349 329.423431
5.295000 9.953000 12.082942 0 1
0.065880 0.000000 0.000000 0.000000 0.737257
-0.000241 0.000126
2
374.250665 312.039428
5.295000 9.953000 12.082942 1 1
0.065880 0.000000 0.000000 0.000000 0.755512
0.000301 0.000292
1
134.079924 410.397622
5.295000 9.953000 12.082942 0 1
0.065880 0.000000 0.000000 0.000000 0.736138
-0.000211 0.001425
1
19.068169 223.617732
5.295000 9.953000 12.082942 0 1
0.065880 0.000000 0.000000 0.000000 0.843474
-0.000033 0.000095
1
379.175672 426.455073
5.295000 9.953000 12.082942 0 1
0.065880 0.000000 0.000000 0.000000 0.769608
-0.001726 -0.005236
1
126.295448 393.384737
5.295000 9.953000 12.082942 0 1
0.065880 0.000000 0.000000 0.000000 0.779980
0.001149 0.000578
2
162.808460 233.631964
5.295000 9.953000 12.082942 3 1
0.065880 0.000000 0.000000 0.000000 0.729886
0.002162 -0.000845
2
437.089182 153.134239
5.295000 9.953000 12.082942 3 1
0.065880 0.000000 0.000000 0.000000 0.738762
0.000032 0.001002
2
426.510039 376.887521
5.295000 9.953000 12.082942 3 1
0.065880 0.000000 0.000000 0.000000 0.845934
-0.000015 -0.000055
1
192.065245 467.440733
5.295000 9.953000 12.082942 0 1
0.065880 0.000000 0.000000 0.000000 0.807803
0.002546 0.000421
1
499.233104 243.482612
5.295000 9.953000 12.082942 0 1
0.065880 0.000000 0.000000 0.000000 0.749439
-0.000000 0.000000
1
268.055539 74.361203
5.295000 9.953000 12.082942 0 1
0.065880 0.000000 0.000000 0.000000 0.786080
-0.000032 0.000005
2
73.179276 212.898264
5.295000 9.953000 12.082942 2 1
0.065880 0.000000 0.000000 0.000000 0.746212
-0.000129 -0.000340
2
321.072142 231.890686
5.295000 9.953000 12.082942 1 1
0.065880 0.000000 0.000000 0.000000 0.742497
0.000774 -0.000216
1
184.973428 264.856323
5.295000 9.953000 12.082942 0 1
0.065880 0.000000 0.000000 0.000000 0.725606
0.029052 -0.002003
2
57.760614 137.298493
5.295000 9.953000 12.082942 1 1
0.065880 0.000000 0.000000 0.000000 0.746108
-0.000361 -0.000555
1
250.077301 381.079960
5.295000 9.953000 12.082942 0 1
0.065880 0.000000 0.000000 0.000000 0.813306
0.001077 0.000695
1
82.510878 115.923993
5.295000 9.953000 12.082942 0 1
0.065880 0.000000 0.000000 0.000000 0.731740
0.000078 -0.000321
2
494.188291 296.941493
5.295000 9.953000 12.082942 5 1
0.065880 0.000000 0.000000 0.000000 0.810516
-0.000136 0.000132
1
252.751813 231.890520
5.295000 9.953000 12.082942 0 1
0.065880 0.000000 0.000000 0.000000 0.740330
0.000142 -0.000768
2
247.898528 436.750948
5.295000 9.953000 12.082942 1 1
0.065880 0.000000 0.000000 0.000000 0.772226
0.000115 -0.000497
1
398.443986 84.143478
5.295000 9.953000 12.082942 0 1
0.065880 0.000000 0.000000 0.000000 0.774253
0.000513 -0.001189
1
311.794184 429.849991
5.295000 9.953000 12.082942 0 1
0.065880 0.000000 0.000000 0.000000 0.846302
0.000970 -0.000769
1
300.171587 17.576039
5.295000 9.953000 12.082942 0 1
0.065880 0.000000 0.000000 0.000000 0.786474
-0.000029 -0.000010
1
294.140856 280.696700
5.295000 9.953000 12.082942 0 1
0.065880 0.000000 0.000000 0.000000 0.744289
0.000295 0.000216
1
465.436105 312.851650
5.295000 9.953000 12.082942 0 1
0.065880 0.000000 0.000000 0.000000 0.751963
-0.000186 0.000158
1
291.388518 478.234945
5.295000 9.953000 12.082942 0 1
0.065880 0.000000 0.000000 0.000000 0.813953
-0.000473 -0.000721
2
223.745494 31.879246
5.295000 9.953000 12.082942 1 1
0.065880 0.000000 0.000000 0.000000 0.734951
-0.000111 -0.000063
1
123.552277 85.391373
5.295000 9.953000 12.082942 0 1
0.065880 0.000000 0.000000 0.000000 0.795813
-0.000375 -0.000226
1
115.830721 211.084103
5.295000 9.953000 12.082942 0 1
0.065880 0.000000 0.000000 0.000000 0.737658
0.000411 0.000297
1
140.446592 57.074505
5.295000 9.953000 12.082942 0 1
0.065880 0.000000 0.000000 0.000000 0.759887
-0.000108 -0.000085
1
156.566916 66.865930
5.295000 9.953000 12.082942 0 1
0.065880 0.000000 0.000000 0.000000 0.730952
-0.000134 0.000082
1
376.989710 386.745560
5.295000 9.953000 12.082942 0 1
0.065880 0.000000 0.000000 0.000000 0.769746
0.000079 0.004861
1
167.775942 207.079948
5.295000 9.953000 12.082942 0 1
0.065880 0.000000 0.000000 0.000000 0.726795
0.000495 -0.000455
2
357.893431 181.828358
5.295000 9.953000 12.082942 3 1
0.065880 0.000000 0.000000 0.000000 0.729407
0.000752 0.000391
2
37.363584 218.906212
5.295000 9.953000 12.082942 1 1
0.065880 0.000000 0.000000 0.000000 0.737091
-0.000027 0.000004
1
281.274219 189.189418
5.295000 9.953000 12.082942 0 1
0.065880 0.000000 0.000000 0.000000 0.734212
-0.001537 0.000204
2
377.245577 55.863611
5.295000 9.953000 12.082942 1 1
0.065880 0.000000 0.000000 0.000000 0.755760
-0.000640 -0.000148
1
258.093398 107.832663
5.295000 9.953000 12.082942 0 1
0.065880 0.000000 0.000000 0.000000 0.770110
0.000810 -0.000256
1
224.217625 313.232092
5.295000 9.953000 12.082942 0 1
0.065880 0.000000 0.000000 0.000000 0.732003
0.000609 0.001148
1
189.972416 49.059313
5.295000 9.953000 12.082942 0 1
0.065880 0.000000 0.000000 0.000000 0.730503
-0.000064 0.000113
2
40.239525 254.002211
5.295000 9.953000 12.082942 5 1
0.065880 0.000000 0.000000 0.000000 0.738969
0.000488 0.000634
1
65.981284 275.482332
5.295000 9.953000 12.082942 0 1
0.065880 0.000000 0.000000 0.000000 0.734508
0.000005 0.001314
1
362.084306 434.504426
5.295000 9.953000 12.082942 0 1
0.065880 0.000000 0.000000 0.000000 0.730994
0.001077 0.001226
2
289.261655 224.862892
5.295000 9.953000 12.082942 4 1
0.065880 0.000000 0.000000 0.000000 0.756756
-0.000753 0.001408
2
74.954357 292.558354
5.295000 9.953000 12.082942 5 1
0.065880 0.000000 0.000000 0.000000 0.763776
-0.003880 0.003198
1
51.145147 105.596420
5.295000 9.953000 12.082942 0 1
0.065880 0.000000 0.000000 0.000000 0.795471
0.000391 -0.001000
1
276.911196 139.335687
5.295000 9.953000 12.082942 0 1
0.065880 0.000000 0.000000 0.000000 0.737853
0.000147 -0.000435
1
148.679287 268.308603
5.295000 9.953000 12.082942 0 1
0.065880 0.000000 0.000000 0.000000 0.757618
0.051011 -0.005162
2
266.467607 372.231431
5.295000 9.953000 12.082942 1 1
0.065880 0.000000 0.000000 0.000000 0.733776
0.001357 0.000129
1
206.856727 40.475153
5.295000 9.953000 12.082942 0 1
0.065880 0.000000 0.000000 0.000000 0.737355
-0.000082 0.000018
1
148.343709 180.073932
5.295000 9.953000 12.082942 0 1
0.065880 0.000000 0.000000 0.000000 0.735496
0.001179 -0.000651
1
238.502812 395.541535
5.295000 9.953000 12.082942 0 1
0.065880 0.000000 0.000000 0.000000 0.732859
0.001256 -0.000432
1
77.294882 260.312919
5.295000 9.953000 12.082942 0 1
0.065880 0.000000 0.000000 0.000000 0.732745
0.009250 0.002821
1
180.295462 157.820119
5.295000 9.953000 12.082942 0 1
0.065880 0.000000 0.000000 0.000000 0.735594
-0.001696 0.000040
2
248.537371 321.888156
5.295000 9.953000 12.082942 3 1
0.065880 0.000000 0.000000 0.000000 0.795382
-0.000045 0.000900
2
10.313552 274.649677
5.295000 9.953000 12.082942 3 1
0.065880 0.000000 0.000000 0.000000 0.725297
0.000205 0.000164
1
212.862162 152.121629
5.295000 9.953000 12.082942 0 1
0.065880 0.000000 0.000000 0.000000 0.760602
-0.001336 -0.000655
1
394.596272 415.479252
5.295000 9.953000 12.082942 0 1
0.065880 0.000000 0.000000 0.000000 0.738219
0.000263 -0.002613
2
374.971094 227.708132
5.295000 9.953000 12.082942 2 1
0.065880 0.000000 0.000000 0.000000 0.852328
-0.000084 -0.000112
2
210.124293 244.491532
5.295000 9.953000 12.082942 2 1
0.065880 0.000000 0.000000 0.000000 0.754210
0.001839 -0.001073
2
312.957107 282.854824
5.295000 9.953000 12.082942 1 1
0.065880 0.000000 0.000000 0.000000 0.739413
0.000353 -0.000058
1
255.355886 484.543752
5.295000 9.953000 12.082942 0 1
0.065880 0.000000 0.000000 0.000000 0.743840
0.000014 -0.000046
2
255.246935 303.930098
5.295000 9.953000 12.082942 3 1
0.065880 0.000000 0.000000 0.000000 0.731262
-0.000473 0.000490
2
316.805522 250.309616
5.295000 9.953000 12.082942 2 1
0.065880 0.000000 0.000000 0.000000 0.757302
0.000545 -0.000016
1
111.805404 178.873347
5.295000 9.953000 12.082942 0 1
0.065880 0.000000 0.000000 0.000000 0.771795
0.000107 -0.000570
1
396.460077 434.479328
5.295000 9.953000 12.082942 0 1
0.065880 0.000000 0.000000 0.000000 0.734177
-0.002115 -0.002971
2
187.575941 108.141780
5.295000 9.953000 12.082942 3 1
0.065880 0.000000 0.000000 0.000000 0.754420
0.000574 -0.000814
1
152.186044 217.891903
5.295000 9.953000 12.082942 0 1
0.065880 0.000000 0.000000 0.000000 0.734196
0.000645 -0.000706
2
164.716606 398.598787
5.295000 9.953000 12.082942 1 1
0.065880 0.000000 0.000000 0.000000 0.745015
-0.000216 0.000449
1
222.918263 121.442923
5.295000 9.953000 12.082942 0 1
0.065880 0.000000 0.000000 0.000000 0.764442
0.000802 -0.000577
2
148.400888 345.096792
5.295000 9.953000 12.082942 5 1
0.065880 0.000000 0.000000 0.000000 0.742182
-0.000306 -0.000682
2
142.655400 377.185296
5.295000 9.953000 12.082942 3 1
0.065880 0.000000 0.000000 0.000000 0.731639
0.000703 0.000261
1
377.757089 406.646389
5.295000 9.953000 12.082942 0 1
0.065880 0.000000 0.000000 0.000000 0.743032
-0.000692 -0.001252
1
120.989068 304.866572
5.295000 9.953000 12.082942 0 1
0.065880 0.000000 0.000000 0.000000 0.741799
0.000896 0.018403
1
240.870723 115.640834
5.295000 9.953000 12.082942 0 1
0.065880 0.000000 0.000000 0.000000 0.774769
0.000988 0.000087
1
240.738254 472.235617
5.295000 9.953000 12.082942 0 1
0.065880 0.000000 0.000000 0.000000 0.744583
0.000425 -0.000404
1
85.653525 277.118668
5.295000 9.953000 12.082942 0 1
0.065880 0.000000 0.000000 0.000000 0.740341
-0.001759 -0.006698
1
223.300949 362.943079
5.295000 9.953000 12.082942 0 1
0.065880 0.000000 0.000000 0.000000 0.755021
0.001864 0.000065
1
427.393698 412.332535
5.295000 9.953000 12.082942 0 1
0.065880 0.000000 0.000000 0.000000 0.749107
0.000995 0.001165
1
285.497759 404.208587
5.295000 9.953000 12.082942 0 1
0.065880 0.000000 0.000000 0.000000 0.745505
0.001329 -0.000046
2
156.062595 104.945731
5.295000 9.953000 12.082942 3 1
0.065880 0.000000 0.000000 0.000000 0.742465
-0.000477 -0.000031
2
340.194887 188.122466
5.295000 9.953000 12.082942 1 1
0.065880 0.000000 0.000000 0.000000 0.756322
0.000339 -0.000783
2
105.111796 278.190081
5.295000 9.953000 12.082942 1 1
0.065880 0.000000 0.000000 0.000000 0.753618
-0.004263 0.001331
1
329.990571 361.988988
5.295000 9.953000 12.082942 0 1
0.065880 0.000000 0.000000 0.000000 0.767157
0.000084 -0.000287
1
459.232853 286.429597
5.295000 9.953000 12.082942 0 1
0.065880 0.000000 0.000000 0.000000 0.897155
-0.000048 -0.000005
1
339.757079 228.987997
5.295000 9.953000 12.082942 0 1
0.065880 0.000000 0.000000 0.000000 0.903702
0.001084 -0.000169
2
238.346241 453.314207
5.295000 9.953000 12.082942 3 1
0.065880 0.000000 0.000000 0.000000 0.816868
0.000317 -0.000410
2
257.283105 453.277230
5.295000 9.953000 12.082942 3 1
0.065880 0.000000 0.000000 0.000000 0.735828
0.000228 -0.000338
2
445.090590 211.664832
5.295000 9.953000 12.082942 4 1
0.065880 0.000000 0.000000 0.000000 0.797226
-0.000106 -0.000188
1
325.182648 335.987602
5.295000 9.953000 12.082942 0 1
0.065880 0.000000 0.000000 0.000000 0.757301
0.000048 0.000076
2
165.728539 267.393767
5.295000 9.953000 12.082942 1 1
0.065880 0.000000 0.000000 0.000000 0.748244
-0.048085 0.006606
2
254.465088 184.832406
5.295000 9.953000 12.082942 1 1
0.065880 0.000000 0.000000 0.000000 0.766773
0.001280 -0.000742
1
303.848007 307.930620
5.295000 9.953000 12.082942 0 1
0.065880 0.000000 0.000000 0.000000 0.811710
0.000264 0.000298
2
150.392885 199.057973
5.295000 9.953000 12.082942 3 1
0.065880 0.000000 0.000000 0.000000 0.731725
0.000573 -0.000340
1
205.777802 308.924269
5.295000 9.953000 12.082942 0 1
0.065880 0.000000 0.000000 0.000000 0.810637
-0.000012 0.000578
1
259.737857 147.291969
5.295000 9.953000 12.082942 0 1
0.065880 0.000000 0.000000 0.000000 0.742806
0.000013 -0.000219
2
52.160846 355.174992
5.295000 9.953000 12.082942 4 1
0.065880 0.000000 0.000000 0.000000 0.767758
-0.000744 0.000102
1
49.702649 183.093902
5.295000 9.953000 12.082942 0 1
0.065880 0.000000 0.000000 0.000000 0.749517
-0.000030 -0.000020
1
171.723911 416.054924
5.295000 9.953000 12.082942 0 1
0.065880 0.000000 0.000000 0.000000 0.733895
-0.000470 0.000615
1
111.376293 428.591852
5.295000 9.953000 12.082942 0 1
0.065880 0.000000 0.000000 0.000000 0.741597
-0.000919 -0.000177
1
421.405246 324.967991
5.295000 9.953000 12.082942 0 1
0.065880 0.000000 0.000000 0.000000 0.786134
0.000898 -0.001036
1
172.621270 76.650652
5.295000 9.953000 12.082942 0 1
0.065880 0.000000 0.000000 0.000000 0.737654
-0.000073 0.000303
1
201.046514 484.011817
5.295000 9.953000 12.082942 0 1
0.065880 0.000000 0.000000 0.000000 0.743598
-0.000132 0.001965
2
198.350358 422.701159
5.295000 9.953000 12.082942 1 1
0.065880 0.000000 0.000000 0.000000 0.808947
-0.001868 0.000626
2
24.202163 205.317303
5.295000 9.953000 12.082942 3 1
0.065880 0.000000 0.000000 0.000000 0.754542
-0.000071 0.000059
1
337.059596 24.525385
5.295000 9.953000 12.082942 0 1
0.065880 0.000000 0.000000 0.000000 0.797422
-0.000044 -0.000009
2
111.889272 360.153328
5.295000 9.953000 12.082942 5 1
0.065880 0.000000 0.000000 0.000000 0.741196
-0.000322 0.000213
1
118.687559 243.400706
5.295000 9.953000 12.082942 0 1
0.065880 0.000000 0.000000 0.000000 0.761129
0.001862 -0.000079
1
405.162544 334.627442
5.295000 9.953000 12.082942 0 1
0.065880 0.000000 0.000000 0.000000 0.793036
0.001338 -0.000017
2
202.761579 262.112828
5.295000 9.953000 12.082942 2 1
0.065880 0.000000 0.000000 0.000000 0.723159
-0.017734 -0.002697
2
156.330590 85.967855
5.295000 9.953000 12.082942 3 1
0.065880 0.000000 0.000000 0.000000 0.732304
-0.000366 0.000011
2
150.140110 467.498741
5.295000 9.953000 12.082942 1 1
0.065880 0.000000 0.000000 0.000000 0.737003
-0.003628 -0.000490
2
240.040988 264.269769
5.295000 9.953000 12.082942 3 1
0.065880 0.000000 0.000000 0.000000 0.745386
-0.000680 -0.000213
1
222.762239 50.810145
5.295000 9.953000 12.082942 0 1
0.065880 0.000000 0.000000 0.000000 0.759128
-0.000034 -0.000061
1
183.386857 176.532186
5.295000 9.953000 12.082942 0 1
0.065880 0.000000 0.000000 0.000000 0.732562
-0.001336 -0.000105
1
25.970648 241.350029
5.295000 9.953000 12.082942 0 1
0.065880 0.000000 0.000000 0.000000 0.740178
0.000149 -0.000152
2
95.304962 261.593404
5.295000 9.953000 12.082942 3 1
0.065880 0.000000 0.000000 0.000000 0.736896
-0.022642 0.004043
1
477.233731 348.191290
5.295000 9.953000 12.082942 0 1
0.065880 0.000000 0.000000 0.000000 0.815937
0.000011 0.000080
1
165.239420 169.337591
5.295000 9.953000 12.082942 0 1
0.065880 0.000000 0.000000 0.000000 0.751898
-0.002064 -0.000039
2
326.829011 380.666515
5.295000 9.953000 12.082942 4 1
0.065880 0.000000 0.000000 0.000000 0.807176
-0.000058 -0.000284
2
53.272170 289.681817
5.295000 9.953000 12.082942 1 1
0.065880 0.000000 0.000000 0.000000 0.738223
0.002018 0.000518
1
16.120285 188.164465
5.295000 9.953000 12.082942 0 1
0.065880 0.000000 0.000000 0.000000 0.872491
0.000264 -0.000084
1
217.527299 193.873710
5.295000 9.953000 12.082942 0 1
0.065880 0.000000 0.000000 0.000000 0.743645
0.000517 -0.002126
1
120.281747 112.773823
5.295000 9.953000 12.082942 0 1
0.065880 0.000000 0.000000 0.000000 0.747708
-0.000041 0.000100
1
455.603429 329.126924
5.295000 9.953000 12.082942 0 1
0.065880 0.000000 0.000000 0.000000 0.751287
-0.000304 0.000224
1
114.964288 409.526377
5.295000 9.953000 12.082942 0 1
0.065880 0.000000 0.000000 0.000000 0.774407
0.000127 0.000475
2
409.808674 386.005468
5.295000 9.953000 12.082942 2 1
0.065880 0.000000 0.000000 0.000000 0.752099
-0.000323 -0.000748
1
420.188227 256.585078
5.295000 9.953000 12.082942 0 1
0.065880 0.000000 0.000000 0.000000 0.762461
0.000149 0.000093
1
266.942894 353.650211
5.295000 9.953000 12.082942 0 1
0.065880 0.000000 0.000000 0.000000 0.741549
0.000840 0.000548
2
433.864520 394.425816
5.295000 9.953000 12.082942 2 1
0.065880 0.000000 0.000000 0.000000 0.759791
-0.000952 0.000379
1
201.584261 183.162763
5.295000 9.953000 12.082942 0 1
0.065880 0.000000 0.000000 0.000000 0.736685
-0.000864 -0.000478
1
225.574344 381.743097
5.295000 9.953000 12.082942 0 1
0.065880 0.000000 0.000000 0.000000 0.749886
0.000447 0.000003
1
45.422855 321.692685
5.295000 9.953000 12.082942 0 1
0.065880 0.000000 0.000000 0.000000 0.792280
0.000734 -0.000243
1
154.577436 362.664841
5.295000 9.953000 12.082942 0 1
0.065880 0.000000 0.000000 0.000000 0.732632
0.000908 0.000554
1
229.513317 432.119877
5.295000 9.953000 12.082942 0 1
0.065880 0.000000 0.000000 0.000000 0.733386
-0.000298 -0.000593
2
294.959512 107.076883
5.295000 9.953000 12.082942 3 1
0.065880 0.000000 0.000000 0.000000 0.842240
-0.000109 -0.000427
1
235.082269 225.267817
5.295000 9.953000 12.082942 0 1
0.065880 0.000000 0.000000 0.000000 0.776498
0.000438 -0.001575
1
75.319235 83.811644
5.295000 9.953000 12.082942 0 1
0.065880 0.000000 0.000000 0.000000 0.806692
0.000796 -0.000534
1
218.816597 295.171501
5.295000 9.953000 12.082942 0 1
0.065880 0.000000 0.000000 0.000000 0.804637
-0.000236 -0.003323
1
424.666338 275.006720
5.295000 9.953000 12.082942 0 1
0.065880 0.000000 0.000000 0.000000 0.766335
-0.000233 0.000137
2
157.103669 47.851616
5.295000 9.953000 12.082942 1 1
0.065880 0.000000 0.000000 0.000000 0.753596
-0.000043 0.000074
1
411.952429 423.577057
5.295000 9.953000 12.082942 0 1
0.065880 0.000000 0.000000 0.000000 0.747305
-0.000532 -0.000703
2
417.384072 85.188213
5.295000 9.953000 12.082942 3 1
0.065880 0.000000 0.000000 0.000000 0.752305
0.000432 0.000251
2
249.592484 213.211794
5.295000 9.953000 12.082942 1 1
0.065880 0.000000 0.000000 0.000000 0.743263
0.000089 -0.001228
1
249.185428 72.524522
5.295000 9.953000 12.082942 0 1
0.065880 0.000000 0.000000 0.000000 0.841789
-0.000041 0.000093
1
216.296506 170.884226
5.295000 9.953000 12.082942 0 1
0.065880 0.000000 0.000000 0.000000 0.737388
-0.000930 -0.000614
1
7.216972 238.362776
5.295000 9.953000 12.082942 0 1
0.065880 0.000000 0.000000 0.000000 0.764517
0.000253 0.000351
2
331.371261 456.141472
5.295000 9.953000 12.082942 1 1
0.065880 0.000000 0.000000 0.000000 0.732307
-0.000271 0.000096
1
430.599402 121.564211
5.295000 9.953000 12.082942 0 1
0.065880 0.000000 0.000000 0.000000 0.752625
-0.000744 -0.000183
1
318.129569 23.636037
5.295000 9.953000 12.082942 0 1
0.065880 0.000000 0.000000 0.000000 0.761508
-0.000039 0.000007
2
264.200941 201.156755
5.295000 9.953000 12.082942 2 1
0.065880 0.000000 0.000000 0.000000 0.749176
0.001374 -0.000944
2
178.638775 222.992227
5.295000 9.953000 12.082942 5 1
0.065880 0.000000 0.000000 0.000000 0.776643
0.000501 -0.000799
2
230.406740 330.953117
5.295000 9.953000 12.082942 3 1
0.065880 0.000000 0.000000 0.000000 0.737449
0.000886 -0.000387
1
433.890768 243.471476
5.295000 9.953000 12.082942 0 1
0.065880 0.000000 0.000000 0.000000 0.739835
0.000204 0.000244
1
200.384885 353.146506
5.295000 9.953000 12.082942 0 1
0.065880 0.000000 0.000000 0.000000 0.750614
0.000596 0.000052
1
88.713039 148.752223
5.295000 9.953000 12.082942 0 1
0.065880 0.000000 0.000000 0.000000 0.745379
-0.000721 -0.000135
1
258.486179 268.785822
5.295000 9.953000 12.082942 0 1
0.065880 0.000000 0.000000 0.000000 0.741061
0.000263 0.000097
1
133.067643 191.341554
5.295000 9.953000 12.082942 0 1
0.065880 0.000000 0.000000 0.000000 0.746157
0.000840 -0.000538
2
128.842506 129.786167
5.295000 9.953000 12.082942 3 1
0.065880 0.000000 0.000000 0.000000 0.732476
0.000000 0.000149
2
173.197248 57.763887
5.295000 9.953000 12.082942 1 1
0.065880 0.000000 0.000000 0.000000 0.728954
-0.000077 0.000202
2
393.275748 376.913804
5.295000 9.953000 12.082942 1 1
0.065880 0.000000 0.000000 0.000000 0.813201
-0.001522 0.001319
1
254.517071 165.855794
5.295000 9.953000 12.082942 0 1
0.065880 0.000000 0.000000 0.000000 0.739786
-0.000476 -0.000499
2
380.335177 37.169909
5.295000 9.953000 12.082942 1 1
0.065880 0.000000 0.000000 0.000000 0.831263
-0.000272 -0.000078
2
328.851617 317.357583
5.295000 9.953000 12.082942 1 1
0.065880 0.000000 0.000000 0.000000 0.776495
-0.000217 0.000016
1
344.897959 425.955873
5.295000 9.953000 12.082942 0 1
0.065880 0.000000 0.000000 0.000000 0.740374
0.000913 0.001413
1
136.022388 315.309383
5.295000 9.953000 12.082942 0 1
0.065880 0.000000 0.000000 0.000000 0.738922
-0.004635 -0.001813
1
418.539604 157.553654
5.295000 9.953000 12.082942 0 1
0.065880 0.000000 0.000000 0.000000 0.782163
0.000036 0.000382
1
344.643185 406.873474
5.295000 9.953000 12.082942 0 1
0.065880 0.000000 0.000000 0.000000 0.778129
-0.001020 0.002150
2
182.923118 195.533296
5.295000 9.953000 12.082942 5 1
0.065880 0.000000 0.000000 0.000000 0.742401
0.000958 -0.000099
1
276.122655 91.517064
5.295000 9.953000 12.082942 0 1
0.065880 0.000000 0.000000 0.000000 0.792867
-0.000004 -0.000008
1
277.001052 421.147125
5.295000 9.953000 12.082942 0 1
0.065880 0.000000 0.000000 0.000000 0.750604
0.000575 -0.000281
2
386.740953 140.734824
5.295000 9.953000 12.082942 5 1
0.065880 0.000000 0.000000 0.000000 0.730177
0.000163 -0.000226
1
325.092225 94.996652
5.295000 9.953000 12.082942 0 1
0.065880 0.000000 0.000000 0.000000 0.776655
-0.000000 -0.000000
1
142.656687 142.937623
5.295000 9.953000 12.082942 0 1
0.065880 0.000000 0.000000 0.000000 0.738980
0.000800 -0.000565
1
42.629352 200.692857
5.295000 9.953000 12.082942 0 1
0.065880 0.000000 0.000000 0.000000 0.739964
-0.000109 -0.000033
1
368.092320 144.904389
5.295000 9.953000 12.082942 0 1
0.065880 0.000000 0.000000 0.000000 0.855281
0.000176 0.000094
1
145.845528 395.720843
5.295000 9.953000 12.082942 0 1
0.065880 0.000000 0.000000 0.000000 0.755740
-0.000801 0.000677
2
405.105437 245.144937
5.295000 9.953000 12.082942 3 1
0.065880 0.000000 0.000000 0.000000 0.780981
-0.000535 0.000966
2
305.094827 265.251432
5.295000 9.953000 12.082942 1 1
0.065880 0.000000 0.000000 0.000000 0.756815
0.000445 0.000147
2
327.145944 399.593495
5.295000 9.953000 12.082942 2 1
0.065880 0.000000 0.000000 0.000000 0.843666
-0.000146 -0.000238
1
140.083948 76.112626
5.295000 9.953000 12.082942 0 1
0.065880 0.000000 0.000000 0.000000 0.742751
-0.000295 -0.000091
2
228.986362 242.931351
5.295000 9.953000 12.082942 5 1
0.065880 0.000000 0.000000 0.000000 0.770016
0.000127 0.000929
1
221.667476 259.975075
5.295000 9.953000 12.082942 0 1
0.065880 0.000000 0.000000 0.000000 0.732013
0.006370 -0.002932
1
45.033565 123.484807
5.295000 9.953000 12.082942 0 1
0.065880 0.000000 0.000000 0.000000 0.793467
0.000125 -0.001107
1
374.135848 126.759413
5.295000 9.953000 12.082942 0 1
0.065880 0.000000 0.000000 0.000000 0.818026
-0.000171 0.000029
1
172.755179 120.292385
5.295000 9.953000 12.082942 0 1
0.065880 0.000000 0.000000 0.000000 0.744906
0.000727 -0.000642
2
214.033651 277.281460
5.295000 9.953000 12.082942 1 1
0.065880 0.000000 0.000000 0.000000 0.733117
0.006633 0.006047
2
172.733255 95.783879
5.295000 9.953000 12.082942 2 1
0.065880 0.000000 0.000000 0.000000 0.731289
-0.000423 0.000209
2
3.552456 256.942970
5.295000 9.953000 12.082942 1 1
0.065880 0.000000 0.000000 0.000000 0.770400
-0.000184 0.000307
1
410.129792 404.823900
5.295000 9.953000 12.082942 0 1
0.065880 0.000000 0.000000 0.000000 0.734038
0.001920 -0.000760
1
291.727395 173.564112
5.295000 9.953000 12.082942 0 1
0.065880 0.000000 0.000000 0.000000 0.729723
-0.000973 0.000175
2
69.724335 101.828337
5.295000 9.953000 12.082942 1 1
0.065880 0.000000 0.000000 0.000000 0.774833
0.000432 -0.000595
1
343.981769 169.258160
5.295000 9.953000 12.082942 0 1
0.065880 0.000000 0.000000 0.000000 0.857946
0.001359 -0.000410
1
452.084680 248.849812
5.295000 9.953000 12.082942 0 1
0.065880 0.000000 0.000000 0.000000 0.745772
0.000099 -0.000004
2
142.201104 450.092025
5.295000 9.953000 12.082942 1 1
0.065880 0.000000 0.000000 0.000000 0.743097
-0.000446 -0.001231
1
276.798441 238.953908
5.295000 9.953000 12.082942 0 1
0.065880 0.000000 0.000000 0.000000 0.775091
-0.000294 0.002179
2
393.621341 260.390241
5.295000 9.953000 12.082942 1 1
0.065880 0.000000 0.000000 0.000000 0.762775
-0.000786 0.000318
1
274.351315 486.883094
5.295000 9.953000 12.082942 0 1
0.065880 0.000000 0.000000 0.000000 0.737344
-0.000074 0.000064
1
306.327016 466.299688
5.295000 9.953000 12.082942 0 1
0.065880 0.000000 0.000000 0.000000 0.754512
-0.000167 -0.000436
1
191.492662 247.333338
5.295000 9.953000 12.082942 0 1
0.065880 0.000000 0.000000 0.000000 0.759312
0.000429 0.005757
2
272.391906 172.586771
5.295000 9.953000 12.082942 3 1
0.065880 0.000000 0.000000 0.000000 0.750758
-0.000742 -0.000260
2
143.819024 234.871361
5.295000 9.953000 12.082942 5 1
0.065880 0.000000 0.000000 0.000000 0.742819
0.000151 0.001065
2
60.050573 392.229384
5.295000 9.953000 12.082942 3 1
0.065880 0.000000 0.000000 0.000000 0.768283
-0.000000 -0.000001
2
61.426483 198.003823
5.295000 9.953000 12.082942 4 1
0.065880 0.000000 0.000000 0.000000 0.758655
-0.000136 -0.000079
1
198.269732 164.441396
5.295000 9.953000 12.082942 0 1
0.065880 0.000000 0.000000 0.000000 0.732984
-0.001248 -0.000384
1
292.762635 432.011083
5.295000 9.953000 12.082942 0 1
0.065880 0.000000 0.000000 0.000000 0.748697
0.000899 -0.000638
1
47.104607 271.808085
5.295000 9.953000 12.082942 0 1
0.065880 0.000000 0.000000 0.000000 0.764170
0.000669 0.000377
2
220.482906 400.056887
5.295000 9.953000 12.082942 4 1
0.065880 0.000000 0.000000 0.000000 0.727015
0.000073 0.000249
2
194.790917 145.690810
5.295000 9.953000 12.082942 5 1
0.065880 0.000000 0.000000 0.000000 0.749110
-0.001871 -0.000278
1
188.820607 85.868992
5.295000 9.953000 12.082942 0 1
0.065880 0.000000 0.000000 0.000000 0.745334
0.000045 0.000735
1
38.850325 368.659069
5.295000 9.953000 12.082942 0 1
0.065880 0.000000 0.000000 0.000000 0.913085
-0.001032 -0.000059
1
336.798625 139.212635
5.295000 9.953000 12.082942 0 1
0.065880 0.000000 0.000000 0.000000 0.743296
-0.000903 -0.000266
2
173.033107 249.583155
5.295000 9.953000 12.082942 5 1
0.065880 0.000000 0.000000 0.000000 0.761749
0.003453 -0.006468
2
206.715929 455.323397
5.295000 9.953000 12.082942 3 1
0.065880 0.000000 0.000000 0.000000 0.825963
0.001035 -0.000809
1
191.912654 11.249573
5.295000 9.953000 12.082942 0 1
0.065880 0.000000 0.000000 0.000000 0.747532
-0.000185 0.000073
1
160.479667 150.888488
5.295000 9.953000 12.082942 0 1
0.065880 0.000000 0.000000 0.000000 0.734511
0.000948 -0.000588
2
58.413537 307.877720
5.295000 9.953000 12.082942 4 1
0.065880 0.000000 0.000000 0.000000 0.735466
0.001577 0.000495
2
144.882677 161.554198
5.295000 9.953000 12.082942 3 1
0.065880 0.000000 0.000000 0.000000 0.729354
0.000789 -0.000475
2
192.868330 322.678197
5.295000 9.953000 12.082942 4 1
0.065880 0.000000 0.000000 0.000000 0.754166
0.000982 0.000712
1
448.797326 116.129008
5.295000 9.953000 12.082942 0 1
0.065880 0.000000 0.000000 0.000000 0.864251
-0.000643 0.000192
2
97.074123 61.093912
5.295000 9.953000 12.082942 4 1
0.065880 0.000000 0.000000 0.000000 0.826244
0.000070 -0.000396
2
190.911105 30.175244
5.295000 9.953000 12.082942 2 1
0.065880 0.000000 0.000000 0.000000 0.728938
-0.000106 0.000085
2
165.661277 188.107394
5.295000 9.953000 12.082942 4 1
0.065880 0.000000 0.000000 0.000000 0.739939
0.001026 -0.000322
2
74.025157 183.796267
5.295000 9.953000 12.082942 1 1
0.065880 0.000000 0.000000 0.000000 0.727552
0.000162 0.000171
2
211.130770 436.758923
5.295000 9.953000 12.082942 5 1
0.065880 0.000000 0.000000 0.000000 0.734291
-0.000396 -0.000629
2
480.620106 239.885362
5.295000 9.953000 12.082942 4 1
0.065880 0.000000 0.000000 0.000000 0.825833
0.000000 0.000000
1
195.257627 371.459122
5.295000 9.953000 12.082942 0 1
0.065880 0.000000 0.000000 0.000000 0.763372
0.000063 0.000102
1
309.029369 485.124525
5.295000 9.953000 12.082942 0 1
0.065880 0.000000 0.000000 0.000000 0.747077
-0.000644 -0.000339
1
281.675659 21.725905
5.295000 9.953000 12.082942 0 1
0.065880 0.000000 0.000000 0.000000 0.768666
-0.000026 -0.000008
2
76.506445 133.972587
5.295000 9.953000 12.082942 3 1
0.065880 0.000000 0.000000 0.000000 0.730656
-0.000352 -0.000348
1
361.254827 415.891991
5.295000 9.953000 12.082942 0 1
0.065880 0.000000 0.000000 0.000000 0.728398
0.000426 0.001082
2
124.108926 374.485755
5.295000 9.953000 12.082942 2 1
0.065880 0.000000 0.000000 0.000000 0.734348
0.000622 0.000407
1
40.018712 303.426033
5.295000 9.953000 12.082942 0 1
0.065880 0.000000 0.000000 0.000000 0.869671
0.001553 -0.000301
1
263.662399 125.980352
5.295000 9.953000 12.082942 0 1
0.065880 0.000000 0.000000 0.000000 0.752865
-0.000335 0.000085
1
118.198936 322.753634
5.295000 9.953000 12.082942 0 1
0.065880 0.000000 0.000000 0.000000 0.732017
0.001378 -0.011328
1
139.296954 113.986145
5.295000 9.953000 12.082942 0 1
0.065880 0.000000 0.000000 0.000000 0.761573
-0.000208 0.000044
1
379.673118 87.156363
5.295000 9.953000 12.082942 0 1
0.065880 0.000000 0.000000 0.000000 0.774174
0.000595 -0.000062
1
84.197507 228.259730
5.295000 9.953000 12.082942 0 1
0.065880 0.000000 0.000000 0.000000 0.747716
-0.000164 -0.000064
1
100.467636 329.310685
5.295000 9.953000 12.082942 0 1
0.065880 0.000000 0.000000 0.000000 0.725041
-0.001421 0.001176
1
175.018082 19.882629
5.295000 9.953000 12.082942 0 1
0.065880 0.000000 0.000000 0.000000 0.878068
-0.000146 0.000145
2
126.765388 226.627022
5.295000 9.953000 12.082942 4 1
0.065880 0.000000 0.000000 0.000000 0.734563
0.000878 0.000629
1
154.283416 250.717887
5.295000 9.953000 12.082942 0 1
0.065880 0.000000 0.000000 0.000000 0.729299
-0.003004 0.005281
2
359.944028 378.173854
5.295000 9.953000 12.082942 5 1
0.065880 0.000000 0.000000 0.000000 0.915881
0.001957 0.000954
1
94.317461 293.935138
5.295000 9.953000 12.082942 0 1
0.065880 0.000000 0.000000 0.000000 0.741218
-0.002277 0.001981
1
180.045732 382.815296
5.295000 9.953000 12.082942 0 1
0.065880 0.000000 0.000000 0.000000 0.738400
0.000562 0.000846
1
50.583358 154.576876
5.295000 9.953000 12.082942 0 1
0.065880 0.000000 0.000000 0.000000 0.739045
-0.000160 -0.000372
1
207.829010 21.555632
5.295000 9.953000 12.082942 0 1
0.065880 0.000000 0.000000 0.000000 0.736658
-0.000146 0.000006
2
272.301000 335.916380
5.295000 9.953000 12.082942 3 1
0.065880 0.000000 0.000000 0.000000 0.784779
0.000153 -0.000079
1
300.369893 190.365081
5.295000 9.953000 12.082942 0 1
0.065880 0.000000 0.000000 0.000000 0.755600
-0.001369 0.000263
2
283.042393 156.999111
5.295000 9.953000 12.082942 2 1
0.065880 0.000000 0.000000 0.000000 0.738110
-0.000405 -0.000184
2
342.805325 471.259656
5.295000 9.953000 12.082942 1 1
0.065880 0.000000 0.000000 0.000000 0.750201
-0.000365 0.000122
1
129.944708 172.905817
5.295000 9.953000 12.082942 0 1
0.065880 0.000000 0.000000 0.000000 0.794638
0.000395 -0.000603
1
267.452069 220.070774
5.295000 9.953000 12.082942 0 1
0.065880 0.000000 0.000000 0.000000 0.733142
-0.000113 -0.001179
1
319.677284 130.860294
5.295000 9.953000 12.082942 0 1
0.065880 0.000000 0.000000 0.000000 0.774788
-0.000889 -0.000174
2
176.945685 282.887586
5.295000 9.953000 12.082942 3 1
0.065880 0.000000 0.000000 0.000000 0.728717
0.004196 0.002448
1
241.180647 55.330879
5.295000 9.953000 12.082942 0 1
0.065880 0.000000 0.000000 0.000000 0.789950
-0.000078 0.000110
2
273.307276 389.781049
5.295000 9.953000 12.082942 3 1
0.065880 0.000000 0.000000 0.000000 0.742418
0.000691 0.000531
1
101.156039 111.727847
5.295000 9.953000 12.082942 0 1
0.065880 0.000000 0.000000 0.000000 0.747295
0.000096 0.000022
1
493.041915 225.564658
5.295000 9.953000 12.082942 0 1
0.065880 0.000000 0.000000 0.000000 0.753435
0.000000 -0.000000
1
290.856475 252.139989
5.295000 9.953000 12.082942 0 1
0.065880 0.000000 0.000000 0.000000 0.758417
0.001040 0.000088
1
393.133472 66.039734
5.295000 9.953000 12.082942 0 1
0.065880 0.000000 0.000000 0.000000 0.776262
-0.000305 -0.000856
1
235.558371 169.903341
5.295000 9.953000 12.082942 0 1
0.065880 0.000000 0.000000 0.000000 0.835675
-0.000718 -0.000431
1
166.063300 338.036753
5.295000 9.953000 12.082942 0 1
0.065880 0.000000 0.000000 0.000000 0.737091
-0.000141 -0.000135
1
158.116264 132.146877
5.295000 9.953000 12.082942 0 1
0.065880 0.000000 0.000000 0.000000 0.804402
0.000912 -0.000500
1
475.231023 296.597187
5.295000 9.953000 12.082942 0 1
0.065880 0.000000 0.000000 0.000000 0.738281
-0.000142 0.000135
2
484.399091 313.185652
5.295000 9.953000 12.082942 4 1
0.065880 0.000000 0.000000 0.000000 0.727167
-0.000166 0.000137
2
321.110835 300.104516
5.295000 9.953000 12.082942 2 1
0.065880 0.000000 0.000000 0.000000 0.739748
0.000143 -0.000099
1
404.926666 315.578212
5.295000 9.953000 12.082942 0 1
0.065880 0.000000 0.000000 0.000000 0.828638
0.000360 0.000084
2
115.470701 341.506312
5.295000 9.953000 12.082942 1 1
0.065880 0.000000 0.000000 0.000000 0.727922
-0.001002 0.003007
1
248.462568 91.480316
5.295000 9.953000 12.082942 0 1
0.065880 0.000000 0.000000 0.000000 0.845063
0.000208 0.000103
2
368.823025 102.725642
5.295000 9.953000 12.082942 5 1
0.065880 0.000000 0.000000 0.000000 0.772097
0.000170 -0.000315
1
301.474390 124.857222
5.295000 9.953000 12.082942 0 1
0.065880 0.000000 0.000000 0.000000 0.747374
-0.000838 -0.000173
1
121.751466 60.167330
5.295000 9.953000 12.082942 0 1
0.065880 0.000000 0.000000 0.000000 0.759496
-0.000117 -0.000093
1
441.541001 341.994503
5.295000 9.953000 12.082942 0 1
0.065880 0.000000 0.000000 0.000000 0.751823
-0.001265 -0.000565
2
107.979020 228.184393
5.295000 9.953000 12.082942 5 1
0.065880 0.000000 0.000000 0.000000 0.734098
0.001131 0.001690
2
71.138781 242.330484
5.295000 9.953000 12.082942 5 1
0.065880 0.000000 0.000000 0.000000 0.745133
-0.000753 -0.001466
1
457.387407 375.744168
5.295000 9.953000 12.082942 0 1
0.065880 0.000000 0.000000 0.000000 0.813911
-0.000119 -0.000477
1
438.362163 261.900464
5.295000 9.953000 12.082942 0 1
0.065880 0.000000 0.000000 0.000000 0.738352
0.000128 0.000277
2
196.929407 229.271615
5.295000 9.953000 12.082942 2 1
0.065880 0.000000 0.000000 0.000000 0.833824
0.000617 -0.001774
1
285.553009 349.550686
5.295000 9.953000 12.082942 0 1
0.065880 0.000000 0.000000 0.000000 0.735799
0.000319 -0.000241
2
106.168332 380.278633
5.295000 9.953000 12.082942 4 1
0.065880 0.000000 0.000000 0.000000 0.731531
0.000046 -0.001418
1
346.528491 444.942004
5.295000 9.953000 12.082942 0 1
0.065880 0.000000 0.000000 0.000000 0.731700
0.000368 0.000881
1
451.188912 140.407412
5.295000 9.953000 12.082942 0 1
0.065880 0.000000 0.000000 0.000000 0.769872
-0.000544 0.000490
1
290.668486 331.280424
5.295000 9.953000 12.082942 0 1
0.065880 0.000000 0.000000 0.000000 0.734355
-0.000039 -0.000152
1
135.623565 251.812920
5.295000 9.953000 12.082942 0 1
0.065880 0.000000 0.000000 0.000000 0.745928
0.005824 -0.003766
1
109.074816 147.413608
5.295000 9.953000 12.082942 0 1
0.065880 0.000000 0.000000 0.000000 0.840307
0.000807 0.000149
1
145.025808 33.237401
5.295000 9.953000 12.082942 0 1
0.065880 0.000000 0.000000 0.000000 0.798741
-0.000045 0.000057
2
381.082128 445.573823
5.295000 9.953000 12.082942 2 1
0.065880 0.000000 0.000000 0.000000 0.744439
-0.002878 -0.004594
2
4.724537 292.759416
5.295000 9.953000 12.082942 4 1
0.065880 0.000000 0.000000 0.000000 0.796523
-0.000028 0.000091
2
408.921991 285.588147
5.295000 9.953000 12.082942 3 1
0.065880 0.000000 0.000000 0.000000 0.869417
-0.000245 0.000300
1
354.919656 200.425698
5.295000 9.953000 12.082942 0 1
0.065880 0.000000 0.000000 0.000000 0.773247
-0.000485 0.000229
1
456.083198 164.673033
5.295000 9.953000 12.082942 0 1
0.065880 0.000000 0.000000 0.000000 0.808469
-0.000688 -0.000806
1
173.255324 365.202007
5.295000 9.953000 12.082942 0 1
0.065880 0.000000 0.000000 0.000000 0.767224
0.000778 0.000591
1
99.762565 398.005406
5.295000 9.953000 12.082942 0 1
0.065880 0.000000 0.000000 0.000000 0.760689
0.001394 -0.000789
1
93.963141 366.068558
5.295000 9.953000 12.082942 0 1
0.065880 0.000000 0.000000 0.000000 0.774890
-0.001170 0.000059
2
423.700442 194.473615
5.295000 9.953000 12.082942 3 1
0.065880 0.000000 0.000000 0.000000 0.744902
-0.002272 0.001367
1
257.866966 420.309535
5.295000 9.953000 12.082942 0 1
0.065880 0.000000 0.000000 0.000000 0.794718
0.000524 -0.000435
2
220.032863 483.536054
5.295000 9.953000 12.082942 1 1
0.065880 0.000000 0.000000 0.000000 0.747490
-0.000163 -0.000485
1
256.918471 399.107643
5.295000 9.953000 12.082942 0 1
0.065880 0.000000 0.000000 0.000000 0.736900
0.000501 0.000640
1
335.518334 120.342318
5.295000 9.953000 12.082942 0 1
0.065880 0.000000 0.000000 0.000000 0.773737
-0.000964 -0.000288
2
85.592904 317.362685
5.295000 9.953000 12.082942 1 1
0.065880 0.000000 0.000000 0.000000 0.837296
-0.000048 0.000665
1
282.535347 121.393956
5.295000 9.953000 12.082942 0 1
0.065880 0.000000 0.000000 0.000000 0.748200
-0.000660 -0.000809
2
104.235293 196.253470
5.295000 9.953000 12.082942 2 1
0.065880 0.000000 0.000000 0.000000 0.730440
0.000660 0.000035
2
223.217665 464.819771
5.295000 9.953000 12.082942 4 1
0.065880 0.000000 0.000000 0.000000 0.758749
0.000507 -0.000320
2
489.732959 206.898252
5.295000 9.953000 12.082942 4 1
0.065880 0.000000 0.000000 0.000000 0.905084
-0.000000 -0.000000
1
87.336553 383.670773
5.295000 9.953000 12.082942 0 1
0.065880 0.000000 0.000000 0.000000 0.779634
0.000300 0.000141
1
97.611107 347.739649
5.295000 9.953000 12.082942 0 1
0.065880 0.000000 0.000000 0.000000 0.742622
0.000426 -0.000614
2
351.124063 95.927521
5.295000 9.953000 12.082942 1 1
0.065880 0.000000 0.000000 0.000000 0.808788
0.000039 0.000015
2
235.829538 188.672146
5.295000 9.953000 12.082942 3 1
0.065880 0.000000 0.000000 0.000000 0.786929
0.001231 -0.000537
1
181.992727 483.459986
5.295000 9.953000 12.082942 0 1
0.065880 0.000000 0.000000 0.000000 0.747179
-0.000082 -0.001168
2
313.064595 41.903454
5.295000 9.953000 12.082942 4 1
0.065880 0.000000 0.000000 0.000000 0.783512
-0.000004 0.000015
2
295.562224 142.823777
5.295000 9.953000 12.082942 2 1
0.065880 0.000000 0.000000 0.000000 0.744010
0.000072 0.000159
1
424.066346 139.373575
5.295000 9.953000 12.082942 0 1
0.065880 0.000000 0.000000 0.000000 0.782441
0.000412 0.000395
2
285.618494 313.090761
5.295000 9.953000 12.082942 4 1
0.065880 0.000000 0.000000 0.000000 0.786748
0.000032 -0.000230
2
83.921434 430.299597
5.295000 9.953000 12.082942 1 1
0.065880 0.000000 0.000000 0.000000 0.788099
0.000243 -0.000255
2
393.890518 172.210605
5.295000 9.953000 12.082942 1 1
0.065880 0.000000 0.000000 0.000000 0.729686
0.000234 -0.000428
1
200.555874 202.190680
5.295000 9.953000 12.082942 0 1
0.065880 0.000000 0.000000 0.000000 0.744006
0.001188 -0.000486
2
128.437089 42.420981
5.295000 9.953000 12.082942 3 1
0.065880 0.000000 0.000000 0.000000 0.843596
-0.000129 -0.000095
1
183.581374 401.337968
5.295000 9.953000 12.082942 0 1
0.065880 0.000000 0.000000 0.000000 0.739099
-0.000020 0.001021
1
361.762770 472.042207
5.295000 9.953000 12.082942 0 1
0.065880 0.000000 0.000000 0.000000 0.769816
-0.000419 0.000959
2
129.998618 428.628305
5.295000 9.953000 12.082942 2 1
0.065880 0.000000 0.000000 0.000000 0.748913
-0.000722 0.001668
1
32.001863 158.288016
5.295000 9.953000 12.082942 0 1
0.065880 0.000000 0.000000 0.000000 0.774471
-0.000098 -0.000090
1
411.995553 67.081465
5.295000 9.953000 12.082942 0 1
0.065880 0.000000 0.000000 0.000000 0.823872
-0.000475 0.000608
2
93.793361 79.745244
5.295000 9.953000 12.082942 1 1
0.065880 0.000000 0.000000 0.000000 0.803711
0.000877 -0.000225
2
411.721925 119.189011
5.295000 9.953000 12.082942 4 1
0.065880 0.000000 0.000000 0.000000 0.765671
-0.000557 -0.000710
2
190.161112 127.272766
5.295000 9.953000 12.082942 3 1
0.065880 0.000000 0.000000 0.000000 0.733537
0.000654 -0.000815
1
313.978816 448.752129
5.295000 9.953000 12.082942 0 1
0.065880 0.000000 0.000000 0.000000 0.748368
-0.000017 -0.000528
2
31.646363 177.263709
5.295000 9.953000 12.082942 5 1
0.065880 0.000000 0.000000 0.000000 0.768885
0.000125 -0.000181
1
307.670853 163.198172
5.295000 9.953000 12.082942 0 1
0.065880 0.000000 0.000000 0.000000 0.795731
-0.000625 0.000330
1
231.478214 206.905179
5.295000 9.953000 12.082942 0 1
0.065880 0.000000 0.000000 0.000000 0.743864
-0.000223 -0.000717
2
311.012781 82.302040
5.295000 9.953000 12.082942 3 1
0.065880 0.000000 0.000000 0.000000 0.782742
0.000000 0.000000
1
405.291724 202.168172
5.295000 9.953000 12.082942 0 1
0.065880 0.000000 0.000000 0.000000 0.757608
0.001679 0.000436
1
207.229737 386.254955
5.295000 9.953000 12.082942 0 1
0.065880 0.000000 0.000000 0.000000 0.761728
0.000351 0.000248
1
316.358021 180.054017
5.295000 9.953000 12.082942 0 1
0.065880 0.000000 0.000000 0.000000 0.760723
-0.001087 0.000585
1
151.069692 326.557977
5.295000 9.953000 12.082942 0 1
0.065880 0.000000 0.000000 0.000000 0.771733
0.001086 0.001499
1
418.813448 231.976098
5.295000 9.953000 12.082942 0 1
0.065880 0.000000 0.000000 0.000000 0.831487
-0.000495 0.001357
1
304.014427 344.585226
5.295000 9.953000 12.082942 0 1
0.065880 0.000000 0.000000 0.000000 0.734010
-0.000091 0.000236
2
308.993604 326.194062
5.295000 9.953000 12.082942 2 1
0.065880 0.000000 0.000000 0.000000 0.795266
-0.000073 0.000350
4
388.489121 324.918711
5.295000 9.953000 12.082942 0 1
0.000000 0.000000 0.000000 0.000000 0.893877
0.000633 0.000450
4
395.514453 299.034232
5.295000 9.953000 12.082942 0 1
0.000000 0.000000 0.000000 0.000000 0.916162
-0.000136 0.000454
4
227.590710 139.708331
5.295000 9.953000 12.082942 0 1
0.000000 0.000000 0.000000 0.000000 0.858948
-0.000508 -0.000170
2
363.675941 453.233532
5.295000 9.953000 12.082942 1 1
0.065880 0.000000 0.000000 0.000000 0.733278
-0.000055 0.001164
1
281.799396 207.809020
5.295000 9.953000 12.082942 0 1
0.065880 0.000000 0.000000 0.000000 0.745195
0.001136 0.000280
2
340.165855 301.932386
5.295000 9.953000 12.082942 5 1
0.065880 0.000000 0.000000 0.000000 0.748827
0.000101 0.000179
4
420.659922 213.133359
5.295000 9.953000 12.082942 0 1
0.000000 0.000000 0.000000 0.000000 0.955015
0.000717 0.001680
4
179.662900 453.394076
5.295000 9.953000 12.082942 0 1
0.000000 0.000000 0.000000 0.000000 0.839567
-0.000853 0.003172
4
403.379638 220.991955
5.295000 9.953000 12.082942 0 1
0.000000 0.000000 0.000000 0.000000 0.972542
0.000141 0.000410
4
148.290079 432.033993
5.295000 9.953000 12.082942 0 1
0.000000 0.000000 0.000000 0.000000 0.858859
0.000097 -0.000463
4
114.077769 261.319737
5.295000 9.953000 12.082942 0 1
0.000000 0.000000 0.000000 0.000000 0.916441
0.021991 0.007820
4
267.331533 318.002995
5.295000 9.953000 12.082942 0 1
0.000000 0.000000 0.000000 0.000000 0.835682
0.000270 0.000432
4
475.071414 164.363343
5.295000 9.953000 12.082942 0 1
0.000000 0.000000 0.000000 0.000000 0.964194
-0.000618 0.000011
4
404.620657 361.603221
5.295000 9.953000 12.082942 0 1
0.000000 0.000000 0.000000 0.000000 0.939839
-0.000932 0.001433
