500.000000 500.000000
626 64
230 626
1
379.407358 284.393375
5.295000 9.953000 12.082942 46 2
0.065880 0.000000 0.000000 0.000000 0.035066
0.002187 0.000059
4
416.752160 408.285456
5.295000 9.953000 12.082942 38 1
0.000000 0.000000 0.000000 0.000000 0.089881
0.001283 0.005440
1
354.087248 381.280118
5.295000 9.953000 12.082942 20 2
0.065880 0.000000 0.000000 0.000000 0.036660
0.003282 0.001111
4
212.345245 352.459091
5.295000 9.953000 12.082942 58 1
0.000000 0.000000 0.000000 0.000000 0.045246
-0.000668 0.002136
4
257.541960 433.176249
5.295000 9.953000 12.082942 44 1
0.000000 0.000000 0.000000 0.000000 0.051468
-0.000267 0.003646
4
54.536126 354.464102
5.295000 9.953000 12.082942 38 1
0.000000 0.000000 0.000000 0.000000 0.093939
-0.003110 0.001417
4
337.590421 258.400487
5.295000 9.953000 12.082942 40 1
0.000000 0.000000 0.000000 0.000000 0.067620
0.003182 -0.000968
4
179.503022 316.531226
5.295000 9.953000 12.082942 41 1
0.000000 0.000000 0.000000 0.000000 0.056083
-0.001721 0.001069
4
118.076468 350.613346
5.295000 9.953000 12.082942 44 1
0.000000 0.000000 0.000000 0.000000 0.047887
-0.002335 0.001390
4
239.497191 48.064359
5.295000 9.953000 12.082942 52 1
0.000000 0.000000 0.000000 0.000000 0.054753
0.000562 -0.004502
1
11.413518 205.285455
5.295000 9.953000 12.082942 32 2
0.065880 0.000000 0.000000 0.000000 0.043128
-0.003200 -0.000633
4
461.712991 156.674520
5.295000 9.953000 12.082942 57 1
0.000000 0.000000 0.000000 0.000000 0.135192
0.002773 0.000013
4
248.581090 321.672820
5.295000 9.953000 12.082942 42 1
0.000000 0.000000 0.000000 0.000000 0.034119
-0.000384 0.003360
4
128.434708 302.824471
5.295000 9.953000 12.082942 55 1
0.000000 0.000000 0.000000 0.000000 0.051323
-0.001949 0.000746
4
90.937472 135.420899
5.295000 9.953000 12.082942 58 1
0.000000 0.000000 0.000000 0.000000 0.047427
-0.003734 -0.001988
1
153.382468 445.616439
5.295000 9.953000 12.082942 22 2
0.065880 0.000000 0.000000 0.000000 0.061624
0.000041 0.002625
4
425.399586 121.827966
5.295000 9.953000 12.082942 49 1
0.000000 0.000000 0.000000 0.000000 0.083627
0.001610 -0.002611
4
238.747197 127.368898
5.295000 9.953000 12.082942 53 1
0.000000 0.000000 0.000000 0.000000 0.078265
0.000198 -0.002203
4
410.919979 293.209426
5.295000 9.953000 12.082942 53 1
0.000000 0.000000 0.000000 0.000000 0.077248
0.004020 -0.000350
1
260.330696 283.293399
5.295000 9.953000 12.082942 41 2
0.065880 0.000000 0.000000 0.000000 0.024189
-0.000002 -0.002031
4
324.993893 130.791633
5.295000 9.953000 12.082942 37 1
0.000000 0.000000 0.000000 0.000000 0.056356
0.001095 -0.002875
4
306.779671 294.525789
5.295000 9.953000 12.082942 61 1
0.000000 0.000000 0.000000 0.000000 0.038820
0.004882 -0.001690
4
240.396106 368.794425
5.295000 9.953000 12.082942 34 1
0.000000 0.000000 0.000000 0.000000 0.071199
-0.000246 0.003028
4
341.826552 444.345442
5.295000 9.953000 12.082942 64 1
0.000000 0.000000 0.000000 0.000000 0.031568
0.001043 0.003925
1
192.919713 415.777246
5.295000 9.953000 12.082942 0 1
0.065880 0.000000 0.000000 0.000000 0.026514
-0.000727 0.002428
4
430.380254 177.003937
5.295000 9.953000 12.082942 57 1
0.000000 0.000000 0.000000 0.000000 0.066809
0.002225 -0.000687
4
436.056236 364.205485
5.295000 9.953000 12.082942 50 1
0.000000 0.000000 0.000000 0.000000 0.107710
-0.000698 0.000268
1
469.351439 215.161825
5.295000 9.953000 12.082942 23 2
0.065880 0.000000 0.000000 0.000000 0.055024
0.002963 -0.003845
4
359.332278 466.783810
5.295000 9.953000 12.082942 50 1
0.000000 0.000000 0.000000 0.000000 0.115836
0.004002 0.001803
1
258.218702 465.686139
5.295000 9.953000 12.082942 23 2
0.065880 0.000000 0.000000 0.000000 0.040217
-0.001418 0.003794
1
323.645373 391.642517
5.295000 9.953000 12.082942 20 2
0.065880 0.000000 0.000000 0.000000 0.031908
0.001970 0.002063
1
403.228909 262.862982
5.295000 9.953000 12.082942 37 2
0.065880 0.000000 0.000000 0.000000 0.041060
0.003454 -0.000539
1
59.896088 193.297299
5.295000 9.953000 12.082942 21 2
0.065880 0.000000 0.000000 0.000000 0.032482
-0.003804 -0.001375
4
249.352239 384.655965
5.295000 9.953000 12.082942 61 1
0.000000 0.000000 0.000000 0.000000 0.059026
0.000064 0.003235
4
60.040749 211.876503
5.295000 9.953000 12.082942 33 1
0.000000 0.000000 0.000000 0.000000 0.072769
-0.003008 -0.000969
4
311.719688 405.339246
5.295000 9.953000 12.082942 44 1
0.000000 0.000000 0.000000 0.000000 0.048707
0.001801 0.001975
4
74.981918 164.282657
5.295000 9.953000 12.082942 46 1
0.000000 0.000000 0.000000 0.000000 0.050971
-0.003892 -0.001693
1
395.434602 231.799083
5.295000 9.953000 12.082942 52 2
0.065880 0.000000 0.000000 0.000000 0.037851
0.003875 -0.001468
4
100.990363 302.135371
5.295000 9.953000 12.082942 38 1
0.000000 0.000000 0.000000 0.000000 0.056589
-0.003336 0.000797
1
202.619847 91.125148
5.295000 9.953000 12.082942 0 1
0.065880 0.000000 0.000000 0.000000 0.031320
0.003232 -0.003086
4
361.220845 287.028736
5.295000 9.953000 12.082942 45 1
0.000000 0.000000 0.000000 0.000000 0.050574
0.003262 -0.003291
4
379.168611 153.423932
5.295000 9.953000 12.082942 46 1
0.000000 0.000000 0.000000 0.000000 0.058717
0.002142 -0.001293
4
294.383522 481.959927
5.295000 9.953000 12.082942 58 1
0.000000 0.000000 0.000000 0.000000 0.067157
0.001432 0.003373
4
250.192683 113.323212
5.295000 9.953000 12.082942 39 1
0.000000 0.000000 0.000000 0.000000 0.065316
-0.000121 -0.002612
1
221.782560 368.584014
5.295000 9.953000 12.082942 0 1
0.065880 0.000000 0.000000 0.000000 0.037271
-0.000440 0.002703
4
321.162674 199.733568
5.295000 9.953000 12.082942 38 1
0.000000 0.000000 0.000000 0.000000 0.068559
0.001755 -0.001068
1
391.356269 298.544774
5.295000 9.953000 12.082942 20 2
0.065880 0.000000 0.000000 0.000000 0.036280
0.002157 0.000307
4
74.542999 145.261895
5.295000 9.953000 12.082942 48 1
0.000000 0.000000 0.000000 0.000000 0.044960
-0.003957 -0.001907
1
312.705804 246.751863
5.295000 9.953000 12.082942 0 1
0.065880 0.000000 0.000000 0.000000 0.029766
0.003515 0.006413
1
486.126911 272.629370
5.295000 9.953000 12.082942 40 2
0.065880 0.000000 0.000000 0.000000 0.073988
0.003108 0.002656
4
394.477986 142.741820
5.295000 9.953000 12.082942 38 1
0.000000 0.000000 0.000000 0.000000 0.053835
0.002148 -0.001651
1
149.717957 326.625185
5.295000 9.953000 12.082942 26 2
0.065880 0.000000 0.000000 0.000000 0.046735
-0.002089 0.001374
4
129.970027 206.151830
5.295000 9.953000 12.082942 34 1
0.000000 0.000000 0.000000 0.000000 0.049620
-0.001955 -0.000563
4
259.086724 368.701356
5.295000 9.953000 12.082942 32 1
0.000000 0.000000 0.000000 0.000000 0.076394
0.000145 0.003302
4
422.195534 84.532917
5.295000 9.953000 12.082942 38 1
0.000000 0.000000 0.000000 0.000000 0.240253
0.000219 -0.002819
5
151.244851 477.383638
5.091141 9.569807 11.617745 48 1
0.065880 0.000000 0.000000 0.000000 0.164480
-0.001821 0.003589
4
234.305981 304.751492
5.295000 9.953000 12.082942 47 1
0.000000 0.000000 0.000000 0.000000 0.047265
0.000017 0.001988
4
12.380005 224.536505
5.295000 9.953000 12.082942 39 1
0.000000 0.000000 0.000000 0.000000 0.059426
-0.002966 -0.000608
1
106.492228 106.524584
5.295000 9.953000 12.082942 20 2
0.065880 0.000000 0.000000 0.000000 0.058639
-0.002861 -0.002020
4
404.138936 373.722390
5.295000 9.953000 12.082942 47 1
0.000000 0.000000 0.000000 0.000000 0.104663
0.002055 0.005856
1
21.226175 337.592306
5.295000 9.953000 12.082942 30 2
0.065880 0.000000 0.000000 0.000000 0.154151
-0.003249 0.000768
4
137.880853 376.699243
5.295000 9.953000 12.082942 34 1
0.000000 0.000000 0.000000 0.000000 0.077083
-0.001940 0.002007
4
168.449958 116.539067
5.295000 9.953000 12.082942 42 1
0.000000 0.000000 0.000000 0.000000 0.060663
-0.002518 -0.002172
1
475.642312 309.052137
5.295000 9.953000 12.082942 40 2
0.065880 0.000000 0.000000 0.000000 0.039159
0.003026 0.002045
1
164.709610 397.462552
5.295000 9.953000 12.082942 25 2
0.065880 0.000000 0.000000 0.000000 0.039604
-0.001259 0.002283
4
85.349378 313.844676
5.295000 9.953000 12.082942 40 1
0.000000 0.000000 0.000000 0.000000 0.054446
-0.003287 0.000913
4
102.711316 64.588696
5.295000 9.953000 12.082942 42 1
0.000000 0.000000 0.000000 0.000000 0.213244
-0.002453 -0.001535
4
62.838150 249.912530
5.295000 9.953000 12.082942 39 1
0.000000 0.000000 0.000000 0.000000 0.063695
-0.002863 -0.000206
1
215.306030 77.105737
5.295000 9.953000 12.082942 41 2
0.065880 0.000000 0.000000 0.000000 0.033944
0.002490 -0.003769
4
58.662853 155.447168
5.295000 9.953000 12.082942 33 1
0.000000 0.000000 0.000000 0.000000 0.057762
-0.004153 -0.001831
4
145.544819 308.194772
5.295000 9.953000 12.082942 37 1
0.000000 0.000000 0.000000 0.000000 0.051265
-0.001989 0.000987
4
15.296812 262.774081
5.295000 9.953000 12.082942 42 1
0.000000 0.000000 0.000000 0.000000 0.063739
-0.003198 -0.000295
1
169.839489 479.218693
5.295000 9.953000 12.082942 48 2
0.065880 0.000000 0.000000 0.000000 0.133413
-0.001002 0.003296
4
383.626562 189.544134
5.295000 9.953000 12.082942 45 1
0.000000 0.000000 0.000000 0.000000 0.037932
0.002006 -0.000501
4
114.986920 314.109114
5.295000 9.953000 12.082942 34 1
0.000000 0.000000 0.000000 0.000000 0.066424
-0.002673 0.000684
4
385.760539 207.351752
5.295000 9.953000 12.082942 55 1
0.000000 0.000000 0.000000 0.000000 0.060549
0.002704 0.000388
4
196.601097 300.788101
5.295000 9.953000 12.082942 63 1
0.000000 0.000000 0.000000 0.000000 0.046316
-0.000275 0.000789
4
201.656091 432.385730
5.295000 9.953000 12.082942 57 1
0.000000 0.000000 0.000000 0.000000 0.041989
-0.000746 0.002780
4
264.727774 249.295896
5.295000 9.953000 12.082942 50 1
0.000000 0.000000 0.000000 0.000000 0.025716
-0.000420 -0.000947
4
366.825543 416.133434
5.295000 9.953000 12.082942 44 1
0.000000 0.000000 0.000000 0.000000 0.045745
0.001555 0.003543
4
174.300309 348.341735
5.295000 9.953000 12.082942 43 1
0.000000 0.000000 0.000000 0.000000 0.040622
-0.001505 0.001520
4
406.562035 95.351252
5.295000 9.953000 12.082942 40 1
0.000000 0.000000 0.000000 0.000000 0.105913
0.000661 -0.002420
4
295.604612 278.877516
5.295000 9.953000 12.082942 41 1
0.000000 0.000000 0.000000 0.000000 0.054417
0.001821 -0.000084
4
427.174552 140.355196
5.295000 9.953000 12.082942 45 1
0.000000 0.000000 0.000000 0.000000 0.054309
0.002195 -0.002320
4
101.671088 283.096827
5.295000 9.953000 12.082942 46 1
0.000000 0.000000 0.000000 0.000000 0.055263
-0.001571 0.000429
1
381.294246 171.522525
5.295000 9.953000 12.082942 25 2
0.065880 0.000000 0.000000 0.000000 0.034956
0.002122 -0.000991
1
372.583241 336.123444
5.295000 9.953000 12.082942 56 2
0.065880 0.000000 0.000000 0.000000 0.068493
-0.000964 0.001525
4
110.852910 436.383799
5.295000 9.953000 12.082942 61 1
0.000000 0.000000 0.000000 0.000000 0.083585
-0.005294 0.001312
1
92.036669 428.484104
5.295000 9.953000 12.082942 25 2
0.065880 0.000000 0.000000 0.000000 0.099097
-0.002018 0.002213
1
153.882396 228.107157
5.295000 9.953000 12.082942 21 2
0.065880 0.000000 0.000000 0.000000 0.036344
-0.001165 -0.000352
4
459.628199 137.913702
5.295000 9.953000 12.082942 57 1
0.000000 0.000000 0.000000 0.000000 0.117580
0.003378 -0.002795
4
445.959424 380.297737
5.295000 9.953000 12.082942 44 1
0.000000 0.000000 0.000000 0.000000 0.123869
-0.001292 0.001422
1
269.907493 35.663849
5.295000 9.953000 12.082942 0 1
0.065880 0.000000 0.000000 0.000000 0.094743
0.000104 -0.003952
1
28.037051 213.953031
5.295000 9.953000 12.082942 20 2
0.065880 0.000000 0.000000 0.000000 0.036832
-0.003047 -0.000757
1
309.537648 229.235519
5.295000 9.953000 12.082942 19 2
0.065880 0.000000 0.000000 0.000000 0.037343
-0.000629 -0.004604
4
183.883202 266.336683
5.295000 9.953000 12.082942 42 1
0.000000 0.000000 0.000000 0.000000 0.070247
-0.000339 0.000095
4
258.029352 400.729323
5.295000 9.953000 12.082942 49 1
0.000000 0.000000 0.000000 0.000000 0.056805
0.000304 0.003375
1
260.784901 231.466260
5.295000 9.953000 12.082942 27 2
0.065880 0.000000 0.000000 0.000000 0.023440
-0.001366 -0.000729
1
248.529198 449.449621
5.295000 9.953000 12.082942 19 2
0.065880 0.000000 0.000000 0.000000 0.047192
-0.001001 0.003729
4
405.009190 76.722738
5.295000 9.953000 12.082942 49 1
0.000000 0.000000 0.000000 0.000000 0.108155
-0.000217 -0.002677
4
322.919775 458.554741
5.295000 9.953000 12.082942 58 1
0.000000 0.000000 0.000000 0.000000 0.038882
0.002171 0.003111
4
300.945777 261.013524
5.295000 9.953000 12.082942 59 1
0.000000 0.000000 0.000000 0.000000 0.039710
0.001065 -0.001381
1
488.437013 322.911272
5.295000 9.953000 12.082942 52 2
0.065880 0.000000 0.000000 0.000000 0.060582
0.002904 0.002156
2
112.144211 48.151160
5.295000 9.953000 12.082942 62 1
0.065880 0.000000 0.000000 0.000000 0.323766
0.000134 -0.000136
4
94.269568 209.896117
5.295000 9.953000 12.082942 33 1
0.000000 0.000000 0.000000 0.000000 0.066381
-0.004014 -0.001097
4
162.405425 34.135985
5.295000 9.953000 12.082942 38 1
0.000000 0.000000 0.000000 0.000000 0.118936
0.000201 -0.001939
4
397.923772 405.222799
5.295000 9.953000 12.082942 49 1
0.000000 0.000000 0.000000 0.000000 0.067895
0.001925 0.004710
4
155.295073 179.188663
5.295000 9.953000 12.082942 36 1
0.000000 0.000000 0.000000 0.000000 0.053724
-0.002296 -0.001522
4
368.988486 200.708093
5.295000 9.953000 12.082942 36 1
0.000000 0.000000 0.000000 0.000000 0.071794
0.002242 -0.000248
4
297.905963 157.104003
5.295000 9.953000 12.082942 43 1
0.000000 0.000000 0.000000 0.000000 0.034075
0.001253 -0.002661
4
254.379649 82.566795
5.295000 9.953000 12.082942 42 1
0.000000 0.000000 0.000000 0.000000 0.072286
-0.001301 -0.003035
4
213.925818 320.860027
5.295000 9.953000 12.082942 46 1
0.000000 0.000000 0.000000 0.000000 0.049778
-0.001221 0.001548
4
175.973135 20.781753
5.295000 9.953000 12.082942 55 1
0.000000 0.000000 0.000000 0.000000 0.127281
0.000007 -0.002014
4
32.511060 270.939756
5.295000 9.953000 12.082942 35 1
0.000000 0.000000 0.000000 0.000000 0.073134
-0.003329 -0.000046
4
292.163175 224.442721
5.295000 9.953000 12.082942 34 1
0.000000 0.000000 0.000000 0.000000 0.045100
0.000253 -0.001580
4
34.366262 289.614058
5.295000 9.953000 12.082942 61 1
0.000000 0.000000 0.000000 0.000000 0.056823
-0.003547 0.000260
4
287.640579 120.957824
5.295000 9.953000 12.082942 56 1
0.000000 0.000000 0.000000 0.000000 0.037839
0.000415 -0.002796
4
134.479776 273.652655
5.295000 9.953000 12.082942 59 1
0.000000 0.000000 0.000000 0.000000 0.029386
-0.001438 0.000319
4
267.920070 384.673539
5.295000 9.953000 12.082942 31 1
0.000000 0.000000 0.000000 0.000000 0.063465
0.000542 0.003353
4
206.772788 10.063600
5.295000 9.953000 12.082942 34 1
0.000000 0.000000 0.000000 0.000000 0.089768
-0.000858 -0.003364
4
126.901358 152.862642
5.295000 9.953000 12.082942 48 1
0.000000 0.000000 0.000000 0.000000 0.059545
-0.004571 -0.002187
4
230.003900 416.778445
5.295000 9.953000 12.082942 39 1
0.000000 0.000000 0.000000 0.000000 0.069201
-0.000327 0.003359
4
47.792145 260.434171
5.295000 9.953000 12.082942 38 1
0.000000 0.000000 0.000000 0.000000 0.086629
-0.003118 -0.000122
4
173.381690 134.244829
5.295000 9.953000 12.082942 44 1
0.000000 0.000000 0.000000 0.000000 0.067171
-0.001580 -0.002195
4
258.635422 336.886771
5.295000 9.953000 12.082942 54 1
0.000000 0.000000 0.000000 0.000000 0.044504
0.000328 0.003762
4
220.885614 126.945261
5.295000 9.953000 12.082942 50 1
0.000000 0.000000 0.000000 0.000000 0.064449
-0.000193 -0.000352
1
422.928375 425.933094
5.295000 9.953000 12.082942 0 1
0.065880 0.000000 0.000000 0.000000 0.137687
0.002213 0.004854
4
372.176031 218.791435
5.295000 9.953000 12.082942 40 1
0.000000 0.000000 0.000000 0.000000 0.077253
0.001736 -0.000273
4
225.736730 220.890496
5.295000 9.953000 12.082942 35 1
0.000000 0.000000 0.000000 0.000000 0.050626
-0.003003 0.001726
1
324.412977 292.045102
5.295000 9.953000 12.082942 38 2
0.065880 0.000000 0.000000 0.000000 0.028082
-0.004585 -0.008052
4
282.268867 313.084112
5.295000 9.953000 12.082942 53 1
0.000000 0.000000 0.000000 0.000000 0.044110
-0.001561 -0.000602
4
327.071983 235.893141
5.295000 9.953000 12.082942 39 1
0.000000 0.000000 0.000000 0.000000 0.039237
0.001642 -0.000919
4
91.155822 173.169223
5.295000 9.953000 12.082942 54 1
0.000000 0.000000 0.000000 0.000000 0.040093
-0.003685 -0.001497
4
196.624737 73.149914
5.295000 9.953000 12.082942 46 1
0.000000 0.000000 0.000000 0.000000 0.052333
0.001654 -0.002575
4
148.080067 210.565178
5.295000 9.953000 12.082942 48 1
0.000000 0.000000 0.000000 0.000000 0.054119
-0.001602 -0.000625
4
145.372376 428.782971
5.295000 9.953000 12.082942 48 1
0.000000 0.000000 0.000000 0.000000 0.060996
-0.001224 0.002896
1
211.901002 107.799938
5.295000 9.953000 12.082942 38 2
0.065880 0.000000 0.000000 0.000000 0.034854
-0.000913 -0.001555
4
134.213582 357.844787
5.295000 9.953000 12.082942 50 1
0.000000 0.000000 0.000000 0.000000 0.052161
-0.002008 0.001653
4
121.821128 406.591424
5.295000 9.953000 12.082942 46 1
0.000000 0.000000 0.000000 0.000000 0.079889
-0.001987 0.002409
1
404.236513 422.643562
5.295000 9.953000 12.082942 0 1
0.065880 0.000000 0.000000 0.000000 0.058039
0.001663 0.005084
4
100.527927 324.274188
5.295000 9.953000 12.082942 36 1
0.000000 0.000000 0.000000 0.000000 0.066652
-0.002918 0.001028
4
235.370271 79.656398
5.295000 9.953000 12.082942 64 1
0.000000 0.000000 0.000000 0.000000 0.043328
-0.001647 -0.003079
4
49.811753 279.073154
5.295000 9.953000 12.082942 31 1
0.000000 0.000000 0.000000 0.000000 0.089444
-0.003408 0.000171
1
212.270670 384.308009
5.295000 9.953000 12.082942 0 1
0.065880 0.000000 0.000000 0.000000 0.038043
-0.000509 0.002866
1
299.685150 430.852886
5.295000 9.953000 12.082942 0 1
0.065880 0.000000 0.000000 0.000000 0.040667
0.001733 0.002717
1
165.058909 80.810664
5.295000 9.953000 12.082942 41 2
0.065880 0.000000 0.000000 0.000000 0.040618
-0.000047 -0.002598
1
338.116334 205.996850
5.295000 9.953000 12.082942 52 2
0.065880 0.000000 0.000000 0.000000 0.051163
0.001566 -0.000591
4
51.542321 297.698143
5.295000 9.953000 12.082942 43 1
0.000000 0.000000 0.000000 0.000000 0.066142
-0.003560 0.000503
4
378.474096 354.043476
5.295000 9.953000 12.082942 47 1
0.000000 0.000000 0.000000 0.000000 0.083687
0.007629 0.002657
4
481.033142 290.885601
5.295000 9.953000 12.082942 63 1
0.000000 0.000000 0.000000 0.000000 0.060367
0.002906 0.002228
4
358.969706 231.255916
5.295000 9.953000 12.082942 41 1
0.000000 0.000000 0.000000 0.000000 0.075728
0.002033 0.000046
1
277.017007 472.998027
5.295000 9.953000 12.082942 21 2
0.065880 0.000000 0.000000 0.000000 0.038282
0.001711 0.003972
1
457.821103 200.768524
5.295000 9.953000 12.082942 22 2
0.065880 0.000000 0.000000 0.000000 0.062698
0.001871 -0.001260
1
347.497891 363.690673
5.295000 9.953000 12.082942 46 2
0.065880 0.000000 0.000000 0.000000 0.051736
0.000853 0.002969
4
165.794009 263.133364
5.295000 9.953000 12.082942 32 1
0.000000 0.000000 0.000000 0.000000 0.060336
-0.000748 0.000079
1
267.480747 165.085471
5.295000 9.953000 12.082942 19 2
0.065880 0.000000 0.000000 0.000000 0.037850
0.000373 -0.001398
4
317.867232 309.614662
5.295000 9.953000 12.082942 41 1
0.000000 0.000000 0.000000 0.000000 0.035760
-0.005515 0.003650
4
142.780948 193.064448
5.295000 9.953000 12.082942 29 1
0.000000 0.000000 0.000000 0.000000 0.051408
-0.002200 -0.000919
4
203.860160 336.045597
5.295000 9.953000 12.082942 39 1
0.000000 0.000000 0.000000 0.000000 0.053058
-0.000664 0.001548
4
257.024243 130.321815
5.295000 9.953000 12.082942 62 1
0.000000 0.000000 0.000000 0.000000 0.046369
0.000257 -0.002258
4
172.583796 447.087849
5.295000 9.953000 12.082942 37 1
0.000000 0.000000 0.000000 0.000000 0.073075
-0.001611 0.002583
1
435.937158 321.404843
5.295000 9.953000 12.082942 0 1
0.065880 0.000000 0.000000 0.000000 0.042850
0.002498 0.000673
1
167.942682 52.154406
5.295000 9.953000 12.082942 0 1
0.065880 0.000000 0.000000 0.000000 0.042139
-0.001024 -0.001399
4
191.644316 448.349387
5.295000 9.953000 12.082942 50 1
0.000000 0.000000 0.000000 0.000000 0.062031
-0.001253 0.002388
4
72.209857 382.033248
5.295000 9.953000 12.082942 37 1
0.000000 0.000000 0.000000 0.000000 0.112245
-0.002771 0.001772
4
94.302707 246.429155
5.295000 9.953000 12.082942 57 1
0.000000 0.000000 0.000000 0.000000 0.047940
-0.002460 -0.000007
4
428.401744 339.791676
5.295000 9.953000 12.082942 54 1
0.000000 0.000000 0.000000 0.000000 0.056993
0.001141 0.001127
4
196.350112 251.938183
5.295000 9.953000 12.082942 41 1
0.000000 0.000000 0.000000 0.000000 0.059682
0.000133 -0.000236
1
135.847168 63.872472
5.295000 9.953000 12.082942 21 2
0.065880 0.000000 0.000000 0.000000 0.059097
-0.002699 -0.001977
4
237.722111 273.694865
5.295000 9.953000 12.082942 46 1
0.000000 0.000000 0.000000 0.000000 0.061584
0.001211 0.001795
4
225.643278 12.763123
5.295000 9.953000 12.082942 62 1
0.000000 0.000000 0.000000 0.000000 0.089475
-0.000301 -0.004498
4
178.875732 151.643132
5.295000 9.953000 12.082942 38 1
0.000000 0.000000 0.000000 0.000000 0.056065
-0.001431 -0.001921
4
65.145929 268.561344
5.295000 9.953000 12.082942 35 1
0.000000 0.000000 0.000000 0.000000 0.089116
-0.003133 0.000092
4
160.658200 147.401352
5.295000 9.953000 12.082942 45 1
0.000000 0.000000 0.000000 0.000000 0.064404
-0.001387 -0.001199
4
329.782712 409.222061
5.295000 9.953000 12.082942 62 1
0.000000 0.000000 0.000000 0.000000 0.038480
0.001842 0.002252
4
18.808825 300.205045
5.295000 9.953000 12.082942 39 1
0.000000 0.000000 0.000000 0.000000 0.123091
-0.003569 0.000335
4
237.668315 181.555017
5.295000 9.953000 12.082942 48 1
0.000000 0.000000 0.000000 0.000000 0.067185
-0.002850 -0.010967
4
90.239744 97.524904
5.295000 9.953000 12.082942 52 1
0.000000 0.000000 0.000000 0.000000 0.101442
-0.003205 -0.001931
1
435.386259 411.552581
5.295000 9.953000 12.082942 20 2
0.065880 0.000000 0.000000 0.000000 0.137837
0.001316 0.003001
4
452.391155 267.227258
5.295000 9.953000 12.082942 51 1
0.000000 0.000000 0.000000 0.000000 0.066968
0.004196 -0.000102
4
277.759467 368.575857
5.295000 9.953000 12.082942 30 1
0.000000 0.000000 0.000000 0.000000 0.078249
0.000634 0.003326
4
202.654055 172.859329
5.295000 9.953000 12.082942 36 1
0.000000 0.000000 0.000000 0.000000 0.046087
-0.002993 -0.001605
4
221.089056 400.504003
5.295000 9.953000 12.082942 38 1
0.000000 0.000000 0.000000 0.000000 0.067669
-0.000350 0.003098
4
156.890641 380.263408
5.295000 9.953000 12.082942 42 1
0.000000 0.000000 0.000000 0.000000 0.068621
-0.001517 0.002230
4
238.884944 465.539225
5.295000 9.953000 12.082942 34 1
0.000000 0.000000 0.000000 0.000000 0.054136
-0.001334 0.003908
4
301.204772 72.777365
5.295000 9.953000 12.082942 59 1
0.000000 0.000000 0.000000 0.000000 0.074121
0.000049 -0.002902
4
243.196775 226.035175
5.295000 9.953000 12.082942 55 1
0.000000 0.000000 0.000000 0.000000 0.042923
-0.002265 0.000564
4
215.362434 302.961210
5.295000 9.953000 12.082942 64 1
0.000000 0.000000 0.000000 0.000000 0.035743
-0.000116 0.001185
1
447.236656 285.170475
5.295000 9.953000 12.082942 34 2
0.065880 0.000000 0.000000 0.000000 0.053555
0.004061 0.000028
1
257.053724 213.532099
5.295000 9.953000 12.082942 19 2
0.065880 0.000000 0.000000 0.000000 0.028138
-0.002313 -0.000106
4
258.229433 50.546919
5.295000 9.953000 12.082942 61 1
0.000000 0.000000 0.000000 0.000000 0.080320
-0.000152 -0.003828
4
214.875293 159.062603
5.295000 9.953000 12.082942 45 1
0.000000 0.000000 0.000000 0.000000 0.053042
-0.001466 -0.001196
4
271.069385 183.062774
5.295000 9.953000 12.082942 50 1
0.000000 0.000000 0.000000 0.000000 0.030877
0.001846 -0.001935
1
183.976397 217.853325
5.295000 9.953000 12.082942 23 2
0.065880 0.000000 0.000000 0.000000 0.028144
-0.000365 -0.000606
1
240.340534 337.642698
5.295000 9.953000 12.082942 21 2
0.065880 0.000000 0.000000 0.000000 0.030893
0.000055 0.002314
4
457.223643 249.308119
5.295000 9.953000 12.082942 53 1
0.000000 0.000000 0.000000 0.000000 0.057013
0.004715 0.000032
4
203.499777 368.024198
5.295000 9.953000 12.082942 45 1
0.000000 0.000000 0.000000 0.000000 0.049316
-0.000624 0.002659
4
58.009218 117.545706
5.295000 9.953000 12.082942 44 1
0.000000 0.000000 0.000000 0.000000 0.173729
-0.003734 -0.002152
1
268.380369 266.937712
5.295000 9.953000 12.082942 24 2
0.065880 0.000000 0.000000 0.000000 0.032642
0.000934 -0.001721
4
107.619841 181.992099
5.295000 9.953000 12.082942 42 1
0.000000 0.000000 0.000000 0.000000 0.048637
-0.003395 -0.000955
4
119.248704 92.542677
5.295000 9.953000 12.082942 36 1
0.000000 0.000000 0.000000 0.000000 0.067988
-0.002229 -0.001893
4
422.505697 376.877441
5.295000 9.953000 12.082942 46 1
0.000000 0.000000 0.000000 0.000000 0.116126
0.001572 0.002513
1
244.861554 144.023922
5.295000 9.953000 12.082942 0 1
0.065880 0.000000 0.000000 0.000000 0.034520
0.000101 -0.001635
4
355.244102 335.280648
5.295000 9.953000 12.082942 45 1
0.000000 0.000000 0.000000 0.000000 0.097942
0.020180 0.030745
1
379.277551 451.356630
5.295000 9.953000 12.082942 26 2
0.065880 0.000000 0.000000 0.000000 0.097295
0.000900 0.004222
1
117.714304 332.386253
5.295000 9.953000 12.082942 0 1
0.065880 0.000000 0.000000 0.000000 0.045533
-0.002732 0.001012
4
442.605234 129.991038
5.295000 9.953000 12.082942 53 1
0.000000 0.000000 0.000000 0.000000 0.081335
0.002816 -0.003264
4
348.250025 412.712012
5.295000 9.953000 12.082942 41 1
0.000000 0.000000 0.000000 0.000000 0.052918
0.001668 0.002770
4
190.521796 186.551157
5.295000 9.953000 12.082942 59 1
0.000000 0.000000 0.000000 0.000000 0.029693
-0.001855 -0.000881
1
276.793630 52.822384
5.295000 9.953000 12.082942 39 2
0.065880 0.000000 0.000000 0.000000 0.075646
-0.000266 -0.003439
4
267.573584 449.391699
5.295000 9.953000 12.082942 59 1
0.000000 0.000000 0.000000 0.000000 0.038353
-0.001063 0.003769
4
408.130969 113.851217
5.295000 9.953000 12.082942 41 1
0.000000 0.000000 0.000000 0.000000 0.073335
0.001421 -0.002235
1
318.608338 76.297347
5.295000 9.953000 12.082942 32 2
0.065880 0.000000 0.000000 0.000000 0.064920
0.000533 -0.002450
4
123.415533 134.691573
5.295000 9.953000 12.082942 37 1
0.000000 0.000000 0.000000 0.000000 0.045823
-0.004462 -0.002128
1
359.939254 128.260957
5.295000 9.953000 12.082942 30 2
0.065880 0.000000 0.000000 0.000000 0.047659
0.001640 -0.001786
4
126.344038 425.496225
5.295000 9.953000 12.082942 49 1
0.000000 0.000000 0.000000 0.000000 0.074601
-0.002085 0.003882
1
426.461949 240.588938
5.295000 9.953000 12.082942 21 2
0.065880 0.000000 0.000000 0.000000 0.048616
0.004521 -0.000871
1
331.563931 275.776103
5.295000 9.953000 12.082942 19 2
0.065880 0.000000 0.000000 0.000000 0.038408
0.003670 0.005774
4
335.780838 426.654026
5.295000 9.953000 12.082942 37 1
0.000000 0.000000 0.000000 0.000000 0.045297
0.001437 0.002816
4
130.913308 45.453451
5.295000 9.953000 12.082942 56 1
0.000000 0.000000 0.000000 0.000000 0.164453
-0.000220 -0.002991
4
228.786463 238.717651
5.295000 9.953000 12.082942 43 1
0.000000 0.000000 0.000000 0.000000 0.056819
-0.003103 0.001983
4
214.496337 254.420648
5.295000 9.953000 12.082942 42 1
0.000000 0.000000 0.000000 0.000000 0.064617
0.000356 0.000734
1
390.776727 106.007525
5.295000 9.953000 12.082942 26 2
0.065880 0.000000 0.000000 0.000000 0.059657
0.001206 -0.002009
4
169.627059 98.498163
5.295000 9.953000 12.082942 51 1
0.000000 0.000000 0.000000 0.000000 0.038566
0.001467 -0.002492
4
219.902025 271.412115
5.295000 9.953000 12.082942 31 1
0.000000 0.000000 0.000000 0.000000 0.081914
0.000704 0.001011
4
190.639678 55.269785
5.295000 9.953000 12.082942 55 1
0.000000 0.000000 0.000000 0.000000 0.047693
0.001245 -0.002566
4
315.212582 162.698423
5.295000 9.953000 12.082942 39 1
0.000000 0.000000 0.000000 0.000000 0.053252
0.001691 -0.002226
4
361.871474 146.402563
5.295000 9.953000 12.082942 36 1
0.000000 0.000000 0.000000 0.000000 0.048228
0.002027 -0.001461
4
490.840499 254.230899
5.295000 9.953000 12.082942 60 1
0.000000 0.000000 0.000000 0.000000 0.090829
0.004068 0.003428
4
282.738989 255.678954
5.295000 9.953000 12.082942 38 1
0.000000 0.000000 0.000000 0.000000 0.048936
0.000531 -0.002229
4
434.233424 271.718477
5.295000 9.953000 12.082942 36 1
0.000000 0.000000 0.000000 0.000000 0.077718
0.003975 -0.000338
4
190.312578 235.067389
5.295000 9.953000 12.082942 57 1
0.000000 0.000000 0.000000 0.000000 0.032340
0.000448 -0.000760
1
293.254863 139.054946
5.295000 9.953000 12.082942 21 2
0.065880 0.000000 0.000000 0.000000 0.028808
0.000747 -0.002596
4
124.797953 238.541578
5.295000 9.953000 12.082942 62 1
0.000000 0.000000 0.000000 0.000000 0.029482
-0.001778 -0.000021
4
196.981258 155.416627
5.295000 9.953000 12.082942 57 1
0.000000 0.000000 0.000000 0.000000 0.052871
-0.001562 -0.001844
4
306.456380 449.043266
5.295000 9.953000 12.082942 34 1
0.000000 0.000000 0.000000 0.000000 0.049452
0.001590 0.003349
4
220.340307 432.868173
5.295000 9.953000 12.082942 41 1
0.000000 0.000000 0.000000 0.000000 0.054182
-0.000716 0.003390
4
191.311083 138.106538
5.295000 9.953000 12.082942 36 1
0.000000 0.000000 0.000000 0.000000 0.066414
-0.001314 -0.002235
4
213.980402 27.357732
5.295000 9.953000 12.082942 43 1
0.000000 0.000000 0.000000 0.000000 0.097851
0.000173 -0.003920
4
357.912460 110.034785
5.295000 9.953000 12.082942 51 1
0.000000 0.000000 0.000000 0.000000 0.052900
0.001261 -0.002065
4
178.090892 249.054509
5.295000 9.953000 12.082942 41 1
0.000000 0.000000 0.000000 0.000000 0.049278
-0.000301 -0.000318
4
206.659397 484.622600
5.295000 9.953000 12.082942 37 1
0.000000 0.000000 0.000000 0.000000 0.084101
-0.000489 -0.002170
4
155.666653 129.621855
5.295000 9.953000 12.082942 35 1
0.000000 0.000000 0.000000 0.000000 0.075055
-0.002163 -0.001007
4
142.335267 142.621346
5.295000 9.953000 12.082942 48 1
0.000000 0.000000 0.000000 0.000000 0.065467
-0.001623 0.000652
1
185.754171 333.992818
5.295000 9.953000 12.082942 22 2
0.065880 0.000000 0.000000 0.000000 0.031756
-0.001187 0.001528
4
138.147488 175.623147
5.295000 9.953000 12.082942 44 1
0.000000 0.000000 0.000000 0.000000 0.057968
-0.002909 -0.000915
1
59.244350 174.444922
5.295000 9.953000 12.082942 19 2
0.065880 0.000000 0.000000 0.000000 0.040608
-0.004081 -0.001686
1
200.360854 465.350931
5.295000 9.953000 12.082942 23 2
0.065880 0.000000 0.000000 0.000000 0.043116
-0.001623 0.003060
1
185.684441 367.276320
5.295000 9.953000 12.082942 25 2
0.065880 0.000000 0.000000 0.000000 0.035012
-0.000791 0.002343
4
281.608436 20.818482
5.295000 9.953000 12.082942 62 1
0.000000 0.000000 0.000000 0.000000 0.104712
0.000650 -0.003595
4
391.804329 437.086601
5.295000 9.953000 12.082942 46 1
0.000000 0.000000 0.000000 0.000000 0.088026
0.001461 0.004715
4
104.767556 379.979844
5.295000 9.953000 12.082942 39 1
0.000000 0.000000 0.000000 0.000000 0.059717
-0.002524 0.001767
4
262.094067 99.538094
5.295000 9.953000 12.082942 60 1
0.000000 0.000000 0.000000 0.000000 0.070471
-0.000430 -0.002926
4
85.310921 334.017229
5.295000 9.953000 12.082942 47 1
0.000000 0.000000 0.000000 0.000000 0.060179
-0.002996 0.001384
4
135.552716 82.940237
5.295000 9.953000 12.082942 51 1
0.000000 0.000000 0.000000 0.000000 0.049221
-0.001301 -0.001804
1
61.002469 230.937435
5.295000 9.953000 12.082942 0 1
0.065880 0.000000 0.000000 0.000000 0.052237
-0.002756 -0.000593
1
70.034991 344.160102
5.295000 9.953000 12.082942 31 2
0.065880 0.000000 0.000000 0.000000 0.041600
-0.003082 0.001432
1
107.905823 234.217261
5.295000 9.953000 12.082942 22 2
0.065880 0.000000 0.000000 0.000000 0.041609
-0.002177 -0.000047
4
147.548444 259.764602
5.295000 9.953000 12.082942 32 1
0.000000 0.000000 0.000000 0.000000 0.038777
-0.001182 0.000125
4
379.244195 402.084960
5.295000 9.953000 12.082942 44 1
0.000000 0.000000 0.000000 0.000000 0.048301
0.002079 0.004704
4
52.798116 316.445147
5.295000 9.953000 12.082942 42 1
0.000000 0.000000 0.000000 0.000000 0.060724
-0.003437 0.000847
1
183.767748 399.147999
5.295000 9.953000 12.082942 0 1
0.065880 0.000000 0.000000 0.000000 0.030782
-0.000888 0.002350
4
268.397927 352.584210
5.295000 9.953000 12.082942 58 1
0.000000 0.000000 0.000000 0.000000 0.065298
0.000309 0.003513
1
301.492094 175.414060
5.295000 9.953000 12.082942 41 2
0.065880 0.000000 0.000000 0.000000 0.035716
0.001825 -0.002437
1
311.451315 144.111769
5.295000 9.953000 12.082942 20 2
0.065880 0.000000 0.000000 0.000000 0.035068
0.001430 -0.002508
4
106.064410 162.781017
5.295000 9.953000 12.082942 36 1
0.000000 0.000000 0.000000 0.000000 0.038208
-0.003540 -0.001457
1
288.815814 206.428044
5.295000 9.953000 12.082942 24 2
0.065880 0.000000 0.000000 0.000000 0.038124
-0.001652 -0.002010
1
331.580459 88.315299
5.295000 9.953000 12.082942 30 2
0.065880 0.000000 0.000000 0.000000 0.052641
0.002341 -0.003653
4
189.874553 283.666746
5.295000 9.953000 12.082942 46 1
0.000000 0.000000 0.000000 0.000000 0.074473
-0.000260 0.000444
1
255.800220 0.948641
5.295000 9.953000 12.082942 52 2
0.065880 0.000000 0.000000 0.000000 0.117190
0.000369 -0.004709
1
294.252904 401.614419
5.295000 9.953000 12.082942 21 2
0.065880 0.000000 0.000000 0.000000 0.045883
0.001191 0.003151
4
73.748041 88.594242
5.295000 9.953000 12.082942 38 1
0.000000 0.000000 0.000000 0.000000 0.301416
-0.003271 -0.002018
4
295.464680 242.567058
5.295000 9.953000 12.082942 50 1
0.000000 0.000000 0.000000 0.000000 0.048179
-0.001379 -0.002169
4
250.040811 160.808534
5.295000 9.953000 12.082942 43 1
0.000000 0.000000 0.000000 0.000000 0.046118
-0.000247 -0.000669
1
167.624057 330.914658
5.295000 9.953000 12.082942 25 2
0.065880 0.000000 0.000000 0.000000 0.031198
-0.001561 0.001330
4
138.410604 124.254344
5.295000 9.953000 12.082942 33 1
0.000000 0.000000 0.000000 0.000000 0.056994
-0.002833 0.000461
1
336.179460 306.832591
5.295000 9.953000 12.082942 20 2
0.065880 0.000000 0.000000 0.000000 0.029036
0.025477 0.025701
1
417.656762 324.716704
5.295000 9.953000 12.082942 0 1
0.065880 0.000000 0.000000 0.000000 0.063724
0.001993 0.000217
4
103.189518 361.346065
5.295000 9.953000 12.082942 61 1
0.000000 0.000000 0.000000 0.000000 0.048023
-0.002522 0.001553
4
246.756279 65.264271
5.295000 9.953000 12.082942 49 1
0.000000 0.000000 0.000000 0.000000 0.073508
-0.000638 -0.003429
1
378.453661 72.542910
5.295000 9.953000 12.082942 47 2
0.065880 0.000000 0.000000 0.000000 0.047754
0.003113 -0.006048
4
300.034887 107.569504
5.295000 9.953000 12.082942 60 1
0.000000 0.000000 0.000000 0.000000 0.034474
0.001676 -0.001880
4
451.830789 331.004767
5.295000 9.953000 12.082942 62 1
0.000000 0.000000 0.000000 0.000000 0.040523
0.002318 0.001425
4
77.483689 239.126932
5.295000 9.953000 12.082942 43 1
0.000000 0.000000 0.000000 0.000000 0.054583
-0.002638 -0.000335
4
44.583042 222.472476
5.295000 9.953000 12.082942 32 1
0.000000 0.000000 0.000000 0.000000 0.055211
-0.002917 -0.000721
4
467.805449 277.607728
5.295000 9.953000 12.082942 50 1
0.000000 0.000000 0.000000 0.000000 0.080267
0.002917 0.001977
4
178.265101 200.398085
5.295000 9.953000 12.082942 59 1
0.000000 0.000000 0.000000 0.000000 0.027441
-0.001302 -0.000651
4
296.523549 369.295607
5.295000 9.953000 12.082942 39 1
0.000000 0.000000 0.000000 0.000000 0.086849
0.001122 0.002529
4
73.446200 401.015235
5.295000 9.953000 12.082942 48 1
0.000000 0.000000 0.000000 0.000000 0.150388
-0.002819 0.001944
4
311.060856 326.513256
5.295000 9.953000 12.082942 32 1
0.000000 0.000000 0.000000 0.000000 0.060845
0.000039 -0.000236
4
129.538818 256.162027
5.295000 9.953000 12.082942 61 1
0.000000 0.000000 0.000000 0.000000 0.023334
-0.001640 0.000125
4
90.625398 116.559836
5.295000 9.953000 12.082942 40 1
0.000000 0.000000 0.000000 0.000000 0.068929
-0.003474 -0.002075
4
429.074930 289.454455
5.295000 9.953000 12.082942 64 1
0.000000 0.000000 0.000000 0.000000 0.074139
0.003991 -0.000123
4
355.157536 212.643872
5.295000 9.953000 12.082942 58 1
0.000000 0.000000 0.000000 0.000000 0.058138
0.001708 -0.000262
4
175.386915 382.548063
5.295000 9.953000 12.082942 50 1
0.000000 0.000000 0.000000 0.000000 0.042796
-0.001145 0.002319
1
74.989169 419.974039
5.295000 9.953000 12.082942 37 2
0.065880 0.000000 0.000000 0.000000 0.171201
-0.002341 0.002213
4
56.542120 392.375665
5.295000 9.953000 12.082942 44 1
0.000000 0.000000 0.000000 0.000000 0.247061
-0.002893 0.001677
4
445.568464 187.074031
5.295000 9.953000 12.082942 37 1
0.000000 0.000000 0.000000 0.000000 0.085028
0.004646 -0.004033
1
275.796157 432.781229
5.295000 9.953000 12.082942 0 1
0.065880 0.000000 0.000000 0.000000 0.035726
0.000057 0.003890
1
248.526269 416.900018
5.295000 9.953000 12.082942 28 2
0.065880 0.000000 0.000000 0.000000 0.054662
-0.000065 0.003472
4
349.014781 94.103343
5.295000 9.953000 12.082942 63 1
0.000000 0.000000 0.000000 0.000000 0.040181
0.002773 -0.003445
4
69.493435 324.693993
5.295000 9.953000 12.082942 31 1
0.000000 0.000000 0.000000 0.000000 0.066322
-0.003219 0.001073
1
294.238902 89.806233
5.295000 9.953000 12.082942 0 1
0.065880 0.000000 0.000000 0.000000 0.057278
0.002877 -0.001708
4
75.657493 183.242221
5.295000 9.953000 12.082942 54 1
0.000000 0.000000 0.000000 0.000000 0.033553
-0.004002 -0.001614
4
38.704383 364.717850
5.295000 9.953000 12.082942 39 1
0.000000 0.000000 0.000000 0.000000 0.254127
-0.003018 0.001440
1
359.792640 63.376902
5.295000 9.953000 12.082942 43 2
0.065880 0.000000 0.000000 0.000000 0.065449
0.003144 -0.004232
4
220.365270 176.945206
5.295000 9.953000 12.082942 35 1
0.000000 0.000000 0.000000 0.000000 0.068578
-0.004137 -0.002217
1
314.019667 10.163377
5.295000 9.953000 12.082942 58 2
0.065880 0.000000 0.000000 0.000000 0.077911
0.000194 -0.003144
4
318.029066 112.542286
5.295000 9.953000 12.082942 61 1
0.000000 0.000000 0.000000 0.000000 0.036661
0.002138 -0.002061
4
440.950326 111.271894
5.295000 9.953000 12.082942 64 1
0.000000 0.000000 0.000000 0.000000 0.114653
0.001222 -0.003618
4
292.660747 327.849964
5.295000 9.953000 12.082942 62 1
0.000000 0.000000 0.000000 0.000000 0.042771
-0.000086 0.000822
1
398.425246 179.036097
5.295000 9.953000 12.082942 47 2
0.065880 0.000000 0.000000 0.000000 0.037230
0.002036 -0.001423
4
195.991486 203.978072
5.295000 9.953000 12.082942 32 1
0.000000 0.000000 0.000000 0.000000 0.036562
-0.000490 -0.000866
4
156.522227 413.773733
5.295000 9.953000 12.082942 45 1
0.000000 0.000000 0.000000 0.000000 0.052431
-0.001606 0.002135
1
439.370519 92.531483
5.295000 9.953000 12.082942 22 2
0.065880 0.000000 0.000000 0.000000 0.200473
0.000505 -0.003380
4
188.262322 103.029299
5.295000 9.953000 12.082942 48 1
0.000000 0.000000 0.000000 0.000000 0.041347
0.002588 -0.003033
4
312.299311 489.487151
5.295000 9.953000 12.082942 42 1
0.000000 0.000000 0.000000 0.000000 0.105878
0.001587 0.003204
4
346.747818 157.692529
5.295000 9.953000 12.082942 49 1
0.000000 0.000000 0.000000 0.000000 0.056283
0.001972 -0.001487
4
239.276793 207.971508
5.295000 9.953000 12.082942 47 1
0.000000 0.000000 0.000000 0.000000 0.060675
-0.003475 0.000696
4
326.653052 45.408199
5.295000 9.953000 12.082942 55 1
0.000000 0.000000 0.000000 0.000000 0.095730
0.000355 -0.002575
4
436.572745 203.745785
5.295000 9.953000 12.082942 62 1
0.000000 0.000000 0.000000 0.000000 0.065763
0.007718 -0.000948
4
202.509976 400.046796
5.295000 9.953000 12.082942 34 1
0.000000 0.000000 0.000000 0.000000 0.052385
-0.000588 0.002757
4
335.216414 187.639588
5.295000 9.953000 12.082942 47 1
0.000000 0.000000 0.000000 0.000000 0.050824
0.001834 -0.000943
4
135.876900 339.341022
5.295000 9.953000 12.082942 54 1
0.000000 0.000000 0.000000 0.000000 0.039313
-0.002628 0.001243
1
444.070551 235.781824
5.295000 9.953000 12.082942 0 1
0.065880 0.000000 0.000000 0.000000 0.063886
0.005251 -0.000382
4
329.280952 360.027979
5.295000 9.953000 12.082942 46 1
0.000000 0.000000 0.000000 0.000000 0.089061
0.002258 0.001508
1
329.220514 324.743199
5.295000 9.953000 12.082942 20 2
0.065880 0.000000 0.000000 0.000000 0.053913
0.003526 -0.000339
4
399.505642 326.268180
5.295000 9.953000 12.082942 0 1
0.000000 0.000000 0.000000 0.000000 0.072645
0.001481 -0.000272
4
423.753874 307.143605
5.295000 9.953000 12.082942 0 1
0.000000 0.000000 0.000000 0.000000 0.082241
0.003421 0.000129
4
230.651074 110.931607
5.295000 9.953000 12.082942 0 1
0.000000 0.000000 0.000000 0.000000 0.074984
-0.001098 -0.001718
4
304.397956 193.653412
5.295000 9.953000 12.082942 45 1
0.000000 0.000000 0.000000 0.000000 0.050034
0.001924 -0.002665
4
372.884073 301.709250
5.295000 9.953000 12.082942 50 1
0.000000 0.000000 0.000000 0.000000 0.063505
0.003704 0.000933
4
449.596995 217.488707
5.295000 9.953000 12.082942 0 1
0.000000 0.000000 0.000000 0.000000 0.088766
0.006114 0.000499
4
431.570916 222.139647
5.295000 9.953000 12.082942 0 1
0.000000 0.000000 0.000000 0.000000 0.104312
0.005382 -0.000992
4
142.599008 460.875715
5.295000 9.953000 12.082942 0 1
0.000000 0.000000 0.000000 0.000000 0.196733
-0.000222 0.002471
4
97.768326 264.751549
5.295000 9.953000 12.082942 0 1
0.000000 0.000000 0.000000 0.000000 0.055356
-0.002468 0.000334
4
276.716368 336.040791
5.295000 9.953000 12.082942 0 1
0.000000 0.000000 0.000000 0.000000 0.067250
0.000931 0.003860
4
417.144134 358.988489
5.295000 9.953000 12.082942 0 1
0.000000 0.000000 0.000000 0.000000 0.118886
-0.004367 0.003893
1
390.668786 249.319134
5.295000 9.953000 12.082942 19 2
0.065880 0.000000 0.000000 0.000000 0.035459
0.003102 -0.000720
4
159.380275 294.786914
5.295000 9.953000 12.082942 43 1
0.000000 0.000000 0.000000 0.000000 0.050920
-0.001020 0.000801
1
226.966242 144.911216
5.295000 9.953000 12.082942 19 2
0.065880 0.000000 0.000000 0.000000 0.044741
-0.000381 0.000320
4
288.942477 296.331508
5.295000 9.953000 12.082942 48 1
0.000000 0.000000 0.000000 0.000000 0.041098
-0.000782 -0.000893
4
42.188597 146.565435
5.295000 9.953000 12.082942 54 1
0.000000 0.000000 0.000000 0.000000 0.097348
-0.004116 -0.001783
1
68.496590 305.815395
5.295000 9.953000 12.082942 19 2
0.065880 0.000000 0.000000 0.000000 0.057433
-0.003531 0.000789
4
45.955207 241.567448
5.295000 9.953000 12.082942 30 1
0.000000 0.000000 0.000000 0.000000 0.063040
-0.002896 -0.000415
1
405.658500 310.037783
5.295000 9.953000 12.082942 19 2
0.065880 0.000000 0.000000 0.000000 0.061150
0.003225 -0.000426
4
341.216736 224.079130
5.295000 9.953000 12.082942 54 1
0.000000 0.000000 0.000000 0.000000 0.055537
0.001141 -0.000473
4
262.010773 484.115851
5.295000 9.953000 12.082942 41 1
0.000000 0.000000 0.000000 0.000000 0.067014
0.000923 0.003390
4
276.344750 401.005216
5.295000 9.953000 12.082942 45 1
0.000000 0.000000 0.000000 0.000000 0.070746
0.000747 0.003406
4
349.392912 272.793293
5.295000 9.953000 12.082942 44 1
0.000000 0.000000 0.000000 0.000000 0.054946
0.001839 0.002567
1
164.254780 430.503168
5.295000 9.953000 12.082942 19 2
0.065880 0.000000 0.000000 0.000000 0.042092
-0.000951 0.002085
4
352.126890 194.221711
5.295000 9.953000 12.082942 45 1
0.000000 0.000000 0.000000 0.000000 0.061153
0.001928 -0.000567
1
84.018460 294.999328
5.295000 9.953000 12.082942 19 2
0.065880 0.000000 0.000000 0.000000 0.042867
-0.003601 0.000761
4
171.681888 280.666245
5.295000 9.953000 12.082942 27 1
0.000000 0.000000 0.000000 0.000000 0.068901
-0.000703 0.000411
1
284.516720 170.113458
5.295000 9.953000 12.082942 41 2
0.065880 0.000000 0.000000 0.000000 0.023911
0.001248 -0.002627
4
183.003498 431.604615
5.295000 9.953000 12.082942 42 1
0.000000 0.000000 0.000000 0.000000 0.059232
-0.001018 0.002259
1
253.110947 195.687058
5.295000 9.953000 12.082942 19 2
0.065880 0.000000 0.000000 0.000000 0.026718
-0.003473 0.000371
4
181.433296 38.760248
5.295000 9.953000 12.082942 54 1
0.000000 0.000000 0.000000 0.000000 0.076428
-0.000618 -0.001710
4
391.638336 387.897924
5.295000 9.953000 12.082942 42 1
0.000000 0.000000 0.000000 0.000000 0.077865
0.002509 0.004798
4
346.097972 318.968645
5.295000 9.953000 12.082942 39 1
0.000000 0.000000 0.000000 0.000000 0.051720
-0.017854 -0.032207
1
319.939122 261.757034
5.295000 9.953000 12.082942 19 2
0.065880 0.000000 0.000000 0.000000 0.033396
-0.001755 -0.007848
4
226.202419 288.301565
5.295000 9.953000 12.082942 32 1
0.000000 0.000000 0.000000 0.000000 0.079583
0.000671 0.001306
4
421.277271 258.344583
5.295000 9.953000 12.082942 45 1
0.000000 0.000000 0.000000 0.000000 0.055102
0.003897 -0.000782
4
42.782820 165.642182
5.295000 9.953000 12.082942 55 1
0.000000 0.000000 0.000000 0.000000 0.060776
-0.004240 -0.001642
4
87.820901 371.695519
5.295000 9.953000 12.082942 41 1
0.000000 0.000000 0.000000 0.000000 0.077752
-0.002690 0.001690
4
37.056115 327.015341
5.295000 9.953000 12.082942 53 1
0.000000 0.000000 0.000000 0.000000 0.087580
-0.003350 0.000876
1
376.454658 54.153929
5.295000 9.953000 12.082942 41 2
0.065880 0.000000 0.000000 0.000000 0.080640
0.003109 -0.006123
4
428.925610 158.767206
5.295000 9.953000 12.082942 39 1
0.000000 0.000000 0.000000 0.000000 0.045719
0.003375 -0.001588
4
335.823822 377.674483
5.295000 9.953000 12.082942 55 1
0.000000 0.000000 0.000000 0.000000 0.048278
0.002691 0.000893
4
286.415389 384.944026
5.295000 9.953000 12.082942 48 1
0.000000 0.000000 0.000000 0.000000 0.070738
0.001054 0.003081
4
408.461974 245.082452
5.295000 9.953000 12.082942 47 1
0.000000 0.000000 0.000000 0.000000 0.047428
0.003956 -0.001099
1
384.014001 316.297823
5.295000 9.953000 12.082942 20 2
0.065880 0.000000 0.000000 0.000000 0.056047
0.001264 -0.000233
1
90.558990 153.977103
5.295000 9.953000 12.082942 20 2
0.065880 0.000000 0.000000 0.000000 0.030131
-0.003795 -0.001728
4
74.210912 107.584556
5.295000 9.953000 12.082942 43 1
0.000000 0.000000 0.000000 0.000000 0.119427
-0.003503 -0.002027
4
309.636290 471.151799
5.295000 9.953000 12.082942 47 1
0.000000 0.000000 0.000000 0.000000 0.067802
0.001184 0.003058
4
470.064793 327.192081
5.295000 9.953000 12.082942 59 1
0.000000 0.000000 0.000000 0.000000 0.047742
0.002672 0.001914
4
401.006927 196.932007
5.295000 9.953000 12.082942 61 1
0.000000 0.000000 0.000000 0.000000 0.032420
0.001062 -0.001486
4
43.751609 203.445641
5.295000 9.953000 12.082942 31 1
0.000000 0.000000 0.000000 0.000000 0.059354
-0.003248 -0.001025
4
413.950087 227.537716
5.295000 9.953000 12.082942 63 1
0.000000 0.000000 0.000000 0.000000 0.054538
0.004728 -0.001326
4
209.975088 237.124440
5.295000 9.953000 12.082942 41 1
0.000000 0.000000 0.000000 0.000000 0.046437
-0.005249 0.002100
4
355.567683 255.668825
5.295000 9.953000 12.082942 55 1
0.000000 0.000000 0.000000 0.000000 0.067983
0.001523 -0.000516
4
201.924516 269.077447
5.295000 9.953000 12.082942 31 1
0.000000 0.000000 0.000000 0.000000 0.072105
0.000092 0.000341
1
431.597941 393.114054
5.295000 9.953000 12.082942 20 2
0.065880 0.000000 0.000000 0.000000 0.076440
0.000204 0.003030
4
287.718715 188.266159
5.295000 9.953000 12.082942 43 1
0.000000 0.000000 0.000000 0.000000 0.030563
0.002733 -0.002396
1
323.205690 440.276896
5.295000 9.953000 12.082942 20 2
0.065880 0.000000 0.000000 0.000000 0.029916
0.001224 0.002797
4
177.907971 67.996738
5.295000 9.953000 12.082942 33 1
0.000000 0.000000 0.000000 0.000000 0.040894
0.000859 -0.002606
4
105.658109 398.498532
5.295000 9.953000 12.082942 33 1
0.000000 0.000000 0.000000 0.000000 0.062499
-0.002222 0.001974
1
275.217384 134.303424
5.295000 9.953000 12.082942 20 2
0.065880 0.000000 0.000000 0.000000 0.031431
0.000306 -0.002410
4
354.322779 304.112892
5.295000 9.953000 12.082942 50 1
0.000000 0.000000 0.000000 0.000000 0.060501
-0.006428 0.012645
1
201.941181 221.197126
5.295000 9.953000 12.082942 39 2
0.065880 0.000000 0.000000 0.000000 0.028756
0.000892 -0.001625
4
92.277397 191.783765
5.295000 9.953000 12.082942 41 1
0.000000 0.000000 0.000000 0.000000 0.053080
-0.004030 -0.001442
4
305.994932 126.051540
5.295000 9.953000 12.082942 55 1
0.000000 0.000000 0.000000 0.000000 0.036151
0.000941 -0.002640
4
321.747117 342.309045
5.295000 9.953000 12.082942 34 1
0.000000 0.000000 0.000000 0.000000 0.092218
0.000825 0.001542
1
367.373141 270.223164
5.295000 9.953000 12.082942 21 2
0.065880 0.000000 0.000000 0.000000 0.043560
0.002163 0.001939
4
43.328932 184.596802
5.295000 9.953000 12.082942 47 1
0.000000 0.000000 0.000000 0.000000 0.051105
-0.003859 -0.001344
4
76.659536 201.927948
5.295000 9.953000 12.082942 33 1
0.000000 0.000000 0.000000 0.000000 0.051079
-0.003896 -0.001273
1
29.176275 233.091426
5.295000 9.953000 12.082942 21 2
0.065880 0.000000 0.000000 0.000000 0.053217
-0.002930 -0.000555
1
219.665892 465.179475
5.295000 9.953000 12.082942 21 2
0.065880 0.000000 0.000000 0.000000 0.038282
-0.001639 0.003853
4
455.416126 363.677386
5.295000 9.953000 12.082942 44 1
0.000000 0.000000 0.000000 0.000000 0.121811
-0.000355 0.002304
4
172.015834 231.759946
5.295000 9.953000 12.082942 36 1
0.000000 0.000000 0.000000 0.000000 0.044033
-0.000554 -0.000428
1
476.921164 145.257599
5.295000 9.953000 12.082942 64 2
0.065880 0.000000 0.000000 0.000000 0.265372
0.003184 0.004104
4
449.583705 398.893662
5.295000 9.953000 12.082942 63 1
0.000000 0.000000 0.000000 0.000000 0.117208
0.000517 0.001500
4
366.521371 182.625826
5.295000 9.953000 12.082942 59 1
0.000000 0.000000 0.000000 0.000000 0.048374
0.001995 -0.000724
4
266.177074 319.887637
5.295000 9.953000 12.082942 47 1
0.000000 0.000000 0.000000 0.000000 0.041563
0.002383 0.004145
4
270.826092 298.799012
5.295000 9.953000 12.082942 60 1
0.000000 0.000000 0.000000 0.000000 0.030390
0.000866 -0.001813
1
209.059824 59.393715
5.295000 9.953000 12.082942 21 2
0.065880 0.000000 0.000000 0.000000 0.046134
0.001228 -0.003372
4
122.118904 387.930678
5.295000 9.953000 12.082942 33 1
0.000000 0.000000 0.000000 0.000000 0.082895
-0.002483 0.002028
4
154.602559 65.773976
5.295000 9.953000 12.082942 31 1
0.000000 0.000000 0.000000 0.000000 0.043030
-0.002373 -0.001759
4
121.705963 170.379920
5.295000 9.953000 12.082942 38 1
0.000000 0.000000 0.000000 0.000000 0.060520
-0.003221 -0.001197
1
149.490931 48.090848
5.295000 9.953000 12.082942 21 2
0.065880 0.000000 0.000000 0.000000 0.095584
-0.000363 -0.002648
4
250.986768 261.640515
5.295000 9.953000 12.082942 48 1
0.000000 0.000000 0.000000 0.000000 0.035892
0.000427 0.000140
4
82.972491 276.380562
5.295000 9.953000 12.082942 43 1
0.000000 0.000000 0.000000 0.000000 0.069443
-0.003090 0.000358
1
283.505064 69.988781
5.295000 9.953000 12.082942 21 2
0.065880 0.000000 0.000000 0.000000 0.066897
-0.000392 -0.003236
4
231.078215 353.114120
5.295000 9.953000 12.082942 34 1
0.000000 0.000000 0.000000 0.000000 0.055893
-0.000559 0.002681
4
122.444832 115.619904
5.295000 9.953000 12.082942 58 1
0.000000 0.000000 0.000000 0.000000 0.047938
-0.002236 -0.002143
1
439.293045 253.891869
5.295000 9.953000 12.082942 21 2
0.065880 0.000000 0.000000 0.000000 0.043063
0.004304 -0.000425
4
262.716679 147.592990
5.295000 9.953000 12.082942 32 1
0.000000 0.000000 0.000000 0.000000 0.036834
0.000090 -0.001737
4
188.597900 480.655522
5.295000 9.953000 12.082942 60 1
0.000000 0.000000 0.000000 0.000000 0.112300
-0.001627 0.002015
4
107.475829 144.442247
5.295000 9.953000 12.082942 43 1
0.000000 0.000000 0.000000 0.000000 0.037484
-0.004079 -0.001791
4
286.991910 352.342446
5.295000 9.953000 12.082942 36 1
0.000000 0.000000 0.000000 0.000000 0.080857
0.000829 0.003224
4
177.887073 298.166389
5.295000 9.953000 12.082942 36 1
0.000000 0.000000 0.000000 0.000000 0.067865
-0.000524 0.000655
4
285.904297 417.651055
5.295000 9.953000 12.082942 32 1
0.000000 0.000000 0.000000 0.000000 0.068439
0.000468 0.003479
1
441.865223 303.199210
5.295000 9.953000 12.082942 21 2
0.065880 0.000000 0.000000 0.000000 0.041275
0.003676 0.000371
4
482.522274 180.244107
5.295000 9.953000 12.082942 64 1
0.000000 0.000000 0.000000 0.000000 0.127661
0.001743 -0.011690
1
254.568603 177.795135
5.295000 9.953000 12.082942 21 2
0.065880 0.000000 0.000000 0.000000 0.036689
0.001105 0.000407
4
203.258578 123.922526
5.295000 9.953000 12.082942 51 1
0.000000 0.000000 0.000000 0.000000 0.057313
-0.000825 -0.001475
4
313.526657 58.569649
5.295000 9.953000 12.082942 63 1
0.000000 0.000000 0.000000 0.000000 0.084245
0.000433 -0.002452
4
118.396372 453.845392
5.295000 9.953000 12.082942 45 1
0.000000 0.000000 0.000000 0.000000 0.277657
-0.002488 0.000332
4
306.429290 211.665982
5.295000 9.953000 12.082942 62 1
0.000000 0.000000 0.000000 0.000000 0.034330
0.000182 -0.000441
4
476.574092 198.083024
5.295000 9.953000 12.082942 58 1
0.000000 0.000000 0.000000 0.000000 0.080541
0.002019 -0.007053
4
341.971408 395.249713
5.295000 9.953000 12.082942 39 1
0.000000 0.000000 0.000000 0.000000 0.053889
0.001927 0.002489
1
10.739861 186.174662
5.295000 9.953000 12.082942 22 2
0.065880 0.000000 0.000000 0.000000 0.083289
-0.003677 -0.000630
4
211.448133 416.433468
5.295000 9.953000 12.082942 43 1
0.000000 0.000000 0.000000 0.000000 0.055807
-0.000538 0.003052
4
193.509862 351.042092
5.295000 9.953000 12.082942 34 1
0.000000 0.000000 0.000000 0.000000 0.049765
-0.001179 0.001829
4
166.519002 165.044705
5.295000 9.953000 12.082942 44 1
0.000000 0.000000 0.000000 0.000000 0.051406
-0.001165 -0.001157
4
493.413333 232.060335
5.295000 9.953000 12.082942 59 1
0.000000 0.000000 0.000000 0.000000 0.079353
0.002893 -0.002304
4
117.248390 218.859680
5.295000 9.953000 12.082942 51 1
0.000000 0.000000 0.000000 0.000000 0.062661
-0.001866 -0.000195
4
90.477423 409.404186
5.295000 9.953000 12.082942 49 1
0.000000 0.000000 0.000000 0.000000 0.074422
-0.002706 0.001832
1
307.798538 40.775846
5.295000 9.953000 12.082942 47 2
0.065880 0.000000 0.000000 0.000000 0.079315
-0.000128 -0.002238
4
300.223657 311.409617
5.295000 9.953000 12.082942 61 1
0.000000 0.000000 0.000000 0.000000 0.036102
0.003266 0.001190
4
423.768227 103.237902
5.295000 9.953000 12.082942 38 1
0.000000 0.000000 0.000000 0.000000 0.137599
0.000960 -0.002817
4
446.566646 167.865962
5.295000 9.953000 12.082942 44 1
0.000000 0.000000 0.000000 0.000000 0.066239
-0.000482 -0.005583
4
344.471312 139.709038
5.295000 9.953000 12.082942 57 1
0.000000 0.000000 0.000000 0.000000 0.047548
0.002046 -0.001850
4
477.171162 241.478916
5.295000 9.953000 12.082942 53 1
0.000000 0.000000 0.000000 0.000000 0.083904
0.005126 0.002274
4
293.034867 463.268555
5.295000 9.953000 12.082942 49 1
0.000000 0.000000 0.000000 0.000000 0.054486
0.001262 0.003150
4
409.906234 132.307495
5.295000 9.953000 12.082942 54 1
0.000000 0.000000 0.000000 0.000000 0.059085
0.001879 -0.001964
4
13.687148 243.749269
5.295000 9.953000 12.082942 40 1
0.000000 0.000000 0.000000 0.000000 0.064835
-0.002992 -0.000508
1
35.893244 308.280370
5.295000 9.953000 12.082942 23 2
0.065880 0.000000 0.000000 0.000000 0.075036
-0.003533 0.000573
4
150.865954 362.873607
5.295000 9.953000 12.082942 41 1
0.000000 0.000000 0.000000 0.000000 0.059700
-0.001603 0.001942
1
88.977032 390.419994
5.295000 9.953000 12.082942 23 2
0.065880 0.000000 0.000000 0.000000 0.083647
-0.002557 0.001877
4
166.061581 214.310807
5.295000 9.953000 12.082942 40 1
0.000000 0.000000 0.000000 0.000000 0.038964
-0.001131 -0.000595
1
172.795685 182.835412
5.295000 9.953000 12.082942 23 2
0.065880 0.000000 0.000000 0.000000 0.027853
-0.001979 -0.000929
4
392.592599 124.422771
5.295000 9.953000 12.082942 46 1
0.000000 0.000000 0.000000 0.000000 0.059487
0.001763 -0.001817
1
246.788341 243.907604
5.295000 9.953000 12.082942 23 2
0.065880 0.000000 0.000000 0.000000 0.029781
-0.001291 0.000183
4
135.631934 224.019671
5.295000 9.953000 12.082942 44 1
0.000000 0.000000 0.000000 0.000000 0.046355
-0.001581 -0.000289
4
185.759218 120.811004
5.295000 9.953000 12.082942 38 1
0.000000 0.000000 0.000000 0.000000 0.060405
-0.001526 -0.002878
4
160.001098 245.733173
5.295000 9.953000 12.082942 51 1
0.000000 0.000000 0.000000 0.000000 0.042166
-0.000879 -0.000171
4
225.129964 483.042404
5.295000 9.953000 12.082942 33 1
0.000000 0.000000 0.000000 0.000000 0.083366
0.000134 0.003761
4
366.453367 368.116733
5.295000 9.953000 12.082942 56 1
0.000000 0.000000 0.000000 0.000000 0.062677
0.005068 0.009383
1
393.737459 61.726588
5.295000 9.953000 12.082942 23 2
0.065880 0.000000 0.000000 0.000000 0.092379
0.003366 -0.006023
4
91.788295 227.915426
5.295000 9.953000 12.082942 44 1
0.000000 0.000000 0.000000 0.000000 0.067154
-0.002427 -0.000424
4
30.692137 252.120671
5.295000 9.953000 12.082942 39 1
0.000000 0.000000 0.000000 0.000000 0.074549
-0.003061 -0.000323
4
365.439932 318.933933
5.295000 9.953000 12.082942 38 1
0.000000 0.000000 0.000000 0.000000 0.086455
0.004876 0.000185
4
38.051458 345.811567
5.295000 9.953000 12.082942 61 1
0.000000 0.000000 0.000000 0.000000 0.117156
-0.003243 0.001177
1
120.384328 286.814549
5.295000 9.953000 12.082942 24 2
0.065880 0.000000 0.000000 0.000000 0.028239
-0.001521 0.000255
1
58.268453 136.460314
5.295000 9.953000 12.082942 24 2
0.065880 0.000000 0.000000 0.000000 0.070440
-0.004095 -0.002005
4
313.272821 278.121144
5.295000 9.953000 12.082942 31 1
0.000000 0.000000 0.000000 0.000000 0.044228
0.001563 0.006828
4
410.271290 391.026205
5.295000 9.953000 12.082942 44 1
0.000000 0.000000 0.000000 0.000000 0.094439
0.003088 0.004910
1
184.677396 169.035649
5.295000 9.953000 12.082942 24 2
0.065880 0.000000 0.000000 0.000000 0.041100
-0.002018 -0.001432
4
278.163504 281.921414
5.295000 9.953000 12.082942 50 1
0.000000 0.000000 0.000000 0.000000 0.029578
0.001516 -0.000824
4
142.204946 242.133928
5.295000 9.953000 12.082942 45 1
0.000000 0.000000 0.000000 0.000000 0.037635
-0.001354 -0.000080
4
271.069228 201.161351
5.295000 9.953000 12.082942 47 1
0.000000 0.000000 0.000000 0.000000 0.037155
-0.002716 -0.001079
4
226.187768 195.077686
5.295000 9.953000 12.082942 39 1
0.000000 0.000000 0.000000 0.000000 0.073084
0.001344 -0.005296
1
317.783875 374.403133
5.295000 9.953000 12.082942 24 2
0.065880 0.000000 0.000000 0.000000 0.045582
0.001822 0.001723
4
249.824511 353.039832
5.295000 9.953000 12.082942 38 1
0.000000 0.000000 0.000000 0.000000 0.063637
-0.000005 0.003198
4
138.825180 411.569004
5.295000 9.953000 12.082942 52 1
0.000000 0.000000 0.000000 0.000000 0.065915
-0.001997 0.002969
4
401.547438 214.939000
5.295000 9.953000 12.082942 62 1
0.000000 0.000000 0.000000 0.000000 0.041759
0.005009 -0.001822
1
115.942194 269.479613
5.295000 9.953000 12.082942 25 2
0.065880 0.000000 0.000000 0.000000 0.034774
-0.001923 0.000172
4
396.433370 160.943901
5.295000 9.953000 12.082942 36 1
0.000000 0.000000 0.000000 0.000000 0.053331
0.002235 -0.001514
1
410.507303 440.277269
5.295000 9.953000 12.082942 25 2
0.065880 0.000000 0.000000 0.000000 0.130971
0.001790 0.004918
4
107.377396 417.850628
5.295000 9.953000 12.082942 32 1
0.000000 0.000000 0.000000 0.000000 0.084546
-0.002804 0.001230
4
110.963205 200.982157
5.295000 9.953000 12.082942 39 1
0.000000 0.000000 0.000000 0.000000 0.064158
-0.002883 -0.000213
4
80.067495 257.852819
5.295000 9.953000 12.082942 54 1
0.000000 0.000000 0.000000 0.000000 0.060214
-0.002762 0.000061
4
229.532559 449.202001
5.295000 9.953000 12.082942 53 1
0.000000 0.000000 0.000000 0.000000 0.042398
-0.001150 0.003758
1
373.054309 433.692254
5.295000 9.953000 12.082942 25 2
0.065880 0.000000 0.000000 0.000000 0.038241
0.001321 0.003977
4
135.162525 102.003389
5.295000 9.953000 12.082942 31 1
0.000000 0.000000 0.000000 0.000000 0.067496
-0.001856 -0.002663
1
232.823051 256.427556
5.295000 9.953000 12.082942 25 2
0.065880 0.000000 0.000000 0.000000 0.036011
0.000132 0.001705
4
193.852807 383.739535
5.295000 9.953000 12.082942 31 1
0.000000 0.000000 0.000000 0.000000 0.047343
-0.000769 0.002573
4
154.971743 344.654643
5.295000 9.953000 12.082942 35 1
0.000000 0.000000 0.000000 0.000000 0.045493
-0.001835 0.001509
1
332.300611 169.079807
5.295000 9.953000 12.082942 25 2
0.065880 0.000000 0.000000 0.000000 0.048259
0.001867 -0.001535
1
39.713534 383.660729
5.295000 9.953000 12.082942 26 2
0.065880 0.000000 0.000000 0.000000 0.428383
-0.002956 0.001550
4
162.463658 312.976603
5.295000 9.953000 12.082942 47 1
0.000000 0.000000 0.000000 0.000000 0.055064
-0.001456 0.001431
1
124.847894 188.566724
5.295000 9.953000 12.082942 26 2
0.065880 0.000000 0.000000 0.000000 0.049181
-0.002940 -0.000724
4
132.213234 321.019731
5.295000 9.953000 12.082942 32 1
0.000000 0.000000 0.000000 0.000000 0.050960
-0.002361 0.000977
4
389.385498 87.555367
5.295000 9.953000 12.082942 47 1
0.000000 0.000000 0.000000 0.000000 0.049999
0.000039 -0.002420
4
194.636472 24.715347
5.295000 9.953000 12.082942 40 1
0.000000 0.000000 0.000000 0.000000 0.082303
-0.000173 -0.002418
1
17.105262 281.565680
5.295000 9.953000 12.082942 26 2
0.065880 0.000000 0.000000 0.000000 0.055386
-0.003457 0.000008
4
148.194860 160.625471
5.295000 9.953000 12.082942 49 1
0.000000 0.000000 0.000000 0.000000 0.055595
-0.000385 0.000470
4
409.454529 341.897611
5.295000 9.953000 12.082942 50 1
0.000000 0.000000 0.000000 0.000000 0.096994
0.001497 0.000247
1
232.558862 30.495045
5.295000 9.953000 12.082942 26 2
0.065880 0.000000 0.000000 0.000000 0.057208
0.000337 -0.004659
4
208.330047 190.432158
5.295000 9.953000 12.082942 32 1
0.000000 0.000000 0.000000 0.000000 0.049822
-0.001512 -0.001239
4
360.558034 447.963615
5.295000 9.953000 12.082942 46 1
0.000000 0.000000 0.000000 0.000000 0.057127
0.000996 0.003412
4
373.334620 98.175327
5.295000 9.953000 12.082942 54 1
0.000000 0.000000 0.000000 0.000000 0.050032
0.000884 -0.001823
4
349.422570 175.912085
5.295000 9.953000 12.082942 48 1
0.000000 0.000000 0.000000 0.000000 0.045246
0.001919 -0.001050
4
55.471633 373.402797
5.295000 9.953000 12.082942 45 1
0.000000 0.000000 0.000000 0.000000 0.153586
-0.002921 0.001596
4
397.950124 356.812284
5.295000 9.953000 12.082942 54 1
0.000000 0.000000 0.000000 0.000000 0.083153
0.005561 0.003989
4
274.699833 219.063997
5.295000 9.953000 12.082942 38 1
0.000000 0.000000 0.000000 0.000000 0.035905
-0.001401 -0.001452
1
143.252503 30.580039
5.295000 9.953000 12.082942 27 2
0.065880 0.000000 0.000000 0.000000 0.167640
0.000275 -0.002925
4
273.633029 85.402272
5.295000 9.953000 12.082942 46 1
0.000000 0.000000 0.000000 0.000000 0.084056
-0.001382 -0.003571
4
340.515278 345.726229
5.295000 9.953000 12.082942 47 1
0.000000 0.000000 0.000000 0.000000 0.091992
0.002842 -0.000546
4
196.719606 319.047350
5.295000 9.953000 12.082942 34 1
0.000000 0.000000 0.000000 0.000000 0.049663
-0.000040 0.001437
4
461.751665 231.559636
5.295000 9.953000 12.082942 54 1
0.000000 0.000000 0.000000 0.000000 0.073954
0.006470 -0.000453
1
244.217496 15.810426
5.295000 9.953000 12.082942 46 2
0.065880 0.000000 0.000000 0.000000 0.101439
0.000181 -0.004812
1
86.494863 74.522432
5.295000 9.953000 12.082942 27 2
0.065880 0.000000 0.000000 0.000000 0.261773
-0.002708 -0.001689
4
311.099954 357.913740
5.295000 9.953000 12.082942 34 1
0.000000 0.000000 0.000000 0.000000 0.091535
0.001236 0.001537
1
411.759954 150.723722
5.295000 9.953000 12.082942 28 2
0.065880 0.000000 0.000000 0.000000 0.033614
0.002307 -0.001595
4
208.091466 286.146796
5.295000 9.953000 12.082942 29 1
0.000000 0.000000 0.000000 0.000000 0.074016
0.000207 0.000753
1
444.464587 148.858877
5.295000 9.953000 12.082942 28 2
0.065880 0.000000 0.000000 0.000000 0.063489
0.003384 -0.003819
4
278.349032 237.159653
5.295000 9.953000 12.082942 55 1
0.000000 0.000000 0.000000 0.000000 0.033828
0.000290 -0.001324
4
267.006807 416.848605
5.295000 9.953000 12.082942 32 1
0.000000 0.000000 0.000000 0.000000 0.058295
0.000242 0.003548
4
101.819059 342.557415
5.295000 9.953000 12.082942 38 1
0.000000 0.000000 0.000000 0.000000 0.056042
-0.002679 0.001329
1
106.930415 125.676951
5.295000 9.953000 12.082942 29 2
0.065880 0.000000 0.000000 0.000000 0.042733
-0.003458 -0.002367
4
230.781458 384.596426
5.295000 9.953000 12.082942 34 1
0.000000 0.000000 0.000000 0.000000 0.059898
-0.000264 0.003040
4
120.121632 369.461072
5.295000 9.953000 12.082942 37 1
0.000000 0.000000 0.000000 0.000000 0.060276
-0.002282 0.001715
4
153.527444 276.994372
5.295000 9.953000 12.082942 55 1
0.000000 0.000000 0.000000 0.000000 0.046344
-0.001020 0.000436
4
209.189548 141.439746
5.295000 9.953000 12.082942 49 1
0.000000 0.000000 0.000000 0.000000 0.063208
-0.000829 -0.001231
4
329.175874 150.262939
5.295000 9.953000 12.082942 42 1
0.000000 0.000000 0.000000 0.000000 0.051329
0.001824 -0.001853
1
354.389378 430.281893
5.295000 9.953000 12.082942 30 2
0.065880 0.000000 0.000000 0.000000 0.030638
0.001327 0.003341
4
278.778925 492.148867
5.295000 9.953000 12.082942 40 1
0.000000 0.000000 0.000000 0.000000 0.080222
0.001215 0.003505
4
239.602512 400.695850
5.295000 9.953000 12.082942 32 1
0.000000 0.000000 0.000000 0.000000 0.072079
-0.000062 0.003262
1
377.199319 135.212735
5.295000 9.953000 12.082942 30 2
0.065880 0.000000 0.000000 0.000000 0.038507
0.001893 -0.001536
4
375.283771 116.813388
5.295000 9.953000 12.082942 44 1
0.000000 0.000000 0.000000 0.000000 0.059561
0.001463 -0.001708
4
342.557597 121.919421
5.295000 9.953000 12.082942 57 1
0.000000 0.000000 0.000000 0.000000 0.045047
0.001387 -0.002221
1
458.109091 119.172294
5.295000 9.953000 12.082942 30 2
0.065880 0.000000 0.000000 0.000000 0.218696
0.001716 -0.003524
4
239.024323 433.101516
5.295000 9.953000 12.082942 32 1
0.000000 0.000000 0.000000 0.000000 0.060986
-0.000535 0.003634
1
242.569289 96.703546
5.295000 9.953000 12.082942 31 2
0.065880 0.000000 0.000000 0.000000 0.044376
-0.001350 -0.002569
1
360.520993 398.682571
5.295000 9.953000 12.082942 31 2
0.065880 0.000000 0.000000 0.000000 0.037759
0.001803 0.003263
4
71.115552 363.142884
5.295000 9.953000 12.082942 53 1
0.000000 0.000000 0.000000 0.000000 0.074016
-0.002903 0.001596
4
27.307015 194.859430
5.295000 9.953000 12.082942 46 1
0.000000 0.000000 0.000000 0.000000 0.053204
-0.003443 -0.000931
1
418.119895 190.411856
5.295000 9.953000 12.082942 32 2
0.065880 0.000000 0.000000 0.000000 0.033399
-0.000151 -0.002717
1
373.139170 253.102021
5.295000 9.953000 12.082942 32 2
0.065880 0.000000 0.000000 0.000000 0.036949
0.003470 -0.000869
1
331.647858 63.411472
5.295000 9.953000 12.082942 57 2
0.065880 0.000000 0.000000 0.000000 0.076791
0.001171 -0.002697
4
151.222386 111.192192
5.295000 9.953000 12.082942 44 1
0.000000 0.000000 0.000000 0.000000 0.068025
-0.003399 -0.000645
1
313.120400 94.201264
5.295000 9.953000 12.082942 32 2
0.065880 0.000000 0.000000 0.000000 0.040116
0.002342 -0.001856
1
463.942709 345.513328
5.295000 9.953000 12.082942 32 2
0.065880 0.000000 0.000000 0.000000 0.053275
0.001948 0.001517
1
345.499860 75.747152
5.295000 9.953000 12.082942 32 2
0.065880 0.000000 0.000000 0.000000 0.063199
0.002752 -0.003627
4
327.517781 476.912487
5.295000 9.953000 12.082942 53 1
0.000000 0.000000 0.000000 0.000000 0.085025
-0.000859 0.003021
1
119.330731 73.554276
5.295000 9.953000 12.082942 33 2
0.065880 0.000000 0.000000 0.000000 0.092415
-0.002225 -0.001454
4
220.954047 45.098992
5.295000 9.953000 12.082942 62 1
0.000000 0.000000 0.000000 0.000000 0.058380
0.000740 -0.004207
1
160.533218 196.800318
5.295000 9.953000 12.082942 34 2
0.065880 0.000000 0.000000 0.000000 0.034296
-0.001811 -0.000956
1
462.669215 295.512012
5.295000 9.953000 12.082942 34 2
0.065880 0.000000 0.000000 0.000000 0.044835
0.002900 0.001943
4
86.547717 352.872145
5.295000 9.953000 12.082942 42 1
0.000000 0.000000 0.000000 0.000000 0.051700
-0.002802 0.001519
1
231.255577 322.028815
5.295000 9.953000 12.082942 35 2
0.065880 0.000000 0.000000 0.000000 0.028746
0.001518 0.002047
1
316.922222 422.994017
5.295000 9.953000 12.082942 35 2
0.065880 0.000000 0.000000 0.000000 0.035719
0.001657 0.002347
4
145.340747 394.344034
5.295000 9.953000 12.082942 40 1
0.000000 0.000000 0.000000 0.000000 0.071755
-0.001792 0.002499
1
281.260876 102.941638
5.295000 9.953000 12.082942 35 2
0.065880 0.000000 0.000000 0.000000 0.039279
0.000547 -0.003429
1
305.007575 387.046465
5.295000 9.953000 12.082942 35 2
0.065880 0.000000 0.000000 0.000000 0.040169
0.001519 0.002479
1
174.558602 414.900796
5.295000 9.953000 12.082942 35 2
0.065880 0.000000 0.000000 0.000000 0.026804
-0.001152 0.001974
1
41.824130 127.541877
5.295000 9.953000 12.082942 36 2
0.065880 0.000000 0.000000 0.000000 0.208473
-0.004005 -0.002199
4
168.173258 365.547787
5.295000 9.953000 12.082942 57 1
0.000000 0.000000 0.000000 0.000000 0.051989
-0.001209 0.002069
4
269.133524 116.710743
5.295000 9.953000 12.082942 47 1
0.000000 0.000000 0.000000 0.000000 0.053943
0.000293 -0.002893
1
111.698374 251.960995
5.295000 9.953000 12.082942 36 2
0.065880 0.000000 0.000000 0.000000 0.026351
-0.002112 0.000089
1
397.638684 280.685944
5.295000 9.953000 12.082942 37 2
0.065880 0.000000 0.000000 0.000000 0.031322
0.003339 -0.000111
4
288.162839 445.766941
5.295000 9.953000 12.082942 50 1
0.000000 0.000000 0.000000 0.000000 0.038241
0.001830 0.002669
4
342.960357 289.617256
5.295000 9.953000 12.082942 59 1
0.000000 0.000000 0.000000 0.000000 0.043719
0.002521 -0.004137
4
223.671540 93.749403
5.295000 9.953000 12.082942 55 1
0.000000 0.000000 0.000000 0.000000 0.045540
-0.001238 -0.002022
4
385.517772 419.487987
5.295000 9.953000 12.082942 49 1
0.000000 0.000000 0.000000 0.000000 0.056525
0.001624 0.004383
4
265.346230 67.859532
5.295000 9.953000 12.082942 52 1
0.000000 0.000000 0.000000 0.000000 0.080954
-0.000719 -0.003329
1
385.306484 370.775800
5.295000 9.953000 12.082942 39 2
0.065880 0.000000 0.000000 0.000000 0.055341
0.003206 0.003688
4
53.783421 335.324137
5.295000 9.953000 12.082942 56 1
0.000000 0.000000 0.000000 0.000000 0.066943
-0.003231 0.001140
4
344.195328 241.793660
5.295000 9.953000 12.082942 52 1
0.000000 0.000000 0.000000 0.000000 0.073842
0.001082 0.000913
4
213.712625 207.791159
5.295000 9.953000 12.082942 64 1
0.000000 0.000000 0.000000 0.000000 0.053411
0.001359 -0.002856
4
141.356354 290.379878
5.295000 9.953000 12.082942 50 1
0.000000 0.000000 0.000000 0.000000 0.043043
-0.001343 0.000716
4
457.368039 313.343388
5.295000 9.953000 12.082942 50 1
0.000000 0.000000 0.000000 0.000000 0.049090
0.002922 0.001742
1
183.176167 85.661788
5.295000 9.953000 12.082942 40 2
0.065880 0.000000 0.000000 0.000000 0.039657
0.000708 -0.002903
4
134.224031 443.618131
5.295000 9.953000 12.082942 57 1
0.000000 0.000000 0.000000 0.000000 0.099541
-0.000425 0.003241
4
74.513152 126.479609
5.295000 9.953000 12.082942 46 1
0.000000 0.000000 0.000000 0.000000 0.078419
-0.003758 -0.002002
4
416.075872 275.934659
5.295000 9.953000 12.082942 48 1
0.000000 0.000000 0.000000 0.000000 0.068076
0.003764 -0.000573
4
463.939296 183.022986
5.295000 9.953000 12.082942 64 1
0.000000 0.000000 0.000000 0.000000 0.070421
0.006040 0.002098
4
253.936195 304.848778
5.295000 9.953000 12.082942 61 1
0.000000 0.000000 0.000000 0.000000 0.033097
0.001529 0.002905
1
227.673676 62.744418
5.295000 9.953000 12.082942 41 2
0.065880 0.000000 0.000000 0.000000 0.036698
0.001001 -0.004459
4
151.368592 92.829151
5.295000 9.953000 12.082942 57 1
0.000000 0.000000 0.000000 0.000000 0.049265
-0.000143 -0.001350
4
67.125252 287.038645
5.295000 9.953000 12.082942 43 1
0.000000 0.000000 0.000000 0.000000 0.083528
-0.003480 0.000401
4
202.528818 41.652407
5.295000 9.953000 12.082942 56 1
0.000000 0.000000 0.000000 0.000000 0.063190
0.000875 -0.003117
4
318.370440 181.296275
5.295000 9.953000 12.082942 46 1
0.000000 0.000000 0.000000 0.000000 0.049572
0.001875 -0.001779
4
232.451144 163.221686
5.295000 9.953000 12.082942 43 1
0.000000 0.000000 0.000000 0.000000 0.057292
-0.001115 -0.000319
4
280.385566 152.094535
5.295000 9.953000 12.082942 50 1
0.000000 0.000000 0.000000 0.000000 0.037504
0.000590 -0.002280
1
26.244732 156.831639
5.295000 9.953000 12.082942 41 2
0.065880 0.000000 0.000000 0.000000 0.226016
-0.004378 -0.001407
1
361.806942 42.687318
5.295000 9.953000 12.082942 41 2
0.065880 0.000000 0.000000 0.000000 0.102104
0.001214 -0.005177
4
26.728549 175.833922
5.295000 9.953000 12.082942 57 1
0.000000 0.000000 0.000000 0.000000 0.110304
-0.004035 -0.001135
4
161.786252 462.288050
5.295000 9.953000 12.082942 46 1
0.000000 0.000000 0.000000 0.000000 0.125314
-0.001043 0.002429
1
210.480911 448.951682
5.295000 9.953000 12.082942 42 2
0.065880 0.000000 0.000000 0.000000 0.034551
-0.001216 0.003318
4
302.610891 342.579724
5.295000 9.953000 12.082942 43 1
0.000000 0.000000 0.000000 0.000000 0.084310
-0.000010 0.001464
1
418.628980 208.920803
5.295000 9.953000 12.082942 42 2
0.065880 0.000000 0.000000 0.000000 0.037783
0.006175 -0.002049
4
243.573991 483.732907
5.295000 9.953000 12.082942 52 1
0.000000 0.000000 0.000000 0.000000 0.072154
0.000436 0.003562
1
340.107811 32.384812
5.295000 9.953000 12.082942 43 2
0.065880 0.000000 0.000000 0.000000 0.113695
-0.000737 -0.003430
4
364.082229 164.503627
5.295000 9.953000 12.082942 45 1
0.000000 0.000000 0.000000 0.000000 0.062627
0.002023 -0.001110
4
75.964870 220.235641
5.295000 9.953000 12.082942 44 1
0.000000 0.000000 0.000000 0.000000 0.070104
-0.002642 -0.000845
4
222.009582 337.336758
5.295000 9.953000 12.082942 46 1
0.000000 0.000000 0.000000 0.000000 0.044921
-0.000543 0.002531
1
482.540680 341.115717
5.295000 9.953000 12.082942 44 2
0.065880 0.000000 0.000000 0.000000 0.129179
0.002382 0.002130
4
372.917051 384.819808
5.295000 9.953000 12.082942 47 1
0.000000 0.000000 0.000000 0.000000 0.063011
0.002043 0.001754
1
472.640722 259.608435
5.295000 9.953000 12.082942 45 2
0.065880 0.000000 0.000000 0.000000 0.073988
0.003513 0.002049
2
57.686587 98.627285
5.295000 9.953000 12.082942 58 1
0.065880 0.000000 0.000000 0.000000 0.417811
-0.003461 -0.002166
4
488.017176 213.753606
5.295000 9.953000 12.082942 49 1
0.000000 0.000000 0.000000 0.000000 0.094845
0.001994 -0.002825
4
385.353843 266.949843
5.295000 9.953000 12.082942 64 1
0.000000 0.000000 0.000000 0.000000 0.030841
0.003353 -0.000337
4
244.148079 290.013866
5.295000 9.953000 12.082942 49 1
0.000000 0.000000 0.000000 0.000000 0.053974
0.001680 0.002433
4
360.365001 350.555492
5.295000 9.953000 12.082942 55 1
0.000000 0.000000 0.000000 0.000000 0.074103
-0.000294 -0.018886
1
251.184721 33.275568
5.295000 9.953000 12.082942 46 2
0.065880 0.000000 0.000000 0.000000 0.078086
0.000355 -0.004588
4
340.921440 463.219231
5.295000 9.953000 12.082942 56 1
0.000000 0.000000 0.000000 0.000000 0.080121
0.003153 0.008897
4
103.012794 83.472757
5.295000 9.953000 12.082942 50 1
0.000000 0.000000 0.000000 0.000000 0.090907
-0.002611 -0.001568
1
362.994313 82.305929
5.295000 9.953000 12.082942 47 2
0.065880 0.000000 0.000000 0.000000 0.042910
0.003434 -0.003953
1
413.605120 169.193536
5.295000 9.953000 12.082942 47 2
0.065880 0.000000 0.000000 0.000000 0.032487
0.002368 -0.001429
4
288.732357 38.050304
5.295000 9.953000 12.082942 64 1
0.000000 0.000000 0.000000 0.000000 0.089085
0.000003 -0.003154
4
180.942570 463.758665
5.295000 9.953000 12.082942 50 1
0.000000 0.000000 0.000000 0.000000 0.092773
-0.001660 0.002426
1
300.526696 23.373046
5.295000 9.953000 12.082942 49 2
0.065880 0.000000 0.000000 0.000000 0.069638
0.000760 -0.002576
1
295.305628 55.257731
5.295000 9.953000 12.082942 49 2
0.065880 0.000000 0.000000 0.000000 0.080645
-0.000044 -0.002899
4
20.152178 318.843563
5.295000 9.953000 12.082942 64 1
0.000000 0.000000 0.000000 0.000000 0.117296
-0.003428 0.000606
1
334.866356 105.905869
5.295000 9.953000 12.082942 51 2
0.065880 0.000000 0.000000 0.000000 0.034368
0.002258 -0.003230
1
377.467142 235.845000
5.295000 9.953000 12.082942 52 2
0.065880 0.000000 0.000000 0.000000 0.055430
0.003239 -0.000201
1
323.876488 217.819612
5.295000 9.953000 12.082942 52 2
0.065880 0.000000 0.000000 0.000000 0.041377
0.000311 -0.000736
4
262.864522 18.394856
5.295000 9.953000 12.082942 61 1
0.000000 0.000000 0.000000 0.000000 0.151914
0.000484 -0.004521
4
445.152097 348.107630
5.295000 9.953000 12.082942 56 1
0.000000 0.000000 0.000000 0.000000 0.055102
0.001402 0.001133
1
390.216093 340.772243
5.295000 9.953000 12.082942 56 2
0.065880 0.000000 0.000000 0.000000 0.064453
0.007746 0.004782
1
345.088804 50.763639
5.295000 9.953000 12.082942 57 2
0.065880 0.000000 0.000000 0.000000 0.081963
0.001403 -0.003626
1
321.469800 27.480224
5.295000 9.953000 12.082942 58 2
0.065880 0.000000 0.000000 0.000000 0.088320
-0.001103 -0.002492
5
475.774731 164.731232
3.744130 7.037834 8.543930 55 1
0.065880 0.000000 0.000000 0.000000 0.161174
0.004355 0.005873
