500.000000 500.000000
695 32
112 695
2
365.007139 276.192945
5.295000 9.953000 12.082942 28 1
0.065880 0.000000 0.000000 0.000000 0.235317
-0.002175 0.006155
1
403.841199 393.300183
5.295000 9.953000 12.082942 0 1
0.065880 0.000000 0.000000 0.000000 0.168864
0.028673 -0.025179
1
343.191574 365.509589
5.295000 9.953000 12.082942 20 2
0.065880 0.000000 0.000000 0.000000 0.269664
0.004145 0.001964
1
214.522214 344.300486
5.295000 9.953000 12.082942 0 1
0.065880 0.000000 0.000000 0.000000 0.131817
-0.002769 0.011784
1
255.851964 420.671529
5.295000 9.953000 12.082942 31 2
0.065880 0.000000 0.000000 0.000000 0.142054
0.010077 0.008657
1
71.862908 335.535447
5.295000 9.953000 12.082942 24 2
0.065880 0.000000 0.000000 0.000000 0.157997
-0.020363 0.006930
1
330.908761 253.506521
5.295000 9.953000 12.082942 21 2
0.065880 0.000000 0.000000 0.000000 0.208646
-0.005716 -0.009201
1
190.777904 308.293466
5.295000 9.953000 12.082942 0 1
0.065880 0.000000 0.000000 0.000000 0.134256
-0.010540 0.019171
1
132.163198 343.048046
5.295000 9.953000 12.082942 29 2
0.065880 0.000000 0.000000 0.000000 0.118631
-0.015978 0.001688
1
271.748279 495.327340
5.295000 9.953000 12.082942 0 1
0.065880 0.000000 0.000000 0.000000 0.157220
-0.001669 0.014249
5
233.477269 63.958472
5.091141 9.569807 11.617745 16 1
0.065880 0.000000 0.000000 0.000000 0.260281
0.015973 0.000832
1
30.656799 207.556547
5.295000 9.953000 12.082942 32 2
0.065880 0.000000 0.000000 0.000000 0.158937
-0.014436 -0.004040
1
447.616690 166.982037
5.295000 9.953000 12.082942 23 2
0.065880 0.000000 0.000000 0.000000 0.213251
0.013371 -0.007696
5
248.373487 312.303761
4.982786 9.366132 11.370484 17 1
0.065880 0.000000 0.000000 0.000000 0.131334
0.004482 0.016990
5
142.071104 300.908626
4.352864 8.182070 9.933032 22 1
0.065880 0.000000 0.000000 0.000000 0.136809
-0.059081 0.082511
1
106.698533 144.873161
5.295000 9.953000 12.082942 29 2
0.065880 0.000000 0.000000 0.000000 0.135853
-0.004189 -0.001587
1
158.389080 434.370436
5.295000 9.953000 12.082942 22 2
0.065880 0.000000 0.000000 0.000000 0.249695
0.008354 0.006250
1
413.317256 131.742532
5.295000 9.953000 12.082942 0 1
0.065880 0.000000 0.000000 0.000000 0.148648
0.007224 -0.006953
5
34.844283 139.066180
4.869501 9.153191 11.111974 18 1
0.065880 0.000000 0.000000 0.000000 0.346246
-0.024018 -0.015230
1
359.974479 54.416119
5.295000 9.953000 12.082942 0 1
0.065880 0.000000 0.000000 0.000000 0.410364
0.007917 -0.033393
1
244.428974 138.993024
5.295000 9.953000 12.082942 19 2
0.065880 0.000000 0.000000 0.000000 0.235452
-0.001329 -0.001723
1
394.406781 292.755688
5.295000 9.953000 12.082942 0 1
0.065880 0.000000 0.000000 0.000000 0.256467
0.011283 0.002333
2
70.970556 424.066172
5.295000 9.953000 12.082942 29 1
0.065880 0.000000 0.000000 0.000000 0.512634
-0.010741 0.018552
5
258.152373 274.730406
3.744130 7.037834 8.543930 23 1
0.065880 0.000000 0.000000 0.000000 0.128459
0.025234 -0.089223
1
315.162409 139.479305
5.295000 9.953000 12.082942 23 2
0.065880 0.000000 0.000000 0.000000 0.161109
0.009314 -0.018336
1
299.108459 292.899678
5.295000 9.953000 12.082942 19 2
0.065880 0.000000 0.000000 0.000000 0.141548
0.015476 0.010495
1
239.841768 357.894897
5.295000 9.953000 12.082942 0 1
0.065880 0.000000 0.000000 0.000000 0.127340
-0.001641 0.007470
1
330.358439 428.447870
5.295000 9.953000 12.082942 30 2
0.065880 0.000000 0.000000 0.000000 0.165876
0.010444 -0.001488
1
197.000909 405.416388
5.295000 9.953000 12.082942 0 1
0.065880 0.000000 0.000000 0.000000 0.129303
-0.005570 0.013634
1
417.822089 185.293502
5.295000 9.953000 12.082942 32 2
0.065880 0.000000 0.000000 0.000000 0.152067
0.011789 -0.005920
1
430.983548 348.063536
5.295000 9.953000 12.082942 0 1
0.065880 0.000000 0.000000 0.000000 0.183462
0.013376 -0.001064
1
449.676588 221.666407
5.295000 9.953000 12.082942 23 2
0.065880 0.000000 0.000000 0.000000 0.265436
0.012023 -0.005450
1
44.814776 351.942068
5.295000 9.953000 12.082942 26 2
0.065880 0.000000 0.000000 0.000000 0.269304
-0.016766 0.007747
1
336.578803 445.371458
5.295000 9.953000 12.082942 0 1
0.065880 0.000000 0.000000 0.000000 0.138127
0.002217 0.006971
1
262.577167 445.868994
5.295000 9.953000 12.082942 23 2
0.065880 0.000000 0.000000 0.000000 0.145640
-0.003977 0.021421
1
311.529341 376.181739
5.295000 9.953000 12.082942 20 2
0.065880 0.000000 0.000000 0.000000 0.181870
0.006594 0.012101
5
382.427516 263.867384
4.750685 8.929853 10.840841 19 1
0.065880 0.000000 0.000000 0.000000 0.261863
0.018128 0.001047
1
75.749696 199.389822
5.295000 9.953000 12.082942 21 2
0.065880 0.000000 0.000000 0.000000 0.135223
-0.013070 -0.007702
1
248.253018 373.511849
5.295000 9.953000 12.082942 29 2
0.065880 0.000000 0.000000 0.000000 0.130969
-0.001492 0.006885
1
77.961208 217.018665
5.295000 9.953000 12.082942 21 2
0.065880 0.000000 0.000000 0.000000 0.139108
-0.015024 -0.001346
5
305.752461 392.372757
4.982786 9.366132 11.370484 17 1
0.065880 0.000000 0.000000 0.000000 0.195966
0.003288 0.015131
1
87.250673 172.920718
5.295000 9.953000 12.082942 0 1
0.065880 0.000000 0.000000 0.000000 0.118232
-0.011605 -0.012539
1
378.127421 242.907578
5.295000 9.953000 12.082942 20 2
0.065880 0.000000 0.000000 0.000000 0.256741
0.003864 -0.011237
1
116.133309 300.260299
5.295000 9.953000 12.082942 24 2
0.065880 0.000000 0.000000 0.000000 0.129529
-0.021073 -0.014599
1
207.390531 101.619121
5.295000 9.953000 12.082942 0 1
0.065880 0.000000 0.000000 0.000000 0.156821
0.002899 0.004862
1
347.659719 281.956860
5.295000 9.953000 12.082942 0 1
0.065880 0.000000 0.000000 0.000000 0.190327
-0.009653 0.018655
1
368.019117 166.026236
5.295000 9.953000 12.082942 0 1
0.065880 0.000000 0.000000 0.000000 0.162675
0.013291 0.004970
1
287.499125 462.508180
5.295000 9.953000 12.082942 30 2
0.065880 0.000000 0.000000 0.000000 0.152018
0.011511 0.017014
1
254.768635 124.948999
5.295000 9.953000 12.082942 31 2
0.065880 0.000000 0.000000 0.000000 0.183026
-0.007417 -0.009325
1
223.401637 358.567125
5.295000 9.953000 12.082942 0 1
0.065880 0.000000 0.000000 0.000000 0.126376
-0.002970 0.010233
1
314.086867 203.088916
5.295000 9.953000 12.082942 0 1
0.065880 0.000000 0.000000 0.000000 0.203951
-0.015636 -0.013821
1
377.541927 296.369577
5.295000 9.953000 12.082942 20 2
0.065880 0.000000 0.000000 0.000000 0.179301
0.011102 0.002496
1
90.215923 145.832544
5.295000 9.953000 12.082942 20 2
0.065880 0.000000 0.000000 0.000000 0.133348
-0.005430 -0.000114
1
306.283867 232.347401
5.295000 9.953000 12.082942 0 1
0.065880 0.000000 0.000000 0.000000 0.140229
0.008482 -0.002337
5
470.653534 274.303566
4.352864 8.182070 9.933032 22 1
0.065880 0.000000 0.000000 0.000000 0.336276
0.014696 -0.011711
1
49.351609 110.102133
5.295000 9.953000 12.082942 0 1
0.065880 0.000000 0.000000 0.000000 0.284524
-0.022178 -0.014909
2
367.792910 37.063020
5.295000 9.953000 12.082942 31 1
0.065880 0.000000 0.000000 0.000000 0.306858
-0.012350 0.001718
1
382.378778 154.489561
5.295000 9.953000 12.082942 28 2
0.065880 0.000000 0.000000 0.000000 0.135313
0.008716 -0.001694
1
161.693655 323.371795
5.295000 9.953000 12.082942 26 2
0.065880 0.000000 0.000000 0.000000 0.134450
-0.000400 0.008318
1
138.615657 208.027041
5.295000 9.953000 12.082942 26 2
0.065880 0.000000 0.000000 0.000000 0.117008
-0.005315 0.000380
4
256.775992 358.130607
5.295000 9.953000 12.082942 32 1
0.000000 0.000000 0.000000 0.000000 0.122963
-0.000605 0.004187
1
412.184366 94.429574
5.295000 9.953000 12.082942 31 2
0.065880 0.000000 0.000000 0.000000 0.194603
0.001033 -0.007005
1
161.280672 468.349887
5.295000 9.953000 12.082942 26 2
0.065880 0.000000 0.000000 0.000000 0.218724
-0.017162 0.013684
2
246.354431 295.585884
5.295000 9.953000 12.082942 28 1
0.065880 0.000000 0.000000 0.000000 0.125870
0.028998 -0.009661
1
26.536816 225.127035
5.295000 9.953000 12.082942 21 2
0.065880 0.000000 0.000000 0.000000 0.157213
-0.010054 -0.000767
1
111.685067 113.822539
5.295000 9.953000 12.082942 20 2
0.065880 0.000000 0.000000 0.000000 0.159187
-0.006704 -0.005120
1
296.447677 478.280755
5.295000 9.953000 12.082942 20 2
0.065880 0.000000 0.000000 0.000000 0.154772
0.004788 0.023520
1
397.627250 357.504475
5.295000 9.953000 12.082942 27 2
0.065880 0.000000 0.000000 0.000000 0.284388
0.007848 -0.001024
1
467.590039 197.053313
5.295000 9.953000 12.082942 21 2
0.065880 0.000000 0.000000 0.000000 0.298475
0.018867 0.009001
5
32.210420 154.360709
4.352864 8.182070 9.933032 22 1
0.065880 0.000000 0.000000 0.000000 0.275487
-0.023902 -0.011784
1
36.712496 335.680060
5.295000 9.953000 12.082942 30 2
0.065880 0.000000 0.000000 0.000000 0.349832
-0.018925 0.007439
1
52.036317 385.104342
5.295000 9.953000 12.082942 0 1
0.065880 0.000000 0.000000 0.000000 0.266777
-0.014196 0.011925
1
146.881835 368.498834
5.295000 9.953000 12.082942 29 2
0.065880 0.000000 0.000000 0.000000 0.121226
-0.006466 0.006221
2
165.232402 451.076403
5.295000 9.953000 12.082942 24 1
0.065880 0.000000 0.000000 0.000000 0.216195
0.013551 0.013177
1
178.852107 123.322756
5.295000 9.953000 12.082942 0 1
0.065880 0.000000 0.000000 0.000000 0.126360
0.009375 -0.009125
5
449.394739 299.708727
4.352864 8.182070 9.933032 22 1
0.065880 0.000000 0.000000 0.000000 0.303893
0.008348 0.013122
1
171.247507 389.247912
5.295000 9.953000 12.082942 25 2
0.065880 0.000000 0.000000 0.000000 0.125756
-0.004716 0.007683
1
100.381631 310.016319
5.295000 9.953000 12.082942 19 2
0.065880 0.000000 0.000000 0.000000 0.126314
-0.018160 -0.005777
1
116.441576 73.494419
5.295000 9.953000 12.082942 0 1
0.065880 0.000000 0.000000 0.000000 0.201816
-0.007070 -0.014678
1
81.355921 252.113749
5.295000 9.953000 12.082942 19 2
0.065880 0.000000 0.000000 0.000000 0.126906
-0.020168 0.012541
5
223.604087 4.612235
4.493375 8.446188 10.253672 21 1
0.065880 0.000000 0.000000 0.000000 0.233143
-0.005081 -0.020880
5
215.113828 87.702055
3.744130 7.037834 8.543930 23 1
0.065880 0.000000 0.000000 0.000000 0.282788
-0.017410 0.041426
1
79.140233 158.446939
5.295000 9.953000 12.082942 24 2
0.065880 0.000000 0.000000 0.000000 0.126036
-0.017943 -0.011207
1
161.007763 305.122457
5.295000 9.953000 12.082942 26 2
0.065880 0.000000 0.000000 0.000000 0.143858
-0.036554 -0.017082
1
31.919655 258.520459
5.295000 9.953000 12.082942 0 1
0.065880 0.000000 0.000000 0.000000 0.135112
-0.011859 0.016017
2
183.640866 454.121773
5.295000 9.953000 12.082942 30 1
0.065880 0.000000 0.000000 0.000000 0.228289
0.008008 0.007510
1
386.900354 193.753867
5.295000 9.953000 12.082942 20 2
0.065880 0.000000 0.000000 0.000000 0.160710
0.005975 0.008023
1
130.787104 308.736375
5.295000 9.953000 12.082942 0 1
0.065880 0.000000 0.000000 0.000000 0.127549
0.068873 -0.045160
1
373.535013 206.417285
5.295000 9.953000 12.082942 25 2
0.065880 0.000000 0.000000 0.000000 0.183209
-0.000243 0.003351
1
201.969016 296.812480
5.295000 9.953000 12.082942 28 2
0.065880 0.000000 0.000000 0.000000 0.135239
-0.010272 0.004695
2
204.279039 421.496250
5.295000 9.953000 12.082942 24 1
0.065880 0.000000 0.000000 0.000000 0.136646
0.004818 0.011631
2
178.613391 21.257321
5.295000 9.953000 12.082942 26 1
0.065880 0.000000 0.000000 0.000000 0.243520
-0.003210 -0.019707
1
264.420807 251.144119
5.295000 9.953000 12.082942 0 1
0.065880 0.000000 0.000000 0.000000 0.153189
0.006641 -0.008591
1
451.328855 372.747746
5.295000 9.953000 12.082942 21 2
0.065880 0.000000 0.000000 0.000000 0.238007
0.008694 0.003692
1
363.213265 397.530000
5.295000 9.953000 12.082942 31 2
0.065880 0.000000 0.000000 0.000000 0.169750
0.003635 0.010771
5
180.730667 345.321042
4.869501 9.153191 11.111974 18 1
0.065880 0.000000 0.000000 0.000000 0.148083
-0.007036 0.004813
1
397.377735 105.449778
5.295000 9.953000 12.082942 26 2
0.065880 0.000000 0.000000 0.000000 0.225694
0.001057 -0.003560
1
289.611855 276.865086
5.295000 9.953000 12.082942 0 1
0.065880 0.000000 0.000000 0.000000 0.151629
-0.010267 0.010262
1
414.021072 149.665126
5.295000 9.953000 12.082942 23 2
0.065880 0.000000 0.000000 0.000000 0.139002
0.006827 -0.007206
1
115.516872 281.921361
5.295000 9.953000 12.082942 25 2
0.065880 0.000000 0.000000 0.000000 0.146190
-0.000996 0.006274
5
467.283546 346.085175
5.195070 9.765163 11.854907 15 1
0.065880 0.000000 0.000000 0.000000 0.211923
0.016215 0.002573
1
372.200448 184.036865
5.295000 9.953000 12.082942 25 2
0.065880 0.000000 0.000000 0.000000 0.146933
0.011386 -0.001397
1
482.763037 336.278576
5.295000 9.953000 12.082942 32 2
0.065880 0.000000 0.000000 0.000000 0.289020
0.016095 -0.004066
1
371.161378 330.216783
5.295000 9.953000 12.082942 19 2
0.065880 0.000000 0.000000 0.000000 0.339488
-0.001851 0.002231
1
121.582078 424.788778
5.295000 9.953000 12.082942 0 1
0.065880 0.000000 0.000000 0.000000 0.151332
-0.008066 0.017649
1
383.834208 436.171033
5.295000 9.953000 12.082942 25 2
0.065880 0.000000 0.000000 0.000000 0.156981
0.013582 0.019350
1
105.390388 417.292433
5.295000 9.953000 12.082942 25 2
0.065880 0.000000 0.000000 0.000000 0.171577
-0.010445 0.011631
1
158.170893 231.029951
5.295000 9.953000 12.082942 21 2
0.065880 0.000000 0.000000 0.000000 0.113577
-0.003743 -0.001589
1
446.666879 148.313861
5.295000 9.953000 12.082942 21 2
0.065880 0.000000 0.000000 0.000000 0.200509
0.007006 -0.006741
1
432.543460 367.101168
5.295000 9.953000 12.082942 21 2
0.065880 0.000000 0.000000 0.000000 0.203650
0.008442 0.005288
1
273.616503 58.176709
5.295000 9.953000 12.082942 0 1
0.065880 0.000000 0.000000 0.000000 0.591376
0.001897 -0.019588
1
44.817482 219.867232
5.295000 9.953000 12.082942 20 2
0.065880 0.000000 0.000000 0.000000 0.137621
-0.008355 -0.013457
1
318.555555 219.502781
5.295000 9.953000 12.082942 19 2
0.065880 0.000000 0.000000 0.000000 0.202534
0.003092 0.000039
1
189.751078 265.677455
5.295000 9.953000 12.082942 0 1
0.065880 0.000000 0.000000 0.000000 0.110683
-0.002022 0.001551
5
42.695773 125.502422
4.352864 8.182070 9.933032 22 1
0.065880 0.000000 0.000000 0.000000 0.350103
-0.017763 -0.011778
1
256.485215 388.933514
5.295000 9.953000 12.082942 30 2
0.065880 0.000000 0.000000 0.000000 0.126838
0.001483 0.006662
1
79.972538 95.875943
5.295000 9.953000 12.082942 0 1
0.065880 0.000000 0.000000 0.000000 0.197864
-0.009968 -0.014265
1
259.804525 235.239386
5.295000 9.953000 12.082942 27 2
0.065880 0.000000 0.000000 0.000000 0.126144
-0.002692 0.004922
1
247.729729 436.285656
5.295000 9.953000 12.082942 19 2
0.065880 0.000000 0.000000 0.000000 0.143411
0.004412 0.008247
5
391.230810 88.705907
4.982786 9.366132 11.370484 17 1
0.065880 0.000000 0.000000 0.000000 0.192888
0.004321 -0.005955
2
317.322652 440.479682
5.295000 9.953000 12.082942 29 1
0.065880 0.000000 0.000000 0.000000 0.157552
0.017338 0.010085
1
301.358430 17.775503
5.295000 9.953000 12.082942 0 1
0.065880 0.000000 0.000000 0.000000 0.277620
0.001496 -0.001758
1
300.542318 262.702108
5.295000 9.953000 12.082942 24 2
0.065880 0.000000 0.000000 0.000000 0.141998
-0.002228 0.001984
1
464.488300 307.117934
5.295000 9.953000 12.082942 0 1
0.065880 0.000000 0.000000 0.000000 0.220305
0.013318 -0.001820
1
242.295137 23.365368
5.295000 9.953000 12.082942 19 2
0.065880 0.000000 0.000000 0.000000 0.394661
0.013022 -0.010167
1
117.115692 54.983547
5.295000 9.953000 12.082942 29 2
0.065880 0.000000 0.000000 0.000000 0.312744
-0.009097 -0.016969
1
108.831385 212.499517
5.295000 9.953000 12.082942 25 2
0.065880 0.000000 0.000000 0.000000 0.115636
-0.011296 0.002945
1
166.906277 50.916188
5.295000 9.953000 12.082942 27 2
0.065880 0.000000 0.000000 0.000000 0.150134
-0.011225 -0.018990
1
386.226010 394.638008
5.295000 9.953000 12.082942 24 2
0.065880 0.000000 0.000000 0.000000 0.146852
0.026160 0.006650
5
164.773574 185.327460
5.091141 9.569807 11.617745 16 1
0.065880 0.000000 0.000000 0.000000 0.114298
-0.020077 -0.019762
1
359.746375 196.042286
5.295000 9.953000 12.082942 21 2
0.065880 0.000000 0.000000 0.000000 0.168220
0.005980 -0.004615
1
8.057364 230.754635
5.295000 9.953000 12.082942 19 2
0.065880 0.000000 0.000000 0.000000 0.178747
-0.010216 0.011060
1
290.333929 181.335212
5.295000 9.953000 12.082942 0 1
0.065880 0.000000 0.000000 0.000000 0.134284
-0.002645 -0.007229
1
255.235605 92.674435
5.295000 9.953000 12.082942 27 2
0.065880 0.000000 0.000000 0.000000 0.213779
0.018054 0.005322
2
222.706212 319.779776
5.295000 9.953000 12.082942 26 1
0.065880 0.000000 0.000000 0.000000 0.122024
0.003710 -0.000777
1
181.433001 39.329435
5.295000 9.953000 12.082942 26 2
0.065880 0.000000 0.000000 0.000000 0.149702
-0.006647 -0.026419
1
12.804844 258.238455
5.295000 9.953000 12.082942 23 2
0.065880 0.000000 0.000000 0.000000 0.149049
-0.016649 -0.000106
1
47.192755 270.305321
5.295000 9.953000 12.082942 26 2
0.065880 0.000000 0.000000 0.000000 0.154076
0.007151 0.006501
1
373.716811 452.108304
5.295000 9.953000 12.082942 0 1
0.065880 0.000000 0.000000 0.000000 0.217397
0.006886 0.016919
1
289.329724 228.417297
5.295000 9.953000 12.082942 22 2
0.065880 0.000000 0.000000 0.000000 0.134832
0.003567 -0.004544
1
50.915401 288.185984
5.295000 9.953000 12.082942 23 2
0.065880 0.000000 0.000000 0.000000 0.138297
-0.012063 0.011995
5
284.502617 129.872368
4.869501 9.153191 11.111974 18 1
0.065880 0.000000 0.000000 0.000000 0.145878
0.004508 -0.014567
1
143.946050 279.358197
5.295000 9.953000 12.082942 29 2
0.065880 0.000000 0.000000 0.000000 0.134991
-0.010080 -0.021778
4
265.297249 373.442147
5.295000 9.953000 12.082942 31 1
0.000000 0.000000 0.000000 0.000000 0.130022
-0.002487 0.003802
1
212.803057 35.780895
5.295000 9.953000 12.082942 0 1
0.065880 0.000000 0.000000 0.000000 0.173629
0.003652 -0.011945
1
138.584210 156.282097
5.295000 9.953000 12.082942 26 2
0.065880 0.000000 0.000000 0.000000 0.131917
0.002080 0.004585
1
230.713980 405.235275
5.295000 9.953000 12.082942 0 1
0.065880 0.000000 0.000000 0.000000 0.124910
0.001691 0.009626
1
64.720815 262.601632
5.295000 9.953000 12.082942 0 1
0.065880 0.000000 0.000000 0.000000 0.124298
0.008840 -0.013663
1
181.397727 141.018499
5.295000 9.953000 12.082942 0 1
0.065880 0.000000 0.000000 0.000000 0.122253
-0.011839 -0.001981
1
255.536512 327.992740
5.295000 9.953000 12.082942 21 2
0.065880 0.000000 0.000000 0.000000 0.158306
0.004469 0.003899
1
226.100098 134.306793
5.295000 9.953000 12.082942 29 2
0.065880 0.000000 0.000000 0.000000 0.240699
-0.013773 -0.009401
1
409.124043 417.555920
5.295000 9.953000 12.082942 0 1
0.065880 0.000000 0.000000 0.000000 0.157954
0.011800 0.001687
1
367.341352 225.864573
5.295000 9.953000 12.082942 20 2
0.065880 0.000000 0.000000 0.000000 0.237862
0.000668 -0.013772
1
226.802824 226.860292
5.295000 9.953000 12.082942 20 2
0.065880 0.000000 0.000000 0.000000 0.151642
0.002790 -0.001709
5
315.596036 293.603592
4.625609 8.694746 10.555422 20 1
0.065880 0.000000 0.000000 0.000000 0.135133
0.023227 -0.016468
1
280.164859 312.833119
5.295000 9.953000 12.082942 21 2
0.065880 0.000000 0.000000 0.000000 0.197989
0.002017 -0.007963
1
323.017780 236.333764
5.295000 9.953000 12.082942 20 2
0.065880 0.000000 0.000000 0.000000 0.180109
0.008379 -0.003140
1
103.916514 177.787089
5.295000 9.953000 12.082942 0 1
0.065880 0.000000 0.000000 0.000000 0.119232
-0.009478 0.001918
5
189.520556 88.413616
4.352864 8.182070 9.933032 22 1
0.065880 0.000000 0.000000 0.000000 0.145846
0.055620 0.116938
1
154.742413 213.825553
5.295000 9.953000 12.082942 0 1
0.065880 0.000000 0.000000 0.000000 0.112949
-0.003960 -0.005116
5
156.246561 415.517358
4.352864 8.182070 9.933032 22 1
0.065880 0.000000 0.000000 0.000000 0.146507
-0.011532 0.021870
5
224.190952 117.049283
4.625609 8.694746 10.555422 20 1
0.065880 0.000000 0.000000 0.000000 0.220599
0.005783 -0.033980
1
146.745356 350.406203
5.295000 9.953000 12.082942 23 2
0.065880 0.000000 0.000000 0.000000 0.121237
-0.014497 0.003168
1
133.801076 395.150264
5.295000 9.953000 12.082942 21 2
0.065880 0.000000 0.000000 0.000000 0.136870
-0.011000 0.008674
1
391.764485 412.294769
5.295000 9.953000 12.082942 0 1
0.065880 0.000000 0.000000 0.000000 0.141334
0.007883 0.013296
1
116.483279 317.849947
5.295000 9.953000 12.082942 0 1
0.065880 0.000000 0.000000 0.000000 0.120179
-0.046657 0.019003
1
238.207322 96.103943
5.295000 9.953000 12.082942 0 1
0.065880 0.000000 0.000000 0.000000 0.289277
-0.020064 -0.028100
1
235.628619 499.287760
5.295000 9.953000 12.082942 0 1
0.065880 0.000000 0.000000 0.000000 0.151753
-0.004273 0.012357
4
65.618730 279.607413
5.295000 9.953000 12.082942 31 1
0.000000 0.000000 0.000000 0.000000 0.143619
-0.013357 -0.004958
1
214.525481 374.131878
5.295000 9.953000 12.082942 0 1
0.065880 0.000000 0.000000 0.000000 0.139947
-0.001887 0.010968
1
299.309049 410.045767
5.295000 9.953000 12.082942 0 1
0.065880 0.000000 0.000000 0.000000 0.178834
0.004752 0.003860
5
164.221873 95.255284
3.744130 7.037834 8.543930 23 1
0.065880 0.000000 0.000000 0.000000 0.135012
0.079673 -0.094365
1
331.804325 206.105818
5.295000 9.953000 12.082942 19 2
0.065880 0.000000 0.000000 0.000000 0.261609
-0.016285 -0.003612
5
78.594909 285.530073
3.744130 7.037834 8.543930 23 1
0.065880 0.000000 0.000000 0.000000 0.123988
-0.036066 0.008942
1
367.170223 347.143830
5.295000 9.953000 12.082942 0 1
0.065880 0.000000 0.000000 0.000000 0.470405
0.003703 0.002113
1
461.744662 288.421361
5.295000 9.953000 12.082942 0 1
0.065880 0.000000 0.000000 0.000000 0.262854
0.009592 -0.003765
1
350.682048 229.465040
5.295000 9.953000 12.082942 32 2
0.065880 0.000000 0.000000 0.000000 0.245925
0.005929 -0.007638
2
231.348012 467.564679
5.295000 9.953000 12.082942 25 1
0.065880 0.000000 0.000000 0.000000 0.142162
0.003283 0.011781
1
268.987039 462.634038
5.295000 9.953000 12.082942 21 2
0.065880 0.000000 0.000000 0.000000 0.142388
0.007695 0.016464
1
448.084768 203.199455
5.295000 9.953000 12.082942 22 2
0.065880 0.000000 0.000000 0.000000 0.230016
-0.000379 -0.006593
2
349.054724 348.093617
5.295000 9.953000 12.082942 28 1
0.065880 0.000000 0.000000 0.000000 0.301945
0.001791 0.000186
4
172.215448 261.753117
5.295000 9.953000 12.082942 32 1
0.000000 0.000000 0.000000 0.000000 0.113944
0.004804 0.003900
1
259.845246 172.910631
5.295000 9.953000 12.082942 19 2
0.065880 0.000000 0.000000 0.000000 0.138090
0.003908 -0.002284
1
312.454338 309.602279
5.295000 9.953000 12.082942 0 1
0.065880 0.000000 0.000000 0.000000 0.142234
0.003112 -0.012235
4
152.214514 196.790066
5.295000 9.953000 12.082942 29 1
0.000000 0.000000 0.000000 0.000000 0.126293
-0.006494 -0.005429
1
208.820741 329.507326
5.295000 9.953000 12.082942 27 2
0.065880 0.000000 0.000000 0.000000 0.123926
0.005794 0.007060
1
262.426591 141.461181
5.295000 9.953000 12.082942 0 1
0.065880 0.000000 0.000000 0.000000 0.150851
-0.000171 -0.008487
1
36.392230 368.566572
5.295000 9.953000 12.082942 22 2
0.065880 0.000000 0.000000 0.000000 0.453098
-0.019757 0.003365
5
32.462433 169.635985
4.750685 8.929853 10.840841 19 1
0.065880 0.000000 0.000000 0.000000 0.195782
-0.013242 -0.006468
1
176.503374 437.204966
5.295000 9.953000 12.082942 0 1
0.065880 0.000000 0.000000 0.000000 0.161704
0.005046 0.002021
1
423.071622 316.621428
5.295000 9.953000 12.082942 0 1
0.065880 0.000000 0.000000 0.000000 0.320958
-0.009527 -0.001461
1
169.335127 68.574284
5.295000 9.953000 12.082942 0 1
0.065880 0.000000 0.000000 0.000000 0.143626
-0.007423 -0.022130
1
194.100745 437.652880
5.295000 9.953000 12.082942 19 2
0.065880 0.000000 0.000000 0.000000 0.151340
0.005160 0.016565
1
331.715847 31.282290
5.295000 9.953000 12.082942 26 2
0.065880 0.000000 0.000000 0.000000 0.307712
0.001111 -0.001516
1
86.943816 374.956032
5.295000 9.953000 12.082942 23 2
0.065880 0.000000 0.000000 0.000000 0.156519
-0.013525 0.008393
1
112.676278 246.909733
5.295000 9.953000 12.082942 25 2
0.065880 0.000000 0.000000 0.000000 0.129946
-0.006166 -0.001046
1
418.613311 334.595800
5.295000 9.953000 12.082942 26 2
0.065880 0.000000 0.000000 0.000000 0.229611
0.007616 0.005555
1
201.432303 252.717659
5.295000 9.953000 12.082942 20 2
0.065880 0.000000 0.000000 0.000000 0.119465
0.005978 -0.007952
1
140.294135 75.198127
5.295000 9.953000 12.082942 21 2
0.065880 0.000000 0.000000 0.000000 0.144044
-0.009325 -0.012253
1
242.609758 277.359837
5.295000 9.953000 12.082942 21 2
0.065880 0.000000 0.000000 0.000000 0.126165
0.015183 0.003481
1
231.158990 38.049470
5.295000 9.953000 12.082942 26 2
0.065880 0.000000 0.000000 0.000000 0.235624
0.006023 -0.022801
1
185.328219 158.293519
5.295000 9.953000 12.082942 24 2
0.065880 0.000000 0.000000 0.000000 0.114926
0.000710 -0.004340
1
82.066065 270.077000
5.295000 9.953000 12.082942 21 2
0.065880 0.000000 0.000000 0.000000 0.126568
-0.005140 0.009829
1
168.534395 152.516230
5.295000 9.953000 12.082942 0 1
0.065880 0.000000 0.000000 0.000000 0.116639
-0.000506 -0.005429
1
322.309174 388.664923
5.295000 9.953000 12.082942 22 2
0.065880 0.000000 0.000000 0.000000 0.188203
0.007286 0.014742
1
38.461068 300.530623
5.295000 9.953000 12.082942 19 2
0.065880 0.000000 0.000000 0.000000 0.233396
-0.024505 0.004967
1
233.162677 196.400380
5.295000 9.953000 12.082942 0 1
0.065880 0.000000 0.000000 0.000000 0.127303
0.001738 -0.001109
2
113.411732 95.077228
5.295000 9.953000 12.082942 29 1
0.065880 0.000000 0.000000 0.000000 0.202053
-0.009135 -0.010073
2
467.152283 326.059898
5.295000 9.953000 12.082942 26 1
0.065880 0.000000 0.000000 0.000000 0.176506
0.011321 0.003176
1
89.505159 427.211637
5.295000 9.953000 12.082942 28 2
0.065880 0.000000 0.000000 0.000000 0.254804
-0.012981 0.010019
1
419.850978 401.748183
5.295000 9.953000 12.082942 20 2
0.065880 0.000000 0.000000 0.000000 0.166950
0.012016 0.013746
1
430.947434 265.548910
5.295000 9.953000 12.082942 0 1
0.065880 0.000000 0.000000 0.000000 0.172022
0.025042 -0.004723
4
274.070046 357.840427
5.295000 9.953000 12.082942 30 1
0.000000 0.000000 0.000000 0.000000 0.134442
0.001464 0.000928
1
438.453068 403.639562
5.295000 9.953000 12.082942 20 2
0.065880 0.000000 0.000000 0.000000 0.232644
0.010330 0.011841
1
209.603576 177.612795
5.295000 9.953000 12.082942 26 2
0.065880 0.000000 0.000000 0.000000 0.116741
-0.003367 0.002589
1
222.647493 389.593747
5.295000 9.953000 12.082942 0 1
0.065880 0.000000 0.000000 0.000000 0.129213
-0.000762 0.010628
5
162.877590 375.056806
4.982786 9.366132 11.370484 17 1
0.065880 0.000000 0.000000 0.000000 0.122517
-0.001692 0.001130
1
238.896077 451.537293
5.295000 9.953000 12.082942 25 2
0.065880 0.000000 0.000000 0.000000 0.142579
0.005264 0.010972
1
307.731501 84.735683
5.295000 9.953000 12.082942 21 2
0.065880 0.000000 0.000000 0.000000 0.335663
0.003282 -0.015818
1
242.946531 230.760992
5.295000 9.953000 12.082942 0 1
0.065880 0.000000 0.000000 0.000000 0.133413
0.010362 0.011345
1
218.424554 301.832226
5.295000 9.953000 12.082942 0 1
0.065880 0.000000 0.000000 0.000000 0.120547
0.000362 -0.000771
5
427.603879 281.890018
5.091141 9.569807 11.617745 16 1
0.065880 0.000000 0.000000 0.000000 0.256454
0.003662 -0.007528
1
146.055543 27.268449
5.295000 9.953000 12.082942 19 2
0.065880 0.000000 0.000000 0.000000 0.585554
-0.009656 -0.016868
1
434.048453 85.486227
5.295000 9.953000 12.082942 21 2
0.065880 0.000000 0.000000 0.000000 0.382267
0.012310 -0.005798
1
254.920004 218.625241
5.295000 9.953000 12.082942 19 2
0.065880 0.000000 0.000000 0.000000 0.129328
0.001701 -0.005489
1
254.838669 64.659324
5.295000 9.953000 12.082942 0 1
0.065880 0.000000 0.000000 0.000000 0.283422
0.002217 -0.017589
1
220.205756 163.781375
5.295000 9.953000 12.082942 0 1
0.065880 0.000000 0.000000 0.000000 0.149585
0.005034 0.000911
1
341.641590 463.436541
5.295000 9.953000 12.082942 19 2
0.065880 0.000000 0.000000 0.000000 0.197206
0.007490 0.010202
1
445.337186 111.287856
5.295000 9.953000 12.082942 0 1
0.065880 0.000000 0.000000 0.000000 0.312312
0.005030 -0.007892
1
320.392009 15.710021
5.295000 9.953000 12.082942 0 1
0.065880 0.000000 0.000000 0.000000 0.329251
0.002125 -0.001369
1
261.638420 190.160009
5.295000 9.953000 12.082942 20 2
0.065880 0.000000 0.000000 0.000000 0.134900
0.029617 -0.012374
1
187.856208 219.248373
5.295000 9.953000 12.082942 23 2
0.065880 0.000000 0.000000 0.000000 0.136375
-0.004985 -0.000383
1
238.466259 325.996089
5.295000 9.953000 12.082942 21 2
0.065880 0.000000 0.000000 0.000000 0.124856
-0.000410 0.010888
1
445.273035 254.670339
5.295000 9.953000 12.082942 27 2
0.065880 0.000000 0.000000 0.000000 0.181617
0.019326 -0.010186
1
206.475321 358.863351
5.295000 9.953000 12.082942 0 1
0.065880 0.000000 0.000000 0.000000 0.142264
-0.003606 0.011120
5
74.182899 122.343870
4.352864 8.182070 9.933032 22 1
0.065880 0.000000 0.000000 0.000000 0.144935
-0.023050 -0.006550
1
269.509049 266.750916
5.295000 9.953000 12.082942 24 2
0.065880 0.000000 0.000000 0.000000 0.148087
-0.016959 0.014238
1
120.218611 183.585830
5.295000 9.953000 12.082942 0 1
0.065880 0.000000 0.000000 0.000000 0.134450
-0.013136 0.010395
1
128.275612 104.426470
5.295000 9.953000 12.082942 21 2
0.065880 0.000000 0.000000 0.000000 0.167824
-0.016136 -0.013581
1
163.882448 32.987894
5.295000 9.953000 12.082942 19 2
0.065880 0.000000 0.000000 0.000000 0.222570
-0.007120 -0.021522
1
406.232314 373.647405
5.295000 9.953000 12.082942 19 2
0.065880 0.000000 0.000000 0.000000 0.245512
0.010162 0.001141
1
250.757988 155.464580
5.295000 9.953000 12.082942 0 1
0.065880 0.000000 0.000000 0.000000 0.142301
0.000179 -0.002258
1
353.679369 330.060703
5.295000 9.953000 12.082942 19 2
0.065880 0.000000 0.000000 0.000000 0.246288
-0.000407 0.002878
1
365.468530 435.910521
5.295000 9.953000 12.082942 26 2
0.065880 0.000000 0.000000 0.000000 0.134221
0.014610 0.007180
1
132.460254 325.847918
5.295000 9.953000 12.082942 0 1
0.065880 0.000000 0.000000 0.000000 0.113713
-0.012549 0.012801
1
430.001623 139.520349
5.295000 9.953000 12.082942 28 2
0.065880 0.000000 0.000000 0.000000 0.150358
0.006964 -0.007433
1
346.778736 397.736172
5.295000 9.953000 12.082942 25 2
0.065880 0.000000 0.000000 0.000000 0.188502
0.003569 -0.002090
1
198.144051 190.877712
5.295000 9.953000 12.082942 23 2
0.065880 0.000000 0.000000 0.000000 0.121585
-0.004359 -0.000940
5
277.313937 74.107108
4.493375 8.446188 10.253672 21 1
0.065880 0.000000 0.000000 0.000000 0.331322
-0.003927 -0.014823
5
275.355155 434.829827
4.750685 8.929853 10.840841 19 1
0.065880 0.000000 0.000000 0.000000 0.143090
-0.009505 0.011198
1
396.989013 123.847639
5.295000 9.953000 12.082942 23 2
0.065880 0.000000 0.000000 0.000000 0.173753
0.007765 -0.004342
1
321.184698 96.146622
5.295000 9.953000 12.082942 32 2
0.065880 0.000000 0.000000 0.000000 0.252778
0.009212 -0.023556
1
135.386666 138.588355
5.295000 9.953000 12.082942 25 2
0.065880 0.000000 0.000000 0.000000 0.135489
-0.007137 -0.002840
1
349.487947 143.345333
5.295000 9.953000 12.082942 30 2
0.065880 0.000000 0.000000 0.000000 0.192506
0.005154 0.002732
1
135.433924 412.867783
5.295000 9.953000 12.082942 0 1
0.065880 0.000000 0.000000 0.000000 0.136092
-0.010430 0.013998
1
409.779054 242.588686
5.295000 9.953000 12.082942 21 2
0.065880 0.000000 0.000000 0.000000 0.217810
0.008045 0.001863
1
318.087790 265.255938
5.295000 9.953000 12.082942 19 2
0.065880 0.000000 0.000000 0.000000 0.137564
0.002633 0.002981
1
330.923106 403.167122
5.295000 9.953000 12.082942 20 2
0.065880 0.000000 0.000000 0.000000 0.177429
0.009160 0.016809
1
135.329579 57.787550
5.295000 9.953000 12.082942 0 1
0.065880 0.000000 0.000000 0.000000 0.193039
-0.009472 -0.012251
1
229.821996 243.355333
5.295000 9.953000 12.082942 23 2
0.065880 0.000000 0.000000 0.000000 0.134222
0.006938 0.001710
1
218.150151 255.901900
5.295000 9.953000 12.082942 25 2
0.065880 0.000000 0.000000 0.000000 0.118884
0.010216 0.000719
1
379.369585 120.092453
5.295000 9.953000 12.082942 26 2
0.065880 0.000000 0.000000 0.000000 0.206709
0.009022 -0.004929
1
176.250457 105.096933
5.295000 9.953000 12.082942 0 1
0.065880 0.000000 0.000000 0.000000 0.128898
-0.010619 -0.011563
4
224.644190 272.647253
5.295000 9.953000 12.082942 31 1
0.000000 0.000000 0.000000 0.000000 0.136891
0.009496 -0.000045
1
185.716637 73.038124
5.295000 9.953000 12.082942 20 2
0.065880 0.000000 0.000000 0.000000 0.156230
0.026924 -0.120692
1
427.517688 418.703040
5.295000 9.953000 12.082942 0 1
0.065880 0.000000 0.000000 0.000000 0.200780
0.012679 0.015550
1
303.195173 168.602862
5.295000 9.953000 12.082942 0 1
0.065880 0.000000 0.000000 0.000000 0.144224
0.019640 0.000136
2
59.897471 92.246068
5.295000 9.953000 12.082942 29 1
0.065880 0.000000 0.000000 0.000000 0.387542
-0.012447 -0.028768
1
350.873182 161.259562
5.295000 9.953000 12.082942 26 2
0.065880 0.000000 0.000000 0.000000 0.185607
0.017042 0.001048
1
464.530650 254.767426
5.295000 9.953000 12.082942 0 1
0.065880 0.000000 0.000000 0.000000 0.302812
0.009560 0.004537
5
120.309695 460.738790
4.493375 8.446188 10.253672 21 1
0.065880 0.000000 0.000000 0.000000 0.268262
-0.018511 0.022440
1
283.760050 258.366587
5.295000 9.953000 12.082942 28 2
0.065880 0.000000 0.000000 0.000000 0.170787
0.017613 -0.012125
1
413.309833 260.864467
5.295000 9.953000 12.082942 19 2
0.065880 0.000000 0.000000 0.000000 0.186852
0.023436 -0.001253
1
312.589324 487.892265
5.295000 9.953000 12.082942 0 1
0.065880 0.000000 0.000000 0.000000 0.189491
0.009519 0.013824
1
194.436017 237.447383
5.295000 9.953000 12.082942 0 1
0.065880 0.000000 0.000000 0.000000 0.131725
0.002476 -0.006751
1
286.610460 163.040292
5.295000 9.953000 12.082942 21 2
0.065880 0.000000 0.000000 0.000000 0.130842
-0.006312 -0.005241
1
127.376022 236.798043
5.295000 9.953000 12.082942 23 2
0.065880 0.000000 0.000000 0.000000 0.118585
-0.005745 -0.001155
1
16.950598 195.683340
5.295000 9.953000 12.082942 22 2
0.065880 0.000000 0.000000 0.000000 0.271057
-0.015016 -0.003063
1
203.424647 161.598633
5.295000 9.953000 12.082942 0 1
0.065880 0.000000 0.000000 0.000000 0.123800
-0.008545 -0.003254
1
300.892052 433.434424
5.295000 9.953000 12.082942 0 1
0.065880 0.000000 0.000000 0.000000 0.163416
0.007460 0.027284
1
16.893109 275.951711
5.295000 9.953000 12.082942 0 1
0.065880 0.000000 0.000000 0.000000 0.166792
-0.015605 0.004045
1
221.358982 421.216718
5.295000 9.953000 12.082942 22 2
0.065880 0.000000 0.000000 0.000000 0.132950
0.005421 0.009875
1
197.993880 146.486392
5.295000 9.953000 12.082942 23 2
0.065880 0.000000 0.000000 0.000000 0.127752
0.003138 0.019929
5
208.035425 59.989794
3.744130 7.037834 8.543930 23 1
0.065880 0.000000 0.000000 0.000000 0.220965
0.037092 -0.021132
1
344.797938 126.582464
5.295000 9.953000 12.082942 30 2
0.065880 0.000000 0.000000 0.000000 0.236021
0.021394 -0.002553
1
183.807723 249.792598
5.295000 9.953000 12.082942 23 2
0.065880 0.000000 0.000000 0.000000 0.116495
0.001622 -0.006298
1
212.407943 469.941372
5.295000 9.953000 12.082942 21 2
0.065880 0.000000 0.000000 0.000000 0.168588
0.002293 0.011475
1
165.363010 134.607171
5.295000 9.953000 12.082942 0 1
0.065880 0.000000 0.000000 0.000000 0.126333
-0.006599 -0.002308
1
18.945486 331.744650
5.295000 9.953000 12.082942 22 2
0.065880 0.000000 0.000000 0.000000 0.534340
-0.016949 -0.002124
1
152.073663 145.635132
5.295000 9.953000 12.082942 21 2
0.065880 0.000000 0.000000 0.000000 0.127422
-0.002400 -0.002853
1
192.478195 325.057246
5.295000 9.953000 12.082942 22 2
0.065880 0.000000 0.000000 0.000000 0.137132
0.006672 0.019569
1
149.598222 179.238961
5.295000 9.953000 12.082942 22 2
0.065880 0.000000 0.000000 0.000000 0.116463
-0.025772 -0.007008
1
71.818886 181.048653
5.295000 9.953000 12.082942 19 2
0.065880 0.000000 0.000000 0.000000 0.126060
0.008343 0.057935
1
202.299947 453.779087
5.295000 9.953000 12.082942 23 2
0.065880 0.000000 0.000000 0.000000 0.170430
0.005456 0.015825
2
487.399924 246.173993
5.295000 9.953000 12.082942 27 1
0.065880 0.000000 0.000000 0.000000 0.287038
0.000281 0.000237
1
190.360225 358.849898
5.295000 9.953000 12.082942 25 2
0.065880 0.000000 0.000000 0.000000 0.144829
-0.005969 0.008140
2
279.016574 31.309621
5.295000 9.953000 12.082942 31 1
0.065880 0.000000 0.000000 0.000000 0.583820
-0.001455 0.000804
1
59.066971 126.455239
5.295000 9.953000 12.082942 21 2
0.065880 0.000000 0.000000 0.000000 0.161747
-0.023014 -0.004635
5
374.802372 422.340851
4.625609 8.694746 10.555422 20 1
0.065880 0.000000 0.000000 0.000000 0.132531
0.029331 0.008503
1
116.626429 370.091510
5.295000 9.953000 12.082942 20 2
0.065880 0.000000 0.000000 0.000000 0.132893
-0.009574 0.005504
5
264.455333 108.877037
4.982786 9.366132 11.370484 17 1
0.065880 0.000000 0.000000 0.000000 0.174542
-0.002110 -0.021380
5
103.337208 326.832730
5.091141 9.569807 11.617745 16 1
0.065880 0.000000 0.000000 0.000000 0.121189
-0.007180 -0.014156
5
144.078796 93.869024
5.195070 9.765163 11.854907 15 1
0.065880 0.000000 0.000000 0.000000 0.137992
-0.007913 0.000242
1
382.601484 70.701028
5.295000 9.953000 12.082942 0 1
0.065880 0.000000 0.000000 0.000000 0.197686
0.009153 -0.010820
1
79.149777 234.260930
5.295000 9.953000 12.082942 0 1
0.065880 0.000000 0.000000 0.000000 0.148273
-0.006145 0.003372
1
87.766216 330.059358
5.295000 9.953000 12.082942 31 2
0.065880 0.000000 0.000000 0.000000 0.158938
-0.027052 0.010999
1
110.889603 229.825816
5.295000 9.953000 12.082942 22 2
0.065880 0.000000 0.000000 0.000000 0.116303
-0.009168 0.000756
4
155.701962 255.963141
5.295000 9.953000 12.082942 32 1
0.000000 0.000000 0.000000 0.000000 0.115816
-0.001586 0.005718
1
372.655143 383.829596
5.295000 9.953000 12.082942 23 2
0.065880 0.000000 0.000000 0.000000 0.192345
0.014972 0.016085
1
70.133325 297.772372
5.295000 9.953000 12.082942 0 1
0.065880 0.000000 0.000000 0.000000 0.143486
-0.027496 0.000856
1
188.571878 389.775355
5.295000 9.953000 12.082942 0 1
0.065880 0.000000 0.000000 0.000000 0.131965
-0.004287 0.014838
1
206.696322 13.248137
5.295000 9.953000 12.082942 25 2
0.065880 0.000000 0.000000 0.000000 0.206578
0.007166 -0.009842
1
264.880566 343.047404
5.295000 9.953000 12.082942 21 2
0.065880 0.000000 0.000000 0.000000 0.140556
0.003581 0.004858
5
306.002385 191.350279
3.744130 7.037834 8.543930 23 1
0.065880 0.000000 0.000000 0.000000 0.141393
-0.030777 0.042809
1
299.134603 150.918678
5.295000 9.953000 12.082942 20 2
0.065880 0.000000 0.000000 0.000000 0.140740
0.012289 -0.014784
1
117.089340 165.849925
5.295000 9.953000 12.082942 0 1
0.065880 0.000000 0.000000 0.000000 0.131710
-0.004616 0.006537
1
283.837459 211.952448
5.295000 9.953000 12.082942 24 2
0.065880 0.000000 0.000000 0.000000 0.138675
-0.003744 0.016665
1
329.590014 110.747832
5.295000 9.953000 12.082942 30 2
0.065880 0.000000 0.000000 0.000000 0.274956
-0.006282 -0.014730
1
194.293154 282.279513
5.295000 9.953000 12.082942 21 2
0.065880 0.000000 0.000000 0.000000 0.133021
0.009851 -0.013046
1
261.696388 44.648751
5.295000 9.953000 12.082942 27 2
0.065880 0.000000 0.000000 0.000000 0.624814
0.005560 -0.027249
1
290.456413 388.288642
5.295000 9.953000 12.082942 21 2
0.065880 0.000000 0.000000 0.000000 0.173319
0.006478 -0.010166
1
97.384941 100.386806
5.295000 9.953000 12.082942 27 2
0.065880 0.000000 0.000000 0.000000 0.166844
-0.012025 -0.004774
1
495.279006 228.922017
5.295000 9.953000 12.082942 0 1
0.065880 0.000000 0.000000 0.000000 0.244905
0.005707 0.002194
1
294.874376 245.462476
5.295000 9.953000 12.082942 0 1
0.065880 0.000000 0.000000 0.000000 0.140017
0.005232 0.000900
1
395.747098 56.929246
5.295000 9.953000 12.082942 0 1
0.065880 0.000000 0.000000 0.000000 0.339743
0.012603 -0.009586
5
245.801992 169.298518
3.744130 7.037834 8.543930 23 1
0.065880 0.000000 0.000000 0.000000 0.146599
0.012756 0.003209
1
176.777033 330.270730
5.295000 9.953000 12.082942 25 2
0.065880 0.000000 0.000000 0.000000 0.135039
-0.004876 -0.006351
1
148.966321 128.187371
5.295000 9.953000 12.082942 32 2
0.065880 0.000000 0.000000 0.000000 0.143616
-0.005924 0.001814
2
479.033656 295.226620
5.295000 9.953000 12.082942 26 1
0.065880 0.000000 0.000000 0.000000 0.201968
0.011655 0.001228
1
328.301072 304.899826
5.295000 9.953000 12.082942 20 2
0.065880 0.000000 0.000000 0.000000 0.138405
0.005353 -0.004387
1
405.760487 321.526560
5.295000 9.953000 12.082942 0 1
0.065880 0.000000 0.000000 0.000000 0.324305
-0.002890 0.013038
1
116.498325 352.731497
5.295000 9.953000 12.082942 19 2
0.065880 0.000000 0.000000 0.000000 0.127692
-0.016685 0.004062
1
242.360844 78.927352
5.295000 9.953000 12.082942 0 1
0.065880 0.000000 0.000000 0.000000 0.289064
0.023320 -0.003169
2
356.870179 94.778164
5.295000 9.953000 12.082942 29 1
0.065880 0.000000 0.000000 0.000000 0.279625
0.014607 -0.003250
1
295.365890 116.947294
5.295000 9.953000 12.082942 32 2
0.065880 0.000000 0.000000 0.000000 0.184057
0.009709 -0.014465
1
435.682605 329.890962
5.295000 9.953000 12.082942 32 2
0.065880 0.000000 0.000000 0.000000 0.195106
0.007282 -0.009442
1
95.957806 240.459734
5.295000 9.953000 12.082942 23 2
0.065880 0.000000 0.000000 0.000000 0.128482
-0.010467 0.004137
4
60.902655 228.694554
5.295000 9.953000 12.082942 32 1
0.000000 0.000000 0.000000 0.000000 0.145139
-0.000926 -0.020674
2
454.645011 270.217181
5.295000 9.953000 12.082942 27 1
0.065880 0.000000 0.000000 0.000000 0.279446
0.004312 0.005008
1
185.657671 202.970209
5.295000 9.953000 12.082942 20 2
0.065880 0.000000 0.000000 0.000000 0.128482
0.002613 0.002630
5
290.869080 356.081902
4.982786 9.366132 11.370484 17 1
0.065880 0.000000 0.000000 0.000000 0.137594
0.008161 0.010188
1
85.566162 392.873070
5.295000 9.953000 12.082942 22 2
0.065880 0.000000 0.000000 0.000000 0.212536
-0.015880 0.011187
1
354.359246 450.073042
5.295000 9.953000 12.082942 0 1
0.065880 0.000000 0.000000 0.000000 0.146640
0.006785 0.007448
1
462.724664 138.327664
5.295000 9.953000 12.082942 0 1
0.065880 0.000000 0.000000 0.000000 0.402039
0.007536 -0.005689
4
307.271611 326.059191
5.295000 9.953000 12.082942 32 1
0.000000 0.000000 0.000000 0.000000 0.142125
0.004738 -0.003337
5
141.853724 262.528705
4.869501 9.153191 11.111974 18 1
0.065880 0.000000 0.000000 0.000000 0.137255
-0.003485 -0.005231
1
98.984122 128.575116
5.295000 9.953000 12.082942 0 1
0.065880 0.000000 0.000000 0.000000 0.144007
-0.008420 -0.000397
1
392.696360 452.017222
5.295000 9.953000 12.082942 20 2
0.065880 0.000000 0.000000 0.000000 0.351595
0.014174 0.015050
1
411.032962 285.724501
5.295000 9.953000 12.082942 21 2
0.065880 0.000000 0.000000 0.000000 0.246154
0.005869 0.011720
1
354.572195 212.553453
5.295000 9.953000 12.082942 0 1
0.065880 0.000000 0.000000 0.000000 0.230094
-0.009825 -0.010181
1
464.694141 174.794385
5.295000 9.953000 12.082942 24 2
0.065880 0.000000 0.000000 0.000000 0.328055
0.014819 -0.008130
1
180.297473 374.462076
5.295000 9.953000 12.082942 0 1
0.065880 0.000000 0.000000 0.000000 0.134357
-0.000642 0.010521
5
90.597577 409.713929
4.750685 8.929853 10.840841 19 1
0.065880 0.000000 0.000000 0.000000 0.211938
-0.012485 0.010096
1
69.232235 377.271278
5.295000 9.953000 12.082942 0 1
0.065880 0.000000 0.000000 0.000000 0.169863
-0.015385 0.014245
1
429.974388 198.279866
5.295000 9.953000 12.082942 21 2
0.065880 0.000000 0.000000 0.000000 0.208190
0.000988 0.002944
1
272.539798 419.070106
5.295000 9.953000 12.082942 0 1
0.065880 0.000000 0.000000 0.000000 0.146325
0.014116 0.003434
1
247.747663 404.976859
5.295000 9.953000 12.082942 28 2
0.065880 0.000000 0.000000 0.000000 0.127728
0.004076 0.008863
1
346.843405 109.284827
5.295000 9.953000 12.082942 32 2
0.065880 0.000000 0.000000 0.000000 0.249908
-0.000655 -0.007224
4
81.134542 314.204780
5.295000 9.953000 12.082942 31 1
0.000000 0.000000 0.000000 0.000000 0.155708
-0.005974 -0.002090
1
288.892681 100.083016
5.295000 9.953000 12.082942 0 1
0.065880 0.000000 0.000000 0.000000 0.207325
0.009860 -0.009846
1
89.865866 189.348912
5.295000 9.953000 12.082942 20 2
0.065880 0.000000 0.000000 0.000000 0.119474
-0.011638 -0.007840
1
225.014165 484.262257
5.295000 9.953000 12.082942 22 2
0.065880 0.000000 0.000000 0.000000 0.158609
-0.002532 0.011158
1
484.499835 213.506351
5.295000 9.953000 12.082942 22 2
0.065880 0.000000 0.000000 0.000000 0.313634
0.013673 -0.002378
5
58.768601 408.040980
4.750685 8.929853 10.840841 19 1
0.065880 0.000000 0.000000 0.000000 0.382801
-0.019052 0.009617
1
63.260666 351.240023
5.295000 9.953000 12.082942 26 2
0.065880 0.000000 0.000000 0.000000 0.161443
-0.019794 0.008213
2
342.127624 75.475705
5.295000 9.953000 12.082942 25 1
0.065880 0.000000 0.000000 0.000000 0.604221
0.011486 -0.009235
1
227.376940 180.012289
5.295000 9.953000 12.082942 21 2
0.065880 0.000000 0.000000 0.000000 0.130483
0.003088 -0.004285
1
312.816815 32.786156
5.295000 9.953000 12.082942 22 2
0.065880 0.000000 0.000000 0.000000 0.271115
0.002793 -0.002590
1
312.197703 120.317826
5.295000 9.953000 12.082942 20 2
0.065880 0.000000 0.000000 0.000000 0.220732
0.016419 -0.014826
1
429.523310 121.549646
5.295000 9.953000 12.082942 30 2
0.065880 0.000000 0.000000 0.000000 0.173588
0.006697 -0.008315
2
290.488681 327.054891
5.295000 9.953000 12.082942 24 1
0.065880 0.000000 0.000000 0.000000 0.152554
0.003333 0.000374
2
400.693771 178.671088
5.295000 9.953000 12.082942 29 1
0.065880 0.000000 0.000000 0.000000 0.138487
0.014312 -0.005477
4
203.169583 207.987933
5.295000 9.953000 12.082942 32 1
0.000000 0.000000 0.000000 0.000000 0.138453
0.004699 -0.001659
5
165.362338 404.065051
4.982786 9.366132 11.370484 17 1
0.065880 0.000000 0.000000 0.000000 0.128788
-0.018369 0.008181
1
121.802465 444.025649
5.295000 9.953000 12.082942 20 2
0.065880 0.000000 0.000000 0.000000 0.202282
-0.022014 0.021035
1
428.603091 103.167659
5.295000 9.953000 12.082942 22 2
0.065880 0.000000 0.000000 0.000000 0.220264
0.003731 -0.008655
1
193.570189 114.918095
5.295000 9.953000 12.082942 21 2
0.065880 0.000000 0.000000 0.000000 0.132227
0.013725 0.086207
1
311.417275 469.550267
5.295000 9.953000 12.082942 32 2
0.065880 0.000000 0.000000 0.000000 0.152620
0.000686 0.011158
1
16.904489 161.699634
5.295000 9.953000 12.082942 23 2
0.065880 0.000000 0.000000 0.000000 0.517117
-0.022395 -0.009370
1
333.510548 159.699362
5.295000 9.953000 12.082942 29 2
0.065880 0.000000 0.000000 0.000000 0.190921
0.024488 -0.011350
1
238.077177 213.880185
5.295000 9.953000 12.082942 0 1
0.065880 0.000000 0.000000 0.000000 0.135715
0.004688 -0.009594
1
318.719417 62.338493
5.295000 9.953000 12.082942 21 2
0.065880 0.000000 0.000000 0.000000 0.435685
0.000198 -0.020729
1
415.883763 208.958465
5.295000 9.953000 12.082942 0 1
0.065880 0.000000 0.000000 0.000000 0.206840
0.004323 0.002895
1
205.684990 389.735467
5.295000 9.953000 12.082942 0 1
0.065880 0.000000 0.000000 0.000000 0.145371
-0.002495 0.012137
1
325.146867 189.284773
5.295000 9.953000 12.082942 25 2
0.065880 0.000000 0.000000 0.000000 0.210488
-0.005893 -0.012107
1
147.821541 333.409488
5.295000 9.953000 12.082942 0 1
0.065880 0.000000 0.000000 0.000000 0.119525
-0.015144 0.008527
1
424.065930 230.927090
5.295000 9.953000 12.082942 0 1
0.065880 0.000000 0.000000 0.000000 0.258361
0.006190 -0.000072
1
331.011094 352.259558
5.295000 9.953000 12.082942 24 2
0.065880 0.000000 0.000000 0.000000 0.248599
0.003622 0.001729
1
324.253600 322.781448
5.295000 9.953000 12.082942 20 2
0.065880 0.000000 0.000000 0.000000 0.150339
0.003285 -0.004906
4
388.591067 325.767499
5.295000 9.953000 12.082942 0 1
0.000000 0.000000 0.000000 0.000000 0.366952
-0.004716 0.003059
4
408.369252 303.906611
5.295000 9.953000 12.082942 0 1
0.000000 0.000000 0.000000 0.000000 0.426746
0.013099 0.014058
4
238.435430 122.597617
5.295000 9.953000 12.082942 0 1
0.000000 0.000000 0.000000 0.000000 0.276899
0.001349 0.001095
1
295.359451 199.299761
5.295000 9.953000 12.082942 0 1
0.065880 0.000000 0.000000 0.000000 0.141617
0.044408 -0.027426
1
360.676846 293.676759
5.295000 9.953000 12.082942 23 2
0.065880 0.000000 0.000000 0.000000 0.168734
0.008457 0.008955
4
433.043237 215.579255
5.295000 9.953000 12.082942 0 1
0.000000 0.000000 0.000000 0.000000 0.362330
0.007823 0.002665
4
176.650922 477.474323
5.295000 9.953000 12.082942 0 1
0.000000 0.000000 0.000000 0.000000 0.296667
-0.004177 0.002309
4
407.829697 224.315490
5.295000 9.953000 12.082942 0 1
0.000000 0.000000 0.000000 0.000000 0.425633
0.007879 0.001890
4
147.148845 449.122589
5.295000 9.953000 12.082942 0 1
0.000000 0.000000 0.000000 0.000000 0.274212
0.015005 0.020750
4
114.254763 263.878083
5.295000 9.953000 12.082942 0 1
0.000000 0.000000 0.000000 0.000000 0.220480
-0.001200 -0.004616
4
272.994480 328.215987
5.295000 9.953000 12.082942 0 1
0.000000 0.000000 0.000000 0.000000 0.269373
0.005219 0.001758
4
481.691912 157.301043
5.295000 9.953000 12.082942 0 1
0.000000 0.000000 0.000000 0.000000 0.887955
0.008146 -0.000846
4
415.829422 358.019643
5.295000 9.953000 12.082942 0 1
0.000000 0.000000 0.000000 0.000000 0.402668
0.010854 -0.000085
1
366.779686 258.576942
5.295000 9.953000 12.082942 19 2
0.065880 0.000000 0.000000 0.000000 0.336202
0.015943 -0.001238
1
165.439859 288.554626
5.295000 9.953000 12.082942 19 2
0.065880 0.000000 0.000000 0.000000 0.123632
-0.059483 0.049656
1
232.673514 151.481013
5.295000 9.953000 12.082942 19 2
0.065880 0.000000 0.000000 0.000000 0.179444
-0.004277 -0.003885
1
282.726582 296.241196
5.295000 9.953000 12.082942 19 2
0.065880 0.000000 0.000000 0.000000 0.148776
0.009351 -0.014605
1
62.364979 161.653309
5.295000 9.953000 12.082942 19 2
0.065880 0.000000 0.000000 0.000000 0.134758
-0.017747 -0.015077
1
87.048493 298.513786
5.295000 9.953000 12.082942 19 2
0.065880 0.000000 0.000000 0.000000 0.141967
-0.021734 -0.008594
4
65.245728 245.333045
5.295000 9.953000 12.082942 30 1
0.000000 0.000000 0.000000 0.000000 0.145082
-0.017839 -0.014183
1
391.256125 309.205324
5.295000 9.953000 12.082942 19 2
0.065880 0.000000 0.000000 0.000000 0.311708
0.014339 0.003637
1
335.340146 222.750075
5.295000 9.953000 12.082942 19 2
0.065880 0.000000 0.000000 0.000000 0.256255
0.005401 -0.006386
1
250.611819 464.672350
5.295000 9.953000 12.082942 19 2
0.065880 0.000000 0.000000 0.000000 0.142475
0.004870 0.012873
1
223.651621 21.411594
5.295000 9.953000 12.082942 19 2
0.065880 0.000000 0.000000 0.000000 0.193813
0.008215 -0.018753
1
12.551086 213.076561
5.295000 9.953000 12.082942 19 2
0.065880 0.000000 0.000000 0.000000 0.200412
-0.013324 0.004419
1
377.912320 52.787492
5.295000 9.953000 12.082942 19 2
0.065880 0.000000 0.000000 0.000000 0.240334
0.013345 -0.012488
1
273.636982 388.979028
5.295000 9.953000 12.082942 19 2
0.065880 0.000000 0.000000 0.000000 0.136216
0.002976 0.002072
1
333.686375 271.703042
5.295000 9.953000 12.082942 19 2
0.065880 0.000000 0.000000 0.000000 0.210607
0.010180 -0.013599
1
170.586356 420.676208
5.295000 9.953000 12.082942 19 2
0.065880 0.000000 0.000000 0.000000 0.163881
0.002157 -0.003474
1
342.971011 192.853985
5.295000 9.953000 12.082942 19 2
0.065880 0.000000 0.000000 0.000000 0.194281
-0.000826 0.008281
1
102.149062 291.910288
5.295000 9.953000 12.082942 19 2
0.065880 0.000000 0.000000 0.000000 0.130697
-0.018748 -0.009938
4
177.836095 277.479095
5.295000 9.953000 12.082942 27 1
0.000000 0.000000 0.000000 0.000000 0.119464
0.028955 -0.030628
5
273.372979 182.054137
3.744130 7.037834 8.543930 23 1
0.065880 0.000000 0.000000 0.000000 0.132866
0.020453 0.031440
1
187.334773 421.130494
5.295000 9.953000 12.082942 19 2
0.065880 0.000000 0.000000 0.000000 0.138449
0.004194 0.016484
5
8.215229 290.755539
4.493375 8.446188 10.253672 21 1
0.065880 0.000000 0.000000 0.000000 0.259011
-0.026749 0.000775
1
249.647357 201.749360
5.295000 9.953000 12.082942 19 2
0.065880 0.000000 0.000000 0.000000 0.130898
0.000129 -0.000140
1
328.337053 476.417575
5.295000 9.953000 12.082942 19 2
0.065880 0.000000 0.000000 0.000000 0.172885
0.005065 0.011765
1
184.057745 56.855231
5.295000 9.953000 12.082942 19 2
0.065880 0.000000 0.000000 0.000000 0.150689
-0.006343 0.008204
5
374.233748 368.717867
4.493375 8.446188 10.253672 21 1
0.065880 0.000000 0.000000 0.000000 0.373457
-0.002080 0.010992
1
340.794824 317.492433
5.295000 9.953000 12.082942 19 2
0.065880 0.000000 0.000000 0.000000 0.183022
0.005962 -0.002272
1
312.094393 249.298032
5.295000 9.953000 12.082942 19 2
0.065880 0.000000 0.000000 0.000000 0.142947
0.005156 0.000351
4
230.162424 289.487243
5.295000 9.953000 12.082942 32 1
0.000000 0.000000 0.000000 0.000000 0.134990
-0.000003 0.001668
5
397.926869 264.838359
4.352864 8.182070 9.933032 22 1
0.065880 0.000000 0.000000 0.000000 0.207379
0.023455 -0.005088
5
57.854347 176.013675
3.744130 7.037834 8.543930 23 1
0.065880 0.000000 0.000000 0.000000 0.144322
0.012943 -0.001412
1
99.993574 361.599952
5.295000 9.953000 12.082942 19 2
0.065880 0.000000 0.000000 0.000000 0.134349
-0.012138 0.005313
5
50.998495 321.021342
4.493375 8.446188 10.253672 21 1
0.065880 0.000000 0.000000 0.000000 0.182769
-0.027188 0.008269
5
359.783789 80.146086
3.744130 7.037834 8.543930 23 1
0.065880 0.000000 0.000000 0.000000 0.457558
-0.012214 -0.016317
1
415.052082 167.526601
5.295000 9.953000 12.082942 19 2
0.065880 0.000000 0.000000 0.000000 0.137811
0.013861 -0.005965
1
362.247040 466.869807
5.295000 9.953000 12.082942 19 2
0.065880 0.000000 0.000000 0.000000 0.278986
-0.004054 0.013620
1
326.398455 369.071396
5.295000 9.953000 12.082942 20 2
0.065880 0.000000 0.000000 0.000000 0.178176
0.003251 0.002057
1
282.223074 373.035397
5.295000 9.953000 12.082942 20 2
0.065880 0.000000 0.000000 0.000000 0.146152
-0.004743 -0.001508
1
393.670375 250.621685
5.295000 9.953000 12.082942 20 2
0.065880 0.000000 0.000000 0.000000 0.202991
0.003005 -0.002856
1
374.122621 313.379317
5.295000 9.953000 12.082942 20 2
0.065880 0.000000 0.000000 0.000000 0.213194
0.018697 0.004315
1
99.656007 160.730291
5.295000 9.953000 12.082942 20 2
0.065880 0.000000 0.000000 0.000000 0.122075
0.007342 -0.001654
1
87.820564 114.527951
5.295000 9.953000 12.082942 20 2
0.065880 0.000000 0.000000 0.000000 0.144272
-0.011544 0.002386
1
304.062303 452.948589
5.295000 9.953000 12.082942 20 2
0.065880 0.000000 0.000000 0.000000 0.153073
0.005217 0.002464
1
450.278005 318.738818
5.295000 9.953000 12.082942 20 2
0.065880 0.000000 0.000000 0.000000 0.276127
0.014341 -0.001542
2
396.475886 210.450906
5.295000 9.953000 12.082942 24 1
0.065880 0.000000 0.000000 0.000000 0.261076
0.010209 -0.000139
4
61.647188 211.001847
5.295000 9.953000 12.082942 31 1
0.000000 0.000000 0.000000 0.000000 0.144625
-0.011820 -0.021199
1
393.677997 233.864820
5.295000 9.953000 12.082942 20 2
0.065880 0.000000 0.000000 0.000000 0.255151
0.008076 -0.002694
1
212.438760 238.108147
5.295000 9.953000 12.082942 20 2
0.065880 0.000000 0.000000 0.000000 0.149838
0.003084 -0.003847
5
347.198249 249.680132
4.493375 8.446188 10.253672 21 1
0.065880 0.000000 0.000000 0.000000 0.260497
0.002104 0.015233
4
206.778252 269.319231
5.295000 9.953000 12.082942 31 1
0.000000 0.000000 0.000000 0.000000 0.115412
0.009186 -0.004491
1
420.972296 383.139514
5.295000 9.953000 12.082942 20 2
0.065880 0.000000 0.000000 0.000000 0.191667
0.006023 0.013939
1
278.839143 194.944129
5.295000 9.953000 12.082942 20 2
0.065880 0.000000 0.000000 0.000000 0.134502
-0.011158 -0.018127
1
313.946674 421.848055
5.295000 9.953000 12.082942 20 2
0.065880 0.000000 0.000000 0.000000 0.178613
-0.000628 0.014344
1
173.649481 86.339820
5.295000 9.953000 12.082942 20 2
0.065880 0.000000 0.000000 0.000000 0.136913
-0.105415 0.052078
1
196.002451 28.491782
5.295000 9.953000 12.082942 20 2
0.065880 0.000000 0.000000 0.000000 0.188745
-0.001024 -0.015354
1
118.029884 388.172145
5.295000 9.953000 12.082942 20 2
0.065880 0.000000 0.000000 0.000000 0.129500
-0.010329 0.007578
1
281.286836 146.016551
5.295000 9.953000 12.082942 20 2
0.065880 0.000000 0.000000 0.000000 0.139812
0.007282 -0.011668
1
343.867322 298.809857
5.295000 9.953000 12.082942 20 2
0.065880 0.000000 0.000000 0.000000 0.164269
0.017665 0.026070
5
201.420554 224.796786
4.493375 8.446188 10.253672 21 1
0.065880 0.000000 0.000000 0.000000 0.153142
-0.005264 -0.010426
1
106.476850 195.068880
5.295000 9.953000 12.082942 20 2
0.065880 0.000000 0.000000 0.000000 0.120305
-0.012724 0.004454
1
299.784456 133.777332
5.295000 9.953000 12.082942 20 2
0.065880 0.000000 0.000000 0.000000 0.152599
0.011161 -0.012269
1
318.531705 339.984063
5.295000 9.953000 12.082942 20 2
0.065880 0.000000 0.000000 0.000000 0.138899
0.003223 0.001144
1
350.179584 264.967616
5.295000 9.953000 12.082942 21 2
0.065880 0.000000 0.000000 0.000000 0.270895
0.020550 0.015473
5
61.834544 194.212556
3.744130 7.037834 8.543930 23 1
0.065880 0.000000 0.000000 0.000000 0.137885
-0.026219 0.002673
1
92.383641 206.321918
5.295000 9.953000 12.082942 21 2
0.065880 0.000000 0.000000 0.000000 0.118035
-0.014293 -0.002072
1
39.884511 237.566360
5.295000 9.953000 12.082942 21 2
0.065880 0.000000 0.000000 0.000000 0.136777
-0.000420 -0.010407
1
485.674796 194.743930
5.295000 9.953000 12.082942 21 2
0.065880 0.000000 0.000000 0.000000 0.430648
0.022413 -0.002285
1
82.313913 77.555474
5.295000 9.953000 12.082942 21 2
0.065880 0.000000 0.000000 0.000000 0.387882
-0.008385 -0.016137
1
211.812809 437.476602
5.295000 9.953000 12.082942 21 2
0.065880 0.000000 0.000000 0.000000 0.137036
0.004563 0.012158
1
447.860333 354.950299
5.295000 9.953000 12.082942 21 2
0.065880 0.000000 0.000000 0.000000 0.177182
0.010019 0.003758
1
177.973012 233.037914
5.295000 9.953000 12.082942 21 2
0.065880 0.000000 0.000000 0.000000 0.120733
-0.003553 -0.002904
1
463.094026 156.713964
5.295000 9.953000 12.082942 21 2
0.065880 0.000000 0.000000 0.000000 0.373413
0.009126 -0.008287
1
438.665315 385.323741
5.295000 9.953000 12.082942 21 2
0.065880 0.000000 0.000000 0.000000 0.189441
0.011054 0.009366
2
355.385792 178.805707
5.295000 9.953000 12.082942 25 1
0.065880 0.000000 0.000000 0.000000 0.157927
0.004437 0.002055
1
263.999398 313.885396
5.295000 9.953000 12.082942 21 2
0.065880 0.000000 0.000000 0.000000 0.182208
-0.006448 0.023749
1
264.893868 297.761449
5.295000 9.953000 12.082942 21 2
0.065880 0.000000 0.000000 0.000000 0.148465
-0.011121 -0.013524
1
202.687464 80.238711
5.295000 9.953000 12.082942 21 2
0.065880 0.000000 0.000000 0.000000 0.186823
0.024044 -0.034700
1
132.587442 378.011111
5.295000 9.953000 12.082942 21 2
0.065880 0.000000 0.000000 0.000000 0.125012
-0.006905 0.007129
4
156.946874 81.570538
5.295000 9.953000 12.082942 31 1
0.000000 0.000000 0.000000 0.000000 0.134235
0.013235 -0.000315
1
242.971023 481.691292
5.295000 9.953000 12.082942 21 2
0.065880 0.000000 0.000000 0.000000 0.143526
-0.000083 0.013412
1
260.950017 479.633452
5.295000 9.953000 12.082942 21 2
0.065880 0.000000 0.000000 0.000000 0.147291
0.001347 0.015450
1
133.733090 172.525857
5.295000 9.953000 12.082942 21 2
0.065880 0.000000 0.000000 0.000000 0.135553
-0.021778 0.000396
1
152.903167 62.979080
5.295000 9.953000 12.082942 21 2
0.065880 0.000000 0.000000 0.000000 0.138677
-0.007442 -0.016535
1
252.043713 262.869105
5.295000 9.953000 12.082942 21 2
0.065880 0.000000 0.000000 0.000000 0.134281
0.042434 0.062292
1
100.158946 273.963383
5.295000 9.953000 12.082942 21 2
0.065880 0.000000 0.000000 0.000000 0.130931
-0.004623 0.008522
1
290.426585 82.885553
5.295000 9.953000 12.082942 21 2
0.065880 0.000000 0.000000 0.000000 0.385394
-0.001423 -0.012409
1
230.793271 341.620220
5.295000 9.953000 12.082942 21 2
0.065880 0.000000 0.000000 0.000000 0.130984
-0.002066 0.009473
1
130.891365 121.852414
5.295000 9.953000 12.082942 21 2
0.065880 0.000000 0.000000 0.000000 0.138942
-0.025354 0.009291
1
426.867474 248.566883
5.295000 9.953000 12.082942 21 2
0.065880 0.000000 0.000000 0.000000 0.186284
0.014231 -0.003733
4
268.417508 157.601978
5.295000 9.953000 12.082942 32 1
0.000000 0.000000 0.000000 0.000000 0.136629
0.008829 -0.002823
1
193.612509 470.055292
5.295000 9.953000 12.082942 21 2
0.065880 0.000000 0.000000 0.000000 0.214521
0.001573 0.015493
1
122.640984 149.564775
5.295000 9.953000 12.082942 21 2
0.065880 0.000000 0.000000 0.000000 0.137428
-0.002459 0.006450
2
67.280420 108.520670
5.295000 9.953000 12.082942 27 1
0.065880 0.000000 0.000000 0.000000 0.193400
-0.019433 -0.017871
1
282.509387 342.253711
5.295000 9.953000 12.082942 21 2
0.065880 0.000000 0.000000 0.000000 0.145908
0.007496 0.007472
1
180.925438 295.249007
5.295000 9.953000 12.082942 21 2
0.065880 0.000000 0.000000 0.000000 0.132487
0.054803 0.007732
4
282.742185 404.675015
5.295000 9.953000 12.082942 32 1
0.000000 0.000000 0.000000 0.000000 0.150842
0.007371 -0.003779
1
424.969718 298.598069
5.295000 9.953000 12.082942 21 2
0.065880 0.000000 0.000000 0.000000 0.298136
0.010878 -0.002853
5
454.757222 187.545694
4.352864 8.182070 9.933032 22 1
0.065880 0.000000 0.000000 0.000000 0.288451
0.018773 -0.000749
1
245.101102 183.959617
5.295000 9.953000 12.082942 21 2
0.065880 0.000000 0.000000 0.000000 0.130179
0.006255 -0.001553
1
209.356670 121.208470
5.295000 9.953000 12.082942 21 2
0.065880 0.000000 0.000000 0.000000 0.154796
-0.010474 0.011280
2
300.564588 67.597145
5.295000 9.953000 12.082942 31 1
0.065880 0.000000 0.000000 0.000000 0.578049
0.001823 -0.010685
1
136.231636 435.138820
5.295000 9.953000 12.082942 22 2
0.065880 0.000000 0.000000 0.000000 0.171501
-0.012641 0.038584
1
301.370230 215.554493
5.295000 9.953000 12.082942 22 2
0.065880 0.000000 0.000000 0.000000 0.163915
0.004433 0.001491
2
466.177233 215.073310
5.295000 9.953000 12.082942 27 1
0.065880 0.000000 0.000000 0.000000 0.291767
0.015972 0.009340
1
338.072010 382.518294
5.295000 9.953000 12.082942 22 2
0.065880 0.000000 0.000000 0.000000 0.187987
0.005854 0.000094
1
36.047863 186.913066
5.295000 9.953000 12.082942 22 2
0.065880 0.000000 0.000000 0.000000 0.179336
-0.030374 -0.005298
1
213.794479 405.404952
5.295000 9.953000 12.082942 22 2
0.065880 0.000000 0.000000 0.000000 0.122289
-0.001022 0.011271
2
35.179824 317.927476
5.295000 9.953000 12.082942 32 1
0.065880 0.000000 0.000000 0.000000 0.294610
-0.036339 0.007354
1
197.084609 342.464503
5.295000 9.953000 12.082942 22 2
0.065880 0.000000 0.000000 0.000000 0.154624
-0.001334 0.010848
1
172.374385 170.175287
5.295000 9.953000 12.082942 22 2
0.065880 0.000000 0.000000 0.000000 0.114345
0.007722 -0.002310
1
476.601076 230.651511
5.295000 9.953000 12.082942 22 2
0.065880 0.000000 0.000000 0.000000 0.300667
0.007871 0.000185
1
125.106257 219.171662
5.295000 9.953000 12.082942 22 2
0.065880 0.000000 0.000000 0.000000 0.114723
-0.006761 0.001832
1
481.739875 314.001471
5.295000 9.953000 12.082942 22 2
0.065880 0.000000 0.000000 0.000000 0.192533
0.008553 0.004654
1
103.187565 398.492457
5.295000 9.953000 12.082942 22 2
0.065880 0.000000 0.000000 0.000000 0.145903
-0.012247 0.008274
2
208.003196 489.003551
5.295000 9.953000 12.082942 25 1
0.065880 0.000000 0.000000 0.000000 0.189858
-0.006797 0.005776
2
305.275226 49.713404
5.295000 9.953000 12.082942 29 1
0.065880 0.000000 0.000000 0.000000 0.568218
-0.011094 -0.010647
1
296.171005 310.090817
5.295000 9.953000 12.082942 22 2
0.065880 0.000000 0.000000 0.000000 0.144642
0.001370 0.005678
1
413.195860 113.523059
5.295000 9.953000 12.082942 22 2
0.065880 0.000000 0.000000 0.000000 0.177453
0.005259 -0.007274
1
431.334413 174.452434
5.295000 9.953000 12.082942 23 2
0.065880 0.000000 0.000000 0.000000 0.192777
0.017878 -0.001213
1
332.274718 143.297142
5.295000 9.953000 12.082942 23 2
0.065880 0.000000 0.000000 0.000000 0.172882
0.004842 -0.000850
1
459.326852 237.229176
5.295000 9.953000 12.082942 23 2
0.065880 0.000000 0.000000 0.000000 0.219810
0.007251 0.002466
1
287.888464 445.109482
5.295000 9.953000 12.082942 23 2
0.065880 0.000000 0.000000 0.000000 0.149341
-0.006473 0.013886
1
397.291610 142.267875
5.295000 9.953000 12.082942 23 2
0.065880 0.000000 0.000000 0.000000 0.138150
0.004966 -0.005179
1
22.133932 242.724247
5.295000 9.953000 12.082942 23 2
0.065880 0.000000 0.000000 0.000000 0.142960
-0.000104 0.004981
1
55.415351 305.790133
5.295000 9.953000 12.082942 23 2
0.065880 0.000000 0.000000 0.000000 0.157757
-0.026948 0.011548
1
160.226454 358.705418
5.295000 9.953000 12.082942 23 2
0.065880 0.000000 0.000000 0.000000 0.127313
-0.008634 -0.001887
1
102.624366 380.544085
5.295000 9.953000 12.082942 23 2
0.065880 0.000000 0.000000 0.000000 0.134124
-0.010834 0.006000
1
170.943149 217.940499
5.295000 9.953000 12.082942 23 2
0.065880 0.000000 0.000000 0.000000 0.120302
-0.005524 -0.009376
1
180.909170 186.681959
5.295000 9.953000 12.082942 23 2
0.065880 0.000000 0.000000 0.000000 0.112157
-0.017358 0.010460
1
379.921089 137.171880
5.295000 9.953000 12.082942 23 2
0.065880 0.000000 0.000000 0.000000 0.203491
0.003684 -0.001012
1
246.937542 246.725273
5.295000 9.953000 12.082942 23 2
0.065880 0.000000 0.000000 0.000000 0.126453
0.000870 -0.025510
1
141.451887 225.821258
5.295000 9.953000 12.082942 23 2
0.065880 0.000000 0.000000 0.000000 0.113104
-0.004205 -0.000157
1
195.298707 130.476612
5.295000 9.953000 12.082942 23 2
0.065880 0.000000 0.000000 0.000000 0.134174
-0.002320 -0.049055
1
167.256721 245.081562
5.295000 9.953000 12.082942 23 2
0.065880 0.000000 0.000000 0.000000 0.114103
-0.000417 -0.003646
1
220.551698 453.071588
5.295000 9.953000 12.082942 23 2
0.065880 0.000000 0.000000 0.000000 0.153009
0.004850 0.011573
2
359.771589 362.874020
5.295000 9.953000 12.082942 26 1
0.065880 0.000000 0.000000 0.000000 0.330429
0.002918 -0.001455
1
373.527061 86.329935
5.295000 9.953000 12.082942 23 2
0.065880 0.000000 0.000000 0.000000 0.208222
-0.000974 -0.016089
2
94.388824 223.458353
5.295000 9.953000 12.082942 25 1
0.065880 0.000000 0.000000 0.000000 0.121325
-0.011514 -0.000155
1
49.234983 252.634365
5.295000 9.953000 12.082942 23 2
0.065880 0.000000 0.000000 0.000000 0.127533
-0.012288 0.002873
1
356.874860 311.285973
5.295000 9.953000 12.082942 23 2
0.065880 0.000000 0.000000 0.000000 0.166873
0.019619 0.018715
1
54.418703 336.412128
5.295000 9.953000 12.082942 24 2
0.065880 0.000000 0.000000 0.000000 0.185962
-0.020091 0.006740
1
130.533604 290.312485
5.295000 9.953000 12.082942 24 2
0.065880 0.000000 0.000000 0.000000 0.135548
0.004507 0.014905
1
68.861472 143.783622
5.295000 9.953000 12.082942 24 2
0.065880 0.000000 0.000000 0.000000 0.136013
-0.006112 -0.023078
4
308.240104 278.767994
5.295000 9.953000 12.082942 31 1
0.000000 0.000000 0.000000 0.000000 0.137979
-0.006895 -0.002303
1
388.957269 376.239693
5.295000 9.953000 12.082942 24 2
0.065880 0.000000 0.000000 0.000000 0.231472
0.006962 -0.002361
1
191.991101 174.186022
5.295000 9.953000 12.082942 24 2
0.065880 0.000000 0.000000 0.000000 0.113447
-0.013883 0.005174
1
272.512398 282.657450
5.295000 9.953000 12.082942 24 2
0.065880 0.000000 0.000000 0.000000 0.149541
-0.020554 0.002422
1
18.121383 312.726142
5.295000 9.953000 12.082942 24 2
0.065880 0.000000 0.000000 0.000000 0.402650
-0.039047 -0.004016
1
143.672636 243.661760
5.295000 9.953000 12.082942 24 2
0.065880 0.000000 0.000000 0.000000 0.118366
-0.004375 0.003016
1
266.866607 206.939730
5.295000 9.953000 12.082942 24 2
0.065880 0.000000 0.000000 0.000000 0.132045
0.004133 0.002499
2
482.976206 176.160669
5.295000 9.953000 12.082942 30 1
0.065880 0.000000 0.000000 0.000000 0.641135
0.017058 -0.001505
1
221.877252 208.842648
5.295000 9.953000 12.082942 24 2
0.065880 0.000000 0.000000 0.000000 0.135847
-0.001290 0.001862
1
311.946202 357.351950
5.295000 9.953000 12.082942 24 2
0.065880 0.000000 0.000000 0.000000 0.161119
-0.001440 0.007606
1
354.883015 23.262178
5.295000 9.953000 12.082942 25 2
0.065880 0.000000 0.000000 0.000000 0.404671
0.003234 -0.011666
1
247.569955 342.637069
5.295000 9.953000 12.082942 25 2
0.065880 0.000000 0.000000 0.000000 0.128280
-0.002090 0.010173
1
149.306108 401.546003
5.295000 9.953000 12.082942 25 2
0.065880 0.000000 0.000000 0.000000 0.133728
-0.013802 0.016520
1
383.156350 220.812735
5.295000 9.953000 12.082942 25 2
0.065880 0.000000 0.000000 0.000000 0.247953
0.006511 -0.001323
1
128.930942 271.912750
5.295000 9.953000 12.082942 25 2
0.065880 0.000000 0.000000 0.000000 0.219441
-0.010195 -0.004217
1
384.738819 172.070543
5.295000 9.953000 12.082942 25 2
0.065880 0.000000 0.000000 0.000000 0.137140
0.013478 -0.002012
1
402.112676 435.090082
5.295000 9.953000 12.082942 25 2
0.065880 0.000000 0.000000 0.000000 0.219989
0.014895 0.005448
4
119.349031 406.132041
5.295000 9.953000 12.082942 32 1
0.000000 0.000000 0.000000 0.000000 0.132166
-0.010932 0.010754
1
122.642411 201.366294
5.295000 9.953000 12.082942 25 2
0.065880 0.000000 0.000000 0.000000 0.123578
-0.009810 0.006907
1
97.835948 257.353293
5.295000 9.953000 12.082942 25 2
0.065880 0.000000 0.000000 0.000000 0.126913
-0.011474 -0.003652
1
229.566402 436.740055
5.295000 9.953000 12.082942 25 2
0.065880 0.000000 0.000000 0.000000 0.132167
0.004741 0.010266
1
359.550758 415.198766
5.295000 9.953000 12.082942 25 2
0.065880 0.000000 0.000000 0.000000 0.139246
0.024676 0.018280
4
144.507473 111.538889
5.295000 9.953000 12.082942 31 1
0.000000 0.000000 0.000000 0.000000 0.146543
0.035924 -0.038404
1
235.218126 259.921201
5.295000 9.953000 12.082942 25 2
0.065880 0.000000 0.000000 0.000000 0.126067
-0.008330 0.007398
4
197.493955 374.402090
5.295000 9.953000 12.082942 31 1
0.000000 0.000000 0.000000 0.000000 0.144208
-0.002195 0.011358
1
283.033451 12.757038
5.295000 9.953000 12.082942 25 2
0.065880 0.000000 0.000000 0.000000 0.323918
0.000673 0.000604
1
163.534577 341.729694
5.295000 9.953000 12.082942 25 2
0.065880 0.000000 0.000000 0.000000 0.127728
-0.006640 -0.002292
1
321.607893 172.241808
5.295000 9.953000 12.082942 25 2
0.065880 0.000000 0.000000 0.000000 0.178222
-0.016464 0.005347
1
54.748145 366.996691
5.295000 9.953000 12.082942 26 2
0.065880 0.000000 0.000000 0.000000 0.191978
-0.016797 0.010824
1
348.384685 40.606674
5.295000 9.953000 12.082942 26 2
0.065880 0.000000 0.000000 0.000000 0.438930
-0.019367 -0.015953
1
175.723380 313.323770
5.295000 9.953000 12.082942 26 2
0.065880 0.000000 0.000000 0.000000 0.133626
-0.015724 -0.016693
1
136.219451 190.288970
5.295000 9.953000 12.082942 26 2
0.065880 0.000000 0.000000 0.000000 0.126839
-0.012461 0.003665
1
144.922861 476.096683
5.295000 9.953000 12.082942 26 2
0.065880 0.000000 0.000000 0.000000 0.347449
-0.017045 0.022849
4
146.659948 315.470390
5.295000 9.953000 12.082942 32 1
0.000000 0.000000 0.000000 0.000000 0.131963
-0.035363 -0.002551
1
379.884201 102.569507
5.295000 9.953000 12.082942 26 2
0.065880 0.000000 0.000000 0.000000 0.210451
-0.002300 -0.009207
1
198.967655 47.138231
5.295000 9.953000 12.082942 26 2
0.065880 0.000000 0.000000 0.000000 0.153056
0.000305 -0.013400
1
33.647152 282.673043
5.295000 9.953000 12.082942 26 2
0.065880 0.000000 0.000000 0.000000 0.168430
-0.009422 -0.001652
1
155.060044 163.263757
5.295000 9.953000 12.082942 26 2
0.065880 0.000000 0.000000 0.000000 0.117027
0.005806 0.002310
1
401.857574 339.619969
5.295000 9.953000 12.082942 26 2
0.065880 0.000000 0.000000 0.000000 0.317679
0.001959 0.000636
1
220.380782 52.358744
5.295000 9.953000 12.082942 26 2
0.065880 0.000000 0.000000 0.000000 0.201363
0.020686 -0.008900
4
215.339735 193.577972
5.295000 9.953000 12.082942 32 1
0.000000 0.000000 0.000000 0.000000 0.125119
-0.000733 -0.003216
1
348.399145 431.904600
5.295000 9.953000 12.082942 26 2
0.065880 0.000000 0.000000 0.000000 0.133052
0.010128 0.012277
1
364.131416 111.375598
5.295000 9.953000 12.082942 26 2
0.065880 0.000000 0.000000 0.000000 0.229583
0.001080 0.005781
1
338.489847 176.165548
5.295000 9.953000 12.082942 26 2
0.065880 0.000000 0.000000 0.000000 0.182003
0.011086 0.007560
1
76.883973 361.436902
5.295000 9.953000 12.082942 26 2
0.065880 0.000000 0.000000 0.000000 0.166402
-0.022574 0.012527
1
384.556329 342.007450
5.295000 9.953000 12.082942 27 2
0.065880 0.000000 0.000000 0.000000 0.340173
0.001350 0.006096
1
272.153075 223.934532
5.295000 9.953000 12.082942 27 2
0.065880 0.000000 0.000000 0.000000 0.135591
0.010718 -0.007095
1
149.435214 45.295077
5.295000 9.953000 12.082942 27 2
0.065880 0.000000 0.000000 0.000000 0.209077
-0.009392 -0.017054
1
272.899015 92.829614
5.295000 9.953000 12.082942 27 2
0.065880 0.000000 0.000000 0.000000 0.229740
0.013667 -0.024439
1
336.500674 335.327536
5.295000 9.953000 12.082942 27 2
0.065880 0.000000 0.000000 0.000000 0.198038
0.000769 -0.001143
1
206.463114 313.451063
5.295000 9.953000 12.082942 27 2
0.065880 0.000000 0.000000 0.000000 0.123563
0.005296 0.007480
1
440.938403 237.263532
5.295000 9.953000 12.082942 27 2
0.065880 0.000000 0.000000 0.000000 0.211940
0.008410 -0.008774
2
244.391924 50.053494
5.295000 9.953000 12.082942 28 1
0.065880 0.000000 0.000000 0.000000 0.278829
0.002485 -0.018006
1
100.201116 82.347122
5.295000 9.953000 12.082942 27 2
0.065880 0.000000 0.000000 0.000000 0.203716
-0.008994 -0.011704
1
300.799258 342.454351
5.295000 9.953000 12.082942 27 2
0.065880 0.000000 0.000000 0.000000 0.140295
0.004242 0.002064
1
398.897010 160.446379
5.295000 9.953000 12.082942 28 2
0.065880 0.000000 0.000000 0.000000 0.131551
0.010882 -0.005158
4
213.173654 284.955148
5.295000 9.953000 12.082942 29 1
0.000000 0.000000 0.000000 0.000000 0.141874
-0.001544 0.003631
1
290.208214 495.164828
5.295000 9.953000 12.082942 28 2
0.065880 0.000000 0.000000 0.000000 0.191592
-0.000933 0.023198
1
105.964126 435.600470
5.295000 9.953000 12.082942 28 2
0.065880 0.000000 0.000000 0.000000 0.242008
-0.016800 0.011542
1
430.717778 157.191883
5.295000 9.953000 12.082942 28 2
0.065880 0.000000 0.000000 0.000000 0.167515
0.007417 -0.005511
1
277.660951 241.026852
5.295000 9.953000 12.082942 28 2
0.065880 0.000000 0.000000 0.000000 0.157868
0.003684 0.000647
1
462.114431 119.652920
5.295000 9.953000 12.082942 28 2
0.065880 0.000000 0.000000 0.000000 0.563482
0.002965 -0.003053
4
264.825258 404.139194
5.295000 9.953000 12.082942 32 1
0.000000 0.000000 0.000000 0.000000 0.133288
0.005458 0.005847
1
117.535336 335.212851
5.295000 9.953000 12.082942 29 2
0.065880 0.000000 0.000000 0.000000 0.115248
-0.023820 -0.006701
1
117.267703 131.544697
5.295000 9.953000 12.082942 29 2
0.065880 0.000000 0.000000 0.000000 0.140141
-0.003604 -0.004526
1
231.450083 373.882656
5.295000 9.953000 12.082942 29 2
0.065880 0.000000 0.000000 0.000000 0.135069
-0.001473 0.009760
1
131.850392 360.457083
5.295000 9.953000 12.082942 29 2
0.065880 0.000000 0.000000 0.000000 0.126511
-0.011713 0.005823
2
100.451977 63.857790
5.295000 9.953000 12.082942 30 1
0.065880 0.000000 0.000000 0.000000 0.284776
-0.007702 -0.014575
1
159.292103 272.695185
5.295000 9.953000 12.082942 29 2
0.065880 0.000000 0.000000 0.000000 0.129697
0.003859 0.014830
1
214.962177 147.122511
5.295000 9.953000 12.082942 29 2
0.065880 0.000000 0.000000 0.000000 0.217268
-0.005223 0.001136
1
315.952939 156.280514
5.295000 9.953000 12.082942 29 2
0.065880 0.000000 0.000000 0.000000 0.162166
0.012687 -0.019802
1
342.167319 415.521561
5.295000 9.953000 12.082942 30 2
0.065880 0.000000 0.000000 0.000000 0.145652
0.023943 0.005366
1
278.691027 478.397992
5.295000 9.953000 12.082942 30 2
0.065880 0.000000 0.000000 0.000000 0.148311
0.003504 0.015309
1
26.238834 350.823637
5.295000 9.953000 12.082942 30 2
0.065880 0.000000 0.000000 0.000000 0.630981
-0.015659 0.010563
4
239.574498 389.380938
5.295000 9.953000 12.082942 32 1
0.000000 0.000000 0.000000 0.000000 0.128605
0.000631 0.009066
1
365.794374 148.242230
5.295000 9.953000 12.082942 30 2
0.065880 0.000000 0.000000 0.000000 0.199643
0.005317 0.007161
1
362.797501 129.782781
5.295000 9.953000 12.082942 30 2
0.065880 0.000000 0.000000 0.000000 0.239076
0.013387 0.006570
1
327.528653 127.365973
5.295000 9.953000 12.082942 30 2
0.065880 0.000000 0.000000 0.000000 0.220863
0.020134 -0.012120
1
446.107531 129.880433
5.295000 9.953000 12.082942 30 2
0.065880 0.000000 0.000000 0.000000 0.216510
0.006354 -0.006477
4
238.609696 420.932215
5.295000 9.953000 12.082942 32 1
0.000000 0.000000 0.000000 0.000000 0.131591
0.006707 0.008542
1
248.300979 109.092841
5.295000 9.953000 12.082942 31 2
0.065880 0.000000 0.000000 0.000000 0.219536
-0.003438 0.010343
1
417.847132 76.464926
5.295000 9.953000 12.082942 31 2
0.065880 0.000000 0.000000 0.000000 0.306248
0.010509 -0.005292
1
355.253601 380.501196
5.295000 9.953000 12.082942 31 2
0.065880 0.000000 0.000000 0.000000 0.208862
0.011808 0.001951
1
86.013780 347.329572
5.295000 9.953000 12.082942 31 2
0.065880 0.000000 0.000000 0.000000 0.145132
-0.019922 0.011478
1
47.329778 201.414202
5.295000 9.953000 12.082942 32 2
0.065880 0.000000 0.000000 0.000000 0.143507
-0.018634 -0.014283
1
404.368973 195.624970
5.295000 9.953000 12.082942 32 2
0.065880 0.000000 0.000000 0.000000 0.161450
0.009732 -0.003608
1
131.609115 39.724198
5.295000 9.953000 12.082942 32 2
0.065880 0.000000 0.000000 0.000000 0.261624
-0.010244 -0.013541
1
361.241958 242.508889
5.295000 9.953000 12.082942 32 2
0.065880 0.000000 0.000000 0.000000 0.303062
0.000692 -0.002654
1
324.940259 79.188628
5.295000 9.953000 12.082942 32 2
0.065880 0.000000 0.000000 0.000000 0.315670
0.005734 -0.022538
1
162.473186 116.831544
5.295000 9.953000 12.082942 32 2
0.065880 0.000000 0.000000 0.000000 0.134085
-0.017296 -0.014014
1
305.895248 103.254687
5.295000 9.953000 12.082942 32 2
0.065880 0.000000 0.000000 0.000000 0.234063
0.011331 -0.014519
1
451.976379 337.048065
5.295000 9.953000 12.082942 32 2
0.065880 0.000000 0.000000 0.000000 0.181028
0.009376 0.002254
1
338.494935 93.293199
5.295000 9.953000 12.082942 32 2
0.065880 0.000000 0.000000 0.000000 0.291148
0.011989 -0.011122
1
323.871480 457.481582
5.295000 9.953000 12.082942 32 2
0.065880 0.000000 0.000000 0.000000 0.142783
0.006722 0.014783
5
467.314467 364.125551
5.195070 9.765163 11.854907 15 1
0.065880 0.000000 0.000000 0.000000 0.264532
0.013058 0.006608
5
190.302522 488.862466
5.195070 9.765163 11.854907 15 1
0.065880 0.000000 0.000000 0.000000 0.211139
-0.010033 0.016117
5
253.690668 496.588772
5.195070 9.765163 11.854907 15 1
0.065880 0.000000 0.000000 0.000000 0.147722
-0.002739 0.015626
5
128.149754 86.823454
5.195070 9.765163 11.854907 15 1
0.065880 0.000000 0.000000 0.000000 0.181487
-0.009251 -0.009655
5
217.905645 71.675235
5.091141 9.569807 11.617745 16 1
0.065880 0.000000 0.000000 0.000000 0.247873
0.014418 0.010727
5
168.693541 201.467363
5.091141 9.569807 11.617745 16 1
0.065880 0.000000 0.000000 0.000000 0.122863
0.001361 -0.017986
5
444.285323 284.315246
5.091141 9.569807 11.617745 16 1
0.065880 0.000000 0.000000 0.000000 0.275165
0.005371 0.012581
5
102.280838 343.659069
5.091141 9.569807 11.617745 16 1
0.065880 0.000000 0.000000 0.000000 0.123787
-0.020433 0.001101
5
233.645687 307.113617
4.982786 9.366132 11.370484 17 1
0.065880 0.000000 0.000000 0.000000 0.127669
-0.009776 0.003137
5
315.114584 405.124085
4.982786 9.366132 11.370484 17 1
0.065880 0.000000 0.000000 0.000000 0.204470
0.008599 0.013605
5
400.239831 74.210548
4.982786 9.366132 11.370484 17 1
0.065880 0.000000 0.000000 0.000000 0.196372
0.008717 -0.007202
5
149.124077 385.019648
4.982786 9.366132 11.370484 17 1
0.065880 0.000000 0.000000 0.000000 0.130184
-0.002202 0.009611
5
279.389902 113.748824
4.982786 9.366132 11.370484 17 1
0.065880 0.000000 0.000000 0.000000 0.177034
0.004238 -0.010579
5
297.938520 369.537721
4.982786 9.366132 11.370484 17 1
0.065880 0.000000 0.000000 0.000000 0.153618
-0.000432 0.021763
5
180.766890 405.069123
4.982786 9.366132 11.370484 17 1
0.065880 0.000000 0.000000 0.000000 0.129902
-0.010047 0.016996
5
51.512107 142.122799
4.869501 9.153191 11.111974 18 1
0.065880 0.000000 0.000000 0.000000 0.160592
-0.018948 0.007325
5
174.912613 359.508676
4.869501 9.153191 11.111974 18 1
0.065880 0.000000 0.000000 0.000000 0.139481
-0.006589 0.010356
5
270.022458 126.534077
4.869501 9.153191 11.111974 18 1
0.065880 0.000000 0.000000 0.000000 0.160448
0.010250 -0.009181
5
128.500871 253.859076
4.869501 9.153191 11.111974 18 1
0.065880 0.000000 0.000000 0.000000 0.171925
-0.003690 -0.002378
5
381.643927 280.030832
4.750685 8.929853 10.840841 19 1
0.065880 0.000000 0.000000 0.000000 0.210189
0.002973 -0.000061
5
19.828959 179.188704
4.750685 8.929853 10.840841 19 1
0.065880 0.000000 0.000000 0.000000 0.279852
-0.031066 -0.012641
5
288.169674 422.710837
4.750685 8.929853 10.840841 19 1
0.065880 0.000000 0.000000 0.000000 0.151088
0.013649 0.014038
5
75.196657 407.342412
4.750685 8.929853 10.840841 19 1
0.065880 0.000000 0.000000 0.000000 0.305437
-0.015826 0.015934
5
67.356542 393.676197
4.750685 8.929853 10.840841 19 1
0.065880 0.000000 0.000000 0.000000 0.305774
-0.014666 0.014316
5
330.019766 287.942315
4.625609 8.694746 10.555422 20 1
0.065880 0.000000 0.000000 0.000000 0.156276
0.036899 -0.002777
5
223.431873 101.905314
4.625609 8.694746 10.555422 20 1
0.065880 0.000000 0.000000 0.000000 0.241670
-0.004399 -0.043020
5
375.658284 407.420912
4.625609 8.694746 10.555422 20 1
0.065880 0.000000 0.000000 0.000000 0.136555
0.012305 0.002257
5
239.549461 2.467935
4.493375 8.446188 10.253672 21 1
0.065880 0.000000 0.000000 0.000000 0.267255
0.000419 0.000654
5
263.212247 78.748202
4.493375 8.446188 10.253672 21 1
0.065880 0.000000 0.000000 0.000000 0.275285
-0.008383 -0.006836
5
135.929642 461.569037
4.493375 8.446188 10.253672 21 1
0.065880 0.000000 0.000000 0.000000 0.290610
-0.009117 0.009486
5
22.705913 296.045416
4.493375 8.446188 10.253672 21 1
0.065880 0.000000 0.000000 0.000000 0.237135
-0.023013 -0.005215
5
381.346461 356.850482
4.493375 8.446188 10.253672 21 1
0.065880 0.000000 0.000000 0.000000 0.339307
0.004177 0.010254
5
65.958144 319.708167
4.493375 8.446188 10.253672 21 1
0.065880 0.000000 0.000000 0.000000 0.164110
-0.015740 0.000123
5
338.061944 238.805287
4.493375 8.446188 10.253672 21 1
0.065880 0.000000 0.000000 0.000000 0.209222
0.013255 -0.000934
5
213.565929 220.890552
4.493375 8.446188 10.253672 21 1
0.065880 0.000000 0.000000 0.000000 0.156946
0.009402 0.008020
5
152.332418 291.903968
4.352864 8.182070 9.933032 22 1
0.065880 0.000000 0.000000 0.000000 0.142174
0.091678 -0.072687
5
485.670791 274.872004
4.352864 8.182070 9.933032 22 1
0.065880 0.000000 0.000000 0.000000 0.450974
0.020553 0.000860
5
46.812971 157.481511
4.352864 8.182070 9.933032 22 1
0.065880 0.000000 0.000000 0.000000 0.182122
-0.026419 0.014285
5
437.580486 308.599805
4.352864 8.182070 9.933032 22 1
0.065880 0.000000 0.000000 0.000000 0.379380
0.000452 0.013655
5
191.530153 99.865451
4.352864 8.182070 9.933032 22 1
0.065880 0.000000 0.000000 0.000000 0.138497
-0.035325 -0.153158
5
146.197750 424.086225
4.352864 8.182070 9.933032 22 1
0.065880 0.000000 0.000000 0.000000 0.174616
-0.019051 0.029162
5
82.106441 133.335991
4.352864 8.182070 9.933032 22 1
0.065880 0.000000 0.000000 0.000000 0.142759
0.014458 -0.023253
5
396.881442 278.042643
4.352864 8.182070 9.933032 22 1
0.065880 0.000000 0.000000 0.000000 0.206043
0.005416 -0.002075
5
440.784969 186.909727
4.352864 8.182070 9.933032 22 1
0.065880 0.000000 0.000000 0.000000 0.251242
0.012606 0.011570
5
256.696781 286.574454
3.744130 7.037834 8.543930 23 1
0.065880 0.000000 0.000000 0.000000 0.128459
-0.011688 0.086062
5
227.270394 86.941753
3.744130 7.037834 8.543930 23 1
0.065880 0.000000 0.000000 0.000000 0.282788
0.021825 -0.062181
5
155.499199 103.951732
3.744130 7.037834 8.543930 23 1
0.065880 0.000000 0.000000 0.000000 0.135012
-0.076912 0.055811
5
90.189211 283.681704
3.744130 7.037834 8.543930 23 1
0.065880 0.000000 0.000000 0.000000 0.123988
-0.000304 -0.021342
5
197.427292 65.826406
3.744130 7.037834 8.543930 23 1
0.065880 0.000000 0.000000 0.000000 0.220965
-0.042794 -0.026956
5
311.041243 180.759795
3.744130 7.037834 8.543930 23 1
0.065880 0.000000 0.000000 0.000000 0.141393
0.041923 -0.061658
5
234.325878 166.552301
3.744130 7.037834 8.543930 23 1
0.065880 0.000000 0.000000 0.000000 0.146599
0.002464 -0.005561
5
274.762642 170.428027
3.744130 7.037834 8.543930 23 1
0.065880 0.000000 0.000000 0.000000 0.132866
0.015158 -0.040770
5
45.959321 172.988419
3.744130 7.037834 8.543930 23 1
0.065880 0.000000 0.000000 0.000000 0.144322
-0.002047 0.002449
5
355.503119 68.649113
3.744130 7.037834 8.543930 23 1
0.065880 0.000000 0.000000 0.000000 0.457558
0.004115 -0.030361
5
108.474337 451.779661
3.744130 7.037834 8.543930 23 1
0.065880 0.000000 0.000000 0.000000 0.555589
-0.021896 0.009228
5
51.595484 186.784117
3.744130 7.037834 8.543930 23 1
0.065880 0.000000 0.000000 0.000000 0.137885
-0.023675 -0.017398
