500.000000 500.000000
679 27
90 679
1
360.211484 275.402942
5.295000 9.953000 12.082942 19 2
0.065880 0.000000 0.000000 0.000000 0.364430
0.009491 -0.006401
1
397.196895 394.986604
5.295000 9.953000 12.082942 0 1
0.065880 0.000000 0.000000 0.000000 0.205220
0.007061 -0.000987
1
340.540644 362.488108
5.295000 9.953000 12.082942 20 2
0.065880 0.000000 0.000000 0.000000 0.292471
0.024377 0.007879
1
215.562295 339.976990
5.295000 9.953000 12.082942 0 1
0.065880 0.000000 0.000000 0.000000 0.197787
-0.011192 -0.031532
5
251.892044 415.537455
4.869501 9.153191 11.111974 13 1
0.065880 0.000000 0.000000 0.000000 0.208829
0.008047 0.014327
1
79.149736 334.596133
5.295000 9.953000 12.082942 24 2
0.065880 0.000000 0.000000 0.000000 0.222866
-0.006602 0.013803
1
330.427904 256.743662
5.295000 9.953000 12.082942 21 2
0.065880 0.000000 0.000000 0.000000 0.285557
0.007034 0.000375
1
191.737173 303.331273
5.295000 9.953000 12.082942 0 1
0.065880 0.000000 0.000000 0.000000 0.197361
0.001736 0.011210
5
136.540750 342.077653
5.091141 9.569807 11.617745 11 1
0.065880 0.000000 0.000000 0.000000 0.175132
-0.008982 0.003090
1
272.353982 489.069679
5.295000 9.953000 12.082942 0 1
0.065880 0.000000 0.000000 0.000000 0.207601
0.001494 0.019278
5
230.840824 69.900863
4.493375 8.446188 10.253672 16 1
0.065880 0.000000 0.000000 0.000000 0.407504
0.004899 -0.019663
5
36.048012 208.493406
4.750685 8.929853 10.840841 14 1
0.065880 0.000000 0.000000 0.000000 0.215599
-0.017027 -0.010871
1
443.863033 167.406173
5.295000 9.953000 12.082942 23 2
0.065880 0.000000 0.000000 0.000000 0.293545
0.015738 0.002099
5
245.610897 307.947084
4.352864 8.182070 9.933032 17 1
0.065880 0.000000 0.000000 0.000000 0.182325
-0.012278 0.020032
2
147.490756 297.377560
5.295000 9.953000 12.082942 22 1
0.065880 0.000000 0.000000 0.000000 0.198564
0.001561 0.005264
5
109.254549 147.864560
5.091141 9.569807 11.617745 11 1
0.065880 0.000000 0.000000 0.000000 0.195600
-0.010961 -0.011490
1
157.486493 429.353929
5.295000 9.953000 12.082942 22 2
0.065880 0.000000 0.000000 0.000000 0.267044
-0.010656 0.025577
1
411.452987 133.603707
5.295000 9.953000 12.082942 0 1
0.065880 0.000000 0.000000 0.000000 0.203399
0.008220 -0.007598
5
45.362508 145.084690
3.744130 7.037834 8.543930 18 1
0.065880 0.000000 0.000000 0.000000 0.203176
-0.018739 -0.006598
1
358.725116 62.316332
5.295000 9.953000 12.082942 0 1
0.065880 0.000000 0.000000 0.000000 0.666157
-0.007619 -0.026841
1
243.445278 138.363727
5.295000 9.953000 12.082942 19 2
0.065880 0.000000 0.000000 0.000000 0.299409
0.004046 -0.002743
1
390.146396 287.487929
5.295000 9.953000 12.082942 0 1
0.065880 0.000000 0.000000 0.000000 0.256009
0.011764 0.002093
1
75.523569 417.935889
5.295000 9.953000 12.082942 0 1
0.065880 0.000000 0.000000 0.000000 0.540465
-0.017121 0.002030
2
255.548363 279.710917
5.295000 9.953000 12.082942 23 1
0.065880 0.000000 0.000000 0.000000 0.185609
0.006947 0.005734
1
310.929914 143.217847
5.295000 9.953000 12.082942 23 2
0.065880 0.000000 0.000000 0.000000 0.229595
0.009580 -0.013434
1
297.785035 293.894990
5.295000 9.953000 12.082942 19 2
0.065880 0.000000 0.000000 0.000000 0.200434
0.015921 -0.000694
1
239.410615 357.111683
5.295000 9.953000 12.082942 0 1
0.065880 0.000000 0.000000 0.000000 0.182504
0.002325 0.015117
5
327.344520 426.436149
4.982786 9.366132 11.370484 12 1
0.065880 0.000000 0.000000 0.000000 0.227493
0.013744 0.012109
1
198.640403 401.078132
5.295000 9.953000 12.082942 0 1
0.065880 0.000000 0.000000 0.000000 0.188006
-0.005140 0.003456
5
414.576219 186.596967
4.750685 8.929853 10.840841 14 1
0.065880 0.000000 0.000000 0.000000 0.208064
0.003647 -0.000042
1
427.238749 347.048354
5.295000 9.953000 12.082942 0 1
0.065880 0.000000 0.000000 0.000000 0.269114
0.007491 0.003599
1
446.090985 222.318189
5.295000 9.953000 12.082942 23 2
0.065880 0.000000 0.000000 0.000000 0.320769
0.011082 -0.003584
1
50.916956 350.150340
5.295000 9.953000 12.082942 26 2
0.065880 0.000000 0.000000 0.000000 0.258903
-0.022721 0.008855
1
333.630011 442.172899
5.295000 9.953000 12.082942 0 1
0.065880 0.000000 0.000000 0.000000 0.189480
0.012151 0.014039
1
3.991941 268.451148
5.295000 9.953000 12.082942 0 1
0.065880 0.000000 0.000000 0.000000 0.214044
-0.018399 0.004031
1
266.092618 439.173988
5.295000 9.953000 12.082942 23 2
0.065880 0.000000 0.000000 0.000000 0.190226
-0.001332 0.020686
1
306.506555 374.327590
5.295000 9.953000 12.082942 20 2
0.065880 0.000000 0.000000 0.000000 0.258110
0.035881 0.005644
2
377.447313 274.640401
5.295000 9.953000 12.082942 19 1
0.065880 0.000000 0.000000 0.000000 0.294826
0.011927 0.002095
1
77.965719 199.718016
5.295000 9.953000 12.082942 21 2
0.065880 0.000000 0.000000 0.000000 0.181852
-0.015461 0.000942
5
249.362444 372.406572
5.091141 9.569807 11.617745 11 1
0.065880 0.000000 0.000000 0.000000 0.196572
-0.003787 0.007363
1
80.703530 217.998704
5.295000 9.953000 12.082942 21 2
0.065880 0.000000 0.000000 0.000000 0.181369
-0.007049 -0.005551
5
305.795306 389.569892
4.352864 8.182070 9.933032 17 1
0.065880 0.000000 0.000000 0.000000 0.283594
0.004784 0.006871
1
160.349187 480.443633
5.295000 9.953000 12.082942 0 1
0.065880 0.000000 0.000000 0.000000 0.327990
-0.014190 0.010986
1
89.209222 174.770894
5.295000 9.953000 12.082942 0 1
0.065880 0.000000 0.000000 0.000000 0.165536
-0.008420 -0.002588
1
375.212775 243.826893
5.295000 9.953000 12.082942 20 2
0.065880 0.000000 0.000000 0.000000 0.364982
0.009838 0.001205
1
117.510612 300.674570
5.295000 9.953000 12.082942 24 2
0.065880 0.000000 0.000000 0.000000 0.184724
0.000660 -0.001426
1
207.839885 104.485229
5.295000 9.953000 12.082942 0 1
0.065880 0.000000 0.000000 0.000000 0.213962
0.005611 -0.016638
1
343.434622 278.181690
5.295000 9.953000 12.082942 0 1
0.065880 0.000000 0.000000 0.000000 0.347906
0.008913 -0.012333
1
363.939255 161.375985
5.295000 9.953000 12.082942 0 1
0.065880 0.000000 0.000000 0.000000 0.223401
0.011061 0.016972
5
284.800788 456.286538
4.982786 9.366132 11.370484 12 1
0.065880 0.000000 0.000000 0.000000 0.210062
0.002870 0.015381
5
255.251575 126.337757
4.869501 9.153191 11.111974 13 1
0.065880 0.000000 0.000000 0.000000 0.236099
0.010732 -0.004873
1
223.757021 356.017517
5.295000 9.953000 12.082942 0 1
0.065880 0.000000 0.000000 0.000000 0.181805
0.039773 0.015976
1
312.350905 205.186991
5.295000 9.953000 12.082942 0 1
0.065880 0.000000 0.000000 0.000000 0.297159
0.006421 -0.006435
1
373.462273 293.261589
5.295000 9.953000 12.082942 20 2
0.065880 0.000000 0.000000 0.000000 0.235940
0.010221 -0.001032
1
91.187351 146.740358
5.295000 9.953000 12.082942 20 2
0.065880 0.000000 0.000000 0.000000 0.196213
-0.008292 -0.011000
1
306.672378 234.211623
5.295000 9.953000 12.082942 0 1
0.065880 0.000000 0.000000 0.000000 0.194702
0.004618 -0.005461
2
474.869996 276.616236
5.295000 9.953000 12.082942 22 1
0.065880 0.000000 0.000000 0.000000 0.478650
-0.002817 -0.000815
1
52.221261 114.218758
5.295000 9.953000 12.082942 0 1
0.065880 0.000000 0.000000 0.000000 0.339368
0.002817 0.000656
1
369.295746 38.231886
5.295000 9.953000 12.082942 26 2
0.065880 0.000000 0.000000 0.000000 0.355549
0.001256 -0.010566
5
380.694555 156.796080
5.195070 9.765163 11.854907 10 1
0.065880 0.000000 0.000000 0.000000 0.183706
0.005609 -0.006271
1
163.986683 322.586471
5.295000 9.953000 12.082942 26 2
0.065880 0.000000 0.000000 0.000000 0.196345
-0.000304 0.013415
1
139.956941 208.880337
5.295000 9.953000 12.082942 26 2
0.065880 0.000000 0.000000 0.000000 0.161785
-0.010069 -0.006493
1
256.274508 357.595331
5.295000 9.953000 12.082942 25 2
0.065880 0.000000 0.000000 0.000000 0.177572
0.023545 0.008325
5
411.366558 97.699407
4.869501 9.153191 11.111974 13 1
0.065880 0.000000 0.000000 0.000000 0.245274
0.006939 -0.017564
1
163.952809 462.325197
5.295000 9.953000 12.082942 26 2
0.065880 0.000000 0.000000 0.000000 0.269225
-0.007088 0.019297
1
244.214149 292.728636
5.295000 9.953000 12.082942 0 1
0.065880 0.000000 0.000000 0.000000 0.180669
0.010806 0.011364
1
31.943044 224.964622
5.295000 9.953000 12.082942 21 2
0.065880 0.000000 0.000000 0.000000 0.197712
-0.020373 -0.008106
1
113.663326 117.005322
5.295000 9.953000 12.082942 20 2
0.065880 0.000000 0.000000 0.000000 0.221224
-0.004606 -0.019592
1
295.205161 469.691874
5.295000 9.953000 12.082942 20 2
0.065880 0.000000 0.000000 0.000000 0.217972
0.000806 0.020584
1
393.697712 357.587075
5.295000 9.953000 12.082942 27 2
0.065880 0.000000 0.000000 0.000000 0.365876
-0.001054 0.006014
1
461.092914 194.895255
5.295000 9.953000 12.082942 21 2
0.065880 0.000000 0.000000 0.000000 0.403814
0.010292 -0.006766
2
43.202170 160.472843
5.295000 9.953000 12.082942 22 1
0.065880 0.000000 0.000000 0.000000 0.225313
-0.013923 -0.007137
5
44.614497 334.141317
4.982786 9.366132 11.370484 12 1
0.065880 0.000000 0.000000 0.000000 0.326094
-0.024874 0.006581
1
53.300601 382.287633
5.295000 9.953000 12.082942 0 1
0.065880 0.000000 0.000000 0.000000 0.322106
-0.012014 0.012656
5
150.231404 367.125968
5.091141 9.569807 11.617745 11 1
0.065880 0.000000 0.000000 0.000000 0.175730
-0.017910 0.005398
2
164.818161 445.039680
5.295000 9.953000 12.082942 24 1
0.065880 0.000000 0.000000 0.000000 0.287029
-0.003535 0.022133
1
178.630635 125.569622
5.295000 9.953000 12.082942 0 1
0.065880 0.000000 0.000000 0.000000 0.179734
0.010621 -0.014229
2
445.509525 300.417621
5.295000 9.953000 12.082942 22 1
0.065880 0.000000 0.000000 0.000000 0.406925
-0.000666 0.000569
1
172.867861 386.017479
5.295000 9.953000 12.082942 25 2
0.065880 0.000000 0.000000 0.000000 0.180871
0.000138 0.004361
1
67.739378 81.743173
5.295000 9.953000 12.082942 21 2
0.065880 0.000000 0.000000 0.000000 0.597174
-0.015195 -0.014360
1
103.919163 313.747816
5.295000 9.953000 12.082942 19 2
0.065880 0.000000 0.000000 0.000000 0.181442
-0.004227 -0.007771
1
120.524633 79.083938
5.295000 9.953000 12.082942 0 1
0.065880 0.000000 0.000000 0.000000 0.254900
-0.010174 -0.022063
1
86.953271 252.507719
5.295000 9.953000 12.082942 19 2
0.065880 0.000000 0.000000 0.000000 0.178022
-0.018984 -0.005483
2
229.799504 9.241425
5.295000 9.953000 12.082942 21 1
0.065880 0.000000 0.000000 0.000000 0.286953
0.011287 -0.019381
2
221.577934 92.067581
5.295000 9.953000 12.082942 23 1
0.065880 0.000000 0.000000 0.000000 0.379571
-0.003763 -0.001495
1
80.177178 160.826267
5.295000 9.953000 12.082942 24 2
0.065880 0.000000 0.000000 0.000000 0.167492
-0.005146 -0.005735
1
162.769721 304.880071
5.295000 9.953000 12.082942 26 2
0.065880 0.000000 0.000000 0.000000 0.215240
-0.019989 -0.007325
1
36.783640 256.203048
5.295000 9.953000 12.082942 0 1
0.065880 0.000000 0.000000 0.000000 0.183477
-0.018829 -0.001219
1
183.286944 447.985069
5.295000 9.953000 12.082942 0 1
0.065880 0.000000 0.000000 0.000000 0.251698
-0.000261 0.021255
1
384.699139 193.062358
5.295000 9.953000 12.082942 20 2
0.065880 0.000000 0.000000 0.000000 0.224524
0.007926 0.000589
1
133.469805 306.892081
5.295000 9.953000 12.082942 0 1
0.065880 0.000000 0.000000 0.000000 0.183676
-0.005023 0.008380
1
370.655392 205.083862
5.295000 9.953000 12.082942 25 2
0.065880 0.000000 0.000000 0.000000 0.244380
0.013095 0.007260
5
205.465447 296.849294
5.195070 9.765163 11.854907 10 1
0.065880 0.000000 0.000000 0.000000 0.200671
-0.005071 0.042345
2
203.587199 417.488999
5.295000 9.953000 12.082942 24 1
0.065880 0.000000 0.000000 0.000000 0.183602
-0.004283 0.009451
2
179.070778 26.401349
5.295000 9.953000 12.082942 26 1
0.065880 0.000000 0.000000 0.000000 0.304352
-0.001557 -0.015341
1
262.617920 250.588565
5.295000 9.953000 12.082942 0 1
0.065880 0.000000 0.000000 0.000000 0.209063
0.008118 0.005867
1
448.699087 371.309946
5.295000 9.953000 12.082942 21 2
0.065880 0.000000 0.000000 0.000000 0.265308
0.011641 0.005238
5
361.045170 397.479426
4.869501 9.153191 11.111974 13 1
0.065880 0.000000 0.000000 0.000000 0.236622
0.010386 -0.003947
5
179.820522 344.356996
3.744130 7.037834 8.543930 18 1
0.065880 0.000000 0.000000 0.000000 0.200953
0.012283 0.059553
1
396.117010 105.975030
5.295000 9.953000 12.082942 26 2
0.065880 0.000000 0.000000 0.000000 0.350402
0.010530 -0.004895
1
288.576507 277.360489
5.295000 9.953000 12.082942 0 1
0.065880 0.000000 0.000000 0.000000 0.246569
0.008260 0.000332
1
411.757759 151.591148
5.295000 9.953000 12.082942 23 2
0.065880 0.000000 0.000000 0.000000 0.194786
0.011947 -0.004727
1
118.701365 279.109876
5.295000 9.953000 12.082942 25 2
0.065880 0.000000 0.000000 0.000000 0.256263
-0.011148 0.007435
5
461.743213 345.184108
4.625609 8.694746 10.555422 15 1
0.065880 0.000000 0.000000 0.000000 0.297263
0.015746 -0.001710
1
367.978247 186.808326
5.295000 9.953000 12.082942 25 2
0.065880 0.000000 0.000000 0.000000 0.199046
0.011065 0.004044
5
477.699989 337.421991
4.750685 8.929853 10.840841 14 1
0.065880 0.000000 0.000000 0.000000 0.266129
0.001260 0.007400
1
371.827789 329.015318
5.295000 9.953000 12.082942 19 2
0.065880 0.000000 0.000000 0.000000 0.352600
-0.004388 0.003826
1
123.017607 419.655732
5.295000 9.953000 12.082942 0 1
0.065880 0.000000 0.000000 0.000000 0.189275
-0.014344 0.021571
1
380.374196 428.856980
5.295000 9.953000 12.082942 25 2
0.065880 0.000000 0.000000 0.000000 0.181697
0.009718 0.005924
1
106.091140 412.926955
5.295000 9.953000 12.082942 25 2
0.065880 0.000000 0.000000 0.000000 0.229408
-0.011893 0.015880
1
160.029230 230.983962
5.295000 9.953000 12.082942 21 2
0.065880 0.000000 0.000000 0.000000 0.173605
-0.005856 -0.000119
1
443.716704 149.279724
5.295000 9.953000 12.082942 21 2
0.065880 0.000000 0.000000 0.000000 0.277188
0.009251 -0.001259
1
430.683976 365.197148
5.295000 9.953000 12.082942 21 2
0.065880 0.000000 0.000000 0.000000 0.256641
0.006570 0.004165
1
271.674317 63.577700
5.295000 9.953000 12.082942 0 1
0.065880 0.000000 0.000000 0.000000 0.569235
0.009074 -0.020366
1
49.673060 221.640843
5.295000 9.953000 12.082942 20 2
0.065880 0.000000 0.000000 0.000000 0.191010
-0.021352 -0.003975
1
318.443684 221.310839
5.295000 9.953000 12.082942 19 2
0.065880 0.000000 0.000000 0.000000 0.250841
0.008405 -0.005827
1
188.539799 266.396226
5.295000 9.953000 12.082942 0 1
0.065880 0.000000 0.000000 0.000000 0.159134
0.000027 0.002279
2
42.100590 129.879953
5.295000 9.953000 12.082942 22 1
0.065880 0.000000 0.000000 0.000000 0.295933
-0.010920 -0.007652
5
257.466338 387.126724
4.982786 9.366132 11.370484 12 1
0.065880 0.000000 0.000000 0.000000 0.183965
-0.003214 0.008091
1
82.354551 100.383004
5.295000 9.953000 12.082942 0 1
0.065880 0.000000 0.000000 0.000000 0.217421
-0.015112 -0.011086
1
257.624927 234.846364
5.295000 9.953000 12.082942 27 2
0.065880 0.000000 0.000000 0.000000 0.179164
0.008609 0.003970
1
249.633932 432.410137
5.295000 9.953000 12.082942 19 2
0.065880 0.000000 0.000000 0.000000 0.208492
-0.001919 0.013348
5
390.115714 89.859516
4.352864 8.182070 9.933032 17 1
0.065880 0.000000 0.000000 0.000000 0.253563
0.000458 0.014070
1
314.853116 437.719456
5.295000 9.953000 12.082942 0 1
0.065880 0.000000 0.000000 0.000000 0.222995
0.012606 0.017220
1
300.978028 19.049377
5.295000 9.953000 12.082942 0 1
0.065880 0.000000 0.000000 0.000000 0.334210
-0.000377 -0.004058
1
299.907530 263.235893
5.295000 9.953000 12.082942 24 2
0.065880 0.000000 0.000000 0.000000 0.227788
0.003512 -0.001833
1
462.476388 308.720786
5.295000 9.953000 12.082942 0 1
0.065880 0.000000 0.000000 0.000000 0.315072
0.001722 -0.005886
1
240.351635 25.020430
5.295000 9.953000 12.082942 19 2
0.065880 0.000000 0.000000 0.000000 0.497586
-0.002753 -0.009459
5
120.068273 60.862672
5.091141 9.569807 11.617745 11 1
0.065880 0.000000 0.000000 0.000000 0.250121
-0.013008 -0.017530
1
110.256709 212.949930
5.295000 9.953000 12.082942 25 2
0.065880 0.000000 0.000000 0.000000 0.169156
-0.006465 -0.004778
5
118.003507 43.714611
4.750685 8.929853 10.840841 14 1
0.065880 0.000000 0.000000 0.000000 0.571273
-0.012525 -0.013649
1
168.074056 56.062602
5.295000 9.953000 12.082942 27 2
0.065880 0.000000 0.000000 0.000000 0.208834
-0.001800 -0.015142
1
378.463786 396.316222
5.295000 9.953000 12.082942 24 2
0.065880 0.000000 0.000000 0.000000 0.213799
0.014982 0.003933
5
169.534163 192.937976
4.493375 8.446188 10.253672 16 1
0.065880 0.000000 0.000000 0.000000 0.157395
0.005946 -0.038196
1
354.738562 197.928346
5.295000 9.953000 12.082942 21 2
0.065880 0.000000 0.000000 0.000000 0.234530
0.013506 0.007836
1
13.443217 228.906701
5.295000 9.953000 12.082942 19 2
0.065880 0.000000 0.000000 0.000000 0.243438
-0.019694 -0.005546
1
289.171257 183.775110
5.295000 9.953000 12.082942 0 1
0.065880 0.000000 0.000000 0.000000 0.183027
0.008333 -0.010373
1
254.254821 92.466864
5.295000 9.953000 12.082942 27 2
0.065880 0.000000 0.000000 0.000000 0.289166
-0.000148 -0.003930
2
221.706369 322.578571
5.295000 9.953000 12.082942 26 1
0.065880 0.000000 0.000000 0.000000 0.178579
0.001665 0.006481
1
182.143813 44.432391
5.295000 9.953000 12.082942 26 2
0.065880 0.000000 0.000000 0.000000 0.199557
-0.001890 -0.013897
1
18.722669 257.635503
5.295000 9.953000 12.082942 23 2
0.065880 0.000000 0.000000 0.000000 0.192589
-0.019898 -0.002486
1
48.554341 269.501963
5.295000 9.953000 12.082942 26 2
0.065880 0.000000 0.000000 0.000000 0.187597
-0.013500 -0.000623
1
370.613763 445.344907
5.295000 9.953000 12.082942 0 1
0.065880 0.000000 0.000000 0.000000 0.210456
0.008753 0.007178
1
288.700182 230.026726
5.295000 9.953000 12.082942 22 2
0.065880 0.000000 0.000000 0.000000 0.200781
0.004492 -0.004899
1
54.601301 286.047360
5.295000 9.953000 12.082942 23 2
0.065880 0.000000 0.000000 0.000000 0.189839
-0.018868 0.003220
5
282.234868 130.364480
3.744130 7.037834 8.543930 18 1
0.065880 0.000000 0.000000 0.000000 0.208587
0.001617 0.024513
5
146.472791 280.777154
5.091141 9.569807 11.617745 11 1
0.065880 0.000000 0.000000 0.000000 0.196453
-0.009324 -0.001650
1
266.333733 372.736789
5.295000 9.953000 12.082942 19 2
0.065880 0.000000 0.000000 0.000000 0.179294
-0.003204 0.003163
1
213.132616 41.102059
5.295000 9.953000 12.082942 0 1
0.065880 0.000000 0.000000 0.000000 0.221560
0.001339 -0.020352
1
137.318393 162.864921
5.295000 9.953000 12.082942 26 2
0.065880 0.000000 0.000000 0.000000 0.181314
-0.002779 -0.021544
1
231.875536 404.097473
5.295000 9.953000 12.082942 0 1
0.065880 0.000000 0.000000 0.000000 0.176907
-0.002241 0.001921
1
66.080812 266.552361
5.295000 9.953000 12.082942 0 1
0.065880 0.000000 0.000000 0.000000 0.171802
-0.011854 -0.009916
1
182.227402 142.343622
5.295000 9.953000 12.082942 0 1
0.065880 0.000000 0.000000 0.000000 0.170083
0.001655 -0.010779
1
254.219765 328.055161
5.295000 9.953000 12.082942 21 2
0.065880 0.000000 0.000000 0.000000 0.225236
0.005912 0.000128
5
225.947460 133.997451
5.091141 9.569807 11.617745 11 1
0.065880 0.000000 0.000000 0.000000 0.336518
-0.002134 -0.004989
1
405.341537 416.329419
5.295000 9.953000 12.082942 0 1
0.065880 0.000000 0.000000 0.000000 0.200905
0.015431 0.008806
1
366.208530 228.599757
5.295000 9.953000 12.082942 20 2
0.065880 0.000000 0.000000 0.000000 0.332384
0.005130 0.008204
1
223.516206 226.735085
5.295000 9.953000 12.082942 20 2
0.065880 0.000000 0.000000 0.000000 0.235784
0.003249 0.000823
2
314.996619 293.396229
5.295000 9.953000 12.082942 20 1
0.065880 0.000000 0.000000 0.000000 0.191666
0.016685 -0.002993
1
275.388514 310.451621
5.295000 9.953000 12.082942 21 2
0.065880 0.000000 0.000000 0.000000 0.250499
0.018599 0.011640
1
324.733755 238.310591
5.295000 9.953000 12.082942 20 2
0.065880 0.000000 0.000000 0.000000 0.245583
0.000892 -0.002302
1
107.539818 177.992593
5.295000 9.953000 12.082942 0 1
0.065880 0.000000 0.000000 0.000000 0.169652
-0.011370 -0.002971
2
190.908953 97.261918
5.295000 9.953000 12.082942 22 1
0.065880 0.000000 0.000000 0.000000 0.200758
0.000436 -0.011350
1
155.684513 214.722625
5.295000 9.953000 12.082942 0 1
0.065880 0.000000 0.000000 0.000000 0.159595
0.014239 -0.011129
2
152.157542 412.288439
5.295000 9.953000 12.082942 22 1
0.065880 0.000000 0.000000 0.000000 0.205905
-0.004361 0.019166
2
223.888223 111.117551
5.295000 9.953000 12.082942 20 1
0.065880 0.000000 0.000000 0.000000 0.304660
0.005812 -0.003745
1
150.572925 349.740358
5.295000 9.953000 12.082942 23 2
0.065880 0.000000 0.000000 0.000000 0.175892
-0.007191 -0.001212
1
141.326340 392.136625
5.295000 9.953000 12.082942 21 2
0.065880 0.000000 0.000000 0.000000 0.193952
-0.025153 0.019142
1
388.219215 411.638692
5.295000 9.953000 12.082942 0 1
0.065880 0.000000 0.000000 0.000000 0.181431
0.014503 0.006800
1
120.226853 317.654463
5.295000 9.953000 12.082942 0 1
0.065880 0.000000 0.000000 0.000000 0.167825
-0.005854 0.006024
1
237.111268 99.702351
5.295000 9.953000 12.082942 0 1
0.065880 0.000000 0.000000 0.000000 0.366568
0.005071 -0.007443
1
238.270521 494.536109
5.295000 9.953000 12.082942 0 1
0.065880 0.000000 0.000000 0.000000 0.203013
-0.017404 0.020403
1
71.601253 283.141274
5.295000 9.953000 12.082942 0 1
0.065880 0.000000 0.000000 0.000000 0.183233
-0.017697 -0.008306
1
217.103995 371.720627
5.295000 9.953000 12.082942 0 1
0.065880 0.000000 0.000000 0.000000 0.204678
-0.012319 -0.008881
1
296.376428 411.741747
5.295000 9.953000 12.082942 0 1
0.065880 0.000000 0.000000 0.000000 0.240407
0.013055 0.012561
2
160.323862 102.471131
5.295000 9.953000 12.082942 23 1
0.065880 0.000000 0.000000 0.000000 0.186124
0.001449 -0.004163
1
337.328063 206.394773
5.295000 9.953000 12.082942 19 2
0.065880 0.000000 0.000000 0.000000 0.379529
0.001735 0.006650
2
88.527697 285.414407
5.295000 9.953000 12.082942 23 1
0.065880 0.000000 0.000000 0.000000 0.174323
-0.014538 -0.001350
1
363.898213 349.671544
5.295000 9.953000 12.082942 0 1
0.065880 0.000000 0.000000 0.000000 0.663745
0.033312 -0.026526
1
459.170331 287.571061
5.295000 9.953000 12.082942 0 1
0.065880 0.000000 0.000000 0.000000 0.367587
0.000862 0.006256
5
350.250459 230.775566
4.750685 8.929853 10.840841 14 1
0.065880 0.000000 0.000000 0.000000 0.326778
0.008961 0.006593
2
231.530749 463.234231
5.295000 9.953000 12.082942 25 1
0.065880 0.000000 0.000000 0.000000 0.200064
-0.002010 0.015271
1
267.756263 456.871226
5.295000 9.953000 12.082942 21 2
0.065880 0.000000 0.000000 0.000000 0.195997
0.000671 0.021841
1
445.184675 204.458408
5.295000 9.953000 12.082942 22 2
0.065880 0.000000 0.000000 0.000000 0.302839
0.010233 -0.002518
1
346.289582 345.447376
5.295000 9.953000 12.082942 27 2
0.065880 0.000000 0.000000 0.000000 0.429362
0.021009 0.009256
1
171.591435 261.943168
5.295000 9.953000 12.082942 19 2
0.065880 0.000000 0.000000 0.000000 0.161557
-0.009890 0.004204
1
255.323523 173.037105
5.295000 9.953000 12.082942 19 2
0.065880 0.000000 0.000000 0.000000 0.200504
0.004320 0.000154
1
308.600249 309.041112
5.295000 9.953000 12.082942 0 1
0.065880 0.000000 0.000000 0.000000 0.206159
0.021113 -0.000245
1
153.080446 196.905557
5.295000 9.953000 12.082942 21 2
0.065880 0.000000 0.000000 0.000000 0.160684
-0.003013 -0.002191
1
205.966337 329.434389
5.295000 9.953000 12.082942 27 2
0.065880 0.000000 0.000000 0.000000 0.179559
0.045396 0.045341
1
260.365239 143.386012
5.295000 9.953000 12.082942 0 1
0.065880 0.000000 0.000000 0.000000 0.211759
-0.003279 0.009420
1
42.146809 366.396213
5.295000 9.953000 12.082942 22 2
0.065880 0.000000 0.000000 0.000000 0.349027
-0.015034 0.015730
2
33.738406 176.283714
5.295000 9.953000 12.082942 19 1
0.065880 0.000000 0.000000 0.000000 0.254917
-0.014055 -0.005784
1
176.196517 431.325248
5.295000 9.953000 12.082942 0 1
0.065880 0.000000 0.000000 0.000000 0.204542
-0.003937 0.025570
5
96.013928 442.209554
5.091141 9.569807 11.617745 11 1
0.065880 0.000000 0.000000 0.000000 0.552045
-0.017035 0.020269
1
426.094593 315.283190
5.295000 9.953000 12.082942 0 1
0.065880 0.000000 0.000000 0.000000 0.443305
-0.001036 0.009699
1
170.888630 73.835324
5.295000 9.953000 12.082942 0 1
0.065880 0.000000 0.000000 0.000000 0.198778
0.000543 -0.013552
1
193.428943 432.045908
5.295000 9.953000 12.082942 19 2
0.065880 0.000000 0.000000 0.000000 0.210263
-0.002577 0.014003
1
331.258692 32.016713
5.295000 9.953000 12.082942 26 2
0.065880 0.000000 0.000000 0.000000 0.361800
0.000578 -0.001336
1
87.728421 369.847405
5.295000 9.953000 12.082942 23 2
0.065880 0.000000 0.000000 0.000000 0.239042
-0.006841 0.021865
1
115.362721 245.864760
5.295000 9.953000 12.082942 25 2
0.065880 0.000000 0.000000 0.000000 0.189481
-0.021919 -0.001840
1
416.434952 332.058512
5.295000 9.953000 12.082942 26 2
0.065880 0.000000 0.000000 0.000000 0.283451
0.001793 0.005738
1
199.835238 252.352940
5.295000 9.953000 12.082942 20 2
0.065880 0.000000 0.000000 0.000000 0.168615
0.000899 -0.000394
1
139.940955 78.942396
5.295000 9.953000 12.082942 21 2
0.065880 0.000000 0.000000 0.000000 0.227359
0.001640 -0.016780
1
239.014856 275.909977
5.295000 9.953000 12.082942 21 2
0.065880 0.000000 0.000000 0.000000 0.191515
0.009054 0.004646
1
231.322957 41.212859
5.295000 9.953000 12.082942 26 2
0.065880 0.000000 0.000000 0.000000 0.302455
0.000831 -0.006731
1
186.794138 158.509555
5.295000 9.953000 12.082942 24 2
0.065880 0.000000 0.000000 0.000000 0.166989
-0.000239 -0.006478
1
83.644352 269.131140
5.295000 9.953000 12.082942 21 2
0.065880 0.000000 0.000000 0.000000 0.177428
-0.009920 -0.003182
1
169.338160 154.834923
5.295000 9.953000 12.082942 0 1
0.065880 0.000000 0.000000 0.000000 0.166676
0.000027 -0.019636
1
320.628881 385.436638
5.295000 9.953000 12.082942 22 2
0.065880 0.000000 0.000000 0.000000 0.303359
0.010845 0.008643
1
41.875134 300.542551
5.295000 9.953000 12.082942 19 2
0.065880 0.000000 0.000000 0.000000 0.257772
-0.017469 -0.000851
1
231.164455 197.877776
5.295000 9.953000 12.082942 0 1
0.065880 0.000000 0.000000 0.000000 0.180629
0.003767 0.002755
1
116.207476 98.523107
5.295000 9.953000 12.082942 0 1
0.065880 0.000000 0.000000 0.000000 0.300663
-0.008264 -0.017844
2
463.213410 327.316825
5.295000 9.953000 12.082942 26 1
0.065880 0.000000 0.000000 0.000000 0.230506
0.008592 -0.004495
5
92.511546 424.416027
5.195070 9.765163 11.854907 10 1
0.065880 0.000000 0.000000 0.000000 0.310470
-0.017542 0.016019
1
416.141840 397.575700
5.295000 9.953000 12.082942 20 2
0.065880 0.000000 0.000000 0.000000 0.232058
0.003457 0.011822
1
427.700255 267.386629
5.295000 9.953000 12.082942 0 1
0.065880 0.000000 0.000000 0.000000 0.228309
0.006108 -0.003172
1
272.667432 357.391673
5.295000 9.953000 12.082942 0 1
0.065880 0.000000 0.000000 0.000000 0.176431
0.015298 0.006471
1
435.222152 401.790186
5.295000 9.953000 12.082942 20 2
0.065880 0.000000 0.000000 0.000000 0.282161
0.008951 0.002465
1
209.618397 177.845552
5.295000 9.953000 12.082942 26 2
0.065880 0.000000 0.000000 0.000000 0.167900
0.001319 -0.002254
1
224.640967 387.777622
5.295000 9.953000 12.082942 0 1
0.065880 0.000000 0.000000 0.000000 0.186405
-0.010834 -0.000131
5
164.633216 373.367078
4.352864 8.182070 9.933032 17 1
0.065880 0.000000 0.000000 0.000000 0.178531
0.007962 0.029698
1
239.333426 447.059627
5.295000 9.953000 12.082942 25 2
0.065880 0.000000 0.000000 0.000000 0.193185
-0.002221 0.014570
1
307.706535 91.162905
5.295000 9.953000 12.082942 21 2
0.065880 0.000000 0.000000 0.000000 0.358715
-0.004504 -0.026549
1
240.492149 230.609382
5.295000 9.953000 12.082942 0 1
0.065880 0.000000 0.000000 0.000000 0.192733
0.006017 0.001996
1
219.611553 303.244013
5.295000 9.953000 12.082942 0 1
0.065880 0.000000 0.000000 0.000000 0.174379
-0.042725 -0.007794
5
426.678284 283.729668
4.493375 8.446188 10.253672 16 1
0.065880 0.000000 0.000000 0.000000 0.355408
-0.007879 -0.004245
1
146.913529 31.984203
5.295000 9.953000 12.082942 19 2
0.065880 0.000000 0.000000 0.000000 0.387274
-0.003105 -0.019293
1
416.874039 433.008865
5.295000 9.953000 12.082942 0 1
0.065880 0.000000 0.000000 0.000000 0.349015
-0.000712 0.000145
1
430.866891 87.243021
5.295000 9.953000 12.082942 21 2
0.065880 0.000000 0.000000 0.000000 0.309116
0.011533 -0.002808
1
252.940208 218.810358
5.295000 9.953000 12.082942 19 2
0.065880 0.000000 0.000000 0.000000 0.187653
0.008168 0.002537
1
253.955605 70.196593
5.295000 9.953000 12.082942 0 1
0.065880 0.000000 0.000000 0.000000 0.309630
0.009416 -0.006654
1
221.278091 164.421620
5.295000 9.953000 12.082942 0 1
0.065880 0.000000 0.000000 0.000000 0.213927
0.002322 0.000043
1
338.552502 459.366171
5.295000 9.953000 12.082942 19 2
0.065880 0.000000 0.000000 0.000000 0.191089
0.016960 0.014433
1
443.279321 114.128192
5.295000 9.953000 12.082942 0 1
0.065880 0.000000 0.000000 0.000000 0.410318
0.007240 -0.008669
1
319.913939 16.695805
5.295000 9.953000 12.082942 0 1
0.065880 0.000000 0.000000 0.000000 0.388703
0.001690 -0.004379
1
260.422396 190.573132
5.295000 9.953000 12.082942 20 2
0.065880 0.000000 0.000000 0.000000 0.198879
0.005519 -0.002605
1
189.602496 219.999162
5.295000 9.953000 12.082942 23 2
0.065880 0.000000 0.000000 0.000000 0.196678
0.002018 -0.003198
1
238.755833 323.581600
5.295000 9.953000 12.082942 21 2
0.065880 0.000000 0.000000 0.000000 0.180110
-0.001884 0.000857
1
441.670159 255.719348
5.295000 9.953000 12.082942 27 2
0.065880 0.000000 0.000000 0.000000 0.235327
0.011819 0.000518
1
206.087731 354.448413
5.295000 9.953000 12.082942 0 1
0.065880 0.000000 0.000000 0.000000 0.209341
-0.055863 0.044974
2
81.694185 131.621515
5.295000 9.953000 12.082942 22 1
0.065880 0.000000 0.000000 0.000000 0.199521
-0.011724 -0.009394
1
267.453593 266.226629
5.295000 9.953000 12.082942 24 2
0.065880 0.000000 0.000000 0.000000 0.215041
0.006933 0.006547
1
125.878750 178.743631
5.295000 9.953000 12.082942 0 1
0.065880 0.000000 0.000000 0.000000 0.188529
-0.005603 -0.002074
1
130.513550 107.885621
5.295000 9.953000 12.082942 21 2
0.065880 0.000000 0.000000 0.000000 0.211467
-0.001675 -0.023149
1
164.795872 38.080783
5.295000 9.953000 12.082942 19 2
0.065880 0.000000 0.000000 0.000000 0.290981
-0.002669 -0.016725
1
401.981044 373.408109
5.295000 9.953000 12.082942 19 2
0.065880 0.000000 0.000000 0.000000 0.338784
0.011982 0.001750
1
249.512045 155.943921
5.295000 9.953000 12.082942 0 1
0.065880 0.000000 0.000000 0.000000 0.215591
0.001666 0.000429
1
353.487632 328.257521
5.295000 9.953000 12.082942 19 2
0.065880 0.000000 0.000000 0.000000 0.333839
-0.000979 0.000959
1
362.150331 429.233911
5.295000 9.953000 12.082942 26 2
0.065880 0.000000 0.000000 0.000000 0.179590
0.012496 0.003063
1
135.635831 324.380190
5.295000 9.953000 12.082942 0 1
0.065880 0.000000 0.000000 0.000000 0.164842
-0.011308 0.012424
5
427.202978 141.739645
5.195070 9.765163 11.854907 10 1
0.065880 0.000000 0.000000 0.000000 0.205964
0.011519 -0.006276
1
341.854752 397.069123
5.295000 9.953000 12.082942 25 2
0.065880 0.000000 0.000000 0.000000 0.268810
0.016965 0.002168
1
197.634325 190.844741
5.295000 9.953000 12.082942 23 2
0.065880 0.000000 0.000000 0.000000 0.174510
0.004506 -0.001900
2
273.504922 81.457765
5.295000 9.953000 12.082942 21 1
0.065880 0.000000 0.000000 0.000000 0.341936
-0.021518 -0.019163
2
282.979116 422.250141
5.295000 9.953000 12.082942 19 1
0.065880 0.000000 0.000000 0.000000 0.213796
0.010317 0.008488
1
396.101756 124.777442
5.295000 9.953000 12.082942 23 2
0.065880 0.000000 0.000000 0.000000 0.235634
0.002020 -0.006182
5
322.510351 99.773306
4.750685 8.929853 10.840841 14 1
0.065880 0.000000 0.000000 0.000000 0.328455
-0.002665 -0.017284
1
140.183157 138.349806
5.295000 9.953000 12.082942 25 2
0.065880 0.000000 0.000000 0.000000 0.195361
-0.039004 0.013202
1
7.734128 197.063890
5.295000 9.953000 12.082942 25 2
0.065880 0.000000 0.000000 0.000000 0.345951
-0.021131 -0.009397
5
345.451928 141.978278
4.982786 9.366132 11.370484 12 1
0.065880 0.000000 0.000000 0.000000 0.268310
0.003184 0.000908
1
135.922184 408.014331
5.295000 9.953000 12.082942 0 1
0.065880 0.000000 0.000000 0.000000 0.180118
-0.008594 0.028328
1
406.292395 243.209787
5.295000 9.953000 12.082942 21 2
0.065880 0.000000 0.000000 0.000000 0.281343
0.013244 0.003413
1
317.563528 267.413294
5.295000 9.953000 12.082942 19 2
0.065880 0.000000 0.000000 0.000000 0.194095
0.003331 -0.005730
1
324.159820 402.406989
5.295000 9.953000 12.082942 20 2
0.065880 0.000000 0.000000 0.000000 0.269162
0.014391 0.007850
1
137.305192 61.537495
5.295000 9.953000 12.082942 0 1
0.065880 0.000000 0.000000 0.000000 0.224349
-0.007805 -0.018073
1
228.532104 243.002127
5.295000 9.953000 12.082942 23 2
0.065880 0.000000 0.000000 0.000000 0.192855
0.003709 0.002302
1
216.781352 255.554873
5.295000 9.953000 12.082942 25 2
0.065880 0.000000 0.000000 0.000000 0.170201
0.001223 -0.000027
1
378.786735 123.189922
5.295000 9.953000 12.082942 26 2
0.065880 0.000000 0.000000 0.000000 0.283279
-0.004278 -0.013440
1
177.046431 108.215612
5.295000 9.953000 12.082942 0 1
0.065880 0.000000 0.000000 0.000000 0.185760
-0.001889 -0.005007
1
222.524684 271.499540
5.295000 9.953000 12.082942 19 2
0.065880 0.000000 0.000000 0.000000 0.190567
-0.004842 0.010575
1
187.996941 79.938965
5.295000 9.953000 12.082942 20 2
0.065880 0.000000 0.000000 0.000000 0.203887
0.000667 -0.014729
1
423.283359 415.434961
5.295000 9.953000 12.082942 0 1
0.065880 0.000000 0.000000 0.000000 0.244461
0.015699 0.007626
1
301.134197 171.918479
5.295000 9.953000 12.082942 0 1
0.065880 0.000000 0.000000 0.000000 0.197644
0.008882 -0.012919
1
63.771900 99.731995
5.295000 9.953000 12.082942 19 2
0.065880 0.000000 0.000000 0.000000 0.322536
-0.014675 -0.013146
1
346.174802 158.917738
5.295000 9.953000 12.082942 26 2
0.065880 0.000000 0.000000 0.000000 0.280470
0.012420 0.007394
1
460.648574 254.162129
5.295000 9.953000 12.082942 0 1
0.065880 0.000000 0.000000 0.000000 0.294942
0.012261 0.002157
2
131.051251 454.678631
5.295000 9.953000 12.082942 21 1
0.065880 0.000000 0.000000 0.000000 0.257551
-0.013516 0.024325
5
282.900585 259.756880
5.195070 9.765163 11.854907 10 1
0.065880 0.000000 0.000000 0.000000 0.244113
0.003483 -0.003163
1
410.147709 262.002675
5.295000 9.953000 12.082942 19 2
0.065880 0.000000 0.000000 0.000000 0.272704
0.006270 -0.012765
1
308.867840 481.795514
5.295000 9.953000 12.082942 0 1
0.065880 0.000000 0.000000 0.000000 0.228730
0.008536 0.011895
1
194.581821 236.248316
5.295000 9.953000 12.082942 0 1
0.065880 0.000000 0.000000 0.000000 0.192467
-0.000123 0.000750
1
284.085621 166.191419
5.295000 9.953000 12.082942 21 2
0.065880 0.000000 0.000000 0.000000 0.187163
0.003723 -0.014083
1
130.185768 236.801637
5.295000 9.953000 12.082942 23 2
0.065880 0.000000 0.000000 0.000000 0.165832
-0.002166 -0.004698
1
25.978793 194.344862
5.295000 9.953000 12.082942 22 2
0.065880 0.000000 0.000000 0.000000 0.278559
-0.019280 -0.008948
1
204.595288 161.548236
5.295000 9.953000 12.082942 0 1
0.065880 0.000000 0.000000 0.000000 0.173346
0.000765 -0.003881
1
299.021730 429.798942
5.295000 9.953000 12.082942 0 1
0.065880 0.000000 0.000000 0.000000 0.227488
0.009401 0.015704
1
21.673315 274.989063
5.295000 9.953000 12.082942 0 1
0.065880 0.000000 0.000000 0.000000 0.209343
-0.024757 0.001809
1
220.876625 418.584858
5.295000 9.953000 12.082942 22 2
0.065880 0.000000 0.000000 0.000000 0.177615
-0.001221 0.008165
1
199.195123 146.125921
5.295000 9.953000 12.082942 23 2
0.065880 0.000000 0.000000 0.000000 0.182034
0.001034 -0.006168
2
202.222766 68.769126
5.295000 9.953000 12.082942 23 1
0.065880 0.000000 0.000000 0.000000 0.321767
0.006726 -0.016801
5
337.537788 126.848332
4.982786 9.366132 11.370484 12 1
0.065880 0.000000 0.000000 0.000000 0.298596
0.013118 -0.002757
1
183.178872 249.800322
5.295000 9.953000 12.082942 23 2
0.065880 0.000000 0.000000 0.000000 0.176356
0.001813 -0.008566
1
212.195696 466.211810
5.295000 9.953000 12.082942 21 2
0.065880 0.000000 0.000000 0.000000 0.231270
-0.000794 0.012817
1
165.681220 138.260252
5.295000 9.953000 12.082942 0 1
0.065880 0.000000 0.000000 0.000000 0.173107
0.003352 -0.034803
1
28.832628 328.011717
5.295000 9.953000 12.082942 22 2
0.065880 0.000000 0.000000 0.000000 0.453584
-0.055636 0.034531
1
151.829413 150.053583
5.295000 9.953000 12.082942 21 2
0.065880 0.000000 0.000000 0.000000 0.172013
0.013245 -0.026225
1
191.212417 320.356497
5.295000 9.953000 12.082942 22 2
0.065880 0.000000 0.000000 0.000000 0.200079
-0.066545 0.008059
1
186.549766 9.562931
5.295000 9.953000 12.082942 20 2
0.065880 0.000000 0.000000 0.000000 0.292264
0.004132 -0.013499
1
161.065823 181.487175
5.295000 9.953000 12.082942 22 2
0.065880 0.000000 0.000000 0.000000 0.162332
-0.003136 -0.000830
1
71.502019 177.071991
5.295000 9.953000 12.082942 19 2
0.065880 0.000000 0.000000 0.000000 0.176572
-0.010955 -0.006274
1
201.734485 448.490415
5.295000 9.953000 12.082942 23 2
0.065880 0.000000 0.000000 0.000000 0.216148
-0.001271 0.015906
2
487.444026 246.176253
5.295000 9.953000 12.082942 27 1
0.065880 0.000000 0.000000 0.000000 0.348056
-0.002452 0.000548
1
191.792957 357.006569
5.295000 9.953000 12.082942 25 2
0.065880 0.000000 0.000000 0.000000 0.214124
0.063287 -0.027736
1
279.061788 31.291490
5.295000 9.953000 12.082942 25 2
0.065880 0.000000 0.000000 0.000000 0.662264
0.000013 -0.000057
1
61.207814 130.715046
5.295000 9.953000 12.082942 21 2
0.065880 0.000000 0.000000 0.000000 0.195946
-0.007845 0.000659
2
370.524128 412.895860
5.295000 9.953000 12.082942 20 1
0.065880 0.000000 0.000000 0.000000 0.179718
0.013037 0.001330
1
119.538189 368.084213
5.295000 9.953000 12.082942 20 2
0.065880 0.000000 0.000000 0.000000 0.189649
-0.007766 0.004973
1
8.682356 304.920842
5.295000 9.953000 12.082942 24 2
0.065880 0.000000 0.000000 0.000000 0.440798
-0.014566 0.002597
5
263.709928 113.617844
4.352864 8.182070 9.933032 17 1
0.065880 0.000000 0.000000 0.000000 0.247689
0.021981 -0.006497
5
108.746370 329.013022
4.493375 8.446188 10.253672 16 1
0.065880 0.000000 0.000000 0.000000 0.171608
-0.014180 0.002221
5
144.666491 97.663418
4.625609 8.694746 10.555422 15 1
0.065880 0.000000 0.000000 0.000000 0.193623
-0.000866 -0.024507
1
379.857564 73.017827
5.295000 9.953000 12.082942 0 1
0.065880 0.000000 0.000000 0.000000 0.285771
0.016492 -0.005812
1
81.886541 235.368005
5.295000 9.953000 12.082942 0 1
0.065880 0.000000 0.000000 0.000000 0.196049
-0.012027 -0.006788
5
94.255826 327.636994
4.869501 9.153191 11.111974 13 1
0.065880 0.000000 0.000000 0.000000 0.191126
-0.011459 -0.012148
1
113.144628 229.722451
5.295000 9.953000 12.082942 22 2
0.065880 0.000000 0.000000 0.000000 0.172104
-0.008822 0.005479
1
153.582390 259.332924
5.295000 9.953000 12.082942 24 2
0.065880 0.000000 0.000000 0.000000 0.164960
0.025848 0.010512
1
368.698156 380.887386
5.295000 9.953000 12.082942 23 2
0.065880 0.000000 0.000000 0.000000 0.281731
0.011489 0.008986
1
76.596154 299.987559
5.295000 9.953000 12.082942 0 1
0.065880 0.000000 0.000000 0.000000 0.215547
-0.020036 -0.006986
1
190.360666 383.174501
5.295000 9.953000 12.082942 0 1
0.065880 0.000000 0.000000 0.000000 0.210396
-0.015336 0.031022
2
30.135669 145.562993
5.295000 9.953000 12.082942 23 1
0.065880 0.000000 0.000000 0.000000 0.391397
-0.023194 -0.013228
1
204.443817 15.687536
5.295000 9.953000 12.082942 25 2
0.065880 0.000000 0.000000 0.000000 0.277827
0.002799 -0.001501
1
263.753409 342.410708
5.295000 9.953000 12.082942 21 2
0.065880 0.000000 0.000000 0.000000 0.197876
0.010392 0.004757
2
306.883040 188.437715
5.295000 9.953000 12.082942 23 1
0.065880 0.000000 0.000000 0.000000 0.203111
0.005643 -0.007683
1
296.575424 154.465333
5.295000 9.953000 12.082942 20 2
0.065880 0.000000 0.000000 0.000000 0.195242
0.002873 -0.011367
1
118.199419 163.321632
5.295000 9.953000 12.082942 0 1
0.065880 0.000000 0.000000 0.000000 0.184349
-0.015748 0.004181
1
282.958756 213.019551
5.295000 9.953000 12.082942 24 2
0.065880 0.000000 0.000000 0.000000 0.196889
0.005644 -0.005087
5
324.307408 115.233880
4.982786 9.366132 11.370484 12 1
0.065880 0.000000 0.000000 0.000000 0.395343
0.012315 -0.015627
1
193.233766 283.885951
5.295000 9.953000 12.082942 21 2
0.065880 0.000000 0.000000 0.000000 0.180245
-0.007211 -0.005724
1
258.038812 51.296109
5.295000 9.953000 12.082942 27 2
0.065880 0.000000 0.000000 0.000000 0.462981
0.004718 -0.009941
1
290.781988 389.320396
5.295000 9.953000 12.082942 21 2
0.065880 0.000000 0.000000 0.000000 0.232560
0.001892 -0.004357
1
100.225592 103.943690
5.295000 9.953000 12.082942 27 2
0.065880 0.000000 0.000000 0.000000 0.255871
-0.011215 -0.015138
1
494.401551 228.664494
5.295000 9.953000 12.082942 0 1
0.065880 0.000000 0.000000 0.000000 0.302989
0.006009 0.003117
1
294.546855 246.711081
5.295000 9.953000 12.082942 0 1
0.065880 0.000000 0.000000 0.000000 0.200219
0.003807 -0.003813
1
393.944810 61.047446
5.295000 9.953000 12.082942 0 1
0.065880 0.000000 0.000000 0.000000 0.287938
0.008557 -0.012706
2
238.109299 168.558575
5.295000 9.953000 12.082942 23 1
0.065880 0.000000 0.000000 0.000000 0.214626
0.000040 0.003811
1
179.245706 329.301422
5.295000 9.953000 12.082942 25 2
0.065880 0.000000 0.000000 0.000000 0.196936
0.018580 -0.033762
5
152.949268 129.181278
4.750685 8.929853 10.840841 14 1
0.065880 0.000000 0.000000 0.000000 0.208832
-0.038926 0.002743
2
475.732572 295.433160
5.295000 9.953000 12.082942 26 1
0.065880 0.000000 0.000000 0.000000 0.251112
0.006387 -0.001466
1
325.951894 306.231469
5.295000 9.953000 12.082942 20 2
0.065880 0.000000 0.000000 0.000000 0.195888
0.017428 -0.001253
1
407.033128 316.862255
5.295000 9.953000 12.082942 0 1
0.065880 0.000000 0.000000 0.000000 0.465615
-0.002749 0.005537
1
122.360858 351.695645
5.295000 9.953000 12.082942 19 2
0.065880 0.000000 0.000000 0.000000 0.191525
-0.016771 0.001176
1
240.041472 82.520886
5.295000 9.953000 12.082942 0 1
0.065880 0.000000 0.000000 0.000000 0.378094
0.001283 -0.012542
1
356.652425 98.519021
5.295000 9.953000 12.082942 23 2
0.065880 0.000000 0.000000 0.000000 0.354567
-0.020280 -0.023850
5
292.005439 120.347848
4.750685 8.929853 10.840841 14 1
0.065880 0.000000 0.000000 0.000000 0.227131
0.006329 -0.010919
5
105.215774 53.342561
4.352864 8.182070 9.933032 17 1
0.065880 0.000000 0.000000 0.000000 0.497682
-0.017569 -0.017253
5
433.361772 330.693125
4.750685 8.929853 10.840841 14 1
0.065880 0.000000 0.000000 0.000000 0.271520
0.006355 0.005330
1
99.152429 240.441662
5.295000 9.953000 12.082942 23 2
0.065880 0.000000 0.000000 0.000000 0.189567
-0.004973 0.001518
1
63.595560 232.950142
5.295000 9.953000 12.082942 23 2
0.065880 0.000000 0.000000 0.000000 0.197120
-0.011039 -0.016309
2
452.495039 270.450276
5.295000 9.953000 12.082942 27 1
0.065880 0.000000 0.000000 0.000000 0.375167
0.009818 0.003353
1
183.570066 203.518881
5.295000 9.953000 12.082942 20 2
0.065880 0.000000 0.000000 0.000000 0.182546
0.000717 -0.004494
5
287.179402 354.672687
4.352864 8.182070 9.933032 17 1
0.065880 0.000000 0.000000 0.000000 0.181917
0.029988 -0.002646
1
88.157777 387.440619
5.295000 9.953000 12.082942 22 2
0.065880 0.000000 0.000000 0.000000 0.232958
-0.009582 0.017022
1
351.898020 445.815571
5.295000 9.953000 12.082942 0 1
0.065880 0.000000 0.000000 0.000000 0.199802
0.011989 0.007845
1
458.743442 136.718086
5.295000 9.953000 12.082942 0 1
0.065880 0.000000 0.000000 0.000000 0.348796
0.016335 0.007357
1
303.366448 325.555749
5.295000 9.953000 12.082942 27 2
0.065880 0.000000 0.000000 0.000000 0.204757
0.013641 -0.002060
5
139.236577 256.114196
3.744130 7.037834 8.543930 18 1
0.065880 0.000000 0.000000 0.000000 0.200281
-0.028256 0.000745
1
100.853402 131.582738
5.295000 9.953000 12.082942 0 1
0.065880 0.000000 0.000000 0.000000 0.202179
-0.008911 -0.014413
1
388.584454 449.724452
5.295000 9.953000 12.082942 20 2
0.065880 0.000000 0.000000 0.000000 0.252088
0.008690 0.004649
1
408.753146 282.152058
5.295000 9.953000 12.082942 21 2
0.065880 0.000000 0.000000 0.000000 0.315051
0.018703 0.001501
1
354.048103 214.894006
5.295000 9.953000 12.082942 0 1
0.065880 0.000000 0.000000 0.000000 0.312155
0.005319 0.006653
1
460.088209 174.797927
5.295000 9.953000 12.082942 24 2
0.065880 0.000000 0.000000 0.000000 0.358845
0.016141 0.013976
1
179.468537 370.043405
5.295000 9.953000 12.082942 0 1
0.065880 0.000000 0.000000 0.000000 0.189993
-0.006507 0.034027
2
89.382695 405.761098
5.295000 9.953000 12.082942 19 1
0.065880 0.000000 0.000000 0.000000 0.292181
-0.009004 0.013399
1
71.988814 379.246077
5.295000 9.953000 12.082942 0 1
0.065880 0.000000 0.000000 0.000000 0.219977
-0.012384 0.012249
1
428.589107 196.639021
5.295000 9.953000 12.082942 21 2
0.065880 0.000000 0.000000 0.000000 0.244246
0.007730 -0.001823
1
266.394928 421.507499
5.295000 9.953000 12.082942 0 1
0.065880 0.000000 0.000000 0.000000 0.197181
0.007993 0.018492
5
247.885920 400.460696
5.195070 9.765163 11.854907 10 1
0.065880 0.000000 0.000000 0.000000 0.184343
0.001671 0.011470
5
346.553222 113.134408
4.750685 8.929853 10.840841 14 1
0.065880 0.000000 0.000000 0.000000 0.353314
-0.001373 -0.006134
1
84.706372 315.481664
5.295000 9.953000 12.082942 19 2
0.065880 0.000000 0.000000 0.000000 0.213861
-0.020000 -0.004569
1
286.136364 105.516008
5.295000 9.953000 12.082942 0 1
0.065880 0.000000 0.000000 0.000000 0.287814
0.015386 -0.019460
1
92.862549 190.311156
5.295000 9.953000 12.082942 20 2
0.065880 0.000000 0.000000 0.000000 0.183426
-0.013219 -0.001442
1
225.891069 480.383473
5.295000 9.953000 12.082942 22 2
0.065880 0.000000 0.000000 0.000000 0.220097
-0.002156 0.014915
1
483.676898 213.359733
5.295000 9.953000 12.082942 22 2
0.065880 0.000000 0.000000 0.000000 0.404224
-0.007762 0.010113
2
72.795213 397.603988
5.295000 9.953000 12.082942 19 1
0.065880 0.000000 0.000000 0.000000 0.334056
-0.011101 0.014382
1
68.520531 349.626686
5.295000 9.953000 12.082942 26 2
0.065880 0.000000 0.000000 0.000000 0.208554
-0.021471 0.001890
2
340.153481 81.352959
5.295000 9.953000 12.082942 25 1
0.065880 0.000000 0.000000 0.000000 0.553456
0.001468 -0.019853
1
226.399220 181.279313
5.295000 9.953000 12.082942 21 2
0.065880 0.000000 0.000000 0.000000 0.190313
0.002141 0.002163
1
312.469129 33.790251
5.295000 9.953000 12.082942 22 2
0.065880 0.000000 0.000000 0.000000 0.327138
0.000943 -0.007524
1
307.421560 124.194341
5.295000 9.953000 12.082942 20 2
0.065880 0.000000 0.000000 0.000000 0.250560
0.004692 -0.008477
5
426.817754 123.743199
4.982786 9.366132 11.370484 12 1
0.065880 0.000000 0.000000 0.000000 0.235308
0.010961 -0.005835
2
286.964221 325.913386
5.295000 9.953000 12.082942 24 1
0.065880 0.000000 0.000000 0.000000 0.278002
0.007808 -0.006078
1
397.234851 179.208051
5.295000 9.953000 12.082942 19 2
0.065880 0.000000 0.000000 0.000000 0.191933
0.010117 -0.001860
1
201.287792 207.044371
5.295000 9.953000 12.082942 24 2
0.065880 0.000000 0.000000 0.000000 0.195855
-0.000285 -0.001717
5
172.720574 402.221319
4.352864 8.182070 9.933032 17 1
0.065880 0.000000 0.000000 0.000000 0.182549
-0.022533 0.024793
1
127.226024 437.144644
5.295000 9.953000 12.082942 20 2
0.065880 0.000000 0.000000 0.000000 0.226165
-0.014676 0.022960
1
427.199810 105.517060
5.295000 9.953000 12.082942 22 2
0.065880 0.000000 0.000000 0.000000 0.297665
0.004121 -0.006031
1
193.476561 114.276742
5.295000 9.953000 12.082942 21 2
0.065880 0.000000 0.000000 0.000000 0.185435
0.009048 -0.012236
5
310.209052 463.677150
4.750685 8.929853 10.840841 14 1
0.065880 0.000000 0.000000 0.000000 0.212629
0.002313 0.014201
1
22.199093 162.160611
5.295000 9.953000 12.082942 23 2
0.065880 0.000000 0.000000 0.000000 0.413743
-0.014418 -0.006179
5
328.329387 160.476481
5.091141 9.569807 11.617745 11 1
0.065880 0.000000 0.000000 0.000000 0.254703
0.016487 0.003261
1
235.723805 214.299654
5.295000 9.953000 12.082942 0 1
0.065880 0.000000 0.000000 0.000000 0.197355
0.005152 0.002578
1
316.990684 68.784171
5.295000 9.953000 12.082942 21 2
0.065880 0.000000 0.000000 0.000000 0.546412
0.012786 -0.021237
1
413.064545 207.704142
5.295000 9.953000 12.082942 0 1
0.065880 0.000000 0.000000 0.000000 0.260407
0.006359 -0.002418
1
207.620233 386.560437
5.295000 9.953000 12.082942 0 1
0.065880 0.000000 0.000000 0.000000 0.211083
-0.002333 0.010187
1
324.335310 193.105547
5.295000 9.953000 12.082942 25 2
0.065880 0.000000 0.000000 0.000000 0.299879
0.006923 -0.007813
1
150.398846 332.387488
5.295000 9.953000 12.082942 0 1
0.065880 0.000000 0.000000 0.000000 0.181143
0.002179 0.011691
1
420.859877 231.521823
5.295000 9.953000 12.082942 0 1
0.065880 0.000000 0.000000 0.000000 0.325385
0.011962 -0.000549
1
327.684520 351.050819
5.295000 9.953000 12.082942 24 2
0.065880 0.000000 0.000000 0.000000 0.264623
0.016764 0.004149
1
320.287557 322.311909
5.295000 9.953000 12.082942 20 2
0.065880 0.000000 0.000000 0.000000 0.196381
0.017320 0.003027
4
390.188884 325.295201
5.295000 9.953000 12.082942 0 1
0.000000 0.000000 0.000000 0.000000 0.539723
-0.004940 0.002203
4
402.442509 299.702054
5.295000 9.953000 12.082942 0 1
0.000000 0.000000 0.000000 0.000000 0.413843
0.013437 -0.000385
4
238.033372 121.516150
5.295000 9.953000 12.082942 0 1
0.000000 0.000000 0.000000 0.000000 0.358421
0.006057 -0.001848
1
294.808668 200.717018
5.295000 9.953000 12.082942 0 1
0.065880 0.000000 0.000000 0.000000 0.208325
0.006013 -0.006360
1
356.001370 292.311254
5.295000 9.953000 12.082942 23 2
0.065880 0.000000 0.000000 0.000000 0.238871
0.009951 -0.008135
4
429.472557 215.207342
5.295000 9.953000 12.082942 0 1
0.000000 0.000000 0.000000 0.000000 0.425008
0.008398 -0.002474
4
177.584395 473.495028
5.295000 9.953000 12.082942 0 1
0.000000 0.000000 0.000000 0.000000 0.344070
-0.006085 0.018390
4
404.609752 224.146948
5.295000 9.953000 12.082942 0 1
0.000000 0.000000 0.000000 0.000000 0.564616
0.011664 0.001025
4
145.662498 443.054369
5.295000 9.953000 12.082942 0 1
0.000000 0.000000 0.000000 0.000000 0.331665
-0.009654 0.028338
4
119.040724 262.635563
5.295000 9.953000 12.082942 0 1
0.000000 0.000000 0.000000 0.000000 0.366033
-0.017042 0.011822
4
270.497884 326.571710
5.295000 9.953000 12.082942 0 1
0.000000 0.000000 0.000000 0.000000 0.393733
0.004965 0.003416
4
479.625583 157.985867
5.295000 9.953000 12.082942 0 1
0.000000 0.000000 0.000000 0.000000 0.751558
0.005938 -0.005136
4
412.682182 358.489079
5.295000 9.953000 12.082942 0 1
0.000000 0.000000 0.000000 0.000000 0.499401
0.003137 -0.003153
1
367.078471 259.424248
5.295000 9.953000 12.082942 19 2
0.065880 0.000000 0.000000 0.000000 0.521051
0.017830 0.001238
1
162.154732 288.916984
5.295000 9.953000 12.082942 19 2
0.065880 0.000000 0.000000 0.000000 0.173678
-0.000854 0.023503
1
232.387446 151.256374
5.295000 9.953000 12.082942 19 2
0.065880 0.000000 0.000000 0.000000 0.261325
0.001039 -0.001682
1
281.185820 294.990680
5.295000 9.953000 12.082942 19 2
0.065880 0.000000 0.000000 0.000000 0.215484
0.014717 0.004024
1
62.086671 160.863798
5.295000 9.953000 12.082942 19 2
0.065880 0.000000 0.000000 0.000000 0.188127
-0.008818 -0.004150
1
93.752671 301.178286
5.295000 9.953000 12.082942 19 2
0.065880 0.000000 0.000000 0.000000 0.193729
-0.019627 0.001267
1
70.710488 249.280143
5.295000 9.953000 12.082942 19 2
0.065880 0.000000 0.000000 0.000000 0.173583
-0.020092 -0.012644
1
386.188367 306.981539
5.295000 9.953000 12.082942 19 2
0.065880 0.000000 0.000000 0.000000 0.296513
0.012142 -0.002411
1
335.592140 223.860349
5.295000 9.953000 12.082942 19 2
0.065880 0.000000 0.000000 0.000000 0.374726
0.008883 0.007002
1
250.297498 460.094177
5.295000 9.953000 12.082942 19 2
0.065880 0.000000 0.000000 0.000000 0.195622
-0.001773 0.017522
1
220.961163 25.144300
5.295000 9.953000 12.082942 19 2
0.065880 0.000000 0.000000 0.000000 0.233638
0.015961 -0.015623
1
19.099778 211.634620
5.295000 9.953000 12.082942 19 2
0.065880 0.000000 0.000000 0.000000 0.229198
-0.020129 -0.008293
1
376.007481 55.252807
5.295000 9.953000 12.082942 19 2
0.065880 0.000000 0.000000 0.000000 0.288371
0.003126 -0.007559
1
274.066179 388.140360
5.295000 9.953000 12.082942 19 2
0.065880 0.000000 0.000000 0.000000 0.188214
-0.000657 0.007917
1
326.990681 281.850446
5.295000 9.953000 12.082942 19 2
0.065880 0.000000 0.000000 0.000000 0.201507
0.009354 -0.010472
1
168.620289 416.277944
5.295000 9.953000 12.082942 19 2
0.065880 0.000000 0.000000 0.000000 0.196573
-0.004127 0.025759
1
340.917144 189.316496
5.295000 9.953000 12.082942 19 2
0.065880 0.000000 0.000000 0.000000 0.233869
0.011603 0.011628
1
105.512702 289.498021
5.295000 9.953000 12.082942 19 2
0.065880 0.000000 0.000000 0.000000 0.188039
-0.014723 0.008147
4
176.649021 278.356634
5.295000 9.953000 12.082942 27 1
0.000000 0.000000 0.000000 0.000000 0.155436
0.003368 0.004978
2
272.156473 178.273821
5.295000 9.953000 12.082942 23 1
0.065880 0.000000 0.000000 0.000000 0.189237
0.007136 -0.005271
1
185.989303 414.108153
5.295000 9.953000 12.082942 19 2
0.065880 0.000000 0.000000 0.000000 0.193672
-0.006285 0.012728
2
22.922020 293.163154
5.295000 9.953000 12.082942 21 1
0.065880 0.000000 0.000000 0.000000 0.323926
-0.016716 0.002593
1
161.322474 19.996144
5.295000 9.953000 12.082942 19 2
0.065880 0.000000 0.000000 0.000000 0.409749
-0.000561 -0.018615
1
248.230516 202.327831
5.295000 9.953000 12.082942 19 2
0.065880 0.000000 0.000000 0.000000 0.189973
0.005497 0.001644
1
325.180983 472.344480
5.295000 9.953000 12.082942 19 2
0.065880 0.000000 0.000000 0.000000 0.224597
0.009382 0.007845
1
184.935845 62.494661
5.295000 9.953000 12.082942 19 2
0.065880 0.000000 0.000000 0.000000 0.226103
0.001758 -0.014803
2
376.053094 363.598473
5.295000 9.953000 12.082942 21 1
0.065880 0.000000 0.000000 0.000000 0.546774
-0.000841 0.005532
1
337.833447 318.790618
5.295000 9.953000 12.082942 19 2
0.065880 0.000000 0.000000 0.000000 0.218749
0.013047 -0.002306
1
312.512722 250.819813
5.295000 9.953000 12.082942 19 2
0.065880 0.000000 0.000000 0.000000 0.200994
0.002557 -0.003598
1
227.512796 288.367974
5.295000 9.953000 12.082942 19 2
0.065880 0.000000 0.000000 0.000000 0.175166
0.014555 -0.008725
2
394.538488 270.244463
5.295000 9.953000 12.082942 22 1
0.065880 0.000000 0.000000 0.000000 0.272542
0.014467 0.004338
2
53.037111 176.138779
5.295000 9.953000 12.082942 23 1
0.065880 0.000000 0.000000 0.000000 0.200545
-0.014918 -0.006329
1
343.316268 477.094463
5.295000 9.953000 12.082942 19 2
0.065880 0.000000 0.000000 0.000000 0.312405
0.009944 0.017490
1
103.547678 358.726605
5.295000 9.953000 12.082942 19 2
0.065880 0.000000 0.000000 0.000000 0.177804
-0.023065 0.006997
2
68.024772 317.822975
5.295000 9.953000 12.082942 21 1
0.065880 0.000000 0.000000 0.000000 0.230827
-0.017563 0.002471
2
357.921732 80.430379
5.295000 9.953000 12.082942 23 1
0.065880 0.000000 0.000000 0.000000 0.502031
0.001246 -0.026065
1
412.785316 169.679808
5.295000 9.953000 12.082942 19 2
0.065880 0.000000 0.000000 0.000000 0.194887
0.009965 -0.003412
1
88.596909 63.408604
5.295000 9.953000 12.082942 19 2
0.065880 0.000000 0.000000 0.000000 0.439284
-0.021455 -0.014285
1
363.027665 462.365688
5.295000 9.953000 12.082942 19 2
0.065880 0.000000 0.000000 0.000000 0.333249
-0.007040 0.001994
1
323.083763 368.001091
5.295000 9.953000 12.082942 20 2
0.065880 0.000000 0.000000 0.000000 0.244681
0.021964 0.000213
1
284.219089 372.241290
5.295000 9.953000 12.082942 20 2
0.065880 0.000000 0.000000 0.000000 0.205511
-0.006325 0.002452
1
390.660892 252.891925
5.295000 9.953000 12.082942 20 2
0.065880 0.000000 0.000000 0.000000 0.324269
0.010896 0.004760
1
368.998937 311.203473
5.295000 9.953000 12.082942 20 2
0.065880 0.000000 0.000000 0.000000 0.268640
0.012025 -0.000729
1
100.177986 161.934013
5.295000 9.953000 12.082942 20 2
0.065880 0.000000 0.000000 0.000000 0.179104
-0.011965 -0.007905
1
90.239035 117.185355
5.295000 9.953000 12.082942 20 2
0.065880 0.000000 0.000000 0.000000 0.200488
-0.015070 -0.013745
1
300.508195 448.566737
5.295000 9.953000 12.082942 20 2
0.065880 0.000000 0.000000 0.000000 0.214898
0.004467 0.013047
1
446.195872 318.676752
5.295000 9.953000 12.082942 20 2
0.065880 0.000000 0.000000 0.000000 0.359238
0.005559 0.001947
2
394.357426 209.384139
5.295000 9.953000 12.082942 24 1
0.065880 0.000000 0.000000 0.000000 0.274629
0.003539 0.005448
1
65.152511 212.515409
5.295000 9.953000 12.082942 20 2
0.065880 0.000000 0.000000 0.000000 0.197013
-0.014626 0.010478
1
390.192721 234.569974
5.295000 9.953000 12.082942 20 2
0.065880 0.000000 0.000000 0.000000 0.306660
0.014685 0.006411
1
211.560483 239.441454
5.295000 9.953000 12.082942 20 2
0.065880 0.000000 0.000000 0.000000 0.219241
0.001904 0.001567
2
341.457695 244.067237
5.295000 9.953000 12.082942 21 1
0.065880 0.000000 0.000000 0.000000 0.375056
-0.000136 -0.004033
1
205.032442 268.400721
5.295000 9.953000 12.082942 20 2
0.065880 0.000000 0.000000 0.000000 0.161980
0.006597 0.013390
1
418.418395 378.950887
5.295000 9.953000 12.082942 20 2
0.065880 0.000000 0.000000 0.000000 0.362357
0.009352 0.011571
1
451.753028 392.509731
5.295000 9.953000 12.082942 20 2
0.065880 0.000000 0.000000 0.000000 0.445708
0.008437 0.001912
1
277.395561 195.867221
5.295000 9.953000 12.082942 20 2
0.065880 0.000000 0.000000 0.000000 0.196622
0.007460 -0.006411
1
312.893081 418.231422
5.295000 9.953000 12.082942 20 2
0.065880 0.000000 0.000000 0.000000 0.296008
0.011642 0.013900
1
173.926766 91.048293
5.295000 9.953000 12.082942 20 2
0.065880 0.000000 0.000000 0.000000 0.193656
0.001554 -0.009274
1
196.679634 32.769508
5.295000 9.953000 12.082942 20 2
0.065880 0.000000 0.000000 0.000000 0.207466
-0.003965 -0.010838
1
120.146227 385.199355
5.295000 9.953000 12.082942 20 2
0.065880 0.000000 0.000000 0.000000 0.182698
-0.003249 0.010561
1
279.909879 148.154248
5.295000 9.953000 12.082942 20 2
0.065880 0.000000 0.000000 0.000000 0.193245
-0.006543 -0.031263
1
339.043293 295.658324
5.295000 9.953000 12.082942 20 2
0.065880 0.000000 0.000000 0.000000 0.208004
0.010066 -0.011209
2
206.519442 223.221821
5.295000 9.953000 12.082942 21 1
0.065880 0.000000 0.000000 0.000000 0.227636
-0.000021 -0.001254
1
109.078610 195.213049
5.295000 9.953000 12.082942 20 2
0.065880 0.000000 0.000000 0.000000 0.172214
-0.009329 -0.003535
1
294.837658 137.339317
5.295000 9.953000 12.082942 20 2
0.065880 0.000000 0.000000 0.000000 0.227700
0.021751 -0.004013
2
113.240680 448.927268
5.295000 9.953000 12.082942 23 1
0.065880 0.000000 0.000000 0.000000 0.346798
-0.015261 0.022068
1
314.886712 338.801775
5.295000 9.953000 12.082942 20 2
0.065880 0.000000 0.000000 0.000000 0.195043
0.017745 0.002758
1
348.567840 260.795704
5.295000 9.953000 12.082942 21 2
0.065880 0.000000 0.000000 0.000000 0.378422
0.014521 -0.012089
2
61.975966 192.247677
5.295000 9.953000 12.082942 23 1
0.065880 0.000000 0.000000 0.000000 0.183291
-0.014051 -0.007474
1
94.348718 206.899130
5.295000 9.953000 12.082942 21 2
0.065880 0.000000 0.000000 0.000000 0.168087
-0.007070 -0.002307
1
44.460128 238.571595
5.295000 9.953000 12.082942 21 2
0.065880 0.000000 0.000000 0.000000 0.193805
-0.019456 -0.004019
1
479.582057 195.176390
5.295000 9.953000 12.082942 21 2
0.065880 0.000000 0.000000 0.000000 0.459473
0.010878 0.002135
1
86.048965 82.062404
5.295000 9.953000 12.082942 21 2
0.065880 0.000000 0.000000 0.000000 0.303064
-0.013837 -0.012113
1
211.154906 433.583241
5.295000 9.953000 12.082942 21 2
0.065880 0.000000 0.000000 0.000000 0.196335
-0.001290 0.010963
1
445.128986 353.192137
5.295000 9.953000 12.082942 21 2
0.065880 0.000000 0.000000 0.000000 0.229972
0.009578 0.003907
1
177.598048 234.558919
5.295000 9.953000 12.082942 21 2
0.065880 0.000000 0.000000 0.000000 0.173167
0.003677 0.003888
1
461.075014 155.509550
5.295000 9.953000 12.082942 21 2
0.065880 0.000000 0.000000 0.000000 0.468526
0.003469 0.012164
1
435.521150 383.598004
5.295000 9.953000 12.082942 21 2
0.065880 0.000000 0.000000 0.000000 0.255275
0.010446 0.002235
2
353.967910 176.078691
5.295000 9.953000 12.082942 25 1
0.065880 0.000000 0.000000 0.000000 0.217700
0.005556 0.012489
1
259.552876 312.746811
5.295000 9.953000 12.082942 21 2
0.065880 0.000000 0.000000 0.000000 0.210474
0.022002 -0.000467
1
262.353028 296.093486
5.295000 9.953000 12.082942 21 2
0.065880 0.000000 0.000000 0.000000 0.219063
0.014479 0.002164
1
204.771025 86.647908
5.295000 9.953000 12.082942 21 2
0.065880 0.000000 0.000000 0.000000 0.258601
-0.001294 -0.017684
1
135.554077 376.228220
5.295000 9.953000 12.082942 21 2
0.065880 0.000000 0.000000 0.000000 0.180160
-0.002016 0.005513
1
156.647141 85.368606
5.295000 9.953000 12.082942 21 2
0.065880 0.000000 0.000000 0.000000 0.177719
0.004125 -0.012554
1
243.628865 476.898725
5.295000 9.953000 12.082942 21 2
0.065880 0.000000 0.000000 0.000000 0.193427
-0.002421 0.019047
1
261.383873 474.079094
5.295000 9.953000 12.082942 21 2
0.065880 0.000000 0.000000 0.000000 0.210427
-0.001918 0.020859
1
144.248602 178.524512
5.295000 9.953000 12.082942 21 2
0.065880 0.000000 0.000000 0.000000 0.175006
-0.010926 -0.018271
1
154.134669 67.727445
5.295000 9.953000 12.082942 21 2
0.065880 0.000000 0.000000 0.000000 0.191236
-0.002071 -0.016382
1
250.604648 263.167353
5.295000 9.953000 12.082942 21 2
0.065880 0.000000 0.000000 0.000000 0.191263
0.006260 0.002734
1
101.479342 273.318266
5.295000 9.953000 12.082942 21 2
0.065880 0.000000 0.000000 0.000000 0.202719
-0.008333 0.005336
1
289.859691 88.883271
5.295000 9.953000 12.082942 21 2
0.065880 0.000000 0.000000 0.000000 0.398043
-0.008391 -0.038092
1
231.491083 339.184327
5.295000 9.953000 12.082942 21 2
0.065880 0.000000 0.000000 0.000000 0.181979
0.013905 0.008074
1
131.440728 124.274553
5.295000 9.953000 12.082942 21 2
0.065880 0.000000 0.000000 0.000000 0.193045
0.002165 -0.020383
1
423.574686 249.657061
5.295000 9.953000 12.082942 21 2
0.065880 0.000000 0.000000 0.000000 0.243193
0.014730 -0.002816
1
267.123423 160.287766
5.295000 9.953000 12.082942 21 2
0.065880 0.000000 0.000000 0.000000 0.190319
0.005033 -0.004077
1
58.909795 409.719487
5.295000 9.953000 12.082942 21 2
0.065880 0.000000 0.000000 0.000000 0.446265
-0.020613 0.004232
1
193.166829 463.918261
5.295000 9.953000 12.082942 21 2
0.065880 0.000000 0.000000 0.000000 0.288961
-0.000285 0.021681
1
127.111717 148.672839
5.295000 9.953000 12.082942 21 2
0.065880 0.000000 0.000000 0.000000 0.198918
-0.036873 0.001904
2
72.021287 116.005879
5.295000 9.953000 12.082942 27 1
0.065880 0.000000 0.000000 0.000000 0.204223
-0.018470 -0.008852
1
280.248011 341.121899
5.295000 9.953000 12.082942 21 2
0.065880 0.000000 0.000000 0.000000 0.202834
0.013315 -0.002932
1
177.759449 294.707844
5.295000 9.953000 12.082942 21 2
0.065880 0.000000 0.000000 0.000000 0.182217
-0.009676 -0.005635
1
280.993002 404.419464
5.295000 9.953000 12.082942 21 2
0.065880 0.000000 0.000000 0.000000 0.210407
0.012232 0.004618
1
419.917192 298.481490
5.295000 9.953000 12.082942 21 2
0.065880 0.000000 0.000000 0.000000 0.384326
0.013742 0.006053
2
444.969338 186.109053
5.295000 9.953000 12.082942 22 1
0.065880 0.000000 0.000000 0.000000 0.365002
0.007080 0.000115
1
243.401603 185.465583
5.295000 9.953000 12.082942 21 2
0.065880 0.000000 0.000000 0.000000 0.187272
0.003458 0.001982
1
211.378907 123.590846
5.295000 9.953000 12.082942 21 2
0.065880 0.000000 0.000000 0.000000 0.258011
-0.000489 -0.013783
1
299.557156 74.104472
5.295000 9.953000 12.082942 21 2
0.065880 0.000000 0.000000 0.000000 0.748490
0.004213 -0.037655
1
140.256722 425.326867
5.295000 9.953000 12.082942 22 2
0.065880 0.000000 0.000000 0.000000 0.250896
-0.010022 0.025507
1
300.494180 217.620562
5.295000 9.953000 12.082942 22 2
0.065880 0.000000 0.000000 0.000000 0.231564
0.006276 -0.005411
2
462.326121 213.688608
5.295000 9.953000 12.082942 27 1
0.065880 0.000000 0.000000 0.000000 0.399866
0.012122 -0.005733
1
336.586901 379.583057
5.295000 9.953000 12.082942 22 2
0.065880 0.000000 0.000000 0.000000 0.273380
0.009082 0.006132
1
43.456720 190.993654
5.295000 9.953000 12.082942 22 2
0.065880 0.000000 0.000000 0.000000 0.202378
-0.015747 -0.002980
1
215.027417 402.494340
5.295000 9.953000 12.082942 22 2
0.065880 0.000000 0.000000 0.000000 0.176921
-0.007384 0.002885
1
49.681566 317.534527
5.295000 9.953000 12.082942 22 2
0.065880 0.000000 0.000000 0.000000 0.229753
-0.017485 0.005954
1
194.150741 340.413547
5.295000 9.953000 12.082942 22 2
0.065880 0.000000 0.000000 0.000000 0.217957
0.026797 -0.010012
1
174.530444 170.935777
5.295000 9.953000 12.082942 22 2
0.065880 0.000000 0.000000 0.000000 0.159467
-0.005045 -0.009379
1
475.667220 231.121581
5.295000 9.953000 12.082942 22 2
0.065880 0.000000 0.000000 0.000000 0.391276
0.004987 -0.007310
1
126.904528 219.867451
5.295000 9.953000 12.082942 22 2
0.065880 0.000000 0.000000 0.000000 0.165149
-0.005715 -0.000612
1
482.361621 312.836037
5.295000 9.953000 12.082942 22 2
0.065880 0.000000 0.000000 0.000000 0.237042
0.000506 0.001632
1
104.207697 394.734846
5.295000 9.953000 12.082942 22 2
0.065880 0.000000 0.000000 0.000000 0.204231
-0.006100 0.011813
2
208.711364 484.820487
5.295000 9.953000 12.082942 25 1
0.065880 0.000000 0.000000 0.000000 0.233507
0.002954 0.022315
1
310.648472 51.973163
5.295000 9.953000 12.082942 22 2
0.065880 0.000000 0.000000 0.000000 0.474338
-0.011873 -0.011289
1
291.995660 309.907064
5.295000 9.953000 12.082942 22 2
0.065880 0.000000 0.000000 0.000000 0.208141
0.024091 -0.001548
1
411.550500 115.298615
5.295000 9.953000 12.082942 22 2
0.065880 0.000000 0.000000 0.000000 0.242365
0.007266 -0.008658
1
429.012260 177.837762
5.295000 9.953000 12.082942 23 2
0.065880 0.000000 0.000000 0.000000 0.223800
0.007582 -0.000762
1
329.346090 144.599370
5.295000 9.953000 12.082942 23 2
0.065880 0.000000 0.000000 0.000000 0.228320
-0.003096 -0.001346
1
457.512545 236.232531
5.295000 9.953000 12.082942 23 2
0.065880 0.000000 0.000000 0.000000 0.281517
0.005498 0.002103
1
284.008929 439.568309
5.295000 9.953000 12.082942 23 2
0.065880 0.000000 0.000000 0.000000 0.210466
0.002433 0.011803
1
395.506244 143.468149
5.295000 9.953000 12.082942 23 2
0.065880 0.000000 0.000000 0.000000 0.188435
0.009215 -0.005351
2
494.183908 297.486383
5.295000 9.953000 12.082942 24 1
0.065880 0.000000 0.000000 0.000000 0.340200
0.006003 0.005829
1
26.355500 241.679872
5.295000 9.953000 12.082942 23 2
0.065880 0.000000 0.000000 0.000000 0.197363
-0.018327 -0.004703
1
59.551210 302.559118
5.295000 9.953000 12.082942 23 2
0.065880 0.000000 0.000000 0.000000 0.214903
-0.018911 0.004318
1
164.709041 357.991328
5.295000 9.953000 12.082942 23 2
0.065880 0.000000 0.000000 0.000000 0.186778
-0.001267 0.012157
1
103.910751 376.893053
5.295000 9.953000 12.082942 23 2
0.065880 0.000000 0.000000 0.000000 0.179544
-0.003858 0.010441
1
172.746043 218.877355
5.295000 9.953000 12.082942 23 2
0.065880 0.000000 0.000000 0.000000 0.176673
-0.017282 -0.024262
1
181.780013 186.120423
5.295000 9.953000 12.082942 23 2
0.065880 0.000000 0.000000 0.000000 0.160439
-0.007902 -0.002953
1
378.047969 140.081907
5.295000 9.953000 12.082942 23 2
0.065880 0.000000 0.000000 0.000000 0.226599
0.005963 -0.009768
1
245.531741 246.846287
5.295000 9.953000 12.082942 23 2
0.065880 0.000000 0.000000 0.000000 0.185109
0.005147 0.003735
1
143.082435 226.324370
5.295000 9.953000 12.082942 23 2
0.065880 0.000000 0.000000 0.000000 0.162211
-0.014810 0.008712
1
195.436342 130.500353
5.295000 9.953000 12.082942 23 2
0.065880 0.000000 0.000000 0.000000 0.189617
0.004645 -0.008155
1
165.094836 246.658628
5.295000 9.953000 12.082942 23 2
0.065880 0.000000 0.000000 0.000000 0.160889
0.003339 -0.005534
1
219.951405 449.603442
5.295000 9.953000 12.082942 23 2
0.065880 0.000000 0.000000 0.000000 0.201674
0.000289 0.010902
2
357.542709 366.831336
5.295000 9.953000 12.082942 26 1
0.065880 0.000000 0.000000 0.000000 0.467600
0.035715 -0.016115
1
373.137163 89.452065
5.295000 9.953000 12.082942 23 2
0.065880 0.000000 0.000000 0.000000 0.260478
-0.007068 -0.011026
2
96.558446 223.966274
5.295000 9.953000 12.082942 25 1
0.065880 0.000000 0.000000 0.000000 0.175530
-0.007656 -0.004659
1
54.256584 252.866515
5.295000 9.953000 12.082942 23 2
0.065880 0.000000 0.000000 0.000000 0.175969
-0.019419 -0.002739
1
351.745699 309.346932
5.295000 9.953000 12.082942 23 2
0.065880 0.000000 0.000000 0.000000 0.228368
0.011160 -0.007123
1
61.273879 333.777960
5.295000 9.953000 12.082942 24 2
0.065880 0.000000 0.000000 0.000000 0.229502
-0.018398 0.001118
1
131.824373 289.388268
5.295000 9.953000 12.082942 24 2
0.065880 0.000000 0.000000 0.000000 0.199258
-0.001746 -0.000326
1
72.360771 145.676672
5.295000 9.953000 12.082942 24 2
0.065880 0.000000 0.000000 0.000000 0.193193
-0.010154 -0.004238
1
305.880121 279.196469
5.295000 9.953000 12.082942 24 2
0.065880 0.000000 0.000000 0.000000 0.190590
0.009692 -0.001810
1
385.965115 379.791388
5.295000 9.953000 12.082942 24 2
0.065880 0.000000 0.000000 0.000000 0.235207
0.009522 -0.003146
1
192.902739 173.939094
5.295000 9.953000 12.082942 24 2
0.065880 0.000000 0.000000 0.000000 0.162005
0.003185 -0.009601
1
5.244001 245.458355
5.295000 9.953000 12.082942 24 2
0.065880 0.000000 0.000000 0.000000 0.205784
-0.020687 -0.004444
1
272.158260 281.665985
5.295000 9.953000 12.082942 24 2
0.065880 0.000000 0.000000 0.000000 0.219902
0.010341 0.006170
1
26.609142 310.400679
5.295000 9.953000 12.082942 24 2
0.065880 0.000000 0.000000 0.000000 0.532539
-0.012735 0.005128
1
147.022678 242.952457
5.295000 9.953000 12.082942 24 2
0.065880 0.000000 0.000000 0.000000 0.166797
-0.007274 -0.008796
1
265.656303 208.010084
5.295000 9.953000 12.082942 24 2
0.065880 0.000000 0.000000 0.000000 0.193297
0.005616 -0.004759
1
478.210599 176.653155
5.295000 9.953000 12.082942 24 2
0.065880 0.000000 0.000000 0.000000 0.581455
0.021605 -0.002063
1
218.608673 210.489820
5.295000 9.953000 12.082942 24 2
0.065880 0.000000 0.000000 0.000000 0.235752
0.002577 0.001145
1
310.627183 355.587825
5.295000 9.953000 12.082942 24 2
0.065880 0.000000 0.000000 0.000000 0.209302
0.007439 0.003634
1
355.307693 26.015449
5.295000 9.953000 12.082942 25 2
0.065880 0.000000 0.000000 0.000000 0.458951
-0.008531 -0.002234
1
247.135333 342.498007
5.295000 9.953000 12.082942 25 2
0.065880 0.000000 0.000000 0.000000 0.185425
0.012781 0.003771
1
158.443876 396.569017
5.295000 9.953000 12.082942 25 2
0.065880 0.000000 0.000000 0.000000 0.181837
-0.019910 0.005136
1
380.689539 219.567699
5.295000 9.953000 12.082942 25 2
0.065880 0.000000 0.000000 0.000000 0.319598
0.006776 0.012571
1
134.339850 270.097626
5.295000 9.953000 12.082942 25 2
0.065880 0.000000 0.000000 0.000000 0.232543
-0.015520 0.005646
1
380.016247 174.233543
5.295000 9.953000 12.082942 25 2
0.065880 0.000000 0.000000 0.000000 0.204010
0.008080 -0.002674
1
398.212411 433.619100
5.295000 9.953000 12.082942 25 2
0.065880 0.000000 0.000000 0.000000 0.224300
0.006196 0.005375
1
120.067646 402.112846
5.295000 9.953000 12.082942 25 2
0.065880 0.000000 0.000000 0.000000 0.184021
-0.006999 0.015449
1
123.784597 202.944098
5.295000 9.953000 12.082942 25 2
0.065880 0.000000 0.000000 0.000000 0.179113
-0.002335 -0.008589
1
102.941529 257.072234
5.295000 9.953000 12.082942 25 2
0.065880 0.000000 0.000000 0.000000 0.191038
-0.017978 -0.003680
1
228.648901 434.115660
5.295000 9.953000 12.082942 25 2
0.065880 0.000000 0.000000 0.000000 0.188280
0.001330 0.007679
1
353.038315 412.595658
5.295000 9.953000 12.082942 25 2
0.065880 0.000000 0.000000 0.000000 0.193596
0.013523 0.001389
1
146.813341 114.288269
5.295000 9.953000 12.082942 25 2
0.065880 0.000000 0.000000 0.000000 0.200899
-0.000250 -0.020606
1
15.239102 179.560197
5.295000 9.953000 12.082942 25 2
0.065880 0.000000 0.000000 0.000000 0.407593
-0.017840 -0.008555
1
233.951575 259.117856
5.295000 9.953000 12.082942 25 2
0.065880 0.000000 0.000000 0.000000 0.183544
0.007354 -0.001790
1
200.678231 369.861055
5.295000 9.953000 12.082942 25 2
0.065880 0.000000 0.000000 0.000000 0.205461
-0.040590 -0.036563
1
283.160425 12.778813
5.295000 9.953000 12.082942 25 2
0.065880 0.000000 0.000000 0.000000 0.380243
-0.001209 -0.000367
1
165.319484 340.592717
5.295000 9.953000 12.082942 25 2
0.065880 0.000000 0.000000 0.000000 0.183365
-0.002260 0.026160
1
319.157903 175.959193
5.295000 9.953000 12.082942 25 2
0.065880 0.000000 0.000000 0.000000 0.224445
0.003022 -0.009169
1
60.647844 365.531052
5.295000 9.953000 12.082942 26 2
0.065880 0.000000 0.000000 0.000000 0.219132
-0.014588 0.008638
1
351.413090 44.853066
5.295000 9.953000 12.082942 26 2
0.065880 0.000000 0.000000 0.000000 0.412324
0.005066 0.000130
1
177.838378 312.661379
5.295000 9.953000 12.082942 26 2
0.065880 0.000000 0.000000 0.000000 0.195690
0.022563 0.038609
1
136.191127 192.510497
5.295000 9.953000 12.082942 26 2
0.065880 0.000000 0.000000 0.000000 0.181195
0.003997 -0.004123
1
146.141100 464.721983
5.295000 9.953000 12.082942 26 2
0.065880 0.000000 0.000000 0.000000 0.276668
-0.007702 0.018715
1
149.031119 314.491546
5.295000 9.953000 12.082942 26 2
0.065880 0.000000 0.000000 0.000000 0.191889
-0.006275 0.006806
1
378.684106 105.701749
5.295000 9.953000 12.082942 26 2
0.065880 0.000000 0.000000 0.000000 0.274226
0.009969 -0.014862
1
198.898837 51.325290
5.295000 9.953000 12.082942 26 2
0.065880 0.000000 0.000000 0.000000 0.230462
0.002022 -0.015912
1
37.410053 283.066787
5.295000 9.953000 12.082942 26 2
0.065880 0.000000 0.000000 0.000000 0.224467
-0.019866 -0.003760
1
155.949132 165.856852
5.295000 9.953000 12.082942 26 2
0.065880 0.000000 0.000000 0.000000 0.167594
-0.002975 -0.020275
1
400.501435 340.702010
5.295000 9.953000 12.082942 26 2
0.065880 0.000000 0.000000 0.000000 0.350114
-0.004667 0.002642
1
220.540965 57.415003
5.295000 9.953000 12.082942 26 2
0.065880 0.000000 0.000000 0.000000 0.266542
-0.013031 -0.009660
1
214.251863 194.259296
5.295000 9.953000 12.082942 26 2
0.065880 0.000000 0.000000 0.000000 0.181881
0.001456 0.000054
1
344.656535 428.590468
5.295000 9.953000 12.082942 26 2
0.065880 0.000000 0.000000 0.000000 0.193851
0.012810 0.007551
1
363.585896 114.707907
5.295000 9.953000 12.082942 26 2
0.065880 0.000000 0.000000 0.000000 0.326589
-0.002801 -0.026767
1
336.691700 173.807357
5.295000 9.953000 12.082942 26 2
0.065880 0.000000 0.000000 0.000000 0.273671
0.005761 0.011402
1
84.816766 353.342099
5.295000 9.953000 12.082942 26 2
0.065880 0.000000 0.000000 0.000000 0.206325
-0.022969 0.027061
1
381.897864 343.871424
5.295000 9.953000 12.082942 27 2
0.065880 0.000000 0.000000 0.000000 0.454316
-0.008032 0.008729
1
271.258103 225.366014
5.295000 9.953000 12.082942 27 2
0.065880 0.000000 0.000000 0.000000 0.191551
0.003208 -0.005463
1
151.030747 49.886630
5.295000 9.953000 12.082942 27 2
0.065880 0.000000 0.000000 0.000000 0.208933
-0.005026 -0.017655
1
270.254226 99.006981
5.295000 9.953000 12.082942 27 2
0.065880 0.000000 0.000000 0.000000 0.270917
0.008161 -0.015809
1
332.456216 334.791546
5.295000 9.953000 12.082942 27 2
0.065880 0.000000 0.000000 0.000000 0.283765
0.022419 0.002963
1
207.194866 312.083208
5.295000 9.953000 12.082942 27 2
0.065880 0.000000 0.000000 0.000000 0.182951
0.030113 -0.055798
1
437.888008 238.156304
5.295000 9.953000 12.082942 27 2
0.065880 0.000000 0.000000 0.000000 0.319238
0.013836 -0.001826
1
240.654747 56.834030
5.295000 9.953000 12.082942 27 2
0.065880 0.000000 0.000000 0.000000 0.363884
0.009400 -0.012945
1
103.389205 86.601770
5.295000 9.953000 12.082942 27 2
0.065880 0.000000 0.000000 0.000000 0.283262
-0.010549 -0.016776
1
297.665421 342.577972
5.295000 9.953000 12.082942 27 2
0.065880 0.000000 0.000000 0.000000 0.186051
0.015083 -0.008107
5
396.965597 161.618672
5.195070 9.765163 11.854907 10 1
0.065880 0.000000 0.000000 0.000000 0.182173
0.008400 -0.004682
5
211.584420 282.507556
5.195070 9.765163 11.854907 10 1
0.065880 0.000000 0.000000 0.000000 0.176662
0.020131 -0.015087
5
290.435946 486.792906
5.195070 9.765163 11.854907 10 1
0.065880 0.000000 0.000000 0.000000 0.225933
0.005803 0.024182
5
109.648709 430.913998
5.195070 9.765163 11.854907 10 1
0.065880 0.000000 0.000000 0.000000 0.216751
-0.017324 0.020121
5
427.839930 159.564330
5.195070 9.765163 11.854907 10 1
0.065880 0.000000 0.000000 0.000000 0.202359
0.013741 -0.002356
5
277.245113 242.642621
5.195070 9.765163 11.854907 10 1
0.065880 0.000000 0.000000 0.000000 0.228083
0.003011 -0.005284
5
461.388522 117.965357
5.195070 9.765163 11.854907 10 1
0.065880 0.000000 0.000000 0.000000 0.644067
0.006267 0.003652
5
264.268288 403.394700
5.195070 9.765163 11.854907 10 1
0.065880 0.000000 0.000000 0.000000 0.194471
0.007072 0.012420
5
122.742307 334.469133
5.091141 9.569807 11.617745 11 1
0.065880 0.000000 0.000000 0.000000 0.163768
-0.019196 0.010440
5
118.035246 134.005908
5.091141 9.569807 11.617745 11 1
0.065880 0.000000 0.000000 0.000000 0.194746
-0.005581 -0.019138
5
232.913218 372.041488
5.091141 9.569807 11.617745 11 1
0.065880 0.000000 0.000000 0.000000 0.196591
-0.016454 0.002424
5
136.319350 359.443664
5.091141 9.569807 11.617745 11 1
0.065880 0.000000 0.000000 0.000000 0.186594
-0.007427 0.004835
5
105.259509 69.588726
5.091141 9.569807 11.617745 11 1
0.065880 0.000000 0.000000 0.000000 0.284175
-0.016849 -0.018153
5
160.437332 272.849995
5.091141 9.569807 11.617745 11 1
0.065880 0.000000 0.000000 0.000000 0.162508
-0.002076 -0.024439
5
215.768268 147.472992
5.091141 9.569807 11.617745 11 1
0.065880 0.000000 0.000000 0.000000 0.302975
0.001867 -0.001109
5
312.457737 159.932653
5.091141 9.569807 11.617745 11 1
0.065880 0.000000 0.000000 0.000000 0.228769
0.012103 -0.016168
5
336.404295 413.296775
4.982786 9.366132 11.370484 12 1
0.065880 0.000000 0.000000 0.000000 0.234631
0.013695 0.007074
5
278.308951 472.097941
4.982786 9.366132 11.370484 12 1
0.065880 0.000000 0.000000 0.000000 0.206369
-0.000508 0.017654
5
33.235973 347.029992
4.982786 9.366132 11.370484 12 1
0.065880 0.000000 0.000000 0.000000 0.505654
-0.029236 0.010541
5
240.886207 386.360368
4.982786 9.366132 11.370484 12 1
0.065880 0.000000 0.000000 0.000000 0.191028
-0.003254 0.011652
5
361.658619 144.019671
4.982786 9.366132 11.370484 12 1
0.065880 0.000000 0.000000 0.000000 0.283453
0.005222 0.014338
5
354.388269 128.456984
4.982786 9.366132 11.370484 12 1
0.065880 0.000000 0.000000 0.000000 0.381729
0.018524 -0.000109
5
321.912600 130.784609
4.982786 9.366132 11.370484 12 1
0.065880 0.000000 0.000000 0.000000 0.239860
0.012757 -0.013870
5
441.755818 131.774100
4.982786 9.366132 11.370484 12 1
0.065880 0.000000 0.000000 0.000000 0.297249
0.016107 -0.005325
5
237.313650 420.129434
4.869501 9.153191 11.111974 13 1
0.065880 0.000000 0.000000 0.000000 0.182929
0.001459 0.003945
5
249.766772 109.689491
4.869501 9.153191 11.111974 13 1
0.065880 0.000000 0.000000 0.000000 0.242187
0.010635 -0.000894
5
414.063299 81.164115
4.869501 9.153191 11.111974 13 1
0.065880 0.000000 0.000000 0.000000 0.255218
0.010751 -0.023189
5
352.384578 383.583830
4.869501 9.153191 11.111974 13 1
0.065880 0.000000 0.000000 0.000000 0.295594
0.011025 -0.012286
5
95.966142 342.605346
4.869501 9.153191 11.111974 13 1
0.065880 0.000000 0.000000 0.000000 0.188287
-0.043295 -0.002995
5
51.177193 205.073826
4.750685 8.929853 10.840841 14 1
0.065880 0.000000 0.000000 0.000000 0.188156
-0.010990 -0.003238
5
401.665351 195.053350
4.750685 8.929853 10.840841 14 1
0.065880 0.000000 0.000000 0.000000 0.223887
0.002780 0.002396
5
134.447146 44.507340
4.750685 8.929853 10.840841 14 1
0.065880 0.000000 0.000000 0.000000 0.318572
-0.008025 -0.020601
5
358.267255 244.787503
4.750685 8.929853 10.840841 14 1
0.065880 0.000000 0.000000 0.000000 0.460709
0.003236 0.011880
5
323.537902 84.169010
4.750685 8.929853 10.840841 14 1
0.065880 0.000000 0.000000 0.000000 0.399659
0.002279 -0.017197
5
163.822450 118.498699
4.750685 8.929853 10.840841 14 1
0.065880 0.000000 0.000000 0.000000 0.191908
-0.008066 0.012211
5
303.129411 107.796455
4.750685 8.929853 10.840841 14 1
0.065880 0.000000 0.000000 0.000000 0.313585
0.017820 -0.011136
5
448.322022 336.176480
4.750685 8.929853 10.840841 14 1
0.065880 0.000000 0.000000 0.000000 0.261772
0.010536 0.002088
5
338.969885 98.828638
4.750685 8.929853 10.840841 14 1
0.065880 0.000000 0.000000 0.000000 0.330155
-0.000001 -0.014762
5
321.775173 453.528550
4.750685 8.929853 10.840841 14 1
0.065880 0.000000 0.000000 0.000000 0.192084
0.013321 0.021098
5
462.757261 361.344348
4.625609 8.694746 10.555422 15 1
0.065880 0.000000 0.000000 0.000000 0.317690
0.008617 0.000751
5
192.401910 481.152588
4.625609 8.694746 10.555422 15 1
0.065880 0.000000 0.000000 0.000000 0.268874
-0.006391 0.024706
5
255.108597 490.019169
4.625609 8.694746 10.555422 15 1
0.065880 0.000000 0.000000 0.000000 0.217281
-0.003225 0.021771
5
130.752104 91.867969
4.625609 8.694746 10.555422 15 1
0.065880 0.000000 0.000000 0.000000 0.214044
-0.007425 -0.022973
5
217.167985 75.678791
4.493375 8.446188 10.253672 16 1
0.065880 0.000000 0.000000 0.000000 0.356390
0.008100 -0.008011
5
7.924451 285.268549
4.493375 8.446188 10.253672 16 1
0.065880 0.000000 0.000000 0.000000 0.256755
-0.022263 0.007983
5
167.085116 206.291796
4.493375 8.446188 10.253672 16 1
0.065880 0.000000 0.000000 0.000000 0.162419
-0.010029 0.031327
5
442.227025 283.809667
4.493375 8.446188 10.253672 16 1
0.065880 0.000000 0.000000 0.000000 0.379771
-0.002635 -0.001581
5
110.155697 343.499529
4.493375 8.446188 10.253672 16 1
0.065880 0.000000 0.000000 0.000000 0.175811
-0.034126 0.009456
5
232.935751 309.935164
4.352864 8.182070 9.933032 17 1
0.065880 0.000000 0.000000 0.000000 0.181010
0.021038 0.014024
5
308.692002 402.822123
4.352864 8.182070 9.933032 17 1
0.065880 0.000000 0.000000 0.000000 0.289885
0.013707 0.009963
5
398.489064 77.163166
4.352864 8.182070 9.933032 17 1
0.065880 0.000000 0.000000 0.000000 0.254553
-0.006608 0.001598
5
153.438960 382.025195
4.352864 8.182070 9.933032 17 1
0.065880 0.000000 0.000000 0.000000 0.181235
-0.033326 0.010579
5
276.511927 118.537004
4.352864 8.182070 9.933032 17 1
0.065880 0.000000 0.000000 0.000000 0.252508
0.021826 0.006197
5
297.128381 362.776869
4.352864 8.182070 9.933032 17 1
0.065880 0.000000 0.000000 0.000000 0.222680
0.002873 0.023886
5
184.762153 396.926680
4.352864 8.182070 9.933032 17 1
0.065880 0.000000 0.000000 0.000000 0.189552
-0.010730 0.023036
5
57.610096 146.010537
3.744130 7.037834 8.543930 18 1
0.065880 0.000000 0.000000 0.000000 0.203176
-0.015190 -0.001756
5
177.139295 354.716601
3.744130 7.037834 8.543930 18 1
0.065880 0.000000 0.000000 0.000000 0.200953
-0.052781 -0.017466
5
271.852078 134.992476
3.744130 7.037834 8.543930 18 1
0.065880 0.000000 0.000000 0.000000 0.208587
-0.015597 -0.050239
5
129.242420 251.654508
3.744130 7.037834 8.543930 18 1
0.065880 0.000000 0.000000 0.000000 0.200281
0.021913 0.023017
