500.000000 500.000000
672 44
176 672
5
372.636482 284.938227
5.091141 9.569807 11.617745 28 1
0.065880 0.000000 0.000000 0.000000 0.088764
0.008713 -0.008585
4
412.236609 395.229118
5.295000 9.953000 12.082942 38 1
0.000000 0.000000 0.000000 0.000000 0.116879
0.005735 0.015250
1
350.398440 376.292791
5.295000 9.953000 12.082942 20 2
0.065880 0.000000 0.000000 0.000000 0.111591
0.003050 0.010757
1
214.405449 348.440221
5.295000 9.953000 12.082942 0 1
0.065880 0.000000 0.000000 0.000000 0.071034
-0.003644 0.005073
4
257.688765 425.540758
5.295000 9.953000 12.082942 44 1
0.000000 0.000000 0.000000 0.000000 0.076807
0.000866 0.007437
4
61.976371 348.184633
5.295000 9.953000 12.082942 38 1
0.000000 0.000000 0.000000 0.000000 0.096151
-0.012471 0.018282
4
333.556500 254.014719
5.295000 9.953000 12.082942 40 1
0.000000 0.000000 0.000000 0.000000 0.115268
0.008463 0.011691
4
183.432486 314.089916
5.295000 9.953000 12.082942 41 1
0.000000 0.000000 0.000000 0.000000 0.068821
-0.006139 0.002874
4
123.443988 347.243025
5.295000 9.953000 12.082942 44 1
0.000000 0.000000 0.000000 0.000000 0.057562
-0.005891 0.004109
1
240.998478 58.022642
5.295000 9.953000 12.082942 34 2
0.065880 0.000000 0.000000 0.000000 0.151531
-0.007029 0.004192
1
18.589515 206.939188
5.295000 9.953000 12.082942 32 2
0.065880 0.000000 0.000000 0.000000 0.117016
-0.010480 0.000721
1
453.965661 162.796303
5.295000 9.953000 12.082942 23 2
0.065880 0.000000 0.000000 0.000000 0.134961
0.010371 -0.007916
4
248.281659 317.359106
5.295000 9.953000 12.082942 42 1
0.000000 0.000000 0.000000 0.000000 0.060056
0.000898 0.004883
1
134.419094 300.934653
5.295000 9.953000 12.082942 40 2
0.065880 0.000000 0.000000 0.000000 0.071292
-0.008791 0.001894
1
98.342274 140.601895
5.295000 9.953000 12.082942 29 2
0.065880 0.000000 0.000000 0.000000 0.064191
-0.011930 -0.009556
1
156.077027 440.198148
5.295000 9.953000 12.082942 22 2
0.065880 0.000000 0.000000 0.000000 0.104724
-0.003062 0.005781
1
419.402869 127.238433
5.295000 9.953000 12.082942 0 1
0.065880 0.000000 0.000000 0.000000 0.092508
0.007109 -0.007203
1
367.467878 38.976138
5.295000 9.953000 12.082942 0 1
0.065880 0.000000 0.000000 0.000000 0.184789
0.017199 -0.020122
1
240.216322 132.072272
5.295000 9.953000 12.082942 19 2
0.065880 0.000000 0.000000 0.000000 0.112562
-0.004800 -0.005061
1
401.988325 293.729841
5.295000 9.953000 12.082942 0 1
0.065880 0.000000 0.000000 0.000000 0.136081
0.007773 0.003632
1
258.825328 281.376825
5.295000 9.953000 12.082942 41 2
0.065880 0.000000 0.000000 0.000000 0.057968
0.001695 0.002166
4
321.165210 136.131410
5.295000 9.953000 12.082942 37 1
0.000000 0.000000 0.000000 0.000000 0.106442
0.004582 -0.002960
1
304.666223 292.956269
5.295000 9.953000 12.082942 19 2
0.065880 0.000000 0.000000 0.000000 0.066219
0.002314 -0.000291
4
241.299501 363.411670
5.295000 9.953000 12.082942 34 1
0.000000 0.000000 0.000000 0.000000 0.101139
-0.000966 0.004362
1
339.744025 435.737047
5.295000 9.953000 12.082942 30 2
0.065880 0.000000 0.000000 0.000000 0.075806
0.003154 0.010513
1
194.767360 408.909670
5.295000 9.953000 12.082942 0 1
0.065880 0.000000 0.000000 0.000000 0.060413
-0.001816 0.006844
1
421.934778 181.248097
5.295000 9.953000 12.082942 32 2
0.065880 0.000000 0.000000 0.000000 0.083983
0.010274 -0.006907
1
436.264878 352.843791
5.295000 9.953000 12.082942 0 1
0.065880 0.000000 0.000000 0.000000 0.120953
-0.008137 0.024771
1
460.199861 218.086865
5.295000 9.953000 12.082942 23 2
0.065880 0.000000 0.000000 0.000000 0.135331
0.008285 -0.001175
5
32.452213 365.864097
4.493375 8.446188 10.253672 33 1
0.065880 0.000000 0.000000 0.000000 0.303376
-0.018590 0.020679
1
348.961367 455.215079
5.295000 9.953000 12.082942 0 1
0.065880 0.000000 0.000000 0.000000 0.077203
0.019167 0.016640
1
258.431945 457.346534
5.295000 9.953000 12.082942 23 2
0.065880 0.000000 0.000000 0.000000 0.081755
-0.006093 0.012452
1
320.947038 385.372879
5.295000 9.953000 12.082942 20 2
0.065880 0.000000 0.000000 0.000000 0.082735
0.002732 0.007118
1
392.594616 263.376955
5.295000 9.953000 12.082942 37 2
0.065880 0.000000 0.000000 0.000000 0.093709
0.018608 -0.007636
1
68.890762 197.100984
5.295000 9.953000 12.082942 21 2
0.065880 0.000000 0.000000 0.000000 0.064702
-0.011323 -0.007423
1
249.908159 378.420947
5.295000 9.953000 12.082942 29 2
0.065880 0.000000 0.000000 0.000000 0.090737
0.000610 0.006448
4
65.864216 214.600515
5.295000 9.953000 12.082942 33 1
0.000000 0.000000 0.000000 0.000000 0.115329
-0.007022 -0.005235
4
309.254378 398.027854
5.295000 9.953000 12.082942 44 1
0.000000 0.000000 0.000000 0.000000 0.083717
0.000877 0.009337
1
82.359784 168.430170
5.295000 9.953000 12.082942 0 1
0.065880 0.000000 0.000000 0.000000 0.071063
-0.005458 -0.006865
5
384.556891 241.026853
4.352864 8.182070 9.933032 34 1
0.065880 0.000000 0.000000 0.000000 0.109219
0.016128 -0.002604
4
110.237134 299.045263
5.295000 9.953000 12.082942 38 1
0.000000 0.000000 0.000000 0.000000 0.069850
-0.009467 0.001386
1
204.355827 100.899700
5.295000 9.953000 12.082942 0 1
0.065880 0.000000 0.000000 0.000000 0.076524
-0.007968 -0.008892
1
355.758433 286.221040
5.295000 9.953000 12.082942 0 1
0.065880 0.000000 0.000000 0.000000 0.088430
0.000684 0.003401
1
373.969189 156.836107
5.295000 9.953000 12.082942 0 1
0.065880 0.000000 0.000000 0.000000 0.076330
0.005600 -0.014556
1
291.592741 473.254933
5.295000 9.953000 12.082942 30 2
0.065880 0.000000 0.000000 0.000000 0.076398
0.002483 0.015078
4
252.753683 119.014500
5.295000 9.953000 12.082942 39 1
0.000000 0.000000 0.000000 0.000000 0.104269
-0.004747 -0.004745
1
223.213801 363.595960
5.295000 9.953000 12.082942 0 1
0.065880 0.000000 0.000000 0.000000 0.061320
-0.001097 0.003963
4
317.574070 200.976354
5.295000 9.953000 12.082942 38 1
0.000000 0.000000 0.000000 0.000000 0.105852
0.012847 0.003872
1
384.841303 297.816328
5.295000 9.953000 12.082942 20 2
0.065880 0.000000 0.000000 0.000000 0.093271
0.006010 0.001568
1
81.735686 149.026415
5.295000 9.953000 12.082942 20 2
0.065880 0.000000 0.000000 0.000000 0.062526
-0.006421 0.001405
1
308.220190 234.555037
5.295000 9.953000 12.082942 0 1
0.065880 0.000000 0.000000 0.000000 0.077954
0.019635 -0.003544
1
477.231300 272.357307
5.295000 9.953000 12.082942 40 2
0.065880 0.000000 0.000000 0.000000 0.186579
0.003268 -0.003120
4
389.153824 148.051406
5.295000 9.953000 12.082942 38 1
0.000000 0.000000 0.000000 0.000000 0.071975
0.006081 -0.014159
1
155.250012 323.987210
5.295000 9.953000 12.082942 26 2
0.065880 0.000000 0.000000 0.000000 0.076854
-0.008478 0.002386
4
135.402979 207.097903
5.295000 9.953000 12.082942 34 1
0.000000 0.000000 0.000000 0.000000 0.072230
-0.005970 0.000332
4
259.376430 362.779917
5.295000 9.953000 12.082942 32 1
0.000000 0.000000 0.000000 0.000000 0.103656
0.000969 0.005997
4
415.570745 90.453594
5.295000 9.953000 12.082942 38 1
0.000000 0.000000 0.000000 0.000000 0.148185
0.011582 -0.007247
1
147.677076 471.810362
5.295000 9.953000 12.082942 26 2
0.065880 0.000000 0.000000 0.000000 0.277844
0.000918 0.001687
5
236.001653 302.910925
5.091141 9.569807 11.617745 28 1
0.065880 0.000000 0.000000 0.000000 0.067903
-0.003143 0.001960
4
19.054559 226.094018
5.295000 9.953000 12.082942 39 1
0.000000 0.000000 0.000000 0.000000 0.087553
-0.007966 0.000610
1
112.573448 112.263838
5.295000 9.953000 12.082942 20 2
0.065880 0.000000 0.000000 0.000000 0.077712
-0.003933 -0.007501
4
296.588317 490.980895
5.295000 9.953000 12.082942 39 1
0.000000 0.000000 0.000000 0.000000 0.097961
-0.004904 0.016563
1
400.021535 360.560338
5.295000 9.953000 12.082942 27 2
0.065880 0.000000 0.000000 0.000000 0.149930
-0.004427 0.004636
1
484.979734 196.261220
5.295000 9.953000 12.082942 21 2
0.065880 0.000000 0.000000 0.000000 0.245384
0.009573 -0.001152
1
26.229910 334.493711
5.295000 9.953000 12.082942 30 2
0.065880 0.000000 0.000000 0.000000 0.323318
-0.004333 0.005068
4
141.938735 372.213207
5.295000 9.953000 12.082942 34 1
0.000000 0.000000 0.000000 0.000000 0.092968
-0.004146 0.005842
1
164.096986 480.348681
5.295000 9.953000 12.082942 42 2
0.065880 0.000000 0.000000 0.000000 0.184726
-0.006133 0.021758
4
174.571746 121.322029
5.295000 9.953000 12.082942 42 1
0.000000 0.000000 0.000000 0.000000 0.065836
-0.007385 -0.004401
1
462.235120 304.754312
5.295000 9.953000 12.082942 40 2
0.065880 0.000000 0.000000 0.000000 0.101982
0.022179 0.011629
1
167.365079 392.262268
5.295000 9.953000 12.082942 25 2
0.065880 0.000000 0.000000 0.000000 0.067550
-0.001669 0.005136
4
94.464692 310.465845
5.295000 9.953000 12.082942 40 1
0.000000 0.000000 0.000000 0.000000 0.085599
-0.009850 0.003679
4
109.892373 65.905365
5.295000 9.953000 12.082942 42 1
0.000000 0.000000 0.000000 0.000000 0.156049
-0.007076 -0.003758
4
69.368093 250.337949
5.295000 9.953000 12.082942 39 1
0.000000 0.000000 0.000000 0.000000 0.102260
-0.007984 -0.001600
1
209.706960 83.916321
5.295000 9.953000 12.082942 41 2
0.065880 0.000000 0.000000 0.000000 0.086945
0.000309 -0.008558
4
66.652088 159.465286
5.295000 9.953000 12.082942 33 1
0.000000 0.000000 0.000000 0.000000 0.072340
-0.009561 -0.002008
4
150.997036 306.088848
5.295000 9.953000 12.082942 37 1
0.000000 0.000000 0.000000 0.000000 0.079598
-0.008961 0.001645
4
22.492553 264.112203
5.295000 9.953000 12.082942 42 1
0.000000 0.000000 0.000000 0.000000 0.082278
-0.007672 -0.001103
5
176.101564 467.704393
4.869501 9.153191 11.111974 30 1
0.065880 0.000000 0.000000 0.000000 0.135373
-0.010037 0.014088
1
382.600173 189.275420
5.295000 9.953000 12.082942 20 2
0.065880 0.000000 0.000000 0.000000 0.071699
-0.008237 0.002095
4
122.145441 312.076745
5.295000 9.953000 12.082942 34 1
0.000000 0.000000 0.000000 0.000000 0.084403
-0.010125 0.002760
1
379.701558 206.128648
5.295000 9.953000 12.082942 25 2
0.065880 0.000000 0.000000 0.000000 0.112002
0.005821 0.010663
1
199.486138 299.234160
5.295000 9.953000 12.082942 28 2
0.065880 0.000000 0.000000 0.000000 0.075014
-0.004068 0.000806
1
203.408898 424.377578
5.295000 9.953000 12.082942 42 2
0.065880 0.000000 0.000000 0.000000 0.060735
-0.001847 0.009105
1
265.433255 251.348904
5.295000 9.953000 12.082942 0 1
0.065880 0.000000 0.000000 0.000000 0.062121
0.000770 -0.001444
1
458.719040 378.144554
5.295000 9.953000 12.082942 21 2
0.065880 0.000000 0.000000 0.000000 0.149504
0.006169 0.007221
4
363.576140 409.114829
5.295000 9.953000 12.082942 44 1
0.000000 0.000000 0.000000 0.000000 0.066581
0.005444 0.006652
4
178.459035 345.251037
5.295000 9.953000 12.082942 43 1
0.000000 0.000000 0.000000 0.000000 0.077845
-0.005634 0.003289
4
401.199300 101.735520
5.295000 9.953000 12.082942 40 1
0.000000 0.000000 0.000000 0.000000 0.120809
0.009290 -0.008604
4
292.196512 277.006733
5.295000 9.953000 12.082942 41 1
0.000000 0.000000 0.000000 0.000000 0.084453
0.005913 0.008796
1
421.028908 145.287071
5.295000 9.953000 12.082942 23 2
0.065880 0.000000 0.000000 0.000000 0.071132
0.007675 -0.007270
1
107.939426 281.132268
5.295000 9.953000 12.082942 25 2
0.065880 0.000000 0.000000 0.000000 0.063839
-0.009095 0.001102
1
469.582099 353.258071
5.295000 9.953000 12.082942 33 2
0.065880 0.000000 0.000000 0.000000 0.132881
0.005195 -0.000474
1
375.885497 173.669823
5.295000 9.953000 12.082942 25 2
0.065880 0.000000 0.000000 0.000000 0.066799
0.012780 -0.013766
2
374.307294 330.709511
5.295000 9.953000 12.082942 38 1
0.065880 0.000000 0.000000 0.000000 0.160680
0.001438 0.004562
1
116.607355 431.587951
5.295000 9.953000 12.082942 0 1
0.065880 0.000000 0.000000 0.000000 0.113346
-0.008083 0.004419
1
393.595592 448.184700
5.295000 9.953000 12.082942 25 2
0.065880 0.000000 0.000000 0.000000 0.151978
0.008737 0.004396
1
98.306323 423.360326
5.295000 9.953000 12.082942 25 2
0.065880 0.000000 0.000000 0.000000 0.151120
-0.007761 0.005599
1
157.258515 229.169450
5.295000 9.953000 12.082942 21 2
0.065880 0.000000 0.000000 0.000000 0.051210
-0.004291 -0.000447
1
452.899656 143.300100
5.295000 9.953000 12.082942 21 2
0.065880 0.000000 0.000000 0.000000 0.141460
0.009221 -0.006555
4
436.648100 370.445945
5.295000 9.953000 12.082942 44 1
0.000000 0.000000 0.000000 0.000000 0.129606
0.026003 0.025988
1
272.368957 44.434574
5.295000 9.953000 12.082942 0 1
0.065880 0.000000 0.000000 0.000000 0.297248
-0.008143 -0.018485
1
34.635645 216.164945
5.295000 9.953000 12.082942 20 2
0.065880 0.000000 0.000000 0.000000 0.071939
-0.008597 -0.002568
1
318.619245 222.705643
5.295000 9.953000 12.082942 19 2
0.065880 0.000000 0.000000 0.000000 0.079123
-0.047411 0.050789
4
187.279864 266.018739
5.295000 9.953000 12.082942 42 1
0.000000 0.000000 0.000000 0.000000 0.076189
-0.004214 -0.000222
1
258.185551 393.737592
5.295000 9.953000 12.082942 30 2
0.065880 0.000000 0.000000 0.000000 0.073140
0.001304 0.007963
1
67.178217 84.113878
5.295000 9.953000 12.082942 0 1
0.065880 0.000000 0.000000 0.000000 0.476617
-0.010042 -0.007843
1
261.881232 234.582437
5.295000 9.953000 12.082942 27 2
0.065880 0.000000 0.000000 0.000000 0.059322
0.003033 -0.004855
1
248.993463 441.723246
5.295000 9.953000 12.082942 19 2
0.065880 0.000000 0.000000 0.000000 0.074449
-0.002751 0.008059
1
398.662342 82.961333
5.295000 9.953000 12.082942 35 2
0.065880 0.000000 0.000000 0.000000 0.102131
0.012105 -0.009903
5
316.853514 449.515963
4.982786 9.366132 11.370484 29 1
0.065880 0.000000 0.000000 0.000000 0.085525
0.007788 0.009625
1
302.713539 12.917886
5.295000 9.953000 12.082942 0 1
0.065880 0.000000 0.000000 0.000000 0.161193
0.000737 -0.009081
1
301.342840 262.049826
5.295000 9.953000 12.082942 24 2
0.065880 0.000000 0.000000 0.000000 0.069342
-0.005299 0.003368
5
474.178169 315.468098
4.352864 8.182070 9.933032 34 1
0.065880 0.000000 0.000000 0.000000 0.097814
0.006966 0.005576
1
243.551008 10.422063
5.295000 9.953000 12.082942 19 2
0.065880 0.000000 0.000000 0.000000 0.263512
-0.010719 -0.012949
5
116.119823 49.742035
4.352864 8.182070 9.933032 34 1
0.065880 0.000000 0.000000 0.000000 0.413473
-0.008898 -0.006708
4
104.534955 212.616466
5.295000 9.953000 12.082942 33 1
0.000000 0.000000 0.000000 0.000000 0.088353
-0.009916 -0.002886
4
162.625078 40.355613
5.295000 9.953000 12.082942 38 1
0.000000 0.000000 0.000000 0.000000 0.117157
-0.001807 -0.011688
1
393.674174 396.828108
5.295000 9.953000 12.082942 24 2
0.065880 0.000000 0.000000 0.000000 0.080768
0.006165 0.005431
4
160.993186 182.147927
5.295000 9.953000 12.082942 36 1
0.000000 0.000000 0.000000 0.000000 0.074007
-0.004591 -0.001155
4
363.517493 200.585878
5.295000 9.953000 12.082942 36 1
0.000000 0.000000 0.000000 0.000000 0.119877
0.004250 -0.013815
1
3.399894 236.168348
5.295000 9.953000 12.082942 19 2
0.065880 0.000000 0.000000 0.000000 0.082901
-0.006946 0.004391
4
294.943223 162.519725
5.295000 9.953000 12.082942 43 1
0.000000 0.000000 0.000000 0.000000 0.063704
0.001296 -0.014906
4
258.094925 89.059472
5.295000 9.953000 12.082942 42 1
0.000000 0.000000 0.000000 0.000000 0.115068
-0.000733 -0.004808
1
215.609546 318.204774
5.295000 9.953000 12.082942 44 2
0.065880 0.000000 0.000000 0.000000 0.065835
-0.001720 0.000660
1
176.430626 25.639646
5.295000 9.953000 12.082942 26 2
0.065880 0.000000 0.000000 0.000000 0.174400
-0.003667 -0.009887
1
5.230291 256.978864
5.295000 9.953000 12.082942 23 2
0.065880 0.000000 0.000000 0.000000 0.082101
-0.007664 -0.002071
4
39.950486 271.085626
5.295000 9.953000 12.082942 35 1
0.000000 0.000000 0.000000 0.000000 0.107422
-0.007652 -0.000396
4
291.642574 228.045486
5.295000 9.953000 12.082942 34 1
0.000000 0.000000 0.000000 0.000000 0.078197
0.006873 -0.003771
1
43.094320 288.787834
5.295000 9.953000 12.082942 23 2
0.065880 0.000000 0.000000 0.000000 0.092141
-0.008608 0.000499
1
287.427248 126.901988
5.295000 9.953000 12.082942 36 2
0.065880 0.000000 0.000000 0.000000 0.069879
-0.001693 -0.007149
1
139.216397 272.983283
5.295000 9.953000 12.082942 29 2
0.065880 0.000000 0.000000 0.000000 0.072395
-0.006695 0.000403
4
267.842096 378.005328
5.295000 9.953000 12.082942 31 1
0.000000 0.000000 0.000000 0.000000 0.101829
0.001085 0.006747
4
210.381425 21.930422
5.295000 9.953000 12.082942 34 1
0.000000 0.000000 0.000000 0.000000 0.133298
-0.004600 -0.013459
1
134.277211 155.961152
5.295000 9.953000 12.082942 26 2
0.065880 0.000000 0.000000 0.000000 0.066190
-0.007384 -0.001894
4
231.161442 409.615241
5.295000 9.953000 12.082942 39 1
0.000000 0.000000 0.000000 0.000000 0.084756
-0.000658 0.006558
4
54.666528 260.511249
5.295000 9.953000 12.082942 38 1
0.000000 0.000000 0.000000 0.000000 0.096542
-0.007368 -0.000169
4
177.703228 138.836701
5.295000 9.953000 12.082942 44 1
0.000000 0.000000 0.000000 0.000000 0.073212
-0.005196 -0.004022
1
258.368796 332.058111
5.295000 9.953000 12.082942 21 2
0.065880 0.000000 0.000000 0.000000 0.069250
0.000230 0.004367
1
222.511392 128.198584
5.295000 9.953000 12.082942 29 2
0.065880 0.000000 0.000000 0.000000 0.106570
-0.005784 -0.006065
1
418.089088 420.379677
5.295000 9.953000 12.082942 0 1
0.065880 0.000000 0.000000 0.000000 0.127605
0.006853 0.003684
4
367.211882 217.330081
5.295000 9.953000 12.082942 40 1
0.000000 0.000000 0.000000 0.000000 0.128168
-0.005750 0.000533
4
229.908212 223.808295
5.295000 9.953000 12.082942 35 1
0.000000 0.000000 0.000000 0.000000 0.074348
0.000709 -0.004743
1
321.889925 289.545641
5.295000 9.953000 12.082942 38 2
0.065880 0.000000 0.000000 0.000000 0.092308
0.000986 0.000750
1
281.699214 312.136108
5.295000 9.953000 12.082942 21 2
0.065880 0.000000 0.000000 0.000000 0.076780
0.001399 0.001718
4
325.968736 238.069042
5.295000 9.953000 12.082942 39 1
0.000000 0.000000 0.000000 0.000000 0.092679
0.005431 0.003090
1
98.425876 176.709684
5.295000 9.953000 12.082942 0 1
0.065880 0.000000 0.000000 0.000000 0.054098
-0.006185 -0.004543
1
193.696099 76.663518
5.295000 9.953000 12.082942 40 2
0.065880 0.000000 0.000000 0.000000 0.079995
0.000146 -0.005102
1
152.351877 211.765412
5.295000 9.953000 12.082942 0 1
0.065880 0.000000 0.000000 0.000000 0.060736
-0.004535 0.000178
1
148.874134 423.246668
5.295000 9.953000 12.082942 40 2
0.065880 0.000000 0.000000 0.000000 0.081456
-0.004208 0.005272
1
219.537391 110.024258
5.295000 9.953000 12.082942 38 2
0.065880 0.000000 0.000000 0.000000 0.086385
-0.006234 -0.007881
1
138.660901 354.089742
5.295000 9.953000 12.082942 23 2
0.065880 0.000000 0.000000 0.000000 0.056867
-0.004705 0.004704
1
126.611032 401.156701
5.295000 9.953000 12.082942 21 2
0.065880 0.000000 0.000000 0.000000 0.092405
-0.006601 0.005789
1
400.297982 414.705625
5.295000 9.953000 12.082942 0 1
0.065880 0.000000 0.000000 0.000000 0.072560
0.007319 0.004606
4
108.271924 321.345235
5.295000 9.953000 12.082942 36 1
0.000000 0.000000 0.000000 0.000000 0.071798
-0.010393 0.005389
1
239.934922 85.779453
5.295000 9.953000 12.082942 0 1
0.065880 0.000000 0.000000 0.000000 0.127951
-0.001387 -0.007871
4
57.746347 277.988496
5.295000 9.953000 12.082942 31 1
0.000000 0.000000 0.000000 0.000000 0.105665
-0.007827 0.001572
1
213.754126 378.625964
5.295000 9.953000 12.082942 0 1
0.065880 0.000000 0.000000 0.000000 0.065850
-0.001275 0.005747
1
298.066953 423.879312
5.295000 9.953000 12.082942 0 1
0.065880 0.000000 0.000000 0.000000 0.089041
-0.005968 0.012865
1
167.189715 87.834889
5.295000 9.953000 12.082942 41 2
0.065880 0.000000 0.000000 0.000000 0.099034
0.004870 -0.010569
5
335.452686 201.771571
4.352864 8.182070 9.933032 34 1
0.065880 0.000000 0.000000 0.000000 0.105559
-0.049477 0.089188
4
60.802051 295.348264
5.295000 9.953000 12.082942 43 1
0.000000 0.000000 0.000000 0.000000 0.085907
-0.009376 0.003809
1
369.516347 347.131065
5.295000 9.953000 12.082942 0 1
0.065880 0.000000 0.000000 0.000000 0.176727
0.002690 0.004742
1
472.756799 290.035554
5.295000 9.953000 12.082942 0 1
0.065880 0.000000 0.000000 0.000000 0.121025
0.019345 -0.000420
4
353.884888 226.856122
5.295000 9.953000 12.082942 41 1
0.000000 0.000000 0.000000 0.000000 0.116609
-0.008094 -0.003739
1
225.839795 489.757380
5.295000 9.953000 12.082942 43 2
0.065880 0.000000 0.000000 0.000000 0.096906
-0.000956 0.013502
1
274.478607 466.715579
5.295000 9.953000 12.082942 21 2
0.065880 0.000000 0.000000 0.000000 0.071410
0.002599 0.001172
1
449.692344 203.179994
5.295000 9.953000 12.082942 22 2
0.065880 0.000000 0.000000 0.000000 0.146608
0.004722 0.001821
5
343.778230 360.576827
5.091141 9.569807 11.617745 28 1
0.065880 0.000000 0.000000 0.000000 0.115163
0.002140 0.006586
4
169.468391 263.083880
5.295000 9.953000 12.082942 32 1
0.000000 0.000000 0.000000 0.000000 0.087899
-0.004621 0.000567
1
265.438483 170.417765
5.295000 9.953000 12.082942 19 2
0.065880 0.000000 0.000000 0.000000 0.061342
0.003220 -0.005619
4
316.021295 306.686009
5.295000 9.953000 12.082942 41 1
0.000000 0.000000 0.000000 0.000000 0.067551
0.001501 0.001697
4
148.716370 194.845138
5.295000 9.953000 12.082942 29 1
0.000000 0.000000 0.000000 0.000000 0.067518
-0.005239 -0.000017
4
206.278488 332.872625
5.295000 9.953000 12.082942 39 1
0.000000 0.000000 0.000000 0.000000 0.076566
-0.005363 0.003180
1
257.718378 135.801326
5.295000 9.953000 12.082942 0 1
0.065880 0.000000 0.000000 0.000000 0.090504
-0.004312 -0.005502
1
18.467458 169.494681
5.295000 9.953000 12.082942 37 2
0.065880 0.000000 0.000000 0.000000 0.395517
-0.005470 0.001414
4
175.284813 441.327949
5.295000 9.953000 12.082942 37 1
0.000000 0.000000 0.000000 0.000000 0.120266
-0.001443 0.006072
1
428.084215 319.116251
5.295000 9.953000 12.082942 0 1
0.065880 0.000000 0.000000 0.000000 0.176529
0.006495 0.001073
1
168.458260 57.696518
5.295000 9.953000 12.082942 0 1
0.065880 0.000000 0.000000 0.000000 0.087392
0.000810 -0.010849
1
194.152008 440.016904
5.295000 9.953000 12.082942 19 2
0.065880 0.000000 0.000000 0.000000 0.075790
-0.003248 0.010596
1
334.321634 24.384936
5.295000 9.953000 12.082942 26 2
0.065880 0.000000 0.000000 0.000000 0.227674
0.005604 -0.009102
4
78.579923 377.261936
5.295000 9.953000 12.082942 37 1
0.000000 0.000000 0.000000 0.000000 0.088854
-0.010393 0.002041
1
100.364842 245.999623
5.295000 9.953000 12.082942 25 2
0.065880 0.000000 0.000000 0.000000 0.059231
-0.007857 0.000121
1
421.286551 336.621424
5.295000 9.953000 12.082942 26 2
0.065880 0.000000 0.000000 0.000000 0.108156
0.005569 0.002056
4
199.194390 251.993119
5.295000 9.953000 12.082942 41 1
0.000000 0.000000 0.000000 0.000000 0.061803
-0.002932 -0.001516
1
138.835972 69.321882
5.295000 9.953000 12.082942 21 2
0.065880 0.000000 0.000000 0.000000 0.096008
0.000496 -0.002095
1
239.040307 273.755853
5.295000 9.953000 12.082942 21 2
0.065880 0.000000 0.000000 0.000000 0.084960
-0.002454 -0.001996
1
228.920098 22.616934
5.295000 9.953000 12.082942 26 2
0.065880 0.000000 0.000000 0.000000 0.130663
0.001554 -0.000301
4
182.739267 155.893187
5.295000 9.953000 12.082942 38 1
0.000000 0.000000 0.000000 0.000000 0.063164
-0.004511 -0.003445
4
72.483226 267.805539
5.295000 9.953000 12.082942 35 1
0.000000 0.000000 0.000000 0.000000 0.092745
-0.008579 0.000268
1
165.249130 150.896064
5.295000 9.953000 12.082942 0 1
0.065880 0.000000 0.000000 0.000000 0.054311
-0.005044 -0.002368
1
326.817300 402.452345
5.295000 9.953000 12.082942 22 2
0.065880 0.000000 0.000000 0.000000 0.082084
0.000140 0.011387
4
28.730205 300.560593
5.295000 9.953000 12.082942 39 1
0.000000 0.000000 0.000000 0.000000 0.175837
-0.009864 -0.000114
1
236.481758 192.821579
5.295000 9.953000 12.082942 0 1
0.065880 0.000000 0.000000 0.000000 0.074319
0.004994 -0.005240
5
98.303280 102.512654
4.982786 9.366132 11.370484 29 1
0.065880 0.000000 0.000000 0.000000 0.104801
-0.012507 0.000761
1
83.447291 434.303279
5.295000 9.953000 12.082942 28 2
0.065880 0.000000 0.000000 0.000000 0.344133
-0.007678 0.005703
1
428.205688 405.004550
5.295000 9.953000 12.082942 20 2
0.065880 0.000000 0.000000 0.000000 0.112048
0.013228 0.010545
1
444.407512 267.234646
5.295000 9.953000 12.082942 0 1
0.065880 0.000000 0.000000 0.000000 0.100153
0.006759 0.003880
4
277.393187 362.049287
5.295000 9.953000 12.082942 30 1
0.000000 0.000000 0.000000 0.000000 0.113713
0.001278 0.006252
4
207.830199 175.182263
5.295000 9.953000 12.082942 36 1
0.000000 0.000000 0.000000 0.000000 0.060296
-0.002938 -0.002903
4
222.403001 394.022871
5.295000 9.953000 12.082942 38 1
0.000000 0.000000 0.000000 0.000000 0.083506
-0.000812 0.006334
4
159.929508 375.658767
5.295000 9.953000 12.082942 42 1
0.000000 0.000000 0.000000 0.000000 0.065336
-0.002717 0.004898
4
239.313032 458.179745
5.295000 9.953000 12.082942 34 1
0.000000 0.000000 0.000000 0.000000 0.089749
-0.007123 0.006685
1
304.435186 81.668556
5.295000 9.953000 12.082942 21 2
0.065880 0.000000 0.000000 0.000000 0.164181
-0.007529 -0.005206
1
245.357569 229.475402
5.295000 9.953000 12.082942 0 1
0.065880 0.000000 0.000000 0.000000 0.061799
0.001436 -0.004510
1
217.723841 301.443531
5.295000 9.953000 12.082942 0 1
0.065880 0.000000 0.000000 0.000000 0.065079
-0.003217 -0.000181
1
435.528823 282.564287
5.295000 9.953000 12.082942 34 2
0.065880 0.000000 0.000000 0.000000 0.126213
0.007245 0.004107
1
257.828118 217.101072
5.295000 9.953000 12.082942 19 2
0.065880 0.000000 0.000000 0.000000 0.053410
0.005734 -0.004906
1
261.802747 58.935909
5.295000 9.953000 12.082942 0 1
0.065880 0.000000 0.000000 0.000000 0.230696
0.000873 -0.015441
1
217.301947 159.982097
5.295000 9.953000 12.082942 0 1
0.065880 0.000000 0.000000 0.000000 0.063425
-0.004006 -0.004756
1
345.279520 473.129270
5.295000 9.953000 12.082942 19 2
0.065880 0.000000 0.000000 0.000000 0.157333
0.000695 0.013986
1
449.635982 105.713421
5.295000 9.953000 12.082942 0 1
0.065880 0.000000 0.000000 0.000000 0.283241
0.009602 -0.005427
1
267.185358 187.685447
5.295000 9.953000 12.082942 20 2
0.065880 0.000000 0.000000 0.000000 0.057365
0.006711 -0.006026
1
184.707709 219.377786
5.295000 9.953000 12.082942 23 2
0.065880 0.000000 0.000000 0.000000 0.062458
-0.002091 -0.001541
1
241.035336 333.334855
5.295000 9.953000 12.082942 21 2
0.065880 0.000000 0.000000 0.000000 0.064617
-0.000843 0.004052
1
448.976328 250.033655
5.295000 9.953000 12.082942 27 2
0.065880 0.000000 0.000000 0.000000 0.095152
-0.012367 -0.000478
1
205.246857 363.134466
5.295000 9.953000 12.082942 0 1
0.065880 0.000000 0.000000 0.000000 0.069396
-0.001958 0.003448
4
64.441936 121.557080
5.295000 9.953000 12.082942 44 1
0.000000 0.000000 0.000000 0.000000 0.095287
-0.001616 -0.003001
1
269.458529 267.615041
5.295000 9.953000 12.082942 24 2
0.065880 0.000000 0.000000 0.000000 0.060491
-0.003961 0.001058
4
114.900650 183.831762
5.295000 9.953000 12.082942 42 1
0.000000 0.000000 0.000000 0.000000 0.064139
-0.006490 -0.001180
4
123.364272 97.549245
5.295000 9.953000 12.082942 36 1
0.000000 0.000000 0.000000 0.000000 0.093737
-0.000739 -0.004647
1
157.500544 22.684359
5.295000 9.953000 12.082942 19 2
0.065880 0.000000 0.000000 0.000000 0.339866
-0.004086 -0.009340
1
418.299013 371.969443
5.295000 9.953000 12.082942 19 2
0.065880 0.000000 0.000000 0.000000 0.136642
0.016745 0.003744
1
245.360966 148.622470
5.295000 9.953000 12.082942 0 1
0.065880 0.000000 0.000000 0.000000 0.081717
-0.004017 -0.005033
1
356.451231 332.070434
5.295000 9.953000 12.082942 19 2
0.065880 0.000000 0.000000 0.000000 0.142373
0.002855 0.001527
1
375.846828 443.504559
5.295000 9.953000 12.082942 26 2
0.065880 0.000000 0.000000 0.000000 0.087135
0.007799 0.004630
1
124.663172 329.820232
5.295000 9.953000 12.082942 0 1
0.065880 0.000000 0.000000 0.000000 0.073578
-0.008956 0.003235
1
436.168297 135.194960
5.295000 9.953000 12.082942 28 2
0.065880 0.000000 0.000000 0.000000 0.088639
0.008043 -0.005949
4
344.755866 406.245243
5.295000 9.953000 12.082942 41 1
0.000000 0.000000 0.000000 0.000000 0.088619
0.002216 0.010018
1
196.291022 188.826716
5.295000 9.953000 12.082942 23 2
0.065880 0.000000 0.000000 0.000000 0.052405
-0.004438 -0.002647
1
279.667225 60.906277
5.295000 9.953000 12.082942 39 2
0.065880 0.000000 0.000000 0.000000 0.222570
-0.002964 -0.017704
1
267.562682 441.198004
5.295000 9.953000 12.082942 37 2
0.065880 0.000000 0.000000 0.000000 0.071817
-0.005782 0.010430
4
402.613087 119.739159
5.295000 9.953000 12.082942 41 1
0.000000 0.000000 0.000000 0.000000 0.091621
0.005692 -0.009718
1
321.743569 83.911007
5.295000 9.953000 12.082942 32 2
0.065880 0.000000 0.000000 0.000000 0.163116
-0.006529 -0.012960
4
130.791598 138.384642
5.295000 9.953000 12.082942 37 1
0.000000 0.000000 0.000000 0.000000 0.078978
-0.008137 -0.002360
1
354.673848 131.720717
5.295000 9.953000 12.082942 30 2
0.065880 0.000000 0.000000 0.000000 0.099393
-0.006888 -0.012477
1
130.408712 419.431321
5.295000 9.953000 12.082942 0 1
0.065880 0.000000 0.000000 0.000000 0.072010
-0.006116 0.005251
1
416.929289 243.195047
5.295000 9.953000 12.082942 21 2
0.065880 0.000000 0.000000 0.000000 0.118567
0.009346 -0.007196
1
324.058795 268.223638
5.295000 9.953000 12.082942 19 2
0.065880 0.000000 0.000000 0.000000 0.078834
0.011871 0.017108
4
331.788099 419.703211
5.295000 9.953000 12.082942 37 1
0.000000 0.000000 0.000000 0.000000 0.094714
-0.000029 0.009987
1
132.729312 51.750264
5.295000 9.953000 12.082942 0 1
0.065880 0.000000 0.000000 0.000000 0.114658
-0.019263 -0.005222
4
229.696833 240.926717
5.295000 9.953000 12.082942 43 1
0.000000 0.000000 0.000000 0.000000 0.069388
-0.000248 -0.004116
4
216.797366 253.932884
5.295000 9.953000 12.082942 42 1
0.000000 0.000000 0.000000 0.000000 0.066414
-0.001485 -0.002394
1
385.847875 112.408407
5.295000 9.953000 12.082942 26 2
0.065880 0.000000 0.000000 0.000000 0.089989
0.004141 -0.012001
1
172.358897 104.174616
5.295000 9.953000 12.082942 0 1
0.065880 0.000000 0.000000 0.000000 0.061460
-0.010877 -0.004052
4
221.898537 270.772007
5.295000 9.953000 12.082942 31 1
0.000000 0.000000 0.000000 0.000000 0.109890
-0.001785 -0.001314
1
186.664197 60.338921
5.295000 9.953000 12.082942 20 2
0.065880 0.000000 0.000000 0.000000 0.071058
0.006171 -0.012165
4
311.591335 166.024591
5.295000 9.953000 12.082942 39 1
0.000000 0.000000 0.000000 0.000000 0.085973
0.000881 0.007560
4
357.160198 149.332201
5.295000 9.953000 12.082942 36 1
0.000000 0.000000 0.000000 0.000000 0.108838
0.004387 -0.013223
1
478.504044 253.738453
5.295000 9.953000 12.082942 0 1
0.065880 0.000000 0.000000 0.000000 0.192942
0.015558 -0.000787
4
283.859085 258.615388
5.295000 9.953000 12.082942 38 1
0.000000 0.000000 0.000000 0.000000 0.082897
-0.007399 -0.001530
4
423.564688 270.459817
5.295000 9.953000 12.082942 36 1
0.000000 0.000000 0.000000 0.000000 0.118786
0.010808 0.014339
1
191.686968 236.706299
5.295000 9.953000 12.082942 0 1
0.065880 0.000000 0.000000 0.000000 0.057288
-0.003255 -0.000024
1
291.601553 144.608747
5.295000 9.953000 12.082942 21 2
0.065880 0.000000 0.000000 0.000000 0.072199
0.000722 -0.009289
1
129.487182 238.310976
5.295000 9.953000 12.082942 23 2
0.065880 0.000000 0.000000 0.000000 0.053101
-0.005996 0.000851
1
200.465523 159.085706
5.295000 9.953000 12.082942 0 1
0.065880 0.000000 0.000000 0.000000 0.076823
-0.004366 -0.003672
4
301.751085 442.372924
5.295000 9.953000 12.082942 34 1
0.000000 0.000000 0.000000 0.000000 0.105192
0.007893 -0.000524
1
7.898480 275.949700
5.295000 9.953000 12.082942 0 1
0.065880 0.000000 0.000000 0.000000 0.084065
-0.008581 -0.001523
4
221.859453 424.996885
5.295000 9.953000 12.082942 41 1
0.000000 0.000000 0.000000 0.000000 0.073866
-0.001759 0.007456
4
194.631309 143.314811
5.295000 9.953000 12.082942 36 1
0.000000 0.000000 0.000000 0.000000 0.079966
-0.004725 -0.004944
4
214.989712 39.708755
5.295000 9.953000 12.082942 43 1
0.000000 0.000000 0.000000 0.000000 0.106511
0.012955 -0.019284
1
354.426349 113.787052
5.295000 9.953000 12.082942 30 2
0.065880 0.000000 0.000000 0.000000 0.108723
-0.002239 -0.012232
4
180.863829 249.873582
5.295000 9.953000 12.082942 41 1
0.000000 0.000000 0.000000 0.000000 0.067247
-0.003384 -0.000252
4
209.306823 480.027444
5.295000 9.953000 12.082942 37 1
0.000000 0.000000 0.000000 0.000000 0.103193
-0.006257 0.018442
4
161.125798 132.976623
5.295000 9.953000 12.082942 35 1
0.000000 0.000000 0.000000 0.000000 0.089222
-0.005882 -0.002459
1
147.993421 144.702991
5.295000 9.953000 12.082942 21 2
0.065880 0.000000 0.000000 0.000000 0.077899
-0.006251 -0.001080
1
189.143950 331.017228
5.295000 9.953000 12.082942 22 2
0.065880 0.000000 0.000000 0.000000 0.062419
-0.004067 0.003009
4
144.498338 177.684208
5.295000 9.953000 12.082942 44 1
0.000000 0.000000 0.000000 0.000000 0.063706
-0.004795 -0.000008
1
67.623545 178.724979
5.295000 9.953000 12.082942 19 2
0.065880 0.000000 0.000000 0.000000 0.067701
-0.009726 -0.007867
1
202.737426 462.323460
5.295000 9.953000 12.082942 23 2
0.065880 0.000000 0.000000 0.000000 0.091055
0.001298 0.007999
1
187.719461 362.151958
5.295000 9.953000 12.082942 25 2
0.065880 0.000000 0.000000 0.000000 0.059270
-0.002113 0.004691
5
277.350617 27.423294
4.750685 8.929853 10.840841 31 1
0.065880 0.000000 0.000000 0.000000 0.422499
-0.001978 -0.005682
1
46.922397 114.173366
5.295000 9.953000 12.082942 21 2
0.065880 0.000000 0.000000 0.000000 0.387563
-0.000198 -0.010075
1
388.292396 429.535040
5.295000 9.953000 12.082942 38 2
0.065880 0.000000 0.000000 0.000000 0.069965
0.006932 0.004095
4
110.013638 375.540683
5.295000 9.953000 12.082942 39 1
0.000000 0.000000 0.000000 0.000000 0.080544
-0.005235 0.005565
1
264.524080 105.766327
5.295000 9.953000 12.082942 35 2
0.065880 0.000000 0.000000 0.000000 0.093107
-0.002638 -0.004734
1
93.105972 329.907850
5.295000 9.953000 12.082942 34 2
0.065880 0.000000 0.000000 0.000000 0.084361
-0.010825 0.007280
1
139.051706 87.910072
5.295000 9.953000 12.082942 33 2
0.065880 0.000000 0.000000 0.000000 0.077840
-0.001447 -0.004759
1
391.270770 56.895275
5.295000 9.953000 12.082942 0 1
0.065880 0.000000 0.000000 0.000000 0.241557
0.007866 -0.029653
1
67.010086 232.594007
5.295000 9.953000 12.082942 0 1
0.065880 0.000000 0.000000 0.000000 0.104842
-0.007322 -0.003529
1
77.210765 338.632743
5.295000 9.953000 12.082942 31 2
0.065880 0.000000 0.000000 0.000000 0.090037
-0.013244 0.007889
1
113.142058 233.757768
5.295000 9.953000 12.082942 22 2
0.065880 0.000000 0.000000 0.000000 0.056772
-0.006493 0.000921
4
151.615068 259.719017
5.295000 9.953000 12.082942 32 1
0.000000 0.000000 0.000000 0.000000 0.067753
-0.005454 0.000084
4
375.150118 395.094114
5.295000 9.953000 12.082942 44 1
0.000000 0.000000 0.000000 0.000000 0.073408
0.005850 0.006104
4
62.738254 312.886468
5.295000 9.953000 12.082942 42 1
0.000000 0.000000 0.000000 0.000000 0.085922
-0.011914 0.006422
1
185.878347 393.180931
5.295000 9.953000 12.082942 0 1
0.065880 0.000000 0.000000 0.000000 0.060010
-0.001523 0.006027
1
268.151754 346.862260
5.295000 9.953000 12.082942 21 2
0.065880 0.000000 0.000000 0.000000 0.076729
0.001711 0.005493
1
297.421223 180.289104
5.295000 9.953000 12.082942 41 2
0.065880 0.000000 0.000000 0.000000 0.059252
0.008640 -0.013919
1
308.269346 148.701055
5.295000 9.953000 12.082942 20 2
0.065880 0.000000 0.000000 0.000000 0.072814
-0.001472 0.003248
4
112.634076 165.981142
5.295000 9.953000 12.082942 36 1
0.000000 0.000000 0.000000 0.000000 0.077288
-0.003560 -0.002199
1
287.310114 210.399758
5.295000 9.953000 12.082942 24 2
0.065880 0.000000 0.000000 0.000000 0.061870
0.007818 -0.006571
1
327.861414 100.541504
5.295000 9.953000 12.082942 30 2
0.065880 0.000000 0.000000 0.000000 0.111488
0.002308 -0.018988
1
193.063647 282.697719
5.295000 9.953000 12.082942 21 2
0.065880 0.000000 0.000000 0.000000 0.073600
-0.004296 0.000754
5
258.863393 17.539642
4.352864 8.182070 9.933032 34 1
0.065880 0.000000 0.000000 0.000000 0.343575
0.000912 -0.049199
1
292.881608 393.942328
5.295000 9.953000 12.082942 21 2
0.065880 0.000000 0.000000 0.000000 0.081690
0.001615 0.007605
4
83.550366 92.764472
5.295000 9.953000 12.082942 38 1
0.000000 0.000000 0.000000 0.000000 0.145978
-0.010909 -0.003898
1
295.678278 245.825280
5.295000 9.953000 12.082942 0 1
0.065880 0.000000 0.000000 0.000000 0.072830
-0.009635 0.002941
4
249.806058 165.224181
5.295000 9.953000 12.082942 43 1
0.000000 0.000000 0.000000 0.000000 0.066324
-0.000667 -0.004352
1
172.093278 328.127699
5.295000 9.953000 12.082942 25 2
0.065880 0.000000 0.000000 0.000000 0.059656
-0.006148 0.002995
4
144.453059 126.563078
5.295000 9.953000 12.082942 33 1
0.000000 0.000000 0.000000 0.000000 0.099715
-0.006251 0.000161
1
332.994688 304.340881
5.295000 9.953000 12.082942 20 2
0.065880 0.000000 0.000000 0.000000 0.066835
0.002858 0.003594
1
409.565805 323.802233
5.295000 9.953000 12.082942 0 1
0.065880 0.000000 0.000000 0.000000 0.179163
0.007919 0.006788
1
108.717321 357.278583
5.295000 9.953000 12.082942 19 2
0.065880 0.000000 0.000000 0.000000 0.065042
-0.005944 0.005078
1
251.058080 72.636605
5.295000 9.953000 12.082942 0 1
0.065880 0.000000 0.000000 0.000000 0.126102
0.001548 -0.004612
5
371.220000 85.447535
4.982786 9.366132 11.370484 29 1
0.065880 0.000000 0.000000 0.000000 0.109828
0.006063 -0.009780
1
299.935976 113.347489
5.295000 9.953000 12.082942 32 2
0.065880 0.000000 0.000000 0.000000 0.083667
0.002774 -0.001513
5
443.882859 325.821161
4.352864 8.182070 9.933032 34 1
0.065880 0.000000 0.000000 0.000000 0.100993
0.010552 0.015339
4
83.583704 239.747925
5.295000 9.953000 12.082942 43 1
0.000000 0.000000 0.000000 0.000000 0.066858
-0.007782 -0.001769
4
50.692965 224.696531
5.295000 9.953000 12.082942 32 1
0.000000 0.000000 0.000000 0.000000 0.104254
-0.007334 -0.003767
5
458.470185 278.854956
5.195070 9.765163 11.854907 27 1
0.065880 0.000000 0.000000 0.000000 0.126939
0.022861 -0.010299
1
184.377642 202.191465
5.295000 9.953000 12.082942 20 2
0.065880 0.000000 0.000000 0.000000 0.056414
-0.005471 -0.001675
4
295.580720 362.454682
5.295000 9.953000 12.082942 39 1
0.000000 0.000000 0.000000 0.000000 0.101227
0.001563 0.007147
1
79.215373 396.245065
5.295000 9.953000 12.082942 22 2
0.065880 0.000000 0.000000 0.000000 0.127337
-0.005810 0.002294
1
366.426156 459.371895
5.295000 9.953000 12.082942 0 1
0.065880 0.000000 0.000000 0.000000 0.103391
0.025474 0.016209
1
468.131083 131.379412
5.295000 9.953000 12.082942 0 1
0.065880 0.000000 0.000000 0.000000 0.267420
0.008675 -0.009302
4
309.660867 323.205577
5.295000 9.953000 12.082942 32 1
0.000000 0.000000 0.000000 0.000000 0.082772
0.001929 0.001864
1
134.311126 255.822900
5.295000 9.953000 12.082942 36 2
0.065880 0.000000 0.000000 0.000000 0.066145
-0.006339 0.000396
4
97.639814 122.380578
5.295000 9.953000 12.082942 40 1
0.000000 0.000000 0.000000 0.000000 0.076713
-0.008281 -0.012238
1
418.652051 288.148154
5.295000 9.953000 12.082942 21 2
0.065880 0.000000 0.000000 0.000000 0.122873
0.007095 0.006314
1
348.778324 210.728988
5.295000 9.953000 12.082942 0 1
0.065880 0.000000 0.000000 0.000000 0.107151
0.012601 0.012750
1
472.103070 167.307797
5.295000 9.953000 12.082942 24 2
0.065880 0.000000 0.000000 0.000000 0.327210
0.011065 -0.007064
1
177.769662 377.343018
5.295000 9.953000 12.082942 0 1
0.065880 0.000000 0.000000 0.000000 0.057684
-0.002211 0.005447
1
80.923058 415.300545
5.295000 9.953000 12.082942 37 2
0.065880 0.000000 0.000000 0.000000 0.172254
-0.008668 0.004371
4
62.694267 386.827880
5.295000 9.953000 12.082942 44 1
0.000000 0.000000 0.000000 0.000000 0.122187
-0.006525 0.006547
4
434.719874 193.358624
5.295000 9.953000 12.082942 37 1
0.000000 0.000000 0.000000 0.000000 0.136900
0.011795 -0.010020
1
275.163626 424.101878
5.295000 9.953000 12.082942 0 1
0.065880 0.000000 0.000000 0.000000 0.073335
0.003672 0.011705
1
249.085430 409.695807
5.295000 9.953000 12.082942 28 2
0.065880 0.000000 0.000000 0.000000 0.086512
0.000935 0.006573
5
344.510228 100.036120
4.493375 8.446188 10.253672 33 1
0.065880 0.000000 0.000000 0.000000 0.114721
0.005518 -0.005480
4
78.578880 320.465465
5.295000 9.953000 12.082942 31 1
0.000000 0.000000 0.000000 0.000000 0.101877
-0.010517 0.005864
1
293.355789 95.629407
5.295000 9.953000 12.082942 0 1
0.065880 0.000000 0.000000 0.000000 0.127497
-0.001137 -0.003320
1
84.028560 187.153247
5.295000 9.953000 12.082942 20 2
0.065880 0.000000 0.000000 0.000000 0.055751
-0.009207 -0.006691
1
496.088634 211.500110
5.295000 9.953000 12.082942 22 2
0.065880 0.000000 0.000000 0.000000 0.164822
0.010510 -0.000847
4
47.557072 358.778525
5.295000 9.953000 12.082942 39 1
0.000000 0.000000 0.000000 0.000000 0.157659
-0.020880 0.011344
1
345.888936 67.750379
5.295000 9.953000 12.082942 43 2
0.065880 0.000000 0.000000 0.000000 0.302589
0.016696 -0.001401
4
225.941891 178.082318
5.295000 9.953000 12.082942 35 1
0.000000 0.000000 0.000000 0.000000 0.078776
-0.002632 -0.000556
2
315.981914 26.027681
5.295000 9.953000 12.082942 40 1
0.065880 0.000000 0.000000 0.000000 0.149600
0.002583 -0.010904
1
318.426295 117.351071
5.295000 9.953000 12.082942 20 2
0.065880 0.000000 0.000000 0.000000 0.101384
0.005506 -0.003354
1
434.457879 116.574698
5.295000 9.953000 12.082942 30 2
0.065880 0.000000 0.000000 0.000000 0.134125
0.008431 -0.005680
1
292.071155 325.673469
5.295000 9.953000 12.082942 42 2
0.065880 0.000000 0.000000 0.000000 0.075071
0.002432 0.002127
5
399.337508 185.477484
4.982786 9.366132 11.370484 29 1
0.065880 0.000000 0.000000 0.000000 0.080747
-0.006662 -0.009138
4
202.718755 205.354844
5.295000 9.953000 12.082942 32 1
0.000000 0.000000 0.000000 0.000000 0.091883
-0.007144 -0.001231
1
159.712323 408.403769
5.295000 9.953000 12.082942 35 2
0.065880 0.000000 0.000000 0.000000 0.062835
-0.004201 0.004464
1
432.641424 97.810090
5.295000 9.953000 12.082942 22 2
0.065880 0.000000 0.000000 0.000000 0.258766
0.010579 -0.005816
1
189.501328 110.259042
5.295000 9.953000 12.082942 21 2
0.065880 0.000000 0.000000 0.000000 0.062415
-0.008584 -0.007767
4
311.559083 479.809063
5.295000 9.953000 12.082942 42 1
0.000000 0.000000 0.000000 0.000000 0.086643
-0.008427 0.008795
1
342.370293 159.899666
5.295000 9.953000 12.082942 29 2
0.065880 0.000000 0.000000 0.000000 0.089543
0.005963 -0.000113
1
241.305219 211.060594
5.295000 9.953000 12.082942 0 1
0.065880 0.000000 0.000000 0.000000 0.058929
0.003703 -0.004027
1
319.306726 50.740583
5.295000 9.953000 12.082942 21 2
0.065880 0.000000 0.000000 0.000000 0.242999
0.009003 -0.003787
1
425.750467 208.993366
5.295000 9.953000 12.082942 0 1
0.065880 0.000000 0.000000 0.000000 0.128104
0.010148 -0.013191
4
204.182153 393.711809
5.295000 9.953000 12.082942 34 1
0.000000 0.000000 0.000000 0.000000 0.093470
-0.001265 0.006219
1
330.341705 187.033098
5.295000 9.953000 12.082942 25 2
0.065880 0.000000 0.000000 0.000000 0.078656
-0.014163 -0.035833
1
142.177744 336.587282
5.295000 9.953000 12.082942 0 1
0.065880 0.000000 0.000000 0.000000 0.062622
-0.008352 0.002725
1
434.491923 236.988721
5.295000 9.953000 12.082942 0 1
0.065880 0.000000 0.000000 0.000000 0.141962
0.012667 0.009543
1
328.279811 353.670773
5.295000 9.953000 12.082942 24 2
0.065880 0.000000 0.000000 0.000000 0.113908
0.002424 0.005953
1
327.054200 321.362532
5.295000 9.953000 12.082942 20 2
0.065880 0.000000 0.000000 0.000000 0.084098
0.001813 0.003342
4
392.027039 328.484612
5.295000 9.953000 12.082942 0 1
0.000000 0.000000 0.000000 0.000000 0.219938
0.001509 0.000977
4
414.630307 306.422094
5.295000 9.953000 12.082942 0 1
0.000000 0.000000 0.000000 0.000000 0.233129
0.005702 0.001920
4
235.504485 115.451994
5.295000 9.953000 12.082942 0 1
0.000000 0.000000 0.000000 0.000000 0.141845
-0.005579 -0.005632
1
300.574978 197.677810
5.295000 9.953000 12.082942 0 1
0.065880 0.000000 0.000000 0.000000 0.069579
0.014648 -0.009351
1
367.444049 300.619897
5.295000 9.953000 12.082942 23 2
0.065880 0.000000 0.000000 0.000000 0.085232
0.002862 0.005659
4
440.487596 219.048165
5.295000 9.953000 12.082942 0 1
0.000000 0.000000 0.000000 0.000000 0.183158
0.002476 0.005735
4
420.902725 225.996109
5.295000 9.953000 12.082942 0 1
0.000000 0.000000 0.000000 0.000000 0.205290
0.020137 -0.006011
4
142.926142 453.928903
5.295000 9.953000 12.082942 0 1
0.000000 0.000000 0.000000 0.000000 0.193311
-0.006484 0.003272
4
104.204556 263.509968
5.295000 9.953000 12.082942 0 1
0.000000 0.000000 0.000000 0.000000 0.091573
-0.008624 0.000714
4
275.741668 330.469746
5.295000 9.953000 12.082942 0 1
0.000000 0.000000 0.000000 0.000000 0.132178
0.002406 0.004698
4
417.918769 354.252312
5.295000 9.953000 12.082942 0 1
0.000000 0.000000 0.000000 0.000000 0.201076
-0.007333 0.000011
1
374.736084 253.546690
5.295000 9.953000 12.082942 19 2
0.065880 0.000000 0.000000 0.000000 0.121559
0.007414 -0.002268
4
163.758920 293.072324
5.295000 9.953000 12.082942 43 1
0.000000 0.000000 0.000000 0.000000 0.064508
-0.006330 0.001204
1
228.341291 145.463144
5.295000 9.953000 12.082942 19 2
0.065880 0.000000 0.000000 0.000000 0.088134
-0.003865 -0.004685
1
287.857707 295.261388
5.295000 9.953000 12.082942 19 2
0.065880 0.000000 0.000000 0.000000 0.062240
-0.000996 0.003007
1
50.253610 151.152346
5.295000 9.953000 12.082942 19 2
0.065880 0.000000 0.000000 0.000000 0.077739
-0.007568 -0.006487
1
78.026941 302.624396
5.295000 9.953000 12.082942 19 2
0.065880 0.000000 0.000000 0.000000 0.073228
-0.010562 0.004375
4
52.207494 242.768470
5.295000 9.953000 12.082942 30 1
0.000000 0.000000 0.000000 0.000000 0.102145
-0.007006 -0.002050
1
397.139358 310.990536
5.295000 9.953000 12.082942 19 2
0.065880 0.000000 0.000000 0.000000 0.164960
0.002749 -0.001792
1
337.133128 224.488258
5.295000 9.953000 12.082942 19 2
0.065880 0.000000 0.000000 0.000000 0.102519
0.027699 0.030938
4
259.252568 475.914514
5.295000 9.953000 12.082942 41 1
0.000000 0.000000 0.000000 0.000000 0.081968
0.007306 0.014007
4
220.029472 5.960004
5.295000 9.953000 12.082942 41 1
0.000000 0.000000 0.000000 0.000000 0.143358
0.001987 -0.008494
1
2.754254 216.948694
5.295000 9.953000 12.082942 19 2
0.065880 0.000000 0.000000 0.000000 0.092937
-0.009522 0.004275
1
275.855476 393.748025
5.295000 9.953000 12.082942 19 2
0.065880 0.000000 0.000000 0.000000 0.072913
0.001307 0.008182
4
342.010821 269.907847
5.295000 9.953000 12.082942 44 1
0.000000 0.000000 0.000000 0.000000 0.119443
0.013592 0.009028
1
167.048791 424.953708
5.295000 9.953000 12.082942 19 2
0.065880 0.000000 0.000000 0.000000 0.073164
-0.003282 0.005199
1
348.562826 192.777926
5.295000 9.953000 12.082942 19 2
0.065880 0.000000 0.000000 0.000000 0.081524
0.053218 -0.032298
1
93.257434 292.383129
5.295000 9.953000 12.082942 19 2
0.065880 0.000000 0.000000 0.000000 0.057868
-0.010087 0.002386
4
175.573572 279.727971
5.295000 9.953000 12.082942 27 1
0.000000 0.000000 0.000000 0.000000 0.089726
-0.005724 0.000991
1
281.333299 175.425681
5.295000 9.953000 12.082942 41 2
0.065880 0.000000 0.000000 0.000000 0.057616
0.000641 -0.011340
4
185.071468 424.699733
5.295000 9.953000 12.082942 42 1
0.000000 0.000000 0.000000 0.000000 0.071083
-0.002001 0.007229
1
253.771227 199.309940
5.295000 9.953000 12.082942 19 2
0.065880 0.000000 0.000000 0.000000 0.056447
0.006884 -0.004676
1
330.116757 484.016084
5.295000 9.953000 12.082942 19 2
0.065880 0.000000 0.000000 0.000000 0.181823
-0.005025 0.008090
1
180.773550 43.550732
5.295000 9.953000 12.082942 19 2
0.065880 0.000000 0.000000 0.000000 0.077127
0.000269 -0.009416
4
385.347069 380.112098
5.295000 9.953000 12.082942 42 1
0.000000 0.000000 0.000000 0.000000 0.115091
0.009573 0.005001
4
344.223988 319.216910
5.295000 9.953000 12.082942 39 1
0.000000 0.000000 0.000000 0.000000 0.089907
0.003751 0.003778
1
315.078000 251.680138
5.295000 9.953000 12.082942 19 2
0.065880 0.000000 0.000000 0.000000 0.067378
0.004262 0.019359
4
227.645580 287.345698
5.295000 9.953000 12.082942 32 1
0.000000 0.000000 0.000000 0.000000 0.115192
-0.003155 0.000270
1
410.491619 259.350109
5.295000 9.953000 12.082942 40 2
0.065880 0.000000 0.000000 0.000000 0.095198
0.013961 -0.005387
1
51.562678 169.909201
5.295000 9.953000 12.082942 41 2
0.065880 0.000000 0.000000 0.000000 0.068371
-0.012904 -0.005496
4
93.604710 367.005003
5.295000 9.953000 12.082942 41 1
0.000000 0.000000 0.000000 0.000000 0.077876
-0.005616 0.006139
1
41.278448 323.471772
5.295000 9.953000 12.082942 39 2
0.065880 0.000000 0.000000 0.000000 0.120031
-0.002580 0.004689
1
364.016117 69.575955
5.295000 9.953000 12.082942 41 2
0.065880 0.000000 0.000000 0.000000 0.159217
0.017036 -0.012756
4
422.427004 163.140607
5.295000 9.953000 12.082942 39 1
0.000000 0.000000 0.000000 0.000000 0.088274
0.009233 -0.006455
1
332.718987 372.608289
5.295000 9.953000 12.082942 20 2
0.065880 0.000000 0.000000 0.000000 0.090296
0.002221 0.009955
1
285.588577 377.756658
5.295000 9.953000 12.082942 20 2
0.065880 0.000000 0.000000 0.000000 0.088146
0.001690 0.007051
1
398.625041 247.304129
5.295000 9.953000 12.082942 20 2
0.065880 0.000000 0.000000 0.000000 0.102059
0.011048 -0.000108
1
379.756073 314.367769
5.295000 9.953000 12.082942 20 2
0.065880 0.000000 0.000000 0.000000 0.117772
0.004813 -0.000652
1
97.097084 158.320846
5.295000 9.953000 12.082942 20 2
0.065880 0.000000 0.000000 0.000000 0.058675
-0.001626 -0.006699
4
82.972911 111.804412
5.295000 9.953000 12.082942 43 1
0.000000 0.000000 0.000000 0.000000 0.082158
-0.016944 -0.002158
1
305.341924 462.003654
5.295000 9.953000 12.082942 20 2
0.065880 0.000000 0.000000 0.000000 0.077389
0.003103 0.007745
1
459.663953 323.170449
5.295000 9.953000 12.082942 20 2
0.065880 0.000000 0.000000 0.000000 0.091041
0.015171 -0.004540
1
395.981460 202.061027
5.295000 9.953000 12.082942 42 2
0.065880 0.000000 0.000000 0.000000 0.090157
0.003140 -0.003693
4
50.425193 206.410242
5.295000 9.953000 12.082942 31 1
0.000000 0.000000 0.000000 0.000000 0.081845
-0.008894 -0.004899
1
403.446063 231.024254
5.295000 9.953000 12.082942 20 2
0.065880 0.000000 0.000000 0.000000 0.149462
0.018243 -0.011318
4
211.102602 237.027479
5.295000 9.953000 12.082942 41 1
0.000000 0.000000 0.000000 0.000000 0.069859
0.000689 -0.003007
1
352.091268 254.807463
5.295000 9.953000 12.082942 39 2
0.065880 0.000000 0.000000 0.000000 0.127214
0.007664 0.010191
4
204.716589 268.469289
5.295000 9.953000 12.082942 31 1
0.000000 0.000000 0.000000 0.000000 0.074291
-0.003547 -0.000713
1
428.853139 386.806043
5.295000 9.953000 12.082942 20 2
0.065880 0.000000 0.000000 0.000000 0.107327
0.000755 0.014890
4
283.814487 192.953859
5.295000 9.953000 12.082942 43 1
0.000000 0.000000 0.000000 0.000000 0.059731
0.006268 -0.008731
1
317.152917 432.066980
5.295000 9.953000 12.082942 20 2
0.065880 0.000000 0.000000 0.000000 0.082500
0.018997 0.009907
4
176.001228 73.844295
5.295000 9.953000 12.082942 33 1
0.000000 0.000000 0.000000 0.000000 0.087335
0.000986 -0.014743
1
193.755094 13.260537
5.295000 9.953000 12.082942 20 2
0.065880 0.000000 0.000000 0.000000 0.139335
-0.007803 -0.011676
4
110.860784 393.624005
5.295000 9.953000 12.082942 33 1
0.000000 0.000000 0.000000 0.000000 0.100704
-0.007218 0.005647
1
274.843127 140.064079
5.295000 9.953000 12.082942 20 2
0.065880 0.000000 0.000000 0.000000 0.069744
-0.002599 -0.006951
1
350.061845 302.552629
5.295000 9.953000 12.082942 20 2
0.065880 0.000000 0.000000 0.000000 0.071972
0.005446 0.004070
1
200.188748 222.823244
5.295000 9.953000 12.082942 39 2
0.065880 0.000000 0.000000 0.000000 0.069491
0.002038 -0.000113
4
100.997926 194.835734
5.295000 9.953000 12.082942 41 1
0.000000 0.000000 0.000000 0.000000 0.063612
-0.008915 -0.003310
1
304.571137 130.772115
5.295000 9.953000 12.082942 20 2
0.065880 0.000000 0.000000 0.000000 0.073212
-0.000234 0.000970
4
320.089020 337.744518
5.295000 9.953000 12.082942 34 1
0.000000 0.000000 0.000000 0.000000 0.111589
0.002372 0.004848
1
360.108519 269.694148
5.295000 9.953000 12.082942 21 2
0.065880 0.000000 0.000000 0.000000 0.119876
0.015078 0.007679
1
52.074276 188.490266
5.295000 9.953000 12.082942 41 2
0.065880 0.000000 0.000000 0.000000 0.065218
-0.012039 -0.006620
4
86.478251 205.169508
5.295000 9.953000 12.082942 33 1
0.000000 0.000000 0.000000 0.000000 0.074417
-0.012050 -0.005953
1
35.396793 234.795074
5.295000 9.953000 12.082942 21 2
0.065880 0.000000 0.000000 0.000000 0.075109
-0.006753 -0.001873
1
219.788706 455.345778
5.295000 9.953000 12.082942 21 2
0.065880 0.000000 0.000000 0.000000 0.079564
0.004909 0.010326
4
452.699916 360.594418
5.295000 9.953000 12.082942 44 1
0.000000 0.000000 0.000000 0.000000 0.114994
0.006428 0.002974
4
174.404236 233.183422
5.295000 9.953000 12.082942 36 1
0.000000 0.000000 0.000000 0.000000 0.070105
-0.003378 -0.001150
1
470.127949 149.552668
5.295000 9.953000 12.082942 21 2
0.065880 0.000000 0.000000 0.000000 0.214050
0.010924 -0.008700
1
446.579606 392.467171
5.295000 9.953000 12.082942 21 2
0.065880 0.000000 0.000000 0.000000 0.159868
0.004202 0.006637
1
362.248950 183.716581
5.295000 9.953000 12.082942 43 2
0.065880 0.000000 0.000000 0.000000 0.067227
-0.006271 -0.002843
1
265.227562 315.766435
5.295000 9.953000 12.082942 21 2
0.065880 0.000000 0.000000 0.000000 0.074964
-0.001218 0.002803
1
270.601719 298.614421
5.295000 9.953000 12.082942 21 2
0.065880 0.000000 0.000000 0.000000 0.064502
-0.001473 0.000768
1
208.074872 65.862811
5.295000 9.953000 12.082942 21 2
0.065880 0.000000 0.000000 0.000000 0.091429
-0.000770 -0.009638
4
127.163709 383.293705
5.295000 9.953000 12.082942 33 1
0.000000 0.000000 0.000000 0.000000 0.099302
-0.005431 0.005477
4
156.989040 72.688185
5.295000 9.953000 12.082942 31 1
0.000000 0.000000 0.000000 0.000000 0.086273
0.002334 -0.012320
4
243.302219 496.572203
5.295000 9.953000 12.082942 34 1
0.000000 0.000000 0.000000 0.000000 0.107820
-0.001215 0.013590
4
261.816362 494.211679
5.295000 9.953000 12.082942 44 1
0.000000 0.000000 0.000000 0.000000 0.078070
-0.001336 0.016869
4
128.438611 172.289665
5.295000 9.953000 12.082942 38 1
0.000000 0.000000 0.000000 0.000000 0.082804
-0.004553 0.000017
1
150.675728 54.914326
5.295000 9.953000 12.082942 21 2
0.065880 0.000000 0.000000 0.000000 0.083245
0.003353 -0.008759
1
252.503665 263.585387
5.295000 9.953000 12.082942 21 2
0.065880 0.000000 0.000000 0.000000 0.056937
-0.002459 -0.001113
4
90.371261 274.776249
5.295000 9.953000 12.082942 43 1
0.000000 0.000000 0.000000 0.000000 0.069735
-0.009467 0.001037
1
287.309497 77.596288
5.295000 9.953000 12.082942 21 2
0.065880 0.000000 0.000000 0.000000 0.214124
-0.002225 -0.003392
4
232.397605 348.624291
5.295000 9.953000 12.082942 34 1
0.000000 0.000000 0.000000 0.000000 0.077162
-0.000852 0.006031
1
127.911378 120.666530
5.295000 9.953000 12.082942 21 2
0.065880 0.000000 0.000000 0.000000 0.066894
-0.005083 -0.005301
1
431.239642 254.465078
5.295000 9.953000 12.082942 21 2
0.065880 0.000000 0.000000 0.000000 0.090584
-0.005951 0.011543
4
262.267072 152.802393
5.295000 9.953000 12.082942 32 1
0.000000 0.000000 0.000000 0.000000 0.086989
-0.002190 -0.005316
1
191.081210 477.177385
5.295000 9.953000 12.082942 21 2
0.065880 0.000000 0.000000 0.000000 0.124745
-0.002127 0.006609
4
116.081379 148.828826
5.295000 9.953000 12.082942 43 1
0.000000 0.000000 0.000000 0.000000 0.061802
-0.010683 -0.004775
4
285.984604 346.010330
5.295000 9.953000 12.082942 36 1
0.000000 0.000000 0.000000 0.000000 0.109507
0.001917 0.005802
4
181.401145 296.700320
5.295000 9.953000 12.082942 36 1
0.000000 0.000000 0.000000 0.000000 0.091900
-0.005018 0.001733
4
285.731573 409.917748
5.295000 9.953000 12.082942 32 1
0.000000 0.000000 0.000000 0.000000 0.099471
0.002744 0.008960
1
431.349848 300.363446
5.295000 9.953000 12.082942 21 2
0.065880 0.000000 0.000000 0.000000 0.154076
0.018967 0.007963
1
469.619743 184.913569
5.295000 9.953000 12.082942 40 2
0.065880 0.000000 0.000000 0.000000 0.177589
0.011751 -0.003407
1
250.228681 182.087966
5.295000 9.953000 12.082942 21 2
0.065880 0.000000 0.000000 0.000000 0.071670
0.006339 -0.004760
1
206.131593 120.437539
5.295000 9.953000 12.082942 21 2
0.065880 0.000000 0.000000 0.000000 0.077890
-0.006448 -0.008179
5
311.449100 66.200623
4.750685 8.929853 10.840841 31 1
0.065880 0.000000 0.000000 0.000000 0.237673
0.010138 -0.000687
1
123.574495 449.427775
5.295000 9.953000 12.082942 22 2
0.065880 0.000000 0.000000 0.000000 0.126614
-0.006952 0.004415
1
304.020557 215.077062
5.295000 9.953000 12.082942 22 2
0.065880 0.000000 0.000000 0.000000 0.072102
0.017138 -0.003125
5
467.773513 202.256693
5.195070 9.765163 11.854907 27 1
0.065880 0.000000 0.000000 0.000000 0.141110
0.008431 -0.003933
4
338.747205 389.386378
5.295000 9.953000 12.082942 39 1
0.000000 0.000000 0.000000 0.000000 0.092714
0.003403 0.008200
1
18.987443 188.114864
5.295000 9.953000 12.082942 22 2
0.065880 0.000000 0.000000 0.000000 0.212879
-0.013381 0.000859
4
213.029144 409.258619
5.295000 9.953000 12.082942 43 1
0.000000 0.000000 0.000000 0.000000 0.072149
-0.001296 0.006754
4
196.498789 347.267219
5.295000 9.953000 12.082942 34 1
0.000000 0.000000 0.000000 0.000000 0.078902
-0.002625 0.002689
4
170.870716 168.293539
5.295000 9.953000 12.082942 44 1
0.000000 0.000000 0.000000 0.000000 0.053027
-0.004407 -0.002130
1
486.232947 233.200014
5.295000 9.953000 12.082942 22 2
0.065880 0.000000 0.000000 0.000000 0.140592
0.014425 0.003516
1
122.478416 219.162185
5.295000 9.953000 12.082942 22 2
0.065880 0.000000 0.000000 0.000000 0.070060
-0.007558 -0.000489
1
96.109863 404.557998
5.295000 9.953000 12.082942 22 2
0.065880 0.000000 0.000000 0.000000 0.100969
-0.007414 0.005390
5
305.551787 40.276732
4.982786 9.366132 11.370484 29 1
0.065880 0.000000 0.000000 0.000000 0.275683
0.012310 -0.005311
1
298.766252 309.365260
5.295000 9.953000 12.082942 22 2
0.065880 0.000000 0.000000 0.000000 0.062151
0.002555 0.002325
4
417.767170 108.986117
5.295000 9.953000 12.082942 38 1
0.000000 0.000000 0.000000 0.000000 0.134091
0.009131 -0.006510
4
437.986731 172.526024
5.295000 9.953000 12.082942 44 1
0.000000 0.000000 0.000000 0.000000 0.094545
0.012062 -0.004658
1
340.260991 143.168418
5.295000 9.953000 12.082942 23 2
0.065880 0.000000 0.000000 0.000000 0.089307
0.000017 -0.000716
1
468.542614 238.314374
5.295000 9.953000 12.082942 23 2
0.065880 0.000000 0.000000 0.000000 0.130962
0.013452 0.000820
1
288.121052 455.001026
5.295000 9.953000 12.082942 23 2
0.065880 0.000000 0.000000 0.000000 0.076712
0.014561 0.013381
1
404.207815 137.549537
5.295000 9.953000 12.082942 23 2
0.065880 0.000000 0.000000 0.000000 0.073131
0.005363 -0.009291
4
20.007504 245.271025
5.295000 9.953000 12.082942 40 1
0.000000 0.000000 0.000000 0.000000 0.086445
-0.005999 -0.000261
1
46.090499 306.351224
5.295000 9.953000 12.082942 23 2
0.065880 0.000000 0.000000 0.000000 0.102865
-0.010824 0.001526
4
154.412371 358.705502
5.295000 9.953000 12.082942 41 1
0.000000 0.000000 0.000000 0.000000 0.066737
-0.003678 0.004750
1
94.614171 385.751348
5.295000 9.953000 12.082942 23 2
0.065880 0.000000 0.000000 0.000000 0.086973
-0.007727 0.003819
4
168.746096 215.970039
5.295000 9.953000 12.082942 40 1
0.000000 0.000000 0.000000 0.000000 0.057930
-0.002447 -0.000757
1
178.241143 185.580505
5.295000 9.953000 12.082942 23 2
0.065880 0.000000 0.000000 0.000000 0.059203
-0.004384 -0.002149
1
387.445007 130.218298
5.295000 9.953000 12.082942 23 2
0.065880 0.000000 0.000000 0.000000 0.075339
0.002436 -0.012894
1
247.975894 246.496101
5.295000 9.953000 12.082942 23 2
0.065880 0.000000 0.000000 0.000000 0.056230
0.000330 -0.003308
4
140.053934 224.561695
5.295000 9.953000 12.082942 44 1
0.000000 0.000000 0.000000 0.000000 0.055648
-0.005709 0.000242
4
190.777496 127.239221
5.295000 9.953000 12.082942 38 1
0.000000 0.000000 0.000000 0.000000 0.069079
-0.006041 -0.006237
1
163.287687 246.445365
5.295000 9.953000 12.082942 23 2
0.065880 0.000000 0.000000 0.000000 0.054691
-0.004312 -0.000396
4
225.381911 471.555282
5.295000 9.953000 12.082942 33 1
0.000000 0.000000 0.000000 0.000000 0.109311
-0.000753 0.014030
1
361.332097 362.300662
5.295000 9.953000 12.082942 44 2
0.065880 0.000000 0.000000 0.000000 0.151026
0.004543 0.006124
1
382.864670 72.938295
5.295000 9.953000 12.082942 23 2
0.065880 0.000000 0.000000 0.000000 0.113836
0.014192 -0.014607
4
97.139735 228.339733
5.295000 9.953000 12.082942 44 1
0.000000 0.000000 0.000000 0.000000 0.068869
-0.006540 -0.000596
4
37.214466 253.074880
5.295000 9.953000 12.082942 39 1
0.000000 0.000000 0.000000 0.000000 0.087227
-0.006708 -0.000961
4
362.041029 316.420764
5.295000 9.953000 12.082942 38 1
0.000000 0.000000 0.000000 0.000000 0.120169
0.003832 0.001369
1
43.963138 341.220285
5.295000 9.953000 12.082942 24 2
0.065880 0.000000 0.000000 0.000000 0.136654
-0.004123 0.006118
1
125.615524 285.954904
5.295000 9.953000 12.082942 24 2
0.065880 0.000000 0.000000 0.000000 0.069752
-0.007993 0.000295
1
65.465129 140.477105
5.295000 9.953000 12.082942 24 2
0.065880 0.000000 0.000000 0.000000 0.071611
-0.004271 -0.001810
4
309.693212 276.865292
5.295000 9.953000 12.082942 31 1
0.000000 0.000000 0.000000 0.000000 0.080747
0.002582 -0.002992
4
402.537952 379.681193
5.295000 9.953000 12.082942 44 1
0.000000 0.000000 0.000000 0.000000 0.123036
0.013681 0.005748
1
189.381816 172.404039
5.295000 9.953000 12.082942 24 2
0.065880 0.000000 0.000000 0.000000 0.052904
-0.003997 -0.002848
1
276.216997 282.693384
5.295000 9.953000 12.082942 24 2
0.065880 0.000000 0.000000 0.000000 0.061333
-0.000390 0.001169
1
146.179361 242.511045
5.295000 9.953000 12.082942 24 2
0.065880 0.000000 0.000000 0.000000 0.054265
-0.005137 -0.000078
1
270.577187 205.150716
5.295000 9.953000 12.082942 24 2
0.065880 0.000000 0.000000 0.000000 0.055578
0.005376 -0.006321
5
486.300909 178.296362
4.869501 9.153191 11.111974 30 1
0.065880 0.000000 0.000000 0.000000 0.400637
0.010483 -0.002777
4
224.811730 205.390271
5.295000 9.953000 12.082942 39 1
0.000000 0.000000 0.000000 0.000000 0.095610
0.004244 -0.006610
1
316.189697 368.341811
5.295000 9.953000 12.082942 24 2
0.065880 0.000000 0.000000 0.000000 0.095332
0.003505 0.007119
4
250.312256 347.974914
5.295000 9.953000 12.082942 38 1
0.000000 0.000000 0.000000 0.000000 0.077834
-0.000017 0.005723
1
142.819296 406.279889
5.295000 9.953000 12.082942 25 2
0.065880 0.000000 0.000000 0.000000 0.064286
-0.005478 0.005262
1
389.743292 220.209958
5.295000 9.953000 12.082942 25 2
0.065880 0.000000 0.000000 0.000000 0.119248
0.006427 0.003276
1
121.559337 268.705212
5.295000 9.953000 12.082942 25 2
0.065880 0.000000 0.000000 0.000000 0.100119
-0.007782 0.000514
4
391.347519 166.215189
5.295000 9.953000 12.082942 36 1
0.000000 0.000000 0.000000 0.000000 0.084132
0.010300 -0.015108
1
406.133365 434.421781
5.295000 9.953000 12.082942 25 2
0.065880 0.000000 0.000000 0.000000 0.142712
0.006523 0.001622
4
112.974808 412.759441
5.295000 9.953000 12.082942 32 1
0.000000 0.000000 0.000000 0.000000 0.108560
-0.007155 0.005637
4
118.228243 201.508039
5.295000 9.953000 12.082942 39 1
0.000000 0.000000 0.000000 0.000000 0.076119
-0.007493 -0.000695
1
86.781036 257.319912
5.295000 9.953000 12.082942 25 2
0.065880 0.000000 0.000000 0.000000 0.073514
-0.008661 -0.000361
1
230.773414 441.203723
5.295000 9.953000 12.082942 25 2
0.065880 0.000000 0.000000 0.000000 0.072491
-0.001765 0.005407
1
370.059528 425.992877
5.295000 9.953000 12.082942 25 2
0.065880 0.000000 0.000000 0.000000 0.060513
0.006646 0.005659
4
139.071552 107.304194
5.295000 9.953000 12.082942 31 1
0.000000 0.000000 0.000000 0.000000 0.102229
0.002525 -0.002804
1
234.393704 257.571530
5.295000 9.953000 12.082942 25 2
0.065880 0.000000 0.000000 0.000000 0.057692
-0.001087 -0.000419
4
195.683029 378.123009
5.295000 9.953000 12.082942 31 1
0.000000 0.000000 0.000000 0.000000 0.079387
-0.001684 0.005512
1
284.014772 10.969303
5.295000 9.953000 12.082942 25 2
0.065880 0.000000 0.000000 0.000000 0.234029
0.000589 -0.000881
4
160.215062 341.750482
5.295000 9.953000 12.082942 35 1
0.000000 0.000000 0.000000 0.000000 0.084702
-0.007443 0.002954
1
328.070732 170.645745
5.295000 9.953000 12.082942 25 2
0.065880 0.000000 0.000000 0.000000 0.080376
0.007726 0.012130
1
46.467397 377.128732
5.295000 9.953000 12.082942 26 2
0.065880 0.000000 0.000000 0.000000 0.242866
-0.010022 0.012188
2
348.700834 36.009256
5.295000 9.953000 12.082942 40 1
0.065880 0.000000 0.000000 0.000000 0.228991
0.008574 -0.010382
1
167.368671 310.389252
5.295000 9.953000 12.082942 26 2
0.065880 0.000000 0.000000 0.000000 0.072920
-0.006448 0.002690
1
131.645261 189.826481
5.295000 9.953000 12.082942 26 2
0.065880 0.000000 0.000000 0.000000 0.066514
-0.005943 0.000195
4
138.555271 318.736595
5.295000 9.953000 12.082942 32 1
0.000000 0.000000 0.000000 0.000000 0.083831
-0.008474 0.002020
1
385.108287 94.669034
5.295000 9.953000 12.082942 26 2
0.065880 0.000000 0.000000 0.000000 0.093199
0.010845 -0.010275
4
194.718162 31.725638
5.295000 9.953000 12.082942 40 1
0.000000 0.000000 0.000000 0.000000 0.098623
-0.002656 -0.013569
1
25.414650 282.500831
5.295000 9.953000 12.082942 26 2
0.065880 0.000000 0.000000 0.000000 0.093537
-0.008483 -0.001157
1
152.337010 162.434461
5.295000 9.953000 12.082942 26 2
0.065880 0.000000 0.000000 0.000000 0.054153
-0.005358 -0.001191
1
404.397617 342.066347
5.295000 9.953000 12.082942 26 2
0.065880 0.000000 0.000000 0.000000 0.149676
0.009477 -0.001432
1
233.300020 41.057590
5.295000 9.953000 12.082942 26 2
0.065880 0.000000 0.000000 0.000000 0.126009
0.022597 -0.011334
4
214.317300 191.610634
5.295000 9.953000 12.082942 32 1
0.000000 0.000000 0.000000 0.000000 0.097764
-0.004900 -0.000613
1
357.904362 439.664074
5.295000 9.953000 12.082942 26 2
0.065880 0.000000 0.000000 0.000000 0.062237
0.006179 0.006401
1
369.234852 103.551235
5.295000 9.953000 12.082942 26 2
0.065880 0.000000 0.000000 0.000000 0.105106
0.000189 -0.016236
1
344.837860 176.743973
5.295000 9.953000 12.082942 26 2
0.065880 0.000000 0.000000 0.000000 0.074526
0.013186 0.002811
1
62.955057 368.090506
5.295000 9.953000 12.082942 26 2
0.065880 0.000000 0.000000 0.000000 0.096450
-0.014474 0.003537
1
387.184170 346.277003
5.295000 9.953000 12.082942 27 2
0.065880 0.000000 0.000000 0.000000 0.165228
-0.002975 0.003050
4
274.715160 222.820829
5.295000 9.953000 12.082942 38 1
0.000000 0.000000 0.000000 0.000000 0.073973
0.003390 -0.004213
1
144.364176 36.847855
5.295000 9.953000 12.082942 27 2
0.065880 0.000000 0.000000 0.000000 0.262010
-0.003396 -0.004889
1
276.031049 92.098938
5.295000 9.953000 12.082942 27 2
0.065880 0.000000 0.000000 0.000000 0.110907
-0.001745 -0.005045
1
338.035801 336.594520
5.295000 9.953000 12.082942 27 2
0.065880 0.000000 0.000000 0.000000 0.102979
0.001947 0.003310
4
199.520731 316.509820
5.295000 9.953000 12.082942 34 1
0.000000 0.000000 0.000000 0.000000 0.072880
-0.004593 0.001891
1
451.569443 232.964871
5.295000 9.953000 12.082942 27 2
0.065880 0.000000 0.000000 0.000000 0.113245
0.013494 -0.000378
5
246.010522 28.349147
5.091141 9.569807 11.617745 28 1
0.065880 0.000000 0.000000 0.000000 0.197132
0.002915 -0.023720
1
94.100682 76.919372
5.295000 9.953000 12.082942 27 2
0.065880 0.000000 0.000000 0.000000 0.179173
-0.006699 -0.004534
4
310.558858 352.862938
5.295000 9.953000 12.082942 34 1
0.000000 0.000000 0.000000 0.000000 0.116865
0.001732 0.005069
1
405.775002 155.108437
5.295000 9.953000 12.082942 28 2
0.065880 0.000000 0.000000 0.000000 0.065879
0.008533 -0.008754
4
210.485004 285.097141
5.295000 9.953000 12.082942 29 1
0.000000 0.000000 0.000000 0.000000 0.113644
-0.002393 -0.000329
1
101.026678 441.936290
5.295000 9.953000 12.082942 28 2
0.065880 0.000000 0.000000 0.000000 0.240824
-0.007376 0.005865
1
437.773306 153.747278
5.295000 9.953000 12.082942 28 2
0.065880 0.000000 0.000000 0.000000 0.080612
0.009163 -0.005961
1
278.978851 240.551802
5.295000 9.953000 12.082942 28 2
0.065880 0.000000 0.000000 0.000000 0.065598
-0.000890 -0.005137
4
266.903509 409.057387
5.295000 9.953000 12.082942 32 1
0.000000 0.000000 0.000000 0.000000 0.080718
0.002264 0.009233
4
108.396360 338.941186
5.295000 9.953000 12.082942 38 1
0.000000 0.000000 0.000000 0.000000 0.062890
-0.008304 0.005569
1
113.669260 131.028881
5.295000 9.953000 12.082942 29 2
0.065880 0.000000 0.000000 0.000000 0.065089
-0.007364 -0.006491
4
231.884775 378.742633
5.295000 9.953000 12.082942 34 1
0.000000 0.000000 0.000000 0.000000 0.085917
-0.000477 0.005690
4
124.946695 365.414573
5.295000 9.953000 12.082942 37 1
0.000000 0.000000 0.000000 0.000000 0.072509
-0.004943 0.004969
1
157.856241 276.128087
5.295000 9.953000 12.082942 29 2
0.065880 0.000000 0.000000 0.000000 0.068961
-0.005812 0.001116
1
211.458833 142.517275
5.295000 9.953000 12.082942 29 2
0.065880 0.000000 0.000000 0.000000 0.091729
-0.004180 -0.004902
4
325.393419 153.318279
5.295000 9.953000 12.082942 42 1
0.000000 0.000000 0.000000 0.000000 0.084127
0.000510 -0.000684
1
351.641217 422.576985
5.295000 9.953000 12.082942 30 2
0.065880 0.000000 0.000000 0.000000 0.063766
0.005329 0.009161
4
278.173509 485.539099
5.295000 9.953000 12.082942 40 1
0.000000 0.000000 0.000000 0.000000 0.088430
-0.007054 0.006456
4
240.422432 394.084201
5.295000 9.953000 12.082942 32 1
0.000000 0.000000 0.000000 0.000000 0.096299
0.000028 0.006310
1
372.089060 139.544491
5.295000 9.953000 12.082942 30 2
0.065880 0.000000 0.000000 0.000000 0.078705
-0.000696 -0.015978
4
370.557791 121.990063
5.295000 9.953000 12.082942 44 1
0.000000 0.000000 0.000000 0.000000 0.090358
-0.002305 -0.016997
1
335.777512 127.335934
5.295000 9.953000 12.082942 30 2
0.065880 0.000000 0.000000 0.000000 0.100354
0.012226 0.004633
1
451.143207 124.451587
5.295000 9.953000 12.082942 30 2
0.065880 0.000000 0.000000 0.000000 0.206342
0.007749 -0.005808
4
239.887705 425.545154
5.295000 9.953000 12.082942 32 1
0.000000 0.000000 0.000000 0.000000 0.088054
-0.000214 0.006338
1
246.539322 102.196914
5.295000 9.953000 12.082942 31 2
0.065880 0.000000 0.000000 0.000000 0.114298
-0.002829 -0.006119
1
424.459166 74.239120
5.295000 9.953000 12.082942 31 2
0.065880 0.000000 0.000000 0.000000 0.305792
0.009540 -0.008773
1
356.858259 392.676623
5.295000 9.953000 12.082942 31 2
0.065880 0.000000 0.000000 0.000000 0.086955
0.003283 0.007617
1
77.760702 357.642163
5.295000 9.953000 12.082942 31 2
0.065880 0.000000 0.000000 0.000000 0.088586
-0.007277 0.010249
1
34.834981 197.653857
5.295000 9.953000 12.082942 32 2
0.065880 0.000000 0.000000 0.000000 0.081910
-0.010865 -0.003778
1
413.095097 196.633711
5.295000 9.953000 12.082942 32 2
0.065880 0.000000 0.000000 0.000000 0.083471
0.003549 -0.010862
2
125.448664 34.688845
5.295000 9.953000 12.082942 36 1
0.065880 0.000000 0.000000 0.000000 0.445926
-0.005240 -0.000729
1
363.378630 240.858283
5.295000 9.953000 12.082942 32 2
0.065880 0.000000 0.000000 0.000000 0.125520
-0.003269 0.003342
2
328.202274 67.035098
5.295000 9.953000 12.082942 39 1
0.065880 0.000000 0.000000 0.000000 0.246755
0.014257 -0.004420
4
157.804775 115.115926
5.295000 9.953000 12.082942 44 1
0.000000 0.000000 0.000000 0.000000 0.086865
-0.009846 -0.003357
1
310.701789 99.092731
5.295000 9.953000 12.082942 32 2
0.065880 0.000000 0.000000 0.000000 0.125019
0.002380 -0.004848
1
453.826181 341.506289
5.295000 9.953000 12.082942 32 2
0.065880 0.000000 0.000000 0.000000 0.092418
0.000393 -0.001344
1
339.486334 84.385399
5.295000 9.953000 12.082942 32 2
0.065880 0.000000 0.000000 0.000000 0.192009
-0.007532 -0.005605
1
323.972701 466.313462
5.295000 9.953000 12.082942 32 2
0.065880 0.000000 0.000000 0.000000 0.078363
-0.005773 0.010554
1
123.126078 78.786098
5.295000 9.953000 12.082942 33 2
0.065880 0.000000 0.000000 0.000000 0.104120
-0.004911 -0.004763
1
223.098409 56.371233
5.295000 9.953000 12.082942 34 2
0.065880 0.000000 0.000000 0.000000 0.104578
-0.005508 -0.013065
1
166.283029 198.972682
5.295000 9.953000 12.082942 34 2
0.065880 0.000000 0.000000 0.000000 0.075957
-0.004901 -0.001034
1
448.673363 293.517193
5.295000 9.953000 12.082942 34 2
0.065880 0.000000 0.000000 0.000000 0.131935
0.019316 0.017206
4
93.004524 348.224945
5.295000 9.953000 12.082942 42 1
0.000000 0.000000 0.000000 0.000000 0.064547
-0.008962 0.006352
1
231.793824 318.660815
5.295000 9.953000 12.082942 35 2
0.065880 0.000000 0.000000 0.000000 0.057406
-0.000657 0.003687
1
313.801003 414.854064
5.295000 9.953000 12.082942 35 2
0.065880 0.000000 0.000000 0.000000 0.085386
-0.004085 0.012442
1
407.245918 66.731357
5.295000 9.953000 12.082942 35 2
0.065880 0.000000 0.000000 0.000000 0.228610
0.009932 -0.012601
4
148.425976 389.381494
5.295000 9.953000 12.082942 40 1
0.000000 0.000000 0.000000 0.000000 0.092749
-0.001242 0.006190
1
282.187456 109.521377
5.295000 9.953000 12.082942 35 2
0.065880 0.000000 0.000000 0.000000 0.096758
-0.001109 -0.004150
1
303.335130 379.833082
5.295000 9.953000 12.082942 35 2
0.065880 0.000000 0.000000 0.000000 0.089360
0.001936 0.007514
1
176.958182 408.646298
5.295000 9.953000 12.082942 35 2
0.065880 0.000000 0.000000 0.000000 0.057582
-0.002859 0.006025
1
48.643121 132.643679
5.295000 9.953000 12.082942 36 2
0.065880 0.000000 0.000000 0.000000 0.203662
-0.001172 -0.008629
1
170.815608 360.985155
5.295000 9.953000 12.082942 36 2
0.065880 0.000000 0.000000 0.000000 0.058682
-0.003769 0.005215
1
270.158784 122.834606
5.295000 9.953000 12.082942 36 2
0.065880 0.000000 0.000000 0.000000 0.072521
-0.003204 -0.005473
1
117.278885 251.294672
5.295000 9.953000 12.082942 36 2
0.065880 0.000000 0.000000 0.000000 0.077861
-0.007310 0.000848
1
389.466257 281.037880
5.295000 9.953000 12.082942 37 2
0.065880 0.000000 0.000000 0.000000 0.089876
0.005355 -0.000450
1
285.349959 437.455621
5.295000 9.953000 12.082942 37 2
0.065880 0.000000 0.000000 0.000000 0.068503
-0.002183 0.021707
1
62.946972 405.578784
5.295000 9.953000 12.082942 37 2
0.065880 0.000000 0.000000 0.000000 0.233082
0.001544 0.009832
1
338.786179 287.335041
5.295000 9.953000 12.082942 38 2
0.065880 0.000000 0.000000 0.000000 0.090883
0.005803 0.005430
1
224.458315 93.500897
5.295000 9.953000 12.082942 38 2
0.065880 0.000000 0.000000 0.000000 0.109017
-0.001144 -0.008145
1
382.078813 411.897034
5.295000 9.953000 12.082942 38 2
0.065880 0.000000 0.000000 0.000000 0.065057
0.006571 0.005061
1
269.257979 75.415135
5.295000 9.953000 12.082942 39 2
0.065880 0.000000 0.000000 0.000000 0.137335
-0.001762 -0.006297
1
129.451484 467.208415
5.295000 9.953000 12.082942 39 2
0.065880 0.000000 0.000000 0.000000 0.328313
-0.002464 0.004544
1
11.037572 294.731690
5.295000 9.953000 12.082942 39 2
0.065880 0.000000 0.000000 0.000000 0.134367
-0.009020 -0.001377
1
379.679995 362.870220
5.295000 9.953000 12.082942 39 2
0.065880 0.000000 0.000000 0.000000 0.153196
0.004513 0.003867
1
59.032060 330.280022
5.295000 9.953000 12.082942 39 2
0.065880 0.000000 0.000000 0.000000 0.093520
0.001546 0.012002
1
343.683131 240.123416
5.295000 9.953000 12.082942 39 2
0.065880 0.000000 0.000000 0.000000 0.104255
-0.001828 0.003574
1
214.924934 218.640331
5.295000 9.953000 12.082942 39 2
0.065880 0.000000 0.000000 0.000000 0.096910
-0.001733 -0.008063
1
146.313598 288.872002
5.295000 9.953000 12.082942 40 2
0.065880 0.000000 0.000000 0.000000 0.060494
-0.007397 0.001497
1
495.858338 273.913640
5.295000 9.953000 12.082942 40 2
0.065880 0.000000 0.000000 0.000000 0.271832
0.007110 0.000581
1
33.004716 143.057546
5.295000 9.953000 12.082942 40 2
0.065880 0.000000 0.000000 0.000000 0.247674
-0.002653 -0.011014
1
445.311579 310.481119
5.295000 9.953000 12.082942 40 2
0.065880 0.000000 0.000000 0.000000 0.120756
0.018319 -0.012577
1
186.646322 92.767883
5.295000 9.953000 12.082942 40 2
0.065880 0.000000 0.000000 0.000000 0.083029
-0.013762 -0.008549
1
136.833092 436.708994
5.295000 9.953000 12.082942 40 2
0.065880 0.000000 0.000000 0.000000 0.092358
-0.005899 0.004242
1
81.163307 130.480070
5.295000 9.953000 12.082942 40 2
0.065880 0.000000 0.000000 0.000000 0.065617
-0.001597 0.000563
1
406.017888 276.027712
5.295000 9.953000 12.082942 40 2
0.065880 0.000000 0.000000 0.000000 0.098823
0.010883 0.001488
1
451.254949 184.809010
5.295000 9.953000 12.082942 40 2
0.065880 0.000000 0.000000 0.000000 0.142326
0.012434 -0.000922
1
254.204259 301.583251
5.295000 9.953000 12.082942 41 2
0.065880 0.000000 0.000000 0.000000 0.065040
-0.000726 0.004759
1
225.412826 74.630232
5.295000 9.953000 12.082942 41 2
0.065880 0.000000 0.000000 0.000000 0.122119
-0.000616 -0.012818
1
153.770443 98.090649
5.295000 9.953000 12.082942 41 2
0.065880 0.000000 0.000000 0.000000 0.076221
0.002398 -0.008361
4
75.753289 285.135406
5.295000 9.953000 12.082942 43 1
0.000000 0.000000 0.000000 0.000000 0.088994
-0.009587 0.002269
1
199.964924 49.241548
5.295000 9.953000 12.082942 41 2
0.065880 0.000000 0.000000 0.000000 0.075273
0.010603 -0.016297
1
314.004724 183.588615
5.295000 9.953000 12.082942 41 2
0.065880 0.000000 0.000000 0.000000 0.075575
0.016883 0.009075
4
233.717972 162.476268
5.295000 9.953000 12.082942 43 1
0.000000 0.000000 0.000000 0.000000 0.068277
-0.004330 -0.003113
1
278.636732 157.717621
5.295000 9.953000 12.082942 41 2
0.065880 0.000000 0.000000 0.000000 0.080747
0.001875 -0.007102
1
35.052025 161.375860
5.295000 9.953000 12.082942 41 2
0.065880 0.000000 0.000000 0.000000 0.140796
-0.010657 -0.008811
1
355.922116 52.997390
5.295000 9.953000 12.082942 41 2
0.065880 0.000000 0.000000 0.000000 0.225627
0.014846 -0.012236
1
35.696435 179.549397
5.295000 9.953000 12.082942 41 2
0.065880 0.000000 0.000000 0.000000 0.109712
-0.015356 -0.006234
1
161.280886 457.988540
5.295000 9.953000 12.082942 42 2
0.065880 0.000000 0.000000 0.000000 0.131475
-0.007763 0.008228
1
212.072817 439.851843
5.295000 9.953000 12.082942 42 2
0.065880 0.000000 0.000000 0.000000 0.062595
-0.001728 0.010237
4
301.975324 338.965307
5.295000 9.953000 12.082942 43 1
0.000000 0.000000 0.000000 0.000000 0.087086
0.001127 0.002492
1
407.979776 214.167060
5.295000 9.953000 12.082942 42 2
0.065880 0.000000 0.000000 0.000000 0.127947
0.012481 -0.007469
1
241.601086 478.130280
5.295000 9.953000 12.082942 43 2
0.065880 0.000000 0.000000 0.000000 0.080993
0.003362 0.012480
1
337.468261 50.890960
5.295000 9.953000 12.082942 43 2
0.065880 0.000000 0.000000 0.000000 0.331758
0.014005 -0.004962
1
359.144454 166.628742
5.295000 9.953000 12.082942 43 2
0.065880 0.000000 0.000000 0.000000 0.091320
0.009890 -0.008133
4
81.408897 221.943080
5.295000 9.953000 12.082942 44 1
0.000000 0.000000 0.000000 0.000000 0.078884
-0.006454 -0.003203
1
223.601066 333.758623
5.295000 9.953000 12.082942 44 2
0.065880 0.000000 0.000000 0.000000 0.059509
-0.000533 0.002078
1
473.477926 335.125488
5.295000 9.953000 12.082942 44 2
0.065880 0.000000 0.000000 0.000000 0.122571
0.013110 0.001397
1
485.955862 303.068992
5.295000 9.953000 12.082942 44 2
0.065880 0.000000 0.000000 0.000000 0.115128
0.010832 0.011495
1
368.084792 378.382403
5.295000 9.953000 12.082942 44 2
0.065880 0.000000 0.000000 0.000000 0.117098
0.005734 0.006598
5
496.080769 248.765682
5.195070 9.765163 11.854907 27 1
0.065880 0.000000 0.000000 0.000000 0.151258
0.018296 0.004212
5
462.315315 261.797555
5.195070 9.765163 11.854907 27 1
0.065880 0.000000 0.000000 0.000000 0.156794
0.004755 -0.012183
5
67.349914 102.778938
5.195070 9.765163 11.854907 27 1
0.065880 0.000000 0.000000 0.000000 0.186903
-0.016210 -0.006899
5
478.439944 216.699691
5.195070 9.765163 11.854907 27 1
0.065880 0.000000 0.000000 0.000000 0.151644
0.010151 0.001647
5
376.849911 269.566262
5.091141 9.569807 11.617745 28 1
0.065880 0.000000 0.000000 0.000000 0.117167
0.013987 -0.009152
5
244.268486 288.929462
5.091141 9.569807 11.617745 28 1
0.065880 0.000000 0.000000 0.000000 0.063644
-0.003200 0.001739
5
352.067112 347.393342
5.091141 9.569807 11.617745 28 1
0.065880 0.000000 0.000000 0.000000 0.152503
-0.000027 0.007924
5
252.259747 44.462060
5.091141 9.569807 11.617745 28 1
0.065880 0.000000 0.000000 0.000000 0.245206
-0.011620 -0.012770
5
332.721388 451.142862
4.982786 9.366132 11.370484 29 1
0.065880 0.000000 0.000000 0.000000 0.068765
0.016914 0.020300
5
108.035335 88.171993
4.982786 9.366132 11.370484 29 1
0.065880 0.000000 0.000000 0.000000 0.106775
-0.007440 -0.001768
5
356.224950 90.493960
4.982786 9.366132 11.370484 29 1
0.065880 0.000000 0.000000 0.000000 0.136418
0.001337 -0.025010
5
407.678249 171.863681
4.982786 9.366132 11.370484 29 1
0.065880 0.000000 0.000000 0.000000 0.074094
0.006553 -0.004808
5
289.709818 45.944571
4.982786 9.366132 11.370484 29 1
0.065880 0.000000 0.000000 0.000000 0.331911
-0.004270 -0.003997
5
186.609690 455.154741
4.869501 9.153191 11.111974 30 1
0.065880 0.000000 0.000000 0.000000 0.120299
-0.004739 0.012751
5
93.358169 58.947207
4.869501 9.153191 11.111974 30 1
0.065880 0.000000 0.000000 0.000000 0.523451
-0.006084 -0.008201
5
293.719230 28.284131
4.750685 8.929853 10.840841 31 1
0.065880 0.000000 0.000000 0.000000 0.205357
-0.001271 -0.005615
5
296.331594 61.765735
4.750685 8.929853 10.840841 31 1
0.065880 0.000000 0.000000 0.000000 0.327345
0.007657 0.000436
5
24.939913 317.265329
4.625609 8.694746 10.555422 32 1
0.065880 0.000000 0.000000 0.000000 0.228175
-0.005401 0.002730
5
25.457235 351.551569
4.493375 8.446188 10.253672 33 1
0.065880 0.000000 0.000000 0.000000 0.461141
-0.002340 0.008696
5
337.953570 112.639471
4.493375 8.446188 10.253672 33 1
0.065880 0.000000 0.000000 0.000000 0.110447
-0.009540 -0.007649
5
376.016712 229.896662
4.352864 8.182070 9.933032 34 1
0.065880 0.000000 0.000000 0.000000 0.123611
-0.009460 -0.013941
5
488.099262 320.679825
4.352864 8.182070 9.933032 34 1
0.065880 0.000000 0.000000 0.000000 0.119437
0.039231 0.009717
5
328.985930 210.975969
4.352864 8.182070 9.933032 34 1
0.065880 0.000000 0.000000 0.000000 0.115199
0.046436 -0.086602
5
262.248196 32.012707
4.352864 8.182070 9.933032 34 1
0.065880 0.000000 0.000000 0.000000 0.363126
-0.009285 -0.003133
5
436.969612 337.435872
4.352864 8.182070 9.933032 34 1
0.065880 0.000000 0.000000 0.000000 0.096389
0.015794 0.024866
