500.000000 500.000000
613 92
248 613
4
382.705303 284.821732
5.295000 9.953000 12.082942 90 1
0.000000 0.000000 0.000000 0.000000 0.021507
0.001039 0.000221
4
418.581314 413.237406
5.295000 9.953000 12.082942 38 1
0.000000 0.000000 0.000000 0.000000 0.106091
0.000314 0.001405
4
356.178423 383.820117
5.295000 9.953000 12.082942 65 1
0.000000 0.000000 0.000000 0.000000 0.039869
0.000623 0.001171
4
212.351613 354.981707
5.295000 9.953000 12.082942 58 1
0.000000 0.000000 0.000000 0.000000 0.043878
0.000524 0.000710
4
256.819474 437.931898
5.295000 9.953000 12.082942 44 1
0.000000 0.000000 0.000000 0.000000 0.028075
0.000012 0.001395
4
50.947062 355.423310
5.295000 9.953000 12.082942 38 1
0.000000 0.000000 0.000000 0.000000 0.120089
-0.001031 0.000080
4
340.385197 258.756053
5.295000 9.953000 12.082942 40 1
0.000000 0.000000 0.000000 0.000000 0.051132
0.001236 -0.000577
4
178.943439 317.931278
5.295000 9.953000 12.082942 41 1
0.000000 0.000000 0.000000 0.000000 0.048765
0.000168 0.000687
4
115.594905 351.449576
5.295000 9.953000 12.082942 44 1
0.000000 0.000000 0.000000 0.000000 0.053052
-0.000803 0.000156
4
239.748322 43.842963
5.295000 9.953000 12.082942 52 1
0.000000 0.000000 0.000000 0.000000 0.038601
-0.000011 -0.000918
1
7.628341 205.236483
5.295000 9.953000 12.082942 32 2
0.065880 0.000000 0.000000 0.000000 0.027771
-0.001017 -0.000030
4
463.755755 153.027302
5.295000 9.953000 12.082942 57 1
0.000000 0.000000 0.000000 0.000000 0.156269
0.000863 -0.001631
4
251.148654 325.189718
5.295000 9.953000 12.082942 42 1
0.000000 0.000000 0.000000 0.000000 0.039528
0.001400 0.000874
4
126.766140 303.692698
5.295000 9.953000 12.082942 55 1
0.000000 0.000000 0.000000 0.000000 0.040534
-0.000247 0.000206
4
86.401252 133.403382
5.295000 9.953000 12.082942 58 1
0.000000 0.000000 0.000000 0.000000 0.055362
-0.001597 -0.000679
1
152.156815 449.002703
5.295000 9.953000 12.082942 22 2
0.065880 0.000000 0.000000 0.000000 0.056741
-0.000330 0.000913
4
427.061305 118.411390
5.295000 9.953000 12.082942 49 1
0.000000 0.000000 0.000000 0.000000 0.108969
0.000544 -0.001234
4
237.718824 125.886402
5.295000 9.953000 12.082942 53 1
0.000000 0.000000 0.000000 0.000000 0.049015
0.000156 -0.000060
4
415.327812 293.447435
5.295000 9.953000 12.082942 53 1
0.000000 0.000000 0.000000 0.000000 0.046010
0.001002 0.000224
1
260.333467 281.992248
5.295000 9.953000 12.082942 41 2
0.065880 0.000000 0.000000 0.000000 0.016931
0.000045 -0.000148
4
327.215093 129.125160
5.295000 9.953000 12.082942 37 1
0.000000 0.000000 0.000000 0.000000 0.035381
0.000975 -0.000579
4
308.288408 294.663976
5.295000 9.953000 12.082942 61 1
0.000000 0.000000 0.000000 0.000000 0.038955
0.000347 -0.000253
4
240.645041 372.497339
5.295000 9.953000 12.082942 34 1
0.000000 0.000000 0.000000 0.000000 0.058374
0.000360 0.001073
4
343.137864 448.333366
5.295000 9.953000 12.082942 64 1
0.000000 0.000000 0.000000 0.000000 0.041830
0.000506 0.001102
4
191.682898 418.739654
5.295000 9.953000 12.082942 65 1
0.000000 0.000000 0.000000 0.000000 0.036528
-0.000158 0.000982
4
432.964206 174.681523
5.295000 9.953000 12.082942 57 1
0.000000 0.000000 0.000000 0.000000 0.054031
0.001155 -0.000971
4
436.841063 366.610449
5.295000 9.953000 12.082942 50 1
0.000000 0.000000 0.000000 0.000000 0.105780
0.000675 0.001664
1
473.384960 213.262432
5.295000 9.953000 12.082942 23 2
0.065880 0.000000 0.000000 0.000000 0.042599
0.001569 -0.000267
4
363.285844 470.671990
5.295000 9.953000 12.082942 50 1
0.000000 0.000000 0.000000 0.000000 0.277668
0.001174 0.001141
4
255.498091 470.725348
5.295000 9.953000 12.082942 79 1
0.000000 0.000000 0.000000 0.000000 0.042361
-0.000266 0.001264
1
325.430860 394.220838
5.295000 9.953000 12.082942 20 2
0.065880 0.000000 0.000000 0.000000 0.015236
0.000411 0.000978
4
407.443057 262.751992
5.295000 9.953000 12.082942 73 1
0.000000 0.000000 0.000000 0.000000 0.029632
0.001189 -0.000048
1
55.856713 192.104740
5.295000 9.953000 12.082942 21 2
0.065880 0.000000 0.000000 0.000000 0.028718
-0.001157 -0.000314
4
249.580032 388.797401
5.295000 9.953000 12.082942 61 1
0.000000 0.000000 0.000000 0.000000 0.058219
0.000257 0.001243
4
56.714901 211.020191
5.295000 9.953000 12.082942 33 1
0.000000 0.000000 0.000000 0.000000 0.046449
-0.000922 -0.000209
4
313.590028 408.386176
5.295000 9.953000 12.082942 44 1
0.000000 0.000000 0.000000 0.000000 0.024091
0.000512 0.001206
4
70.874391 162.771356
5.295000 9.953000 12.082942 46 1
0.000000 0.000000 0.000000 0.000000 0.042065
-0.001428 -0.000591
4
400.216560 231.020231
5.295000 9.953000 12.082942 75 1
0.000000 0.000000 0.000000 0.000000 0.035834
0.001390 -0.000211
4
97.597260 302.542542
5.295000 9.953000 12.082942 38 1
0.000000 0.000000 0.000000 0.000000 0.043632
-0.000934 0.000189
1
204.749772 87.929096
5.295000 9.953000 12.082942 0 1
0.065880 0.000000 0.000000 0.000000 0.019780
-0.000065 -0.000491
4
364.060302 287.821859
5.295000 9.953000 12.082942 45 1
0.000000 0.000000 0.000000 0.000000 0.039628
0.000899 0.000209
4
381.446546 151.335161
5.295000 9.953000 12.082942 46 1
0.000000 0.000000 0.000000 0.000000 0.041545
0.000620 -0.000665
4
296.557296 484.982094
5.295000 9.953000 12.082942 58 1
0.000000 0.000000 0.000000 0.000000 0.070716
0.000507 0.001238
4
249.570796 111.324062
5.295000 9.953000 12.082942 39 1
0.000000 0.000000 0.000000 0.000000 0.047596
-0.000102 -0.000604
4
221.713189 371.680603
5.295000 9.953000 12.082942 65 1
0.000000 0.000000 0.000000 0.000000 0.046729
0.000260 0.000852
4
323.446839 197.858235
5.295000 9.953000 12.082942 38 1
0.000000 0.000000 0.000000 0.000000 0.044928
-0.036407 -0.017397
4
394.478884 299.419272
5.295000 9.953000 12.082942 76 1
0.000000 0.000000 0.000000 0.000000 0.028002
0.001004 0.000388
4
70.256034 143.620068
5.295000 9.953000 12.082942 48 1
0.000000 0.000000 0.000000 0.000000 0.052029
-0.001508 -0.000596
4
312.687944 245.459472
5.295000 9.953000 12.082942 72 1
0.000000 0.000000 0.000000 0.000000 0.033736
0.000086 -0.000842
4
488.838266 276.059171
5.295000 9.953000 12.082942 92 1
0.000000 0.000000 0.000000 0.000000 0.029092
0.000982 0.001001
4
396.542336 140.201118
5.295000 9.953000 12.082942 38 1
0.000000 0.000000 0.000000 0.000000 0.041479
0.000740 -0.000857
4
147.861431 328.786486
5.295000 9.953000 12.082942 82 1
0.000000 0.000000 0.000000 0.000000 0.038946
-0.000207 0.000649
4
128.717692 206.147052
5.295000 9.953000 12.082942 34 1
0.000000 0.000000 0.000000 0.000000 0.038129
-0.001036 0.000256
4
259.764464 373.034466
5.295000 9.953000 12.082942 32 1
0.000000 0.000000 0.000000 0.000000 0.063359
0.000462 0.001300
4
422.608324 80.929159
5.295000 9.953000 12.082942 38 1
0.000000 0.000000 0.000000 0.000000 0.260747
0.000294 -0.001275
4
233.570029 306.802315
5.295000 9.953000 12.082942 47 1
0.000000 0.000000 0.000000 0.000000 0.042691
0.000093 0.000354
4
8.989699 224.330123
5.295000 9.953000 12.082942 39 1
0.000000 0.000000 0.000000 0.000000 0.036048
-0.000942 -0.000062
4
102.496479 104.285781
5.295000 9.953000 12.082942 70 1
0.000000 0.000000 0.000000 0.000000 0.068616
-0.001359 -0.000533
4
406.392435 377.632943
5.295000 9.953000 12.082942 47 1
0.000000 0.000000 0.000000 0.000000 0.078115
0.000510 0.001196
4
17.528900 338.034394
5.295000 9.953000 12.082942 67 1
0.000000 0.000000 0.000000 0.000000 0.213250
-0.001108 -0.000050
4
134.638868 378.315523
5.295000 9.953000 12.082942 34 1
0.000000 0.000000 0.000000 0.000000 0.065616
-0.001295 0.000318
4
165.179382 114.321877
5.295000 9.953000 12.082942 42 1
0.000000 0.000000 0.000000 0.000000 0.056207
-0.000634 -0.001375
1
478.064389 312.301337
5.295000 9.953000 12.082942 40 2
0.065880 0.000000 0.000000 0.000000 0.025526
0.000131 0.001012
4
164.019791 400.505831
5.295000 9.953000 12.082942 69 1
0.000000 0.000000 0.000000 0.000000 0.042164
0.000044 0.001022
4
81.838558 314.337549
5.295000 9.953000 12.082942 40 1
0.000000 0.000000 0.000000 0.000000 0.047926
-0.001035 0.000125
4
100.265293 63.804493
5.295000 9.953000 12.082942 42 1
0.000000 0.000000 0.000000 0.000000 0.218287
-0.002176 0.000171
4
59.904330 249.465279
5.295000 9.953000 12.082942 39 1
0.000000 0.000000 0.000000 0.000000 0.060338
-0.000714 -0.000189
4
216.375882 73.345315
5.295000 9.953000 12.082942 70 1
0.000000 0.000000 0.000000 0.000000 0.026539
-0.000103 -0.000799
4
54.312883 153.982547
5.295000 9.953000 12.082942 33 1
0.000000 0.000000 0.000000 0.000000 0.066439
-0.001470 -0.000490
4
143.935875 309.718510
5.295000 9.953000 12.082942 37 1
0.000000 0.000000 0.000000 0.000000 0.045264
-0.000211 0.000590
4
12.000517 262.525556
5.295000 9.953000 12.082942 42 1
0.000000 0.000000 0.000000 0.000000 0.062181
-0.000910 -0.000144
4
169.291913 482.882274
5.295000 9.953000 12.082942 72 1
0.000000 0.000000 0.000000 0.000000 0.175388
-0.000341 0.001027
4
386.414914 188.386282
5.295000 9.953000 12.082942 45 1
0.000000 0.000000 0.000000 0.000000 0.042998
0.000534 -0.000350
4
112.282312 314.399435
5.295000 9.953000 12.082942 34 1
0.000000 0.000000 0.000000 0.000000 0.050307
-0.000594 -0.000023
4
389.094026 206.783493
5.295000 9.953000 12.082942 55 1
0.000000 0.000000 0.000000 0.000000 0.051920
0.000573 -0.000491
4
196.264402 301.807067
5.295000 9.953000 12.082942 63 1
0.000000 0.000000 0.000000 0.000000 0.053949
0.000029 0.000466
4
200.289517 435.497451
5.295000 9.953000 12.082942 57 1
0.000000 0.000000 0.000000 0.000000 0.044392
-0.000199 0.001080
4
263.817673 248.087395
5.295000 9.953000 12.082942 50 1
0.000000 0.000000 0.000000 0.000000 0.024666
-0.000382 -0.000339
4
368.614047 419.840604
5.295000 9.953000 12.082942 44 1
0.000000 0.000000 0.000000 0.000000 0.039119
0.000476 0.001176
4
173.735817 350.359584
5.295000 9.953000 12.082942 43 1
0.000000 0.000000 0.000000 0.000000 0.040785
0.000269 0.000891
4
407.258069 92.028649
5.295000 9.953000 12.082942 40 1
0.000000 0.000000 0.000000 0.000000 0.105721
0.000420 -0.001122
4
297.371939 278.299239
5.295000 9.953000 12.082942 41 1
0.000000 0.000000 0.000000 0.000000 0.038292
0.000338 -0.000379
4
429.259832 137.145076
5.295000 9.953000 12.082942 45 1
0.000000 0.000000 0.000000 0.000000 0.072060
0.000665 -0.001205
4
101.640886 283.427439
5.295000 9.953000 12.082942 46 1
0.000000 0.000000 0.000000 0.000000 0.039299
-0.000358 0.000082
4
383.840682 169.855202
5.295000 9.953000 12.082942 68 1
0.000000 0.000000 0.000000 0.000000 0.042818
0.000595 -0.000551
4
375.767431 338.526196
5.295000 9.953000 12.082942 72 1
0.000000 0.000000 0.000000 0.000000 0.065021
0.000616 0.000781
4
107.984159 437.547922
5.295000 9.953000 12.082942 61 1
0.000000 0.000000 0.000000 0.000000 0.125231
-0.002082 -0.000278
1
90.064456 431.174672
5.295000 9.953000 12.082942 25 2
0.065880 0.000000 0.000000 0.000000 0.127567
-0.002680 -0.002285
1
153.473519 227.694024
5.295000 9.953000 12.082942 21 2
0.065880 0.000000 0.000000 0.000000 0.023994
-0.000285 0.000019
4
461.853563 134.090843
5.295000 9.953000 12.082942 57 1
0.000000 0.000000 0.000000 0.000000 0.222242
0.000647 -0.001581
4
443.468907 384.252515
5.295000 9.953000 12.082942 44 1
0.000000 0.000000 0.000000 0.000000 0.160973
0.000501 0.001754
4
270.392916 31.798729
5.295000 9.953000 12.082942 87 1
0.000000 0.000000 0.000000 0.000000 0.049576
0.000069 -0.000722
4
24.524328 213.440493
5.295000 9.953000 12.082942 85 1
0.000000 0.000000 0.000000 0.000000 0.027661
-0.000958 -0.000086
4
309.256201 227.217653
5.295000 9.953000 12.082942 71 1
0.000000 0.000000 0.000000 0.000000 0.035422
-0.000229 -0.001138
4
183.689216 266.575938
5.295000 9.953000 12.082942 42 1
0.000000 0.000000 0.000000 0.000000 0.061781
-0.000133 0.000220
4
258.223542 405.253211
5.295000 9.953000 12.082942 49 1
0.000000 0.000000 0.000000 0.000000 0.052471
0.000194 0.001375
4
258.355623 230.287281
5.295000 9.953000 12.082942 83 1
0.000000 0.000000 0.000000 0.000000 0.023644
-0.000659 -0.000368
1
246.771195 453.922076
5.295000 9.953000 12.082942 19 2
0.065880 0.000000 0.000000 0.000000 0.026884
-0.000197 0.001301
4
405.193144 73.303966
5.295000 9.953000 12.082942 49 1
0.000000 0.000000 0.000000 0.000000 0.176961
0.000223 -0.001167
4
326.766758 461.995301
5.295000 9.953000 12.082942 58 1
0.000000 0.000000 0.000000 0.000000 0.070766
0.000913 0.001228
4
299.969251 259.319468
5.295000 9.953000 12.082942 59 1
0.000000 0.000000 0.000000 0.000000 0.038022
-0.000210 -0.000768
4
89.591066 208.979198
5.295000 9.953000 12.082942 33 1
0.000000 0.000000 0.000000 0.000000 0.052606
-0.001149 -0.000584
4
164.524545 32.399457
5.295000 9.953000 12.082942 38 1
0.000000 0.000000 0.000000 0.000000 0.106242
0.001245 0.000531
4
399.927867 409.646219
5.295000 9.953000 12.082942 49 1
0.000000 0.000000 0.000000 0.000000 0.068047
0.000365 0.001236
4
153.662205 178.213604
5.295000 9.953000 12.082942 36 1
0.000000 0.000000 0.000000 0.000000 0.046549
-0.000867 -0.000217
4
371.877724 199.910953
5.295000 9.953000 12.082942 36 1
0.000000 0.000000 0.000000 0.000000 0.052383
0.002672 -0.000839
4
299.120997 154.524621
5.295000 9.953000 12.082942 43 1
0.000000 0.000000 0.000000 0.000000 0.022715
0.002339 -0.000651
4
253.974874 79.150303
5.295000 9.953000 12.082942 42 1
0.000000 0.000000 0.000000 0.000000 0.059585
-0.000194 -0.000885
4
214.946073 322.853667
5.295000 9.953000 12.082942 46 1
0.000000 0.000000 0.000000 0.000000 0.041024
0.000736 0.000586
4
176.550520 17.850565
5.295000 9.953000 12.082942 55 1
0.000000 0.000000 0.000000 0.000000 0.153684
0.000093 -0.000644
4
29.136356 270.774037
5.295000 9.953000 12.082942 35 1
0.000000 0.000000 0.000000 0.000000 0.062883
-0.000907 -0.000141
4
290.317116 222.126261
5.295000 9.953000 12.082942 34 1
0.000000 0.000000 0.000000 0.000000 0.036350
-0.001217 -0.000513
4
30.760770 289.685721
5.295000 9.953000 12.082942 61 1
0.000000 0.000000 0.000000 0.000000 0.065434
-0.000996 -0.000110
4
287.232777 117.864110
5.295000 9.953000 12.082942 56 1
0.000000 0.000000 0.000000 0.000000 0.032298
-0.000312 -0.000979
4
134.058888 273.758758
5.295000 9.953000 12.082942 59 1
0.000000 0.000000 0.000000 0.000000 0.028281
0.000034 0.000309
4
268.576356 389.278273
5.295000 9.953000 12.082942 31 1
0.000000 0.000000 0.000000 0.000000 0.064729
0.000370 0.001414
4
207.002877 6.050376
5.295000 9.953000 12.082942 34 1
0.000000 0.000000 0.000000 0.000000 0.089878
0.000321 -0.001204
4
123.333249 151.106912
5.295000 9.953000 12.082942 48 1
0.000000 0.000000 0.000000 0.000000 0.051365
-0.000779 -0.000698
4
229.303398 420.532160
5.295000 9.953000 12.082942 39 1
0.000000 0.000000 0.000000 0.000000 0.050035
-0.000044 0.001171
4
44.596131 260.119770
5.295000 9.953000 12.082942 38 1
0.000000 0.000000 0.000000 0.000000 0.072516
-0.000825 -0.000159
4
170.982912 132.030696
5.295000 9.953000 12.082942 44 1
0.000000 0.000000 0.000000 0.000000 0.061013
-0.000907 -0.000970
4
260.388400 341.216879
5.295000 9.953000 12.082942 54 1
0.000000 0.000000 0.000000 0.000000 0.057788
0.000994 0.001253
4
219.271414 123.044088
5.295000 9.953000 12.082942 50 1
0.000000 0.000000 0.000000 0.000000 0.042462
-0.000401 -0.000777
4
374.798350 218.359558
5.295000 9.953000 12.082942 40 1
0.000000 0.000000 0.000000 0.000000 0.058312
0.002680 0.000205
4
221.262544 223.079949
5.295000 9.953000 12.082942 35 1
0.000000 0.000000 0.000000 0.000000 0.041208
-0.000409 -0.000353
4
326.647034 292.817360
5.295000 9.953000 12.082942 81 1
0.000000 0.000000 0.000000 0.000000 0.027876
0.000529 -0.000201
4
282.348449 312.339083
5.295000 9.953000 12.082942 53 1
0.000000 0.000000 0.000000 0.000000 0.045372
0.000054 -0.000187
4
327.930951 234.932443
5.295000 9.953000 12.082942 39 1
0.000000 0.000000 0.000000 0.000000 0.036935
0.000698 -0.000399
4
87.437664 171.597493
5.295000 9.953000 12.082942 54 1
0.000000 0.000000 0.000000 0.000000 0.040684
-0.001338 -0.000827
4
197.328868 70.659737
5.295000 9.953000 12.082942 46 1
0.000000 0.000000 0.000000 0.000000 0.030814
0.000528 -0.000909
4
147.338903 210.015023
5.295000 9.953000 12.082942 48 1
0.000000 0.000000 0.000000 0.000000 0.038887
-0.000590 -0.000059
4
143.974875 431.962735
5.295000 9.953000 12.082942 48 1
0.000000 0.000000 0.000000 0.000000 0.078097
-0.000508 0.000889
1
212.163479 105.425080
5.295000 9.953000 12.082942 38 2
0.065880 0.000000 0.000000 0.000000 0.018464
0.000237 -0.000408
4
132.022562 359.383193
5.295000 9.953000 12.082942 50 1
0.000000 0.000000 0.000000 0.000000 0.051724
-0.000661 0.000393
4
119.392052 407.880748
5.295000 9.953000 12.082942 46 1
0.000000 0.000000 0.000000 0.000000 0.077131
-0.000618 0.000041
4
405.891013 427.517499
5.295000 9.953000 12.082942 68 1
0.000000 0.000000 0.000000 0.000000 0.109020
0.000328 0.001312
4
97.364210 324.778338
5.295000 9.953000 12.082942 36 1
0.000000 0.000000 0.000000 0.000000 0.054493
-0.000816 -0.000070
4
235.227144 76.203586
5.295000 9.953000 12.082942 64 1
0.000000 0.000000 0.000000 0.000000 0.032091
-0.000166 -0.000885
4
46.329321 279.005828
5.295000 9.953000 12.082942 31 1
0.000000 0.000000 0.000000 0.000000 0.071819
-0.000924 -0.000121
4
211.833851 387.394829
5.295000 9.953000 12.082942 69 1
0.000000 0.000000 0.000000 0.000000 0.043543
0.000071 0.000852
4
301.727221 431.973225
5.295000 9.953000 12.082942 74 1
0.000000 0.000000 0.000000 0.000000 0.034966
0.000475 0.000993
1
163.331965 78.558528
5.295000 9.953000 12.082942 41 2
0.065880 0.000000 0.000000 0.000000 0.027014
-0.001961 -0.001212
4
340.600730 204.992862
5.295000 9.953000 12.082942 72 1
0.000000 0.000000 0.000000 0.000000 0.048252
0.017036 0.006886
4
47.849133 297.949600
5.295000 9.953000 12.082942 43 1
0.000000 0.000000 0.000000 0.000000 0.065139
-0.001028 -0.000057
4
381.707065 356.680016
5.295000 9.953000 12.082942 47 1
0.000000 0.000000 0.000000 0.000000 0.061814
0.000664 0.000804
4
483.473682 294.201964
5.295000 9.953000 12.082942 63 1
0.000000 0.000000 0.000000 0.000000 0.040042
0.000650 0.001042
4
360.602682 230.418345
5.295000 9.953000 12.082942 41 1
0.000000 0.000000 0.000000 0.000000 0.056449
0.001053 -0.000005
4
279.218703 477.000957
5.295000 9.953000 12.082942 72 1
0.000000 0.000000 0.000000 0.000000 0.043218
0.000497 0.001015
4
460.944014 199.101894
5.295000 9.953000 12.082942 75 1
0.000000 0.000000 0.000000 0.000000 0.076011
0.001232 -0.000063
4
349.506873 365.746036
5.295000 9.953000 12.082942 78 1
0.000000 0.000000 0.000000 0.000000 0.051253
0.001066 0.001413
4
165.338033 263.295203
5.295000 9.953000 12.082942 32 1
0.000000 0.000000 0.000000 0.000000 0.051944
-0.000133 0.000221
4
267.962009 164.043337
5.295000 9.953000 12.082942 73 1
0.000000 0.000000 0.000000 0.000000 0.030548
-0.003097 -0.010133
4
319.282455 310.187096
5.295000 9.953000 12.082942 41 1
0.000000 0.000000 0.000000 0.000000 0.043748
0.000262 -0.000081
4
141.204318 192.504732
5.295000 9.953000 12.082942 29 1
0.000000 0.000000 0.000000 0.000000 0.037863
-0.000882 0.000000
4
204.058582 337.986507
5.295000 9.953000 12.082942 39 1
0.000000 0.000000 0.000000 0.000000 0.042385
0.000532 0.000646
4
256.312771 128.834412
5.295000 9.953000 12.082942 62 1
0.000000 0.000000 0.000000 0.000000 0.048149
-0.000519 -0.001153
4
171.078809 450.296494
5.295000 9.953000 12.082942 37 1
0.000000 0.000000 0.000000 0.000000 0.071087
-0.000302 0.000960
4
440.562967 321.545085
5.295000 9.953000 12.082942 77 1
0.000000 0.000000 0.000000 0.000000 0.038013
0.001343 -0.000064
4
168.247579 51.035548
5.295000 9.953000 12.082942 79 1
0.000000 0.000000 0.000000 0.000000 0.038106
-0.000884 0.001349
4
189.995076 451.301679
5.295000 9.953000 12.082942 50 1
0.000000 0.000000 0.000000 0.000000 0.060208
-0.000261 0.001073
4
68.871731 383.203738
5.295000 9.953000 12.082942 37 1
0.000000 0.000000 0.000000 0.000000 0.169704
-0.000985 0.000418
4
92.150474 246.198350
5.295000 9.953000 12.082942 57 1
0.000000 0.000000 0.000000 0.000000 0.048037
-0.000489 -0.000283
4
432.900625 340.447499
5.295000 9.953000 12.082942 54 1
0.000000 0.000000 0.000000 0.000000 0.068527
0.001675 0.000396
4
196.173819 251.966997
5.295000 9.953000 12.082942 41 1
0.000000 0.000000 0.000000 0.000000 0.056531
-0.000231 0.000055
4
134.220454 63.502909
5.295000 9.953000 12.082942 77 1
0.000000 0.000000 0.000000 0.000000 0.071513
-0.002371 -0.000721
4
238.955757 275.742002
5.295000 9.953000 12.082942 46 1
0.000000 0.000000 0.000000 0.000000 0.049569
-0.000114 -0.000008
4
225.809700 8.749922
5.295000 9.953000 12.082942 62 1
0.000000 0.000000 0.000000 0.000000 0.071592
0.000217 -0.001002
4
177.223629 149.526901
5.295000 9.953000 12.082942 38 1
0.000000 0.000000 0.000000 0.000000 0.058204
-0.000477 -0.000470
4
61.919522 268.323463
5.295000 9.953000 12.082942 35 1
0.000000 0.000000 0.000000 0.000000 0.073097
-0.000818 -0.000152
4
158.759634 146.184639
5.295000 9.953000 12.082942 45 1
0.000000 0.000000 0.000000 0.000000 0.061363
-0.000749 -0.000586
4
331.870301 412.046612
5.295000 9.953000 12.082942 62 1
0.000000 0.000000 0.000000 0.000000 0.034641
0.000500 0.001074
4
15.136562 300.324912
5.295000 9.953000 12.082942 39 1
0.000000 0.000000 0.000000 0.000000 0.103885
-0.001047 -0.000123
4
238.161985 175.959987
5.295000 9.953000 12.082942 48 1
0.000000 0.000000 0.000000 0.000000 0.050887
0.028163 0.002106
4
85.847123 94.994338
5.295000 9.953000 12.082942 52 1
0.000000 0.000000 0.000000 0.000000 0.143268
-0.001467 -0.000177
4
457.341286 267.085385
5.295000 9.953000 12.082942 51 1
0.000000 0.000000 0.000000 0.000000 0.054447
0.001264 0.000217
4
278.953323 373.307228
5.295000 9.953000 12.082942 30 1
0.000000 0.000000 0.000000 0.000000 0.069887
0.000626 0.001486
4
201.922604 170.225449
5.295000 9.953000 12.082942 36 1
0.000000 0.000000 0.000000 0.000000 0.042481
0.003564 0.000167
4
220.575961 403.943047
5.295000 9.953000 12.082942 38 1
0.000000 0.000000 0.000000 0.000000 0.053303
0.000021 0.001033
4
155.550191 383.340180
5.295000 9.953000 12.082942 42 1
0.000000 0.000000 0.000000 0.000000 0.057178
-0.000250 0.001186
4
236.513102 469.802056
5.295000 9.953000 12.082942 34 1
0.000000 0.000000 0.000000 0.000000 0.044548
-0.000227 0.001339
4
301.357766 70.673012
5.295000 9.953000 12.082942 59 1
0.000000 0.000000 0.000000 0.000000 0.037934
0.000221 -0.000359
4
239.849646 226.432400
5.295000 9.953000 12.082942 55 1
0.000000 0.000000 0.000000 0.000000 0.040715
-0.000566 -0.000327
4
214.927657 304.366801
5.295000 9.953000 12.082942 64 1
0.000000 0.000000 0.000000 0.000000 0.049374
0.000054 0.000421
4
451.976125 285.160612
5.295000 9.953000 12.082942 76 1
0.000000 0.000000 0.000000 0.000000 0.044548
0.001039 0.000172
1
252.625492 212.350833
5.295000 9.953000 12.082942 19 2
0.065880 0.000000 0.000000 0.000000 0.018503
-0.000337 -0.000506
4
258.416572 46.586299
5.295000 9.953000 12.082942 61 1
0.000000 0.000000 0.000000 0.000000 0.040530
0.000019 -0.000828
4
213.765244 155.484124
5.295000 9.953000 12.082942 45 1
0.000000 0.000000 0.000000 0.000000 0.047419
0.001065 0.000865
4
273.643281 182.127087
5.295000 9.953000 12.082942 50 1
0.000000 0.000000 0.000000 0.000000 0.027534
0.066629 0.013401
4
184.238344 216.751653
5.295000 9.953000 12.082942 72 1
0.000000 0.000000 0.000000 0.000000 0.028097
-0.000384 -0.000273
4
241.596532 340.936488
5.295000 9.953000 12.082942 70 1
0.000000 0.000000 0.000000 0.000000 0.043766
0.000883 0.000816
4
462.626810 249.007616
5.295000 9.953000 12.082942 53 1
0.000000 0.000000 0.000000 0.000000 0.061548
0.001507 0.000177
4
203.146169 370.765332
5.295000 9.953000 12.082942 45 1
0.000000 0.000000 0.000000 0.000000 0.038144
0.000084 0.000664
4
53.308522 115.847157
5.295000 9.953000 12.082942 44 1
0.000000 0.000000 0.000000 0.000000 0.188780
-0.001648 -0.000745
1
269.019998 265.706899
5.295000 9.953000 12.082942 24 2
0.065880 0.000000 0.000000 0.000000 0.021298
-0.000064 -0.000311
4
104.261441 180.341848
5.295000 9.953000 12.082942 42 1
0.000000 0.000000 0.000000 0.000000 0.046597
-0.001304 -0.001176
4
116.705700 91.471982
5.295000 9.953000 12.082942 36 1
0.000000 0.000000 0.000000 0.000000 0.068571
-0.001268 -0.000335
4
424.782569 380.892564
5.295000 9.953000 12.082942 46 1
0.000000 0.000000 0.000000 0.000000 0.102526
0.000514 0.001521
4
244.067474 143.385609
5.295000 9.953000 12.082942 71 1
0.000000 0.000000 0.000000 0.000000 0.037993
-0.001828 -0.002540
4
357.345330 336.843076
5.295000 9.953000 12.082942 45 1
0.000000 0.000000 0.000000 0.000000 0.071513
0.000441 0.000586
1
380.364322 455.728256
5.295000 9.953000 12.082942 26 2
0.065880 0.000000 0.000000 0.000000 0.113541
0.000359 0.001327
4
114.536423 332.908159
5.295000 9.953000 12.082942 68 1
0.000000 0.000000 0.000000 0.000000 0.049949
-0.000853 0.000051
4
444.502816 126.253167
5.295000 9.953000 12.082942 53 1
0.000000 0.000000 0.000000 0.000000 0.123760
0.000575 -0.001417
4
350.172123 415.926320
5.295000 9.953000 12.082942 41 1
0.000000 0.000000 0.000000 0.000000 0.037687
0.000498 0.001106
4
190.160559 184.778289
5.295000 9.953000 12.082942 59 1
0.000000 0.000000 0.000000 0.000000 0.030187
-0.000975 -0.000144
4
276.992620 49.386967
5.295000 9.953000 12.082942 84 1
0.000000 0.000000 0.000000 0.000000 0.042248
0.000073 -0.000650
4
265.685263 454.678891
5.295000 9.953000 12.082942 59 1
0.000000 0.000000 0.000000 0.000000 0.027069
-0.000150 0.001437
4
409.481280 110.683307
5.295000 9.953000 12.082942 41 1
0.000000 0.000000 0.000000 0.000000 0.065777
0.000537 -0.001077
4
319.286154 74.288160
5.295000 9.953000 12.082942 78 1
0.000000 0.000000 0.000000 0.000000 0.038817
0.000432 -0.000464
4
118.633042 132.953680
5.295000 9.953000 12.082942 37 1
0.000000 0.000000 0.000000 0.000000 0.032976
-0.001441 -0.000589
1
361.465872 125.705997
5.295000 9.953000 12.082942 30 2
0.065880 0.000000 0.000000 0.000000 0.025645
0.000577 -0.000841
4
125.277724 429.940414
5.295000 9.953000 12.082942 49 1
0.000000 0.000000 0.000000 0.000000 0.090542
-0.000745 0.001287
4
431.470476 240.007453
5.295000 9.953000 12.082942 79 1
0.000000 0.000000 0.000000 0.000000 0.044526
0.001446 -0.000052
1
333.875270 275.841492
5.295000 9.953000 12.082942 19 2
0.065880 0.000000 0.000000 0.000000 0.022380
0.000572 0.000057
4
337.684649 430.051706
5.295000 9.953000 12.082942 37 1
0.000000 0.000000 0.000000 0.000000 0.034658
0.000520 0.001115
4
130.886324 44.948476
5.295000 9.953000 12.082942 56 1
0.000000 0.000000 0.000000 0.000000 0.161268
-0.000002 -0.001185
4
227.139748 240.648805
5.295000 9.953000 12.082942 43 1
0.000000 0.000000 0.000000 0.000000 0.046550
-0.000395 -0.000179
4
214.537100 255.012216
5.295000 9.953000 12.082942 42 1
0.000000 0.000000 0.000000 0.000000 0.054649
-0.000250 0.000016
4
391.860202 103.044609
5.295000 9.953000 12.082942 85 1
0.000000 0.000000 0.000000 0.000000 0.056069
0.000549 -0.000915
4
169.363222 96.121045
5.295000 9.953000 12.082942 51 1
0.000000 0.000000 0.000000 0.000000 0.033764
0.000814 -0.001734
4
220.496568 272.505057
5.295000 9.953000 12.082942 31 1
0.000000 0.000000 0.000000 0.000000 0.058792
-0.000126 0.000133
4
190.482321 53.055328
5.295000 9.953000 12.082942 55 1
0.000000 0.000000 0.000000 0.000000 0.047811
-0.000443 -0.000448
4
317.111837 160.474173
5.295000 9.953000 12.082942 39 1
0.000000 0.000000 0.000000 0.000000 0.028829
-0.002069 -0.000165
4
364.010698 144.167591
5.295000 9.953000 12.082942 36 1
0.000000 0.000000 0.000000 0.000000 0.036326
0.000908 -0.000879
4
494.142709 257.878345
5.295000 9.953000 12.082942 60 1
0.000000 0.000000 0.000000 0.000000 0.065349
0.001248 0.000997
4
282.214269 253.083097
5.295000 9.953000 12.082942 38 1
0.000000 0.000000 0.000000 0.000000 0.035239
-0.000272 -0.000726
4
438.967463 271.536141
5.295000 9.953000 12.082942 36 1
0.000000 0.000000 0.000000 0.000000 0.055066
0.001188 0.000046
4
190.272889 234.347190
5.295000 9.953000 12.082942 57 1
0.000000 0.000000 0.000000 0.000000 0.035240
-0.000311 -0.000099
1
293.672670 136.170845
5.295000 9.953000 12.082942 21 2
0.065880 0.000000 0.000000 0.000000 0.018220
-0.000039 -0.001081
4
123.481985 238.419302
5.295000 9.953000 12.082942 62 1
0.000000 0.000000 0.000000 0.000000 0.034897
-0.000319 0.000150
4
195.540785 152.589176
5.295000 9.953000 12.082942 57 1
0.000000 0.000000 0.000000 0.000000 0.046530
-0.001134 -0.001244
4
309.402538 454.708701
5.295000 9.953000 12.082942 34 1
0.000000 0.000000 0.000000 0.000000 0.046833
0.000771 0.001416
4
219.148370 436.384339
5.295000 9.953000 12.082942 41 1
0.000000 0.000000 0.000000 0.000000 0.044492
-0.000151 0.001174
4
189.267031 135.095709
5.295000 9.953000 12.082942 36 1
0.000000 0.000000 0.000000 0.000000 0.058651
-0.000315 -0.000377
4
214.009787 23.593331
5.295000 9.953000 12.082942 43 1
0.000000 0.000000 0.000000 0.000000 0.076797
0.000109 -0.001021
4
358.958321 107.244923
5.295000 9.953000 12.082942 51 1
0.000000 0.000000 0.000000 0.000000 0.034907
0.000602 -0.000943
4
177.839650 248.836707
5.295000 9.953000 12.082942 41 1
0.000000 0.000000 0.000000 0.000000 0.043351
-0.000214 0.000082
4
207.248324 484.860910
5.295000 9.953000 12.082942 37 1
0.000000 0.000000 0.000000 0.000000 0.085204
-0.000271 0.001234
4
152.791103 128.548851
5.295000 9.953000 12.082942 35 1
0.000000 0.000000 0.000000 0.000000 0.062905
-0.000715 -0.000665
4
140.140717 142.497736
5.295000 9.953000 12.082942 48 1
0.000000 0.000000 0.000000 0.000000 0.060015
-0.000593 -0.000372
4
185.406689 335.628238
5.295000 9.953000 12.082942 74 1
0.000000 0.000000 0.000000 0.000000 0.038089
0.000314 0.000738
4
135.746376 175.132658
5.295000 9.953000 12.082942 44 1
0.000000 0.000000 0.000000 0.000000 0.048077
-0.000846 -0.000099
4
55.039748 173.110580
5.295000 9.953000 12.082942 72 1
0.000000 0.000000 0.000000 0.000000 0.047023
-0.001327 -0.000400
4
198.599167 468.067403
5.295000 9.953000 12.082942 65 1
0.000000 0.000000 0.000000 0.000000 0.069705
-0.000272 0.001167
4
184.898057 369.572905
5.295000 9.953000 12.082942 81 1
0.000000 0.000000 0.000000 0.000000 0.035304
-0.000129 0.000678
4
282.570597 17.228852
5.295000 9.953000 12.082942 62 1
0.000000 0.000000 0.000000 0.000000 0.097687
0.000096 -0.000643
4
393.132027 441.650850
5.295000 9.953000 12.082942 46 1
0.000000 0.000000 0.000000 0.000000 0.147396
0.000368 0.001307
4
101.571345 381.040920
5.295000 9.953000 12.082942 39 1
0.000000 0.000000 0.000000 0.000000 0.067326
-0.001126 0.000146
4
261.328872 96.822430
5.295000 9.953000 12.082942 60 1
0.000000 0.000000 0.000000 0.000000 0.051705
-0.000268 -0.000806
4
82.031918 334.899565
5.295000 9.953000 12.082942 47 1
0.000000 0.000000 0.000000 0.000000 0.054653
-0.000929 -0.000025
4
133.554978 82.211928
5.295000 9.953000 12.082942 51 1
0.000000 0.000000 0.000000 0.000000 0.052979
-0.001383 -0.000611
4
58.129599 230.248073
5.295000 9.953000 12.082942 75 1
0.000000 0.000000 0.000000 0.000000 0.053034
-0.000762 -0.000170
4
66.562581 345.103303
5.295000 9.953000 12.082942 75 1
0.000000 0.000000 0.000000 0.000000 0.070637
-0.001010 0.000040
4
106.191299 233.606354
5.295000 9.953000 12.082942 70 1
0.000000 0.000000 0.000000 0.000000 0.043892
-0.000332 -0.000375
4
146.889054 259.785695
5.295000 9.953000 12.082942 32 1
0.000000 0.000000 0.000000 0.000000 0.035716
-0.000160 0.000217
4
381.246357 405.927025
5.295000 9.953000 12.082942 44 1
0.000000 0.000000 0.000000 0.000000 0.056303
0.000435 0.001114
4
49.126947 316.984116
5.295000 9.953000 12.082942 42 1
0.000000 0.000000 0.000000 0.000000 0.073484
-0.001079 -0.000003
4
182.896393 401.912424
5.295000 9.953000 12.082942 72 1
0.000000 0.000000 0.000000 0.000000 0.032137
-0.000010 0.000900
4
269.745793 357.212471
5.295000 9.953000 12.082942 58 1
0.000000 0.000000 0.000000 0.000000 0.063927
0.000756 0.001418
1
303.492218 172.889823
5.295000 9.953000 12.082942 41 2
0.065880 0.000000 0.000000 0.000000 0.019764
0.006022 -0.009046
4
313.298920 142.187432
5.295000 9.953000 12.082942 88 1
0.000000 0.000000 0.000000 0.000000 0.022170
0.000810 -0.000216
4
102.760873 161.195909
5.295000 9.953000 12.082942 36 1
0.000000 0.000000 0.000000 0.000000 0.043254
-0.001101 -0.000807
4
285.128096 204.149266
5.295000 9.953000 12.082942 66 1
0.000000 0.000000 0.000000 0.000000 0.033308
-0.001461 -0.000833
1
335.147852 83.196474
5.295000 9.953000 12.082942 30 2
0.065880 0.000000 0.000000 0.000000 0.016100
0.001369 -0.001812
4
189.745433 284.255487
5.295000 9.953000 12.082942 46 1
0.000000 0.000000 0.000000 0.000000 0.064559
-0.000046 0.000348
4
295.396169 406.559221
5.295000 9.953000 12.082942 70 1
0.000000 0.000000 0.000000 0.000000 0.044056
0.000400 0.001569
4
68.777138 86.739946
5.295000 9.953000 12.082942 38 1
0.000000 0.000000 0.000000 0.000000 0.401802
-0.000976 -0.000921
4
295.188236 240.060354
5.295000 9.953000 12.082942 50 1
0.000000 0.000000 0.000000 0.000000 0.037826
-0.000289 -0.000861
4
250.003988 161.045790
5.295000 9.953000 12.082942 43 1
0.000000 0.000000 0.000000 0.000000 0.035721
0.003887 0.006937
4
166.712533 332.666200
5.295000 9.953000 12.082942 65 1
0.000000 0.000000 0.000000 0.000000 0.035812
0.000088 0.000795
4
134.771043 124.159047
5.295000 9.953000 12.082942 33 1
0.000000 0.000000 0.000000 0.000000 0.055568
-0.001117 -0.000203
4
337.627728 307.395640
5.295000 9.953000 12.082942 72 1
0.000000 0.000000 0.000000 0.000000 0.033239
0.000486 0.000124
4
421.768361 325.361351
5.295000 9.953000 12.082942 80 1
0.000000 0.000000 0.000000 0.000000 0.038481
0.001406 0.000388
4
100.192978 362.224085
5.295000 9.953000 12.082942 61 1
0.000000 0.000000 0.000000 0.000000 0.058689
-0.001030 0.000063
4
246.708404 61.438740
5.295000 9.953000 12.082942 49 1
0.000000 0.000000 0.000000 0.000000 0.044855
-0.000080 -0.000896
4
381.868445 67.122263
5.295000 9.953000 12.082942 70 1
0.000000 0.000000 0.000000 0.000000 0.102715
0.001555 -0.001422
4
302.425103 106.626192
5.295000 9.953000 12.082942 60 1
0.000000 0.000000 0.000000 0.000000 0.022167
0.000412 -0.000159
4
454.215141 334.413098
5.295000 9.953000 12.082942 62 1
0.000000 0.000000 0.000000 0.000000 0.053017
0.000088 0.001285
4
74.877034 238.642080
5.295000 9.953000 12.082942 43 1
0.000000 0.000000 0.000000 0.000000 0.055673
-0.000604 -0.000247
4
41.341675 221.844257
5.295000 9.953000 12.082942 32 1
0.000000 0.000000 0.000000 0.000000 0.044985
-0.000876 -0.000128
4
470.410757 280.592671
5.295000 9.953000 12.082942 50 1
0.000000 0.000000 0.000000 0.000000 0.039373
0.000988 0.000655
4
178.069778 199.159844
5.295000 9.953000 12.082942 59 1
0.000000 0.000000 0.000000 0.000000 0.023296
-0.000421 -0.000411
4
298.304397 373.735509
5.295000 9.953000 12.082942 39 1
0.000000 0.000000 0.000000 0.000000 0.063093
0.000912 0.001420
4
70.206672 402.353963
5.295000 9.953000 12.082942 48 1
0.000000 0.000000 0.000000 0.000000 0.179715
-0.001013 0.000940
4
311.392956 327.318458
5.295000 9.953000 12.082942 32 1
0.000000 0.000000 0.000000 0.000000 0.053333
-0.000030 -0.000034
4
128.368402 256.173096
5.295000 9.953000 12.082942 61 1
0.000000 0.000000 0.000000 0.000000 0.020956
-0.000307 0.000254
4
86.189778 114.253920
5.295000 9.953000 12.082942 40 1
0.000000 0.000000 0.000000 0.000000 0.091189
-0.001535 -0.000538
4
433.638092 289.506592
5.295000 9.953000 12.082942 64 1
0.000000 0.000000 0.000000 0.000000 0.053160
0.000991 0.000051
4
357.451132 211.807919
5.295000 9.953000 12.082942 58 1
0.000000 0.000000 0.000000 0.000000 0.055207
-0.005225 -0.002046
4
174.381451 385.048954
5.295000 9.953000 12.082942 50 1
0.000000 0.000000 0.000000 0.000000 0.039004
-0.000096 0.000831
4
53.226815 393.626079
5.295000 9.953000 12.082942 44 1
0.000000 0.000000 0.000000 0.000000 0.309814
-0.000883 0.000379
4
448.808438 184.701755
5.295000 9.953000 12.082942 37 1
0.000000 0.000000 0.000000 0.000000 0.068532
0.000497 0.000483
1
275.561071 438.528974
5.295000 9.953000 12.082942 0 1
0.065880 0.000000 0.000000 0.000000 0.026884
0.000177 0.001633
4
248.108139 421.241946
5.295000 9.953000 12.082942 92 1
0.000000 0.000000 0.000000 0.000000 0.033208
0.000037 0.001317
4
352.405497 89.804461
5.295000 9.953000 12.082942 63 1
0.000000 0.000000 0.000000 0.000000 0.022184
0.001202 -0.001257
4
65.984021 325.386360
5.295000 9.953000 12.082942 31 1
0.000000 0.000000 0.000000 0.000000 0.059674
-0.001065 0.000067
1
296.187482 88.893476
5.295000 9.953000 12.082942 0 1
0.065880 0.000000 0.000000 0.000000 0.027573
0.000048 -0.000222
4
71.725044 181.790036
5.295000 9.953000 12.082942 54 1
0.000000 0.000000 0.000000 0.000000 0.037170
-0.001292 -0.000553
4
35.095473 365.601011
5.295000 9.953000 12.082942 39 1
0.000000 0.000000 0.000000 0.000000 0.299032
-0.001009 0.000070
4
364.390819 59.363989
5.295000 9.953000 12.082942 66 1
0.000000 0.000000 0.000000 0.000000 0.068954
0.001643 -0.001022
4
219.890964 173.173405
5.295000 9.953000 12.082942 35 1
0.000000 0.000000 0.000000 0.000000 0.051059
-0.011732 -0.002130
4
321.112686 110.742359
5.295000 9.953000 12.082942 61 1
0.000000 0.000000 0.000000 0.000000 0.030432
0.000762 -0.000713
4
442.353996 107.385379
5.295000 9.953000 12.082942 64 1
0.000000 0.000000 0.000000 0.000000 0.183547
0.000455 -0.001401
4
292.449019 328.107675
5.295000 9.953000 12.082942 62 1
0.000000 0.000000 0.000000 0.000000 0.052940
-0.000061 0.000035
4
401.079122 177.093551
5.295000 9.953000 12.082942 70 1
0.000000 0.000000 0.000000 0.000000 0.031382
0.001190 -0.000767
4
196.521479 202.371757
5.295000 9.953000 12.082942 32 1
0.000000 0.000000 0.000000 0.000000 0.032197
-0.000814 -0.000260
4
154.644105 416.542473
5.295000 9.953000 12.082942 45 1
0.000000 0.000000 0.000000 0.000000 0.051345
-0.000475 0.000837
1
440.033164 88.561851
5.295000 9.953000 12.082942 22 2
0.065880 0.000000 0.000000 0.000000 0.332075
0.000346 -0.001397
4
193.491244 102.589766
5.295000 9.953000 12.082942 48 1
0.000000 0.000000 0.000000 0.000000 0.032117
0.000666 0.000351
4
349.116995 155.550314
5.295000 9.953000 12.082942 49 1
0.000000 0.000000 0.000000 0.000000 0.045341
-0.000281 0.000065
4
233.729373 208.800475
5.295000 9.953000 12.082942 47 1
0.000000 0.000000 0.000000 0.000000 0.046960
-0.001103 -0.000336
4
326.530473 42.585574
5.295000 9.953000 12.082942 55 1
0.000000 0.000000 0.000000 0.000000 0.046876
0.000041 -0.000708
4
442.288151 202.976842
5.295000 9.953000 12.082942 62 1
0.000000 0.000000 0.000000 0.000000 0.058315
0.001412 0.000301
4
201.740600 403.056562
5.295000 9.953000 12.082942 34 1
0.000000 0.000000 0.000000 0.000000 0.041484
-0.000014 0.000921
4
337.846266 185.944996
5.295000 9.953000 12.082942 47 1
0.000000 0.000000 0.000000 0.000000 0.043321
0.007494 -0.003284
4
131.962398 340.652381
5.295000 9.953000 12.082942 54 1
0.000000 0.000000 0.000000 0.000000 0.045342
-0.001085 0.000403
4
449.614256 235.347748
5.295000 9.953000 12.082942 67 1
0.000000 0.000000 0.000000 0.000000 0.055623
0.001597 0.000039
4
330.628863 362.029789
5.295000 9.953000 12.082942 46 1
0.000000 0.000000 0.000000 0.000000 0.052604
0.000859 0.000921
4
330.184768 325.715578
5.295000 9.953000 12.082942 71 1
0.000000 0.000000 0.000000 0.000000 0.053659
0.000187 0.000002
4
403.172513 327.535129
5.295000 9.953000 12.082942 0 1
0.000000 0.000000 0.000000 0.000000 0.045434
0.001239 0.000666
4
428.042725 307.483187
5.295000 9.953000 12.082942 0 1
0.000000 0.000000 0.000000 0.000000 0.044141
0.001042 0.000174
4
230.826676 108.343476
5.295000 9.953000 12.082942 0 1
0.000000 0.000000 0.000000 0.000000 0.037599
-0.000085 -0.000755
4
307.736943 191.539258
5.295000 9.953000 12.082942 45 1
0.000000 0.000000 0.000000 0.000000 0.036492
0.056766 0.015950
4
375.657595 302.641346
5.295000 9.953000 12.082942 50 1
0.000000 0.000000 0.000000 0.000000 0.049557
0.000919 0.000367
4
454.972240 217.083110
5.295000 9.953000 12.082942 0 1
0.000000 0.000000 0.000000 0.000000 0.057794
0.001624 0.000096
4
436.839452 221.618222
5.295000 9.953000 12.082942 0 1
0.000000 0.000000 0.000000 0.000000 0.048943
0.001506 0.000002
4
141.530545 464.526680
5.295000 9.953000 12.082942 0 1
0.000000 0.000000 0.000000 0.000000 0.199992
-0.000270 0.000988
4
95.607092 265.050503
5.295000 9.953000 12.082942 0 1
0.000000 0.000000 0.000000 0.000000 0.048680
-0.000503 -0.000125
4
279.191372 341.121895
5.295000 9.953000 12.082942 0 1
0.000000 0.000000 0.000000 0.000000 0.063713
0.001246 0.001643
4
418.561461 362.646127
5.295000 9.953000 12.082942 0 1
0.000000 0.000000 0.000000 0.000000 0.094686
0.000670 0.001464
4
394.871433 248.967620
5.295000 9.953000 12.082942 91 1
0.000000 0.000000 0.000000 0.000000 0.023681
0.001275 -0.000049
4
158.736275 295.803182
5.295000 9.953000 12.082942 43 1
0.000000 0.000000 0.000000 0.000000 0.049159
0.000024 0.000492
4
225.773520 140.635278
5.295000 9.953000 12.082942 82 1
0.000000 0.000000 0.000000 0.000000 0.041124
0.000783 0.000369
4
290.041063 295.676985
5.295000 9.953000 12.082942 48 1
0.000000 0.000000 0.000000 0.000000 0.039800
0.000218 -0.000258
4
37.655545 145.199418
5.295000 9.953000 12.082942 54 1
0.000000 0.000000 0.000000 0.000000 0.179678
-0.001513 -0.000384
4
64.804829 306.262965
5.295000 9.953000 12.082942 72 1
0.000000 0.000000 0.000000 0.000000 0.053736
-0.001039 0.000017
4
42.894027 241.059499
5.295000 9.953000 12.082942 30 1
0.000000 0.000000 0.000000 0.000000 0.058191
-0.000815 -0.000146
1
409.580422 310.668165
5.295000 9.953000 12.082942 19 2
0.065880 0.000000 0.000000 0.000000 0.033830
0.001111 0.000450
4
342.726160 223.250637
5.295000 9.953000 12.082942 54 1
0.000000 0.000000 0.000000 0.000000 0.050038
0.001162 -0.003695
4
263.818566 487.821103
5.295000 9.953000 12.082942 41 1
0.000000 0.000000 0.000000 0.000000 0.053045
0.000216 0.000891
4
276.919617 405.839442
5.295000 9.953000 12.082942 45 1
0.000000 0.000000 0.000000 0.000000 0.056156
0.000287 0.001498
4
352.307391 273.126446
5.295000 9.953000 12.082942 44 1
0.000000 0.000000 0.000000 0.000000 0.040820
0.000943 0.000139
4
162.747568 433.435089
5.295000 9.953000 12.082942 75 1
0.000000 0.000000 0.000000 0.000000 0.046321
-0.000377 0.000882
4
354.727650 193.050360
5.295000 9.953000 12.082942 45 1
0.000000 0.000000 0.000000 0.000000 0.052514
-0.002516 0.000464
4
80.324127 295.351129
5.295000 9.953000 12.082942 81 1
0.000000 0.000000 0.000000 0.000000 0.044615
-0.000974 0.000059
4
171.248464 281.206429
5.295000 9.953000 12.082942 27 1
0.000000 0.000000 0.000000 0.000000 0.061205
-0.000049 0.000361
4
285.845255 168.142883
5.295000 9.953000 12.082942 71 1
0.000000 0.000000 0.000000 0.000000 0.026128
-0.000666 0.011202
4
181.479395 434.516210
5.295000 9.953000 12.082942 42 1
0.000000 0.000000 0.000000 0.000000 0.047022
-0.000271 0.000980
4
245.907762 194.512902
5.295000 9.953000 12.082942 72 1
0.000000 0.000000 0.000000 0.000000 0.041315
0.001410 -0.003528
4
183.206230 35.654449
5.295000 9.953000 12.082942 54 1
0.000000 0.000000 0.000000 0.000000 0.085419
0.001019 -0.001094
4
393.882810 391.900026
5.295000 9.953000 12.082942 42 1
0.000000 0.000000 0.000000 0.000000 0.065917
0.000435 0.001113
4
348.583750 321.516232
5.295000 9.953000 12.082942 39 1
0.000000 0.000000 0.000000 0.000000 0.060181
0.000466 0.000278
4
322.203821 260.946280
5.295000 9.953000 12.082942 80 1
0.000000 0.000000 0.000000 0.000000 0.030108
0.000593 -0.000681
4
226.776551 289.812932
5.295000 9.953000 12.082942 32 1
0.000000 0.000000 0.000000 0.000000 0.058570
-0.000006 0.000240
4
425.955761 258.011207
5.295000 9.953000 12.082942 45 1
0.000000 0.000000 0.000000 0.000000 0.044037
0.001288 -0.000015
4
38.416950 164.393808
5.295000 9.953000 12.082942 55 1
0.000000 0.000000 0.000000 0.000000 0.074321
-0.001355 -0.000294
4
84.569156 372.729062
5.295000 9.953000 12.082942 41 1
0.000000 0.000000 0.000000 0.000000 0.080858
-0.001083 0.000204
4
33.367413 327.562635
5.295000 9.953000 12.082942 53 1
0.000000 0.000000 0.000000 0.000000 0.110220
-0.001102 -0.000017
4
379.885861 48.396441
5.295000 9.953000 12.082942 80 1
0.000000 0.000000 0.000000 0.000000 0.163992
0.001156 -0.001533
4
431.375641 155.898723
5.295000 9.953000 12.082942 39 1
0.000000 0.000000 0.000000 0.000000 0.061662
0.000814 -0.001163
4
337.464776 379.929063
5.295000 9.953000 12.082942 55 1
0.000000 0.000000 0.000000 0.000000 0.036086
0.000470 0.001006
4
287.524784 389.725273
5.295000 9.953000 12.082942 48 1
0.000000 0.000000 0.000000 0.000000 0.062331
0.000491 0.001514
4
413.086295 244.601237
5.295000 9.953000 12.082942 47 1
0.000000 0.000000 0.000000 0.000000 0.038347
0.001328 -0.000094
4
387.112861 317.393902
5.295000 9.953000 12.082942 65 1
0.000000 0.000000 0.000000 0.000000 0.052512
0.001033 0.000477
4
86.581831 152.417330
5.295000 9.953000 12.082942 70 1
0.000000 0.000000 0.000000 0.000000 0.042390
-0.001402 -0.000646
4
69.574776 105.597384
5.295000 9.953000 12.082942 43 1
0.000000 0.000000 0.000000 0.000000 0.149447
-0.001508 -0.000705
4
312.005164 473.714969
5.295000 9.953000 12.082942 47 1
0.000000 0.000000 0.000000 0.000000 0.083998
0.000887 0.001425
4
472.677393 330.391980
5.295000 9.953000 12.082942 59 1
0.000000 0.000000 0.000000 0.000000 0.077208
0.000005 0.000940
4
403.890691 195.264460
5.295000 9.953000 12.082942 61 1
0.000000 0.000000 0.000000 0.000000 0.036414
0.001425 -0.000637
4
40.001715 202.604269
5.295000 9.953000 12.082942 31 1
0.000000 0.000000 0.000000 0.000000 0.042580
-0.001011 -0.000155
4
418.756362 226.642429
5.295000 9.953000 12.082942 63 1
0.000000 0.000000 0.000000 0.000000 0.040654
0.001299 -0.000250
4
208.699729 237.458420
5.295000 9.953000 12.082942 41 1
0.000000 0.000000 0.000000 0.000000 0.034745
-0.000370 -0.000128
4
358.533279 255.372372
5.295000 9.953000 12.082942 55 1
0.000000 0.000000 0.000000 0.000000 0.052294
0.000854 0.000030
4
202.081816 269.561954
5.295000 9.953000 12.082942 31 1
0.000000 0.000000 0.000000 0.000000 0.063588
-0.000132 0.000192
4
431.087895 398.746591
5.295000 9.953000 12.082942 74 1
0.000000 0.000000 0.000000 0.000000 0.123316
0.000376 0.001587
4
289.631601 186.086710
5.295000 9.953000 12.082942 43 1
0.000000 0.000000 0.000000 0.000000 0.027935
-0.068200 -0.020374
1
324.736388 443.641177
5.295000 9.953000 12.082942 20 2
0.065880 0.000000 0.000000 0.000000 0.025036
0.000567 0.001211
4
178.503626 67.459623
5.295000 9.953000 12.082942 33 1
0.000000 0.000000 0.000000 0.000000 0.034843
0.000367 0.001095
4
102.763416 399.766203
5.295000 9.953000 12.082942 33 1
0.000000 0.000000 0.000000 0.000000 0.072049
-0.001024 0.000285
4
274.978939 132.189216
5.295000 9.953000 12.082942 76 1
0.000000 0.000000 0.000000 0.000000 0.030939
0.000115 -0.000350
4
356.977043 305.139086
5.295000 9.953000 12.082942 50 1
0.000000 0.000000 0.000000 0.000000 0.050940
0.000749 0.000295
4
202.721095 219.913174
5.295000 9.953000 12.082942 86 1
0.000000 0.000000 0.000000 0.000000 0.031216
-0.000517 -0.000224
4
88.595514 190.417331
5.295000 9.953000 12.082942 41 1
0.000000 0.000000 0.000000 0.000000 0.046240
-0.001345 -0.000800
4
308.347012 124.351439
5.295000 9.953000 12.082942 55 1
0.000000 0.000000 0.000000 0.000000 0.028271
0.000935 -0.000379
4
321.737788 343.372889
5.295000 9.953000 12.082942 34 1
0.000000 0.000000 0.000000 0.000000 0.070728
-0.000286 -0.000153
4
370.618619 270.311220
5.295000 9.953000 12.082942 72 1
0.000000 0.000000 0.000000 0.000000 0.028641
0.001044 0.000127
4
39.112566 183.541122
5.295000 9.953000 12.082942 47 1
0.000000 0.000000 0.000000 0.000000 0.063500
-0.001199 -0.000221
4
72.662099 200.587487
5.295000 9.953000 12.082942 33 1
0.000000 0.000000 0.000000 0.000000 0.045843
-0.001138 -0.000427
4
25.942367 232.664602
5.295000 9.953000 12.082942 72 1
0.000000 0.000000 0.000000 0.000000 0.045370
-0.000888 -0.000111
4
217.556585 468.954036
5.295000 9.953000 12.082942 66 1
0.000000 0.000000 0.000000 0.000000 0.048969
-0.000242 0.001274
4
455.482356 369.420946
5.295000 9.953000 12.082942 44 1
0.000000 0.000000 0.000000 0.000000 0.144567
0.000628 0.001859
4
171.869861 231.126219
5.295000 9.953000 12.082942 36 1
0.000000 0.000000 0.000000 0.000000 0.033794
-0.000308 -0.000052
4
369.187986 181.307432
5.295000 9.953000 12.082942 59 1
0.000000 0.000000 0.000000 0.000000 0.050934
0.002115 -0.000763
4
269.471630 325.091158
5.295000 9.953000 12.082942 47 1
0.000000 0.000000 0.000000 0.000000 0.046841
0.001662 0.001631
4
271.359920 297.298695
5.295000 9.953000 12.082942 60 1
0.000000 0.000000 0.000000 0.000000 0.028020
0.000006 -0.000150
4
209.217886 55.923543
5.295000 9.953000 12.082942 81 1
0.000000 0.000000 0.000000 0.000000 0.043546
-0.000055 -0.001015
4
118.784584 389.132285
5.295000 9.953000 12.082942 33 1
0.000000 0.000000 0.000000 0.000000 0.068711
-0.001168 0.000116
4
153.258403 62.835180
5.295000 9.953000 12.082942 31 1
0.000000 0.000000 0.000000 0.000000 0.038489
-0.002508 -0.000927
4
118.928230 169.287608
5.295000 9.953000 12.082942 38 1
0.000000 0.000000 0.000000 0.000000 0.047565
-0.000934 -0.000667
1
150.026843 44.422180
5.295000 9.953000 12.082942 21 2
0.065880 0.000000 0.000000 0.000000 0.053966
-0.000065 -0.001345
4
251.126759 261.915779
5.295000 9.953000 12.082942 48 1
0.000000 0.000000 0.000000 0.000000 0.029121
-0.000197 -0.000208
4
79.398662 276.322745
5.295000 9.953000 12.082942 43 1
0.000000 0.000000 0.000000 0.000000 0.067763
-0.000949 -0.000046
1
283.426737 66.961004
5.295000 9.953000 12.082942 21 2
0.065880 0.000000 0.000000 0.000000 0.031484
0.000097 -0.000592
4
231.505935 356.226326
5.295000 9.953000 12.082942 34 1
0.000000 0.000000 0.000000 0.000000 0.046991
0.000576 0.000841
4
118.871238 113.918228
5.295000 9.953000 12.082942 58 1
0.000000 0.000000 0.000000 0.000000 0.045046
-0.001206 -0.000501
4
444.336160 253.523462
5.295000 9.953000 12.082942 68 1
0.000000 0.000000 0.000000 0.000000 0.049872
0.001392 0.000029
4
262.468368 146.466379
5.295000 9.953000 12.082942 32 1
0.000000 0.000000 0.000000 0.000000 0.033691
0.001985 0.001862
4
188.273324 483.924041
5.295000 9.953000 12.082942 60 1
0.000000 0.000000 0.000000 0.000000 0.114034
-0.000325 0.001122
4
102.727643 142.521386
5.295000 9.953000 12.082942 43 1
0.000000 0.000000 0.000000 0.000000 0.038220
-0.001576 -0.000795
4
288.903192 357.224685
5.295000 9.953000 12.082942 36 1
0.000000 0.000000 0.000000 0.000000 0.072672
0.000948 0.001615
4
177.529737 298.988107
5.295000 9.953000 12.082942 36 1
0.000000 0.000000 0.000000 0.000000 0.059097
0.000020 0.000493
4
285.575990 422.552141
5.295000 9.953000 12.082942 32 1
0.000000 0.000000 0.000000 0.000000 0.039831
0.000149 0.001548
4
446.454305 303.301758
5.295000 9.953000 12.082942 77 1
0.000000 0.000000 0.000000 0.000000 0.035736
0.000886 0.000030
4
486.223931 178.061015
5.295000 9.953000 12.082942 64 1
0.000000 0.000000 0.000000 0.000000 0.125156
0.000325 -0.001020
4
255.167982 178.564334
5.295000 9.953000 12.082942 70 1
0.000000 0.000000 0.000000 0.000000 0.035537
-0.045533 -0.007852
4
200.999014 120.269778
5.295000 9.953000 12.082942 51 1
0.000000 0.000000 0.000000 0.000000 0.047354
-0.000138 -0.000299
4
313.954115 56.435452
5.295000 9.953000 12.082942 63 1
0.000000 0.000000 0.000000 0.000000 0.044001
0.000248 -0.000466
4
115.817046 454.865189
5.295000 9.953000 12.082942 45 1
0.000000 0.000000 0.000000 0.000000 0.323049
-0.001007 -0.000512
4
303.789147 209.406358
5.295000 9.953000 12.082942 62 1
0.000000 0.000000 0.000000 0.000000 0.039162
-0.000964 -0.002421
4
479.753815 195.730162
5.295000 9.953000 12.082942 58 1
0.000000 0.000000 0.000000 0.000000 0.089598
0.000971 -0.000696
4
343.975829 397.868284
5.295000 9.953000 12.082942 39 1
0.000000 0.000000 0.000000 0.000000 0.034450
0.000471 0.001052
4
210.472705 419.711339
5.295000 9.953000 12.082942 43 1
0.000000 0.000000 0.000000 0.000000 0.048249
-0.000098 0.001061
4
193.124732 353.006464
5.295000 9.953000 12.082942 34 1
0.000000 0.000000 0.000000 0.000000 0.038132
0.000456 0.000792
4
165.259454 163.794498
5.295000 9.953000 12.082942 44 1
0.000000 0.000000 0.000000 0.000000 0.047499
-0.000418 -0.000408
4
492.921299 229.484322
5.295000 9.953000 12.082942 59 1
0.000000 0.000000 0.000000 0.000000 0.080386
-0.000553 -0.001129
4
113.194052 216.387633
5.295000 9.953000 12.082942 51 1
0.000000 0.000000 0.000000 0.000000 0.050527
-0.002741 -0.001567
4
87.348709 410.580443
5.295000 9.953000 12.082942 49 1
0.000000 0.000000 0.000000 0.000000 0.127307
-0.001066 0.000905
1
307.910376 38.493793
5.295000 9.953000 12.082942 47 2
0.065880 0.000000 0.000000 0.000000 0.048757
0.000026 -0.000514
4
300.797408 311.551943
5.295000 9.953000 12.082942 61 1
0.000000 0.000000 0.000000 0.000000 0.045396
0.000151 -0.000149
4
424.800928 99.700089
5.295000 9.953000 12.082942 38 1
0.000000 0.000000 0.000000 0.000000 0.178453
0.000435 -0.001258
4
448.540742 164.267038
5.295000 9.953000 12.082942 44 1
0.000000 0.000000 0.000000 0.000000 0.075382
0.000820 -0.001717
4
346.417530 137.174298
5.295000 9.953000 12.082942 57 1
0.000000 0.000000 0.000000 0.000000 0.040399
0.000482 -0.001010
4
481.036242 244.303834
5.295000 9.953000 12.082942 53 1
0.000000 0.000000 0.000000 0.000000 0.069979
0.001527 0.000577
4
294.609761 466.303523
5.295000 9.953000 12.082942 49 1
0.000000 0.000000 0.000000 0.000000 0.050555
0.000775 0.001274
4
411.774973 129.303696
5.295000 9.953000 12.082942 54 1
0.000000 0.000000 0.000000 0.000000 0.075891
0.000631 -0.001029
4
10.441119 243.465352
5.295000 9.953000 12.082942 40 1
0.000000 0.000000 0.000000 0.000000 0.056055
-0.000904 -0.000108
4
32.183861 308.607475
5.295000 9.953000 12.082942 70 1
0.000000 0.000000 0.000000 0.000000 0.077386
-0.001073 -0.000063
4
148.912425 365.659051
5.295000 9.953000 12.082942 41 1
0.000000 0.000000 0.000000 0.000000 0.057374
-0.000630 0.001113
4
85.807658 391.615740
5.295000 9.953000 12.082942 74 1
0.000000 0.000000 0.000000 0.000000 0.102914
-0.001080 0.000501
4
165.796091 213.468658
5.295000 9.953000 12.082942 40 1
0.000000 0.000000 0.000000 0.000000 0.027460
-0.000501 -0.000161
4
171.843207 181.525380
5.295000 9.953000 12.082942 80 1
0.000000 0.000000 0.000000 0.000000 0.025592
-0.000463 -0.000508
4
394.196318 121.653447
5.295000 9.953000 12.082942 46 1
0.000000 0.000000 0.000000 0.000000 0.047059
0.000627 -0.000890
4
245.523694 244.167557
5.295000 9.953000 12.082942 69 1
0.000000 0.000000 0.000000 0.000000 0.032666
-0.000416 -0.000263
4
135.021119 223.959533
5.295000 9.953000 12.082942 44 1
0.000000 0.000000 0.000000 0.000000 0.039239
-0.000258 0.000170
4
182.928966 117.669399
5.295000 9.953000 12.082942 38 1
0.000000 0.000000 0.000000 0.000000 0.047916
-0.000745 -0.000667
4
159.544245 245.503419
5.295000 9.953000 12.082942 51 1
0.000000 0.000000 0.000000 0.000000 0.031867
-0.000207 0.000113
4
226.180946 485.727042
5.295000 9.953000 12.082942 33 1
0.000000 0.000000 0.000000 0.000000 0.072022
-0.000176 0.001325
4
369.313226 370.809139
5.295000 9.953000 12.082942 56 1
0.000000 0.000000 0.000000 0.000000 0.047024
0.000451 0.000842
4
397.198844 56.142482
5.295000 9.953000 12.082942 68 1
0.000000 0.000000 0.000000 0.000000 0.237956
0.001339 -0.001764
4
89.441712 227.467509
5.295000 9.953000 12.082942 44 1
0.000000 0.000000 0.000000 0.000000 0.058089
-0.000538 -0.000392
4
27.492732 251.780549
5.295000 9.953000 12.082942 39 1
0.000000 0.000000 0.000000 0.000000 0.061866
-0.000869 -0.000137
4
368.003733 320.730401
5.295000 9.953000 12.082942 38 1
0.000000 0.000000 0.000000 0.000000 0.069181
0.000703 0.000531
4
34.365352 346.552241
5.295000 9.953000 12.082942 61 1
0.000000 0.000000 0.000000 0.000000 0.174617
-0.001096 0.000034
4
120.402793 286.687286
5.295000 9.953000 12.082942 86 1
0.000000 0.000000 0.000000 0.000000 0.023259
-0.000287 0.000028
4
53.763217 134.884210
5.295000 9.953000 12.082942 74 1
0.000000 0.000000 0.000000 0.000000 0.090057
-0.001555 -0.000576
4
315.580551 277.863264
5.295000 9.953000 12.082942 31 1
0.000000 0.000000 0.000000 0.000000 0.032634
0.000624 -0.000425
4
412.483398 395.394760
5.295000 9.953000 12.082942 44 1
0.000000 0.000000 0.000000 0.000000 0.089484
0.000399 0.001328
1
183.618099 167.100390
5.295000 9.953000 12.082942 24 2
0.065880 0.000000 0.000000 0.000000 0.029842
-0.001712 -0.000782
4
279.174772 280.688803
5.295000 9.953000 12.082942 50 1
0.000000 0.000000 0.000000 0.000000 0.021310
0.000163 -0.000267
4
141.367163 241.972895
5.295000 9.953000 12.082942 45 1
0.000000 0.000000 0.000000 0.000000 0.032760
-0.000253 0.000186
4
266.226412 199.342819
5.295000 9.953000 12.082942 47 1
0.000000 0.000000 0.000000 0.000000 0.027746
-0.001708 0.001290
4
227.118536 191.127428
5.295000 9.953000 12.082942 39 1
0.000000 0.000000 0.000000 0.000000 0.054405
-0.002384 0.002301
1
318.741979 376.828255
5.295000 9.953000 12.082942 24 2
0.065880 0.000000 0.000000 0.000000 0.036728
0.000278 0.000800
4
250.654972 356.961852
5.295000 9.953000 12.082942 38 1
0.000000 0.000000 0.000000 0.000000 0.058103
0.000620 0.001114
4
136.433409 414.602273
5.295000 9.953000 12.082942 52 1
0.000000 0.000000 0.000000 0.000000 0.071670
-0.000719 0.000914
4
406.136077 213.480110
5.295000 9.953000 12.082942 62 1
0.000000 0.000000 0.000000 0.000000 0.040787
0.001479 -0.000230
4
114.577577 269.388144
5.295000 9.953000 12.082942 87 1
0.000000 0.000000 0.000000 0.000000 0.019718
-0.000595 -0.000026
4
398.817809 158.688249
5.295000 9.953000 12.082942 36 1
0.000000 0.000000 0.000000 0.000000 0.041536
0.000931 -0.000787
4
104.289084 418.883071
5.295000 9.953000 12.082942 32 1
0.000000 0.000000 0.000000 0.000000 0.086745
-0.000769 -0.000080
4
105.850683 199.014363
5.295000 9.953000 12.082942 39 1
0.000000 0.000000 0.000000 0.000000 0.048861
-0.001789 -0.001479
4
77.358834 257.560022
5.295000 9.953000 12.082942 54 1
0.000000 0.000000 0.000000 0.000000 0.064307
-0.000635 -0.000179
4
227.836495 453.080065
5.295000 9.953000 12.082942 53 1
0.000000 0.000000 0.000000 0.000000 0.040657
-0.000207 0.001266
1
374.539713 437.763193
5.295000 9.953000 12.082942 25 2
0.065880 0.000000 0.000000 0.000000 0.035471
0.000432 0.001255
4
132.465015 100.754084
5.295000 9.953000 12.082942 31 1
0.000000 0.000000 0.000000 0.000000 0.056414
-0.001118 -0.000513
4
232.884682 258.240632
5.295000 9.953000 12.082942 72 1
0.000000 0.000000 0.000000 0.000000 0.041340
-0.000256 -0.000073
4
193.107623 386.400490
5.295000 9.953000 12.082942 31 1
0.000000 0.000000 0.000000 0.000000 0.034127
-0.000003 0.000762
4
154.635557 347.161930
5.295000 9.953000 12.082942 35 1
0.000000 0.000000 0.000000 0.000000 0.039338
0.000215 0.001031
4
334.727015 166.984200
5.295000 9.953000 12.082942 80 1
0.000000 0.000000 0.000000 0.000000 0.039316
0.005006 -0.002611
4
161.150645 314.762521
5.295000 9.953000 12.082942 47 1
0.000000 0.000000 0.000000 0.000000 0.046698
-0.000052 0.000712
1
121.945950 188.266505
5.295000 9.953000 12.082942 26 2
0.065880 0.000000 0.000000 0.000000 0.032987
-0.001188 -0.000270
4
129.884859 322.103631
5.295000 9.953000 12.082942 32 1
0.000000 0.000000 0.000000 0.000000 0.047366
-0.000499 0.000329
4
389.744595 84.363739
5.295000 9.953000 12.082942 47 1
0.000000 0.000000 0.000000 0.000000 0.061944
0.000399 -0.000925
4
195.198003 20.880747
5.295000 9.953000 12.082942 40 1
0.000000 0.000000 0.000000 0.000000 0.091255
0.000320 -0.001251
4
13.611272 281.470022
5.295000 9.953000 12.082942 72 1
0.000000 0.000000 0.000000 0.000000 0.063848
-0.000965 -0.000150
4
146.755401 160.315829
5.295000 9.953000 12.082942 49 1
0.000000 0.000000 0.000000 0.000000 0.054107
-0.000770 -0.000252
4
413.627239 343.443177
5.295000 9.953000 12.082942 50 1
0.000000 0.000000 0.000000 0.000000 0.072752
0.001597 0.000374
1
232.807609 26.301537
5.295000 9.953000 12.082942 26 2
0.065880 0.000000 0.000000 0.000000 0.037919
0.000092 -0.000973
4
208.590201 187.930850
5.295000 9.953000 12.082942 32 1
0.000000 0.000000 0.000000 0.000000 0.043099
0.000463 -0.001820
4
361.805930 451.854229
5.295000 9.953000 12.082942 46 1
0.000000 0.000000 0.000000 0.000000 0.104254
0.000412 0.001219
4
374.227296 95.548332
5.295000 9.953000 12.082942 54 1
0.000000 0.000000 0.000000 0.000000 0.042716
0.000559 -0.000798
4
351.955095 174.204326
5.295000 9.953000 12.082942 48 1
0.000000 0.000000 0.000000 0.000000 0.047854
-0.001619 0.000324
4
51.879878 374.568623
5.295000 9.953000 12.082942 45 1
0.000000 0.000000 0.000000 0.000000 0.189727
-0.001009 0.000226
4
400.179697 360.162370
5.295000 9.953000 12.082942 54 1
0.000000 0.000000 0.000000 0.000000 0.081080
0.000621 0.001035
4
271.646854 217.150225
5.295000 9.953000 12.082942 38 1
0.000000 0.000000 0.000000 0.000000 0.027810
-0.001008 -0.001157
1
140.020683 28.372753
5.295000 9.953000 12.082942 87 2
0.065880 0.000000 0.000000 0.000000 0.229794
-0.000168 -0.001328
4
272.674900 82.096551
5.295000 9.953000 12.082942 46 1
0.000000 0.000000 0.000000 0.000000 0.052554
-0.000234 -0.000815
4
340.693985 346.050301
5.295000 9.953000 12.082942 47 1
0.000000 0.000000 0.000000 0.000000 0.070390
-0.000438 -0.000383
4
196.901253 320.594269
5.295000 9.953000 12.082942 34 1
0.000000 0.000000 0.000000 0.000000 0.043594
0.000430 0.000626
4
467.804073 230.994019
5.295000 9.953000 12.082942 54 1
0.000000 0.000000 0.000000 0.000000 0.061368
0.001779 0.000064
4
244.657047 11.461050
5.295000 9.953000 12.082942 86 1
0.000000 0.000000 0.000000 0.000000 0.043652
0.000183 -0.000933
4
311.722350 359.756304
5.295000 9.953000 12.082942 34 1
0.000000 0.000000 0.000000 0.000000 0.071130
0.000553 0.000429
4
414.016312 147.912822
5.295000 9.953000 12.082942 71 1
0.000000 0.000000 0.000000 0.000000 0.050959
0.000744 -0.000977
4
208.255184 287.053057
5.295000 9.953000 12.082942 29 1
0.000000 0.000000 0.000000 0.000000 0.065123
-0.000031 0.000312
4
446.599969 145.149859
5.295000 9.953000 12.082942 65 1
0.000000 0.000000 0.000000 0.000000 0.094431
0.000710 -0.001467
4
276.930267 235.052694
5.295000 9.953000 12.082942 55 1
0.000000 0.000000 0.000000 0.000000 0.028174
-0.000508 -0.000572
4
266.854253 421.873424
5.295000 9.953000 12.082942 32 1
0.000000 0.000000 0.000000 0.000000 0.034545
0.000127 0.001500
4
98.819196 343.399478
5.295000 9.953000 12.082942 38 1
0.000000 0.000000 0.000000 0.000000 0.054306
-0.000898 0.000037
1
102.527929 123.428549
5.295000 9.953000 12.082942 29 2
0.065880 0.000000 0.000000 0.000000 0.030683
-0.001449 -0.000673
4
230.639176 388.168832
5.295000 9.953000 12.082942 34 1
0.000000 0.000000 0.000000 0.000000 0.053731
0.000160 0.001041
4
117.147255 370.461697
5.295000 9.953000 12.082942 37 1
0.000000 0.000000 0.000000 0.000000 0.064020
-0.001054 0.000085
4
152.874502 277.535415
5.295000 9.953000 12.082942 55 1
0.000000 0.000000 0.000000 0.000000 0.047074
-0.000040 0.000323
4
207.496587 137.853719
5.295000 9.953000 12.082942 49 1
0.000000 0.000000 0.000000 0.000000 0.053138
-0.000973 -0.000973
4
331.323207 148.159739
5.295000 9.953000 12.082942 42 1
0.000000 0.000000 0.000000 0.000000 0.040932
0.001224 -0.000556
1
355.985779 433.981140
5.295000 9.953000 12.082942 30 2
0.065880 0.000000 0.000000 0.000000 0.027821
0.000493 0.001157
4
280.999946 495.824301
5.295000 9.953000 12.082942 40 1
0.000000 0.000000 0.000000 0.000000 0.068467
0.000239 0.000972
4
239.413859 404.650836
5.295000 9.953000 12.082942 32 1
0.000000 0.000000 0.000000 0.000000 0.055356
0.000096 0.001197
4
379.032203 132.809556
5.295000 9.953000 12.082942 84 1
0.000000 0.000000 0.000000 0.000000 0.026739
0.000610 -0.000771
4
376.599666 114.234586
5.295000 9.953000 12.082942 44 1
0.000000 0.000000 0.000000 0.000000 0.040501
0.000597 -0.000815
4
343.729431 118.954508
5.295000 9.953000 12.082942 57 1
0.000000 0.000000 0.000000 0.000000 0.033375
0.000546 -0.001113
1
459.745608 115.202988
5.295000 9.953000 12.082942 30 2
0.065880 0.000000 0.000000 0.000000 0.199909
0.000506 -0.001549
4
238.008918 437.195554
5.295000 9.953000 12.082942 32 1
0.000000 0.000000 0.000000 0.000000 0.045197
-0.000096 0.001263
4
242.467835 93.782897
5.295000 9.953000 12.082942 85 1
0.000000 0.000000 0.000000 0.000000 0.038070
-0.000202 -0.000838
4
362.510595 401.853586
5.295000 9.953000 12.082942 74 1
0.000000 0.000000 0.000000 0.000000 0.040772
0.000515 0.001126
4
67.654376 364.211512
5.295000 9.953000 12.082942 53 1
0.000000 0.000000 0.000000 0.000000 0.110020
-0.001040 0.000180
4
23.159228 194.104121
5.295000 9.953000 12.082942 46 1
0.000000 0.000000 0.000000 0.000000 0.056068
-0.001075 -0.000085
4
421.641726 189.502669
5.295000 9.953000 12.082942 67 1
0.000000 0.000000 0.000000 0.000000 0.038212
0.001583 -0.000269
4
376.751721 252.859677
5.295000 9.953000 12.082942 92 1
0.000000 0.000000 0.000000 0.000000 0.024436
0.001179 0.000019
1
332.574680 60.866720
5.295000 9.953000 12.082942 57 2
0.065880 0.000000 0.000000 0.000000 0.028258
0.000513 -0.000666
4
147.536511 110.660707
5.295000 9.953000 12.082942 44 1
0.000000 0.000000 0.000000 0.000000 0.059687
-0.001188 -0.000413
1
315.017901 92.674166
5.295000 9.953000 12.082942 32 2
0.065880 0.000000 0.000000 0.000000 0.016285
-0.000035 -0.000504
4
466.847231 348.446334
5.295000 9.953000 12.082942 69 1
0.000000 0.000000 0.000000 0.000000 0.091293
0.000585 0.001041
1
349.199975 70.798916
5.295000 9.953000 12.082942 32 2
0.065880 0.000000 0.000000 0.000000 0.018868
0.001504 -0.001481
4
330.091050 480.355432
5.295000 9.953000 12.082942 53 1
0.000000 0.000000 0.000000 0.000000 0.152561
0.001211 0.001140
4
117.181241 72.566428
5.295000 9.953000 12.082942 74 1
0.000000 0.000000 0.000000 0.000000 0.105661
-0.001822 -0.000256
4
220.983550 41.131463
5.295000 9.953000 12.082942 62 1
0.000000 0.000000 0.000000 0.000000 0.046262
0.000022 -0.000995
4
159.660188 195.853398
5.295000 9.953000 12.082942 84 1
0.000000 0.000000 0.000000 0.000000 0.033578
-0.000721 -0.000200
1
465.000934 298.664137
5.295000 9.953000 12.082942 34 2
0.065880 0.000000 0.000000 0.000000 0.028473
0.000622 0.000723
4
83.287390 353.834707
5.295000 9.953000 12.082942 42 1
0.000000 0.000000 0.000000 0.000000 0.060170
-0.001016 0.000060
4
233.005352 324.772989
5.295000 9.953000 12.082942 86 1
0.000000 0.000000 0.000000 0.000000 0.029246
0.001072 0.000596
4
319.348766 425.947307
5.295000 9.953000 12.082942 65 1
0.000000 0.000000 0.000000 0.000000 0.034516
0.000557 0.001192
4
141.589182 396.157736
5.295000 9.953000 12.082942 40 1
0.000000 0.000000 0.000000 0.000000 0.063978
-0.001523 0.000334
4
280.372148 99.692592
5.295000 9.953000 12.082942 78 1
0.000000 0.000000 0.000000 0.000000 0.036888
-0.000379 -0.000827
4
306.400644 390.985156
5.295000 9.953000 12.082942 92 1
0.000000 0.000000 0.000000 0.000000 0.026323
0.000520 0.001348
4
173.038375 417.623353
5.295000 9.953000 12.082942 65 1
0.000000 0.000000 0.000000 0.000000 0.035257
-0.000273 0.000918
1
37.189108 126.085525
5.295000 9.953000 12.082942 36 2
0.065880 0.000000 0.000000 0.000000 0.306731
-0.001574 -0.000455
4
166.822608 367.906198
5.295000 9.953000 12.082942 57 1
0.000000 0.000000 0.000000 0.000000 0.047641
-0.000375 0.000864
4
268.461491 114.386739
5.295000 9.953000 12.082942 47 1
0.000000 0.000000 0.000000 0.000000 0.045670
-0.000340 -0.000755
4
109.945030 251.717108
5.295000 9.953000 12.082942 91 1
0.000000 0.000000 0.000000 0.000000 0.029891
-0.000432 -0.000171
4
401.444399 281.036399
5.295000 9.953000 12.082942 70 1
0.000000 0.000000 0.000000 0.000000 0.036826
0.001102 0.000076
4
291.778659 447.829702
5.295000 9.953000 12.082942 50 1
0.000000 0.000000 0.000000 0.000000 0.035164
0.000695 0.001181
4
345.400539 290.475818
5.295000 9.953000 12.082942 59 1
0.000000 0.000000 0.000000 0.000000 0.034241
0.000680 0.000076
4
223.651091 90.810118
5.295000 9.953000 12.082942 55 1
0.000000 0.000000 0.000000 0.000000 0.029077
-0.000133 -0.000765
4
387.251783 423.730946
5.295000 9.953000 12.082942 49 1
0.000000 0.000000 0.000000 0.000000 0.055951
0.000393 0.001230
4
265.186219 64.245241
5.295000 9.953000 12.082942 52 1
0.000000 0.000000 0.000000 0.000000 0.059363
-0.000008 -0.000796
4
387.811233 374.287609
5.295000 9.953000 12.082942 84 1
0.000000 0.000000 0.000000 0.000000 0.051343
0.000498 0.000977
4
50.177664 336.080686
5.295000 9.953000 12.082942 56 1
0.000000 0.000000 0.000000 0.000000 0.078616
-0.001086 0.000043
4
345.713994 241.418974
5.295000 9.953000 12.082942 52 1
0.000000 0.000000 0.000000 0.000000 0.054930
0.001370 0.001132
4
215.078374 205.526529
5.295000 9.953000 12.082942 64 1
0.000000 0.000000 0.000000 0.000000 0.045248
0.000045 -0.000736
4
140.364633 291.265117
5.295000 9.953000 12.082942 50 1
0.000000 0.000000 0.000000 0.000000 0.041673
0.000031 0.000437
4
459.556568 316.639759
5.295000 9.953000 12.082942 50 1
0.000000 0.000000 0.000000 0.000000 0.032812
0.000065 0.000920
1
185.356512 85.398085
5.295000 9.953000 12.082942 40 2
0.065880 0.000000 0.000000 0.000000 0.019017
0.002602 0.000354
4
133.196302 447.381190
5.295000 9.953000 12.082942 57 1
0.000000 0.000000 0.000000 0.000000 0.136169
-0.000327 0.001045
4
69.942209 124.577128
5.295000 9.953000 12.082942 46 1
0.000000 0.000000 0.000000 0.000000 0.085696
-0.001644 -0.000666
4
420.547113 275.858215
5.295000 9.953000 12.082942 48 1
0.000000 0.000000 0.000000 0.000000 0.054134
0.001109 0.000079
4
467.483123 181.303822
5.295000 9.953000 12.082942 64 1
0.000000 0.000000 0.000000 0.000000 0.089499
0.000446 -0.000336
4
256.370201 307.793685
5.295000 9.953000 12.082942 61 1
0.000000 0.000000 0.000000 0.000000 0.036262
-0.000125 0.000136
1
228.032848 58.649215
5.295000 9.953000 12.082942 41 2
0.065880 0.000000 0.000000 0.000000 0.033287
-0.000115 -0.000915
4
149.992935 92.035028
5.295000 9.953000 12.082942 57 1
0.000000 0.000000 0.000000 0.000000 0.045340
-0.001272 -0.000436
4
63.472275 287.155050
5.295000 9.953000 12.082942 43 1
0.000000 0.000000 0.000000 0.000000 0.067706
-0.000971 -0.000051
4
202.180834 38.361005
5.295000 9.953000 12.082942 56 1
0.000000 0.000000 0.000000 0.000000 0.073194
0.000047 -0.000837
4
320.700954 179.150281
5.295000 9.953000 12.082942 46 1
0.000000 0.000000 0.000000 0.000000 0.036043
-0.010008 0.008680
4
231.857644 158.212550
5.295000 9.953000 12.082942 43 1
0.000000 0.000000 0.000000 0.000000 0.038228
-0.002893 -0.003673
4
280.801548 150.031371
5.295000 9.953000 12.082942 50 1
0.000000 0.000000 0.000000 0.000000 0.025296
-0.001656 -0.002568
1
21.749070 155.724123
5.295000 9.953000 12.082942 41 2
0.065880 0.000000 0.000000 0.000000 0.141351
-0.001405 -0.000146
4
362.780956 40.432008
5.295000 9.953000 12.082942 86 1
0.000000 0.000000 0.000000 0.000000 0.111459
0.000531 -0.000701
4
22.456340 174.821351
5.295000 9.953000 12.082942 57 1
0.000000 0.000000 0.000000 0.000000 0.092083
-0.001251 -0.000121
4
160.559609 466.016055
5.295000 9.953000 12.082942 46 1
0.000000 0.000000 0.000000 0.000000 0.103172
-0.000294 0.000964
4
208.910945 452.222666
5.295000 9.953000 12.082942 79 1
0.000000 0.000000 0.000000 0.000000 0.047546
-0.000228 0.001182
4
302.430442 343.813948
5.295000 9.953000 12.082942 43 1
0.000000 0.000000 0.000000 0.000000 0.071893
-0.000047 0.000336
1
423.999989 208.137282
5.295000 9.953000 12.082942 42 2
0.065880 0.000000 0.000000 0.000000 0.032709
0.001382 -0.000108
4
245.046650 486.597754
5.295000 9.953000 12.082942 52 1
0.000000 0.000000 0.000000 0.000000 0.062674
-0.000026 0.001345
4
339.124945 28.562374
5.295000 9.953000 12.082942 84 1
0.000000 0.000000 0.000000 0.000000 0.093797
-0.000286 -0.001091
4
366.561802 162.679943
5.295000 9.953000 12.082942 45 1
0.000000 0.000000 0.000000 0.000000 0.049033
0.001448 -0.000918
4
73.256676 219.286674
5.295000 9.953000 12.082942 44 1
0.000000 0.000000 0.000000 0.000000 0.053951
-0.000777 -0.000279
4
222.709400 339.850294
5.295000 9.953000 12.082942 46 1
0.000000 0.000000 0.000000 0.000000 0.036335
0.000738 0.000636
4
375.206425 388.268072
5.295000 9.953000 12.082942 47 1
0.000000 0.000000 0.000000 0.000000 0.048446
0.000461 0.000983
1
475.743133 262.470785
5.295000 9.953000 12.082942 45 2
0.065880 0.000000 0.000000 0.000000 0.036163
0.001248 0.000607
1
52.790413 96.917912
5.295000 9.953000 12.082942 76 2
0.065880 0.000000 0.000000 0.000000 0.308207
-0.001237 -0.000933
4
491.973443 210.457988
5.295000 9.953000 12.082942 49 1
0.000000 0.000000 0.000000 0.000000 0.089107
0.001471 -0.001220
4
389.084031 266.976004
5.295000 9.953000 12.082942 64 1
0.000000 0.000000 0.000000 0.000000 0.018322
0.001113 0.000030
4
245.459350 292.887970
5.295000 9.953000 12.082942 49 1
0.000000 0.000000 0.000000 0.000000 0.041231
-0.000009 0.000034
4
363.585048 353.560003
5.295000 9.953000 12.082942 55 1
0.000000 0.000000 0.000000 0.000000 0.062638
0.000578 0.000670
1
251.608352 29.007972
5.295000 9.953000 12.082942 46 2
0.065880 0.000000 0.000000 0.000000 0.039976
0.000073 -0.000876
4
344.609457 467.524879
5.295000 9.953000 12.082942 56 1
0.000000 0.000000 0.000000 0.000000 0.109509
0.001117 0.000957
4
100.554319 82.668543
5.295000 9.953000 12.082942 50 1
0.000000 0.000000 0.000000 0.000000 0.102121
-0.001541 0.000106
4
366.778129 78.095467
5.295000 9.953000 12.082942 80 1
0.000000 0.000000 0.000000 0.000000 0.033929
0.001511 -0.001127
1
416.109489 166.516767
5.295000 9.953000 12.082942 47 2
0.065880 0.000000 0.000000 0.000000 0.027393
0.000910 -0.000895
4
289.185905 34.918407
5.295000 9.953000 12.082942 64 1
0.000000 0.000000 0.000000 0.000000 0.057555
0.000053 -0.000555
4
179.618243 467.091948
5.295000 9.953000 12.082942 50 1
0.000000 0.000000 0.000000 0.000000 0.091312
-0.000297 0.001051
4
301.591775 20.627425
5.295000 9.953000 12.082942 66 1
0.000000 0.000000 0.000000 0.000000 0.067373
-0.000052 -0.000573
4
295.549540 52.670458
5.295000 9.953000 12.082942 71 1
0.000000 0.000000 0.000000 0.000000 0.043524
0.000150 -0.000473
4
16.439661 319.162570
5.295000 9.953000 12.082942 64 1
0.000000 0.000000 0.000000 0.000000 0.134318
-0.001101 -0.000082
4
337.558134 101.553541
5.295000 9.953000 12.082942 77 1
0.000000 0.000000 0.000000 0.000000 0.024433
0.000669 -0.001497
4
381.990667 235.224136
5.295000 9.953000 12.082942 69 1
0.000000 0.000000 0.000000 0.000000 0.040499
0.001175 -0.000489
4
325.019419 216.570519
5.295000 9.953000 12.082942 77 1
0.000000 0.000000 0.000000 0.000000 0.037849
0.000607 0.004711
4
263.572126 14.221630
5.295000 9.953000 12.082942 61 1
0.000000 0.000000 0.000000 0.000000 0.082872
0.000157 -0.000799
4
448.179815 351.910616
5.295000 9.953000 12.082942 56 1
0.000000 0.000000 0.000000 0.000000 0.092830
0.000793 0.001686
4
393.946371 342.947282
5.295000 9.953000 12.082942 75 1
0.000000 0.000000 0.000000 0.000000 0.063496
0.000876 0.000739
4
344.988153 46.654052
5.295000 9.953000 12.082942 66 1
0.000000 0.000000 0.000000 0.000000 0.072148
0.000138 -0.001249
1
320.485549 24.492375
5.295000 9.953000 12.082942 58 2
0.065880 0.000000 0.000000 0.000000 0.057828
-0.000230 -0.000702
1
481.391927 159.813508
5.295000 9.953000 12.082942 73 2
0.065880 0.000000 0.000000 0.000000 0.231505
0.000731 -0.001177
1
112.171698 48.804586
5.295000 9.953000 12.082942 80 2
0.065880 0.000000 0.000000 0.000000 0.271088
0.000555 0.002051
2
83.616395 75.047173
5.295000 9.953000 12.082942 91 1
0.065880 0.000000 0.000000 0.000000 0.229713
-0.000928 -0.001532
1
73.057535 422.730120
5.295000 9.953000 12.082942 92 2
0.065880 0.000000 0.000000 0.000000 0.211270
-0.003799 -0.002176
