500.000000 500.000000
669 46
180 669
1
373.338113 284.476658
5.295000 9.953000 12.082942 46 2
0.065880 0.000000 0.000000 0.000000 0.077599
0.008316 -0.003841
4
412.816544 397.117820
5.295000 9.953000 12.082942 38 1
0.000000 0.000000 0.000000 0.000000 0.113270
0.004418 0.014187
1
350.986530 377.399000
5.295000 9.953000 12.082942 20 2
0.065880 0.000000 0.000000 0.000000 0.096387
0.004262 0.006790
1
214.078140 348.940175
5.295000 9.953000 12.082942 0 1
0.065880 0.000000 0.000000 0.000000 0.066280
-0.002359 0.003837
4
257.785525 426.549422
5.295000 9.953000 12.082942 44 1
0.000000 0.000000 0.000000 0.000000 0.073661
0.000546 0.008048
4
60.639784 349.776881
5.295000 9.953000 12.082942 38 1
0.000000 0.000000 0.000000 0.000000 0.089834
-0.009838 0.009009
4
334.505778 255.720794
5.295000 9.953000 12.082942 40 1
0.000000 0.000000 0.000000 0.000000 0.109904
0.007195 0.017937
4
182.802590 314.394821
5.295000 9.953000 12.082942 41 1
0.000000 0.000000 0.000000 0.000000 0.067297
-0.004323 0.002158
4
122.708870 347.725028
5.295000 9.953000 12.082942 44 1
0.000000 0.000000 0.000000 0.000000 0.056315
-0.005646 0.003609
1
240.145722 57.854140
5.295000 9.953000 12.082942 34 2
0.065880 0.000000 0.000000 0.000000 0.134542
-0.004141 -0.007327
1
17.341580 206.990347
5.295000 9.953000 12.082942 32 2
0.065880 0.000000 0.000000 0.000000 0.106267
-0.009437 -0.000578
1
455.252181 161.796500
5.295000 9.953000 12.082942 23 2
0.065880 0.000000 0.000000 0.000000 0.123509
0.009949 -0.007633
4
248.245291 318.036727
5.295000 9.953000 12.082942 42 1
0.000000 0.000000 0.000000 0.000000 0.054914
-0.000130 0.004596
1
133.389435 301.195226
5.295000 9.953000 12.082942 40 2
0.065880 0.000000 0.000000 0.000000 0.063166
-0.007429 0.002159
1
97.199446 139.601804
5.295000 9.953000 12.082942 29 2
0.065880 0.000000 0.000000 0.000000 0.056623
-0.006616 -0.005497
1
155.613300 440.753484
5.295000 9.953000 12.082942 22 2
0.065880 0.000000 0.000000 0.000000 0.124963
-0.003617 0.004354
1
420.270788 126.334162
5.295000 9.953000 12.082942 0 1
0.065880 0.000000 0.000000 0.000000 0.088786
0.006751 -0.006498
1
368.705303 37.059313
5.295000 9.953000 12.082942 0 1
0.065880 0.000000 0.000000 0.000000 0.283167
0.007727 -0.013630
1
239.672118 131.426603
5.295000 9.953000 12.082942 19 2
0.065880 0.000000 0.000000 0.000000 0.099530
-0.003860 -0.004778
1
402.939493 293.935588
5.295000 9.953000 12.082942 0 1
0.065880 0.000000 0.000000 0.000000 0.119567
0.008177 0.001281
1
259.157563 281.793358
5.295000 9.953000 12.082942 41 2
0.065880 0.000000 0.000000 0.000000 0.051468
0.002145 0.006734
4
321.750472 135.638549
5.295000 9.953000 12.082942 37 1
0.000000 0.000000 0.000000 0.000000 0.098620
0.006916 -0.005496
1
304.742099 292.706384
5.295000 9.953000 12.082942 19 2
0.065880 0.000000 0.000000 0.000000 0.059742
0.001407 -0.002485
4
241.241366 364.105797
5.295000 9.953000 12.082942 34 1
0.000000 0.000000 0.000000 0.000000 0.097182
-0.000733 0.005350
1
339.912984 436.875198
5.295000 9.953000 12.082942 30 2
0.065880 0.000000 0.000000 0.000000 0.070278
-0.000193 0.011112
1
194.545043 409.755449
5.295000 9.953000 12.082942 0 1
0.065880 0.000000 0.000000 0.000000 0.054437
-0.001805 0.006604
1
423.265592 180.527668
5.295000 9.953000 12.082942 32 2
0.065880 0.000000 0.000000 0.000000 0.077317
0.009095 -0.005002
1
435.043100 356.651166
5.295000 9.953000 12.082942 0 1
0.065880 0.000000 0.000000 0.000000 0.112296
-0.007820 0.027039
1
461.290531 218.062487
5.295000 9.953000 12.082942 23 2
0.065880 0.000000 0.000000 0.000000 0.120617
0.011332 0.000491
5
30.352568 368.574872
4.750685 8.929853 10.840841 33 1
0.065880 0.000000 0.000000 0.000000 0.293706
-0.012624 0.014691
1
351.813139 457.489815
5.295000 9.953000 12.082942 0 1
0.065880 0.000000 0.000000 0.000000 0.081181
0.018350 0.016790
1
257.922969 458.784815
5.295000 9.953000 12.082942 23 2
0.065880 0.000000 0.000000 0.000000 0.073527
-0.002183 0.010238
1
321.027681 386.500036
5.295000 9.953000 12.082942 20 2
0.065880 0.000000 0.000000 0.000000 0.072715
0.001159 0.008063
1
395.073459 263.352602
5.295000 9.953000 12.082942 37 2
0.065880 0.000000 0.000000 0.000000 0.083382
0.015809 0.001191
1
67.585087 196.327169
5.295000 9.953000 12.082942 21 2
0.065880 0.000000 0.000000 0.000000 0.058454
-0.009409 -0.005179
1
249.914993 379.208513
5.295000 9.953000 12.082942 29 2
0.065880 0.000000 0.000000 0.000000 0.087142
-0.000309 0.006111
4
65.035209 214.042977
5.295000 9.953000 12.082942 33 1
0.000000 0.000000 0.000000 0.000000 0.109396
-0.006332 -0.003781
4
309.361731 399.276291
5.295000 9.953000 12.082942 44 1
0.000000 0.000000 0.000000 0.000000 0.075688
0.001101 0.010009
4
81.636575 167.751269
5.295000 9.953000 12.082942 46 1
0.000000 0.000000 0.000000 0.000000 0.064196
-0.005998 -0.004533
5
386.872605 239.003680
4.625609 8.694746 10.555422 34 1
0.065880 0.000000 0.000000 0.000000 0.096746
0.023376 -0.027057
4
109.046734 299.293132
5.295000 9.953000 12.082942 38 1
0.000000 0.000000 0.000000 0.000000 0.055760
-0.009330 0.002382
1
203.414352 99.775749
5.295000 9.953000 12.082942 0 1
0.065880 0.000000 0.000000 0.000000 0.067670
-0.006657 -0.008610
4
355.981034 286.385814
5.295000 9.953000 12.082942 45 1
0.000000 0.000000 0.000000 0.000000 0.082870
0.004508 -0.001209
4
374.760067 155.715456
5.295000 9.953000 12.082942 46 1
0.000000 0.000000 0.000000 0.000000 0.069686
0.006669 -0.004435
1
291.780388 474.742807
5.295000 9.953000 12.082942 30 2
0.065880 0.000000 0.000000 0.000000 0.068847
0.001463 0.009466
4
252.253934 118.346655
5.295000 9.953000 12.082942 39 1
0.000000 0.000000 0.000000 0.000000 0.098260
-0.003609 -0.004973
1
223.022487 364.213488
5.295000 9.953000 12.082942 0 1
0.065880 0.000000 0.000000 0.000000 0.055355
-0.001582 0.004856
4
318.531097 200.366113
5.295000 9.953000 12.082942 38 1
0.000000 0.000000 0.000000 0.000000 0.098267
0.027441 0.009200
1
385.553088 297.800183
5.295000 9.953000 12.082942 20 2
0.065880 0.000000 0.000000 0.000000 0.081688
0.005951 -0.000769
1
80.967828 148.911162
5.295000 9.953000 12.082942 20 2
0.065880 0.000000 0.000000 0.000000 0.055481
-0.005529 -0.002674
1
308.951576 237.376397
5.295000 9.953000 12.082942 0 1
0.065880 0.000000 0.000000 0.000000 0.071758
0.030526 0.004628
1
477.834665 271.961116
5.295000 9.953000 12.082942 40 2
0.065880 0.000000 0.000000 0.000000 0.163839
0.006773 -0.003035
4
389.895236 146.647086
5.295000 9.953000 12.082942 38 1
0.000000 0.000000 0.000000 0.000000 0.066178
0.006375 -0.008451
1
154.371724 324.308366
5.295000 9.953000 12.082942 26 2
0.065880 0.000000 0.000000 0.000000 0.070180
-0.006378 0.002578
4
134.668514 207.089886
5.295000 9.953000 12.082942 34 1
0.000000 0.000000 0.000000 0.000000 0.067867
-0.005653 -0.000309
4
259.420348 363.524362
5.295000 9.953000 12.082942 32 1
0.000000 0.000000 0.000000 0.000000 0.101424
-0.000025 0.005687
4
416.867346 89.544512
5.295000 9.953000 12.082942 38 1
0.000000 0.000000 0.000000 0.000000 0.144378
0.009219 -0.006930
1
147.564271 472.292103
5.295000 9.953000 12.082942 26 2
0.065880 0.000000 0.000000 0.000000 0.246776
-0.001192 0.004384
1
235.444784 303.315229
5.295000 9.953000 12.082942 46 2
0.065880 0.000000 0.000000 0.000000 0.061120
-0.003596 0.001553
4
17.970878 226.058495
5.295000 9.953000 12.082942 39 1
0.000000 0.000000 0.000000 0.000000 0.081067
-0.009395 -0.000505
1
112.065114 111.404544
5.295000 9.953000 12.082942 20 2
0.065880 0.000000 0.000000 0.000000 0.069864
-0.006855 -0.007115
4
295.782555 492.759650
5.295000 9.953000 12.082942 39 1
0.000000 0.000000 0.000000 0.000000 0.121143
-0.006411 0.011646
1
399.380867 360.992876
5.295000 9.953000 12.082942 27 2
0.065880 0.000000 0.000000 0.000000 0.122842
-0.003074 0.003577
1
486.151631 196.144002
5.295000 9.953000 12.082942 21 2
0.065880 0.000000 0.000000 0.000000 0.220208
0.008548 -0.001698
1
25.888925 335.093572
5.295000 9.953000 12.082942 30 2
0.065880 0.000000 0.000000 0.000000 0.308849
-0.003272 0.005604
4
141.433638 372.875328
5.295000 9.953000 12.082942 34 1
0.000000 0.000000 0.000000 0.000000 0.089573
-0.003940 0.004822
1
162.862416 483.118860
5.295000 9.953000 12.082942 42 2
0.065880 0.000000 0.000000 0.000000 0.274210
-0.008199 0.016906
4
173.643698 120.751489
5.295000 9.953000 12.082942 42 1
0.000000 0.000000 0.000000 0.000000 0.065597
-0.006246 -0.004529
1
464.947838 305.531540
5.295000 9.953000 12.082942 40 2
0.065880 0.000000 0.000000 0.000000 0.090534
0.020848 0.007329
1
167.129777 392.911194
5.295000 9.953000 12.082942 25 2
0.065880 0.000000 0.000000 0.000000 0.062264
-0.002035 0.004989
4
93.192925 310.921723
5.295000 9.953000 12.082942 40 1
0.000000 0.000000 0.000000 0.000000 0.081856
-0.009969 0.003608
4
109.031482 65.983816
5.295000 9.953000 12.082942 42 1
0.000000 0.000000 0.000000 0.000000 0.198017
-0.006279 -0.001052
4
68.454000 250.176095
5.295000 9.953000 12.082942 39 1
0.000000 0.000000 0.000000 0.000000 0.100395
-0.006800 -0.001080
1
209.813552 82.946515
5.295000 9.953000 12.082942 41 2
0.065880 0.000000 0.000000 0.000000 0.076799
0.000995 -0.007246
4
65.608736 159.063954
5.295000 9.953000 12.082942 33 1
0.000000 0.000000 0.000000 0.000000 0.066602
-0.007305 -0.003919
4
150.099785 306.351325
5.295000 9.953000 12.082942 37 1
0.000000 0.000000 0.000000 0.000000 0.074135
-0.006556 0.002232
4
21.597639 263.947520
5.295000 9.953000 12.082942 42 1
0.000000 0.000000 0.000000 0.000000 0.082185
-0.006692 -0.001360
5
174.782215 469.687957
5.091141 9.569807 11.617745 30 1
0.065880 0.000000 0.000000 0.000000 0.124408
-0.008211 0.013511
4
380.711735 190.041540
5.295000 9.953000 12.082942 45 1
0.000000 0.000000 0.000000 0.000000 0.066517
-0.004372 0.003999
4
120.960702 312.420758
5.295000 9.953000 12.082942 34 1
0.000000 0.000000 0.000000 0.000000 0.082748
-0.008602 0.002549
1
380.546084 207.459560
5.295000 9.953000 12.082942 25 2
0.065880 0.000000 0.000000 0.000000 0.085283
0.009030 0.008287
1
198.873493 299.333656
5.295000 9.953000 12.082942 28 2
0.065880 0.000000 0.000000 0.000000 0.069276
-0.004566 0.000833
1
203.215475 425.365012
5.295000 9.953000 12.082942 42 2
0.065880 0.000000 0.000000 0.000000 0.054384
-0.002007 0.008059
1
265.419620 251.050419
5.295000 9.953000 12.082942 0 1
0.065880 0.000000 0.000000 0.000000 0.054039
-0.001655 -0.002462
1
458.832326 378.433314
5.295000 9.953000 12.082942 21 2
0.065880 0.000000 0.000000 0.000000 0.153311
-0.004272 -0.001394
4
364.214519 410.013791
5.295000 9.953000 12.082942 44 1
0.000000 0.000000 0.000000 0.000000 0.062955
0.004348 0.007120
4
177.857936 345.648597
5.295000 9.953000 12.082942 43 1
0.000000 0.000000 0.000000 0.000000 0.073444
-0.004409 0.002925
4
402.299109 100.679562
5.295000 9.953000 12.082942 40 1
0.000000 0.000000 0.000000 0.000000 0.118490
0.006790 -0.008097
4
292.924063 278.093292
5.295000 9.953000 12.082942 41 1
0.000000 0.000000 0.000000 0.000000 0.081383
0.004848 0.004503
4
421.997240 144.411375
5.295000 9.953000 12.082942 45 1
0.000000 0.000000 0.000000 0.000000 0.066621
0.007211 -0.005603
4
106.879590 281.309204
5.295000 9.953000 12.082942 46 1
0.000000 0.000000 0.000000 0.000000 0.059803
-0.007900 0.001644
1
470.379524 353.290299
5.295000 9.953000 12.082942 33 2
0.065880 0.000000 0.000000 0.000000 0.128811
0.007103 0.003419
1
377.193711 172.916644
5.295000 9.953000 12.082942 25 2
0.065880 0.000000 0.000000 0.000000 0.060045
0.011471 -0.004812
2
374.685730 331.049015
5.295000 9.953000 12.082942 38 1
0.065880 0.000000 0.000000 0.000000 0.144446
0.002840 0.002015
1
115.715187 432.178511
5.295000 9.953000 12.082942 0 1
0.065880 0.000000 0.000000 0.000000 0.108364
-0.006299 0.004829
1
394.472179 448.697805
5.295000 9.953000 12.082942 25 2
0.065880 0.000000 0.000000 0.000000 0.138575
0.005490 0.004266
1
97.350042 423.958081
5.295000 9.953000 12.082942 25 2
0.065880 0.000000 0.000000 0.000000 0.138427
-0.007105 0.004336
1
156.714186 229.108998
5.295000 9.953000 12.082942 21 2
0.065880 0.000000 0.000000 0.000000 0.047762
-0.004298 -0.000648
1
454.044316 142.471949
5.295000 9.953000 12.082942 21 2
0.065880 0.000000 0.000000 0.000000 0.129832
0.008361 -0.006135
4
439.988399 373.852332
5.295000 9.953000 12.082942 44 1
0.000000 0.000000 0.000000 0.000000 0.110253
0.027652 0.023764
1
271.842324 43.350929
5.295000 9.953000 12.082942 0 1
0.065880 0.000000 0.000000 0.000000 0.258847
-0.001285 -0.009873
1
33.616628 215.862200
5.295000 9.953000 12.082942 20 2
0.065880 0.000000 0.000000 0.000000 0.064515
-0.008256 -0.002126
1
318.399562 224.811227
5.295000 9.953000 12.082942 19 2
0.065880 0.000000 0.000000 0.000000 0.069686
-0.038232 0.063028
4
186.743800 266.022199
5.295000 9.953000 12.082942 42 1
0.000000 0.000000 0.000000 0.000000 0.076890
-0.004252 0.000005
1
258.239473 394.657058
5.295000 9.953000 12.082942 30 2
0.065880 0.000000 0.000000 0.000000 0.067278
-0.000103 0.007001
1
65.969907 83.042405
5.295000 9.953000 12.082942 0 1
0.065880 0.000000 0.000000 0.000000 0.454671
-0.009659 -0.006610
1
262.051733 234.013975
5.295000 9.953000 12.082942 27 2
0.065880 0.000000 0.000000 0.000000 0.052907
0.000238 -0.004761
1
248.798725 442.747774
5.295000 9.953000 12.082942 19 2
0.065880 0.000000 0.000000 0.000000 0.068004
-0.000622 0.008092
1
399.984659 81.891021
5.295000 9.953000 12.082942 35 2
0.065880 0.000000 0.000000 0.000000 0.092233
0.009167 -0.007218
5
317.926877 450.761047
5.195070 9.765163 11.854907 29 1
0.065880 0.000000 0.000000 0.000000 0.069943
0.009562 0.010611
1
303.230304 11.297261
5.295000 9.953000 12.082942 0 1
0.065880 0.000000 0.000000 0.000000 0.145902
0.004206 -0.011932
1
300.348151 262.030158
5.295000 9.953000 12.082942 24 2
0.065880 0.000000 0.000000 0.000000 0.062121
-0.007577 -0.002864
5
477.368578 317.569289
4.625609 8.694746 10.555422 34 1
0.065880 0.000000 0.000000 0.000000 0.088623
0.017548 0.010889
1
241.989572 8.167586
5.295000 9.953000 12.082942 19 2
0.065880 0.000000 0.000000 0.000000 0.233517
-0.009483 -0.012836
5
114.883039 49.203870
4.625609 8.694746 10.555422 34 1
0.065880 0.000000 0.000000 0.000000 0.417001
-0.005593 -0.001867
4
103.375084 212.259173
5.295000 9.953000 12.082942 33 1
0.000000 0.000000 0.000000 0.000000 0.086107
-0.008564 -0.002648
4
162.724209 39.072242
5.295000 9.953000 12.082942 38 1
0.000000 0.000000 0.000000 0.000000 0.135948
-0.003391 -0.008788
1
394.362870 397.485818
5.295000 9.953000 12.082942 24 2
0.065880 0.000000 0.000000 0.000000 0.076290
0.004979 0.005593
4
160.399701 181.970686
5.295000 9.953000 12.082942 36 1
0.000000 0.000000 0.000000 0.000000 0.069967
-0.004840 -0.001671
4
364.917134 199.591079
5.295000 9.953000 12.082942 36 1
0.000000 0.000000 0.000000 0.000000 0.080731
-0.002881 -0.008802
1
2.564578 236.828018
5.295000 9.953000 12.082942 19 2
0.065880 0.000000 0.000000 0.000000 0.078258
-0.006628 0.007582
4
295.204863 161.473055
5.295000 9.953000 12.082942 43 1
0.000000 0.000000 0.000000 0.000000 0.060707
0.002490 -0.006187
4
257.892138 88.401225
5.295000 9.953000 12.082942 42 1
0.000000 0.000000 0.000000 0.000000 0.103766
-0.001990 -0.005863
4
215.387651 318.454962
5.295000 9.953000 12.082942 46 1
0.000000 0.000000 0.000000 0.000000 0.059837
-0.001471 0.002233
1
175.947523 24.608366
5.295000 9.953000 12.082942 26 2
0.065880 0.000000 0.000000 0.000000 0.165678
-0.003712 -0.007411
1
4.346300 256.611235
5.295000 9.953000 12.082942 23 2
0.065880 0.000000 0.000000 0.000000 0.075805
-0.006492 -0.003829
4
39.043316 271.051573
5.295000 9.953000 12.082942 35 1
0.000000 0.000000 0.000000 0.000000 0.092274
-0.006958 -0.000241
4
292.955416 227.629556
5.295000 9.953000 12.082942 34 1
0.000000 0.000000 0.000000 0.000000 0.074014
0.010704 -0.003333
1
42.033688 288.858476
5.295000 9.953000 12.082942 23 2
0.065880 0.000000 0.000000 0.000000 0.086633
-0.008658 0.000817
1
287.419721 126.206498
5.295000 9.953000 12.082942 36 2
0.065880 0.000000 0.000000 0.000000 0.061194
0.000452 -0.005128
1
138.426856 273.079674
5.295000 9.953000 12.082942 29 2
0.065880 0.000000 0.000000 0.000000 0.064022
-0.005963 0.000905
4
267.906998 378.836508
5.295000 9.953000 12.082942 31 1
0.000000 0.000000 0.000000 0.000000 0.098172
0.000097 0.006295
4
209.569375 19.988872
5.295000 9.953000 12.082942 34 1
0.000000 0.000000 0.000000 0.000000 0.130594
-0.006429 -0.016203
1
133.357535 155.714829
5.295000 9.953000 12.082942 26 2
0.065880 0.000000 0.000000 0.000000 0.061556
-0.006508 -0.001939
4
231.071397 410.451456
5.295000 9.953000 12.082942 39 1
0.000000 0.000000 0.000000 0.000000 0.081130
-0.000927 0.006738
4
53.800595 260.485264
5.295000 9.953000 12.082942 38 1
0.000000 0.000000 0.000000 0.000000 0.097074
-0.006544 -0.000265
4
177.025475 138.331559
5.295000 9.953000 12.082942 44 1
0.000000 0.000000 0.000000 0.000000 0.071603
-0.005318 -0.003897
1
258.450849 332.677684
5.295000 9.953000 12.082942 21 2
0.065880 0.000000 0.000000 0.000000 0.063219
0.000333 0.004536
1
221.834256 127.444849
5.295000 9.953000 12.082942 29 2
0.065880 0.000000 0.000000 0.000000 0.092281
-0.004958 -0.005442
1
418.876191 420.993030
5.295000 9.953000 12.082942 0 1
0.065880 0.000000 0.000000 0.000000 0.122283
0.005782 0.004926
4
366.432875 216.525253
5.295000 9.953000 12.082942 40 1
0.000000 0.000000 0.000000 0.000000 0.120091
0.000876 0.000978
4
229.861912 223.144225
5.295000 9.953000 12.082942 35 1
0.000000 0.000000 0.000000 0.000000 0.069106
-0.001334 -0.005232
1
321.986683 289.541543
5.295000 9.953000 12.082942 38 2
0.065880 0.000000 0.000000 0.000000 0.082261
0.000654 0.001294
1
281.710884 312.426832
5.295000 9.953000 12.082942 21 2
0.065880 0.000000 0.000000 0.000000 0.067530
-0.000236 0.001491
4
326.507249 239.815969
5.295000 9.953000 12.082942 39 1
0.000000 0.000000 0.000000 0.000000 0.082227
-0.002949 0.007609
1
97.673143 176.145650
5.295000 9.953000 12.082942 0 1
0.065880 0.000000 0.000000 0.000000 0.048063
-0.005836 -0.004032
4
193.588941 76.081866
5.295000 9.953000 12.082942 46 1
0.000000 0.000000 0.000000 0.000000 0.071022
-0.000768 -0.004098
1
151.782866 211.758235
5.295000 9.953000 12.082942 0 1
0.065880 0.000000 0.000000 0.000000 0.055781
-0.004399 -0.000267
1
148.340850 423.845049
5.295000 9.953000 12.082942 40 2
0.065880 0.000000 0.000000 0.000000 0.071048
-0.004046 0.004504
1
218.799235 109.001731
5.295000 9.953000 12.082942 38 2
0.065880 0.000000 0.000000 0.000000 0.079231
-0.005618 -0.007282
1
138.069566 354.618861
5.295000 9.953000 12.082942 23 2
0.065880 0.000000 0.000000 0.000000 0.054040
-0.004556 0.003912
4
125.852228 401.815554
5.295000 9.953000 12.082942 46 1
0.000000 0.000000 0.000000 0.000000 0.084265
-0.005558 0.004904
1
401.096742 415.273795
5.295000 9.953000 12.082942 0 1
0.065880 0.000000 0.000000 0.000000 0.081294
0.005693 0.004708
4
107.030907 321.918878
5.295000 9.953000 12.082942 36 1
0.000000 0.000000 0.000000 0.000000 0.070949
-0.009143 0.003863
1
239.800122 84.781032
5.295000 9.953000 12.082942 0 1
0.065880 0.000000 0.000000 0.000000 0.113047
-0.001212 -0.007647
4
56.782684 278.173926
5.295000 9.953000 12.082942 31 1
0.000000 0.000000 0.000000 0.000000 0.104508
-0.007604 0.001291
1
213.586170 379.292943
5.295000 9.953000 12.082942 0 1
0.065880 0.000000 0.000000 0.000000 0.061510
-0.001452 0.005323
1
297.300680 424.809983
5.295000 9.953000 12.082942 0 1
0.065880 0.000000 0.000000 0.000000 0.082831
-0.003782 0.006604
1
167.442907 86.661032
5.295000 9.953000 12.082942 41 2
0.065880 0.000000 0.000000 0.000000 0.091669
-0.001136 -0.008543
5
335.780945 202.026087
4.625609 8.694746 10.555422 34 1
0.065880 0.000000 0.000000 0.000000 0.092706
-0.057034 0.083615
4
59.615831 295.774296
5.295000 9.953000 12.082942 43 1
0.000000 0.000000 0.000000 0.000000 0.085159
-0.009366 0.002863
1
370.023763 347.762787
5.295000 9.953000 12.082942 0 1
0.065880 0.000000 0.000000 0.000000 0.154190
0.002445 0.003787
1
474.650308 290.066207
5.295000 9.953000 12.082942 0 1
0.065880 0.000000 0.000000 0.000000 0.111044
0.010082 -0.001537
4
353.923441 227.287210
5.295000 9.953000 12.082942 41 1
0.000000 0.000000 0.000000 0.000000 0.108426
-0.009348 0.003370
4
225.608483 491.422457
5.295000 9.953000 12.082942 46 1
0.000000 0.000000 0.000000 0.000000 0.087057
-0.002867 0.012444
1
274.734710 467.012534
5.295000 9.953000 12.082942 21 2
0.065880 0.000000 0.000000 0.000000 0.064678
0.001888 0.002400
1
450.215979 203.471907
5.295000 9.953000 12.082942 22 2
0.065880 0.000000 0.000000 0.000000 0.138779
0.007108 0.000675
1
343.939649 361.601095
5.295000 9.953000 12.082942 46 2
0.065880 0.000000 0.000000 0.000000 0.100025
0.001828 0.006335
4
168.863467 263.128913
5.295000 9.953000 12.082942 32 1
0.000000 0.000000 0.000000 0.000000 0.082753
-0.004795 0.000326
1
265.637368 169.693504
5.295000 9.953000 12.082942 19 2
0.065880 0.000000 0.000000 0.000000 0.056166
0.001512 -0.005308
4
316.155547 306.748691
5.295000 9.953000 12.082942 41 1
0.000000 0.000000 0.000000 0.000000 0.062980
0.000920 0.000554
4
148.045052 194.801517
5.295000 9.953000 12.082942 29 1
0.000000 0.000000 0.000000 0.000000 0.064871
-0.005404 -0.000626
4
205.911337 333.189071
5.295000 9.953000 12.082942 39 1
0.000000 0.000000 0.000000 0.000000 0.072571
-0.002629 0.002675
1
257.325737 135.165919
5.295000 9.953000 12.082942 0 1
0.065880 0.000000 0.000000 0.000000 0.082163
-0.002577 -0.004758
1
17.663040 169.490063
5.295000 9.953000 12.082942 37 2
0.065880 0.000000 0.000000 0.000000 0.382989
-0.008009 -0.001761
4
174.975205 442.063007
5.295000 9.953000 12.082942 37 1
0.000000 0.000000 0.000000 0.000000 0.115491
-0.002348 0.007135
1
428.822467 319.559409
5.295000 9.953000 12.082942 0 1
0.065880 0.000000 0.000000 0.000000 0.168157
0.005743 0.005974
1
168.685477 56.318486
5.295000 9.953000 12.082942 0 1
0.065880 0.000000 0.000000 0.000000 0.079589
0.000818 -0.009860
1
193.845750 441.025804
5.295000 9.953000 12.082942 19 2
0.065880 0.000000 0.000000 0.000000 0.076217
-0.003055 0.009813
2
334.942603 23.488999
5.295000 9.953000 12.082942 46 1
0.065880 0.000000 0.000000 0.000000 0.211063
0.003311 -0.005993
4
77.536091 377.686685
5.295000 9.953000 12.082942 37 1
0.000000 0.000000 0.000000 0.000000 0.087356
-0.007486 0.004547
1
99.455636 246.000961
5.295000 9.953000 12.082942 25 2
0.065880 0.000000 0.000000 0.000000 0.058290
-0.006725 0.000037
1
422.209784 337.103132
5.295000 9.953000 12.082942 26 2
0.065880 0.000000 0.000000 0.000000 0.098221
0.010362 0.006178
4
198.853966 251.850208
5.295000 9.953000 12.082942 41 1
0.000000 0.000000 0.000000 0.000000 0.061703
-0.002865 -0.001073
1
138.903268 68.740607
5.295000 9.953000 12.082942 21 2
0.065880 0.000000 0.000000 0.000000 0.088180
-0.000775 -0.005946
4
238.567139 273.509301
5.295000 9.953000 12.082942 46 1
0.000000 0.000000 0.000000 0.000000 0.076349
-0.002744 -0.000250
1
227.818648 22.315588
5.295000 9.953000 12.082942 26 2
0.065880 0.000000 0.000000 0.000000 0.125325
-0.006569 -0.002777
4
182.163120 155.437325
5.295000 9.953000 12.082942 38 1
0.000000 0.000000 0.000000 0.000000 0.063099
-0.004548 -0.003581
4
71.485883 267.861622
5.295000 9.953000 12.082942 35 1
0.000000 0.000000 0.000000 0.000000 0.090293
-0.007472 0.000559
4
164.575957 150.569227
5.295000 9.953000 12.082942 45 1
0.000000 0.000000 0.000000 0.000000 0.051463
-0.005367 -0.002754
1
326.909683 403.620049
5.295000 9.953000 12.082942 22 2
0.065880 0.000000 0.000000 0.000000 0.075063
0.001586 0.008601
4
27.493082 300.399710
5.295000 9.953000 12.082942 39 1
0.000000 0.000000 0.000000 0.000000 0.165683
-0.010330 0.000441
1
237.230533 192.138104
5.295000 9.953000 12.082942 0 1
0.065880 0.000000 0.000000 0.000000 0.068851
0.005828 -0.005549
5
96.768035 102.561362
5.195070 9.765163 11.854907 29 1
0.065880 0.000000 0.000000 0.000000 0.096696
-0.009879 -0.004738
1
82.489353 434.900585
5.295000 9.953000 12.082942 28 2
0.065880 0.000000 0.000000 0.000000 0.316521
-0.007397 0.004319
1
429.704760 406.293791
5.295000 9.953000 12.082942 20 2
0.065880 0.000000 0.000000 0.000000 0.111398
0.011036 0.008780
1
445.059915 267.649942
5.295000 9.953000 12.082942 0 1
0.065880 0.000000 0.000000 0.000000 0.091248
0.004747 0.002870
4
277.491675 362.826405
5.295000 9.953000 12.082942 30 1
0.000000 0.000000 0.000000 0.000000 0.108376
0.000407 0.005966
4
207.441107 174.842496
5.295000 9.953000 12.082942 36 1
0.000000 0.000000 0.000000 0.000000 0.057085
-0.003138 -0.002418
4
222.286569 394.782733
5.295000 9.953000 12.082942 38 1
0.000000 0.000000 0.000000 0.000000 0.081348
-0.001101 0.006073
4
159.573405 376.260553
5.295000 9.953000 12.082942 42 1
0.000000 0.000000 0.000000 0.000000 0.078500
-0.002819 0.004503
4
238.873687 459.081118
5.295000 9.953000 12.082942 34 1
0.000000 0.000000 0.000000 0.000000 0.081103
-0.001143 0.007643
1
303.612984 80.959022
5.295000 9.953000 12.082942 21 2
0.065880 0.000000 0.000000 0.000000 0.146531
-0.002093 -0.009009
1
245.526388 228.831195
5.295000 9.953000 12.082942 0 1
0.065880 0.000000 0.000000 0.000000 0.055946
0.000741 -0.005213
1
217.025603 301.462259
5.295000 9.953000 12.082942 0 1
0.065880 0.000000 0.000000 0.000000 0.059589
-0.004293 0.000727
1
437.232967 283.734948
5.295000 9.953000 12.082942 34 2
0.065880 0.000000 0.000000 0.000000 0.114170
0.014834 0.009767
1
258.447330 216.542203
5.295000 9.953000 12.082942 19 2
0.065880 0.000000 0.000000 0.000000 0.046677
0.004749 -0.004200
1
261.680791 58.045225
5.295000 9.953000 12.082942 0 1
0.065880 0.000000 0.000000 0.000000 0.201144
-0.000119 -0.008151
4
216.842268 159.455684
5.295000 9.953000 12.082942 45 1
0.000000 0.000000 0.000000 0.000000 0.066608
-0.003347 -0.003710
1
345.048110 474.676468
5.295000 9.953000 12.082942 19 2
0.065880 0.000000 0.000000 0.000000 0.155383
-0.003862 0.010032
1
450.799270 105.026624
5.295000 9.953000 12.082942 0 1
0.065880 0.000000 0.000000 0.000000 0.412701
0.008726 -0.005574
1
267.948468 187.030790
5.295000 9.953000 12.082942 20 2
0.065880 0.000000 0.000000 0.000000 0.050107
0.005240 -0.004669
1
184.594985 219.228709
5.295000 9.953000 12.082942 23 2
0.065880 0.000000 0.000000 0.000000 0.056096
-0.000566 -0.001347
1
240.978678 334.064972
5.295000 9.953000 12.082942 21 2
0.065880 0.000000 0.000000 0.000000 0.056942
-0.000753 0.004787
1
448.600074 250.180225
5.295000 9.953000 12.082942 27 2
0.065880 0.000000 0.000000 0.000000 0.084327
0.004949 0.001159
4
204.982698 363.708834
5.295000 9.953000 12.082942 45 1
0.000000 0.000000 0.000000 0.000000 0.065631
-0.002041 0.004459
4
64.360156 121.117978
5.295000 9.953000 12.082942 44 1
0.000000 0.000000 0.000000 0.000000 0.098555
-0.003454 -0.003043
1
269.000175 267.690693
5.295000 9.953000 12.082942 24 2
0.065880 0.000000 0.000000 0.000000 0.052252
-0.006052 0.001932
4
114.087828 183.617974
5.295000 9.953000 12.082942 42 1
0.000000 0.000000 0.000000 0.000000 0.063305
-0.006363 -0.001930
4
123.445112 97.118545
5.295000 9.953000 12.082942 36 1
0.000000 0.000000 0.000000 0.000000 0.087030
-0.001503 -0.003563
1
157.031246 21.547501
5.295000 9.953000 12.082942 19 2
0.065880 0.000000 0.000000 0.000000 0.328146
-0.004960 -0.007844
4
420.727888 372.201114
5.295000 9.953000 12.082942 46 1
0.000000 0.000000 0.000000 0.000000 0.128597
0.020401 -0.000185
1
244.975841 148.092796
5.295000 9.953000 12.082942 0 1
0.065880 0.000000 0.000000 0.000000 0.072622
-0.002663 -0.004004
4
356.759972 332.215622
5.295000 9.953000 12.082942 45 1
0.000000 0.000000 0.000000 0.000000 0.132783
0.002209 0.002418
1
376.564353 444.252875
5.295000 9.953000 12.082942 26 2
0.065880 0.000000 0.000000 0.000000 0.080727
0.004187 0.006639
1
123.587275 330.201005
5.295000 9.953000 12.082942 0 1
0.065880 0.000000 0.000000 0.000000 0.055554
-0.008012 0.002861
1
437.163386 134.415272
5.295000 9.953000 12.082942 28 2
0.065880 0.000000 0.000000 0.000000 0.079507
0.007551 -0.005809
4
345.197201 407.295755
5.295000 9.953000 12.082942 41 1
0.000000 0.000000 0.000000 0.000000 0.085741
0.004323 0.007327
1
195.691546 188.496838
5.295000 9.953000 12.082942 23 2
0.065880 0.000000 0.000000 0.000000 0.046133
-0.004999 -0.002552
1
279.574519 59.957696
5.295000 9.953000 12.082942 39 2
0.065880 0.000000 0.000000 0.000000 0.194571
0.000386 -0.007925
1
267.290364 442.473427
5.295000 9.953000 12.082942 37 2
0.065880 0.000000 0.000000 0.000000 0.063744
-0.000058 0.009372
4
403.321247 118.636871
5.295000 9.953000 12.082942 41 1
0.000000 0.000000 0.000000 0.000000 0.107138
0.005664 -0.007625
1
320.853592 81.974353
5.295000 9.953000 12.082942 32 2
0.065880 0.000000 0.000000 0.000000 0.144917
-0.001748 -0.011767
4
129.705158 138.077209
5.295000 9.953000 12.082942 37 1
0.000000 0.000000 0.000000 0.000000 0.074751
-0.008565 -0.002622
1
355.006853 130.931674
5.295000 9.953000 12.082942 30 2
0.065880 0.000000 0.000000 0.000000 0.087139
0.005649 -0.005041
1
129.671593 420.047790
5.295000 9.953000 12.082942 0 1
0.065880 0.000000 0.000000 0.000000 0.065329
-0.005452 0.004722
1
418.297755 242.484074
5.295000 9.953000 12.082942 21 2
0.065880 0.000000 0.000000 0.000000 0.104749
0.009690 -0.002486
1
326.223129 270.975622
5.295000 9.953000 12.082942 19 2
0.065880 0.000000 0.000000 0.000000 0.071337
0.019487 0.023809
4
332.276510 420.599520
5.295000 9.953000 12.082942 37 1
0.000000 0.000000 0.000000 0.000000 0.089986
0.005545 0.007240
1
132.263217 51.314665
5.295000 9.953000 12.082942 0 1
0.065880 0.000000 0.000000 0.000000 0.106588
-0.003293 -0.006576
4
229.722410 240.432633
5.295000 9.953000 12.082942 43 1
0.000000 0.000000 0.000000 0.000000 0.068907
0.000852 -0.003525
4
216.576323 253.631956
5.295000 9.953000 12.082942 42 1
0.000000 0.000000 0.000000 0.000000 0.068239
-0.001658 -0.001990
1
386.341245 111.224250
5.295000 9.953000 12.082942 26 2
0.065880 0.000000 0.000000 0.000000 0.080063
0.003944 -0.008554
1
171.309310 103.558035
5.295000 9.953000 12.082942 0 1
0.065880 0.000000 0.000000 0.000000 0.054878
-0.005485 -0.005647
4
221.463672 270.559258
5.295000 9.953000 12.082942 31 1
0.000000 0.000000 0.000000 0.000000 0.103520
-0.002924 -0.000955
1
187.636394 59.050253
5.295000 9.953000 12.082942 20 2
0.065880 0.000000 0.000000 0.000000 0.063599
0.006483 -0.008575
4
311.836879 165.856181
5.295000 9.953000 12.082942 39 1
0.000000 0.000000 0.000000 0.000000 0.080774
0.002924 -0.005645
4
357.648341 148.486521
5.295000 9.953000 12.082942 36 1
0.000000 0.000000 0.000000 0.000000 0.086283
0.004280 -0.004106
1
480.271769 253.524556
5.295000 9.953000 12.082942 0 1
0.065880 0.000000 0.000000 0.000000 0.170414
0.011274 -0.002369
4
282.924594 258.131487
5.295000 9.953000 12.082942 38 1
0.000000 0.000000 0.000000 0.000000 0.075206
-0.004106 -0.005209
4
425.060312 271.636891
5.295000 9.953000 12.082942 36 1
0.000000 0.000000 0.000000 0.000000 0.135896
0.014890 0.005713
1
191.233050 236.566875
5.295000 9.953000 12.082942 0 1
0.065880 0.000000 0.000000 0.000000 0.050982
-0.004106 -0.001176
1
291.686616 143.727545
5.295000 9.953000 12.082942 21 2
0.065880 0.000000 0.000000 0.000000 0.062421
0.001138 -0.005801
1
128.765115 238.403573
5.295000 9.953000 12.082942 23 2
0.065880 0.000000 0.000000 0.000000 0.047156
-0.005438 0.000730
1
199.931584 158.610758
5.295000 9.953000 12.082942 0 1
0.065880 0.000000 0.000000 0.000000 0.069712
-0.003971 -0.003550
4
302.525992 442.571115
5.295000 9.953000 12.082942 34 1
0.000000 0.000000 0.000000 0.000000 0.098646
0.007435 0.004523
4
6.880348 275.648019
5.295000 9.953000 12.082942 46 1
0.000000 0.000000 0.000000 0.000000 0.077103
-0.007687 -0.002825
4
221.668911 425.901305
5.295000 9.953000 12.082942 41 1
0.000000 0.000000 0.000000 0.000000 0.072789
-0.001460 0.007289
4
194.036057 142.689570
5.295000 9.953000 12.082942 36 1
0.000000 0.000000 0.000000 0.000000 0.078328
-0.004513 -0.004436
4
215.933007 37.251241
5.295000 9.953000 12.082942 43 1
0.000000 0.000000 0.000000 0.000000 0.125901
0.002327 -0.017341
1
354.140499 113.034951
5.295000 9.953000 12.082942 30 2
0.065880 0.000000 0.000000 0.000000 0.094223
-0.002512 -0.005017
4
180.374389 249.828851
5.295000 9.953000 12.082942 41 1
0.000000 0.000000 0.000000 0.000000 0.063475
-0.004018 -0.000373
4
209.100365 481.665451
5.295000 9.953000 12.082942 37 1
0.000000 0.000000 0.000000 0.000000 0.110308
-0.001437 0.010038
4
160.348663 132.631620
5.295000 9.953000 12.082942 35 1
0.000000 0.000000 0.000000 0.000000 0.084478
-0.005991 -0.002935
1
147.167149 144.521395
5.295000 9.953000 12.082942 21 2
0.065880 0.000000 0.000000 0.000000 0.072567
-0.006474 -0.002080
1
188.608618 331.353289
5.295000 9.953000 12.082942 22 2
0.065880 0.000000 0.000000 0.000000 0.055990
-0.003718 0.002510
4
143.876130 177.634525
5.295000 9.953000 12.082942 44 1
0.000000 0.000000 0.000000 0.000000 0.062532
-0.005060 -0.000753
1
66.489651 177.936752
5.295000 9.953000 12.082942 19 2
0.065880 0.000000 0.000000 0.000000 0.061419
-0.008318 -0.005312
1
203.062060 463.587991
5.295000 9.953000 12.082942 23 2
0.065880 0.000000 0.000000 0.000000 0.082533
-0.000167 0.008328
1
187.420409 362.724051
5.295000 9.953000 12.082942 25 2
0.065880 0.000000 0.000000 0.000000 0.052806
-0.002288 0.004529
5
277.677406 26.375253
4.982786 9.366132 11.370484 31 1
0.065880 0.000000 0.000000 0.000000 0.377877
0.005554 -0.006779
1
47.195792 113.078492
5.295000 9.953000 12.082942 21 2
0.065880 0.000000 0.000000 0.000000 0.391635
0.002699 -0.008704
4
389.015606 430.161234
5.295000 9.953000 12.082942 46 1
0.000000 0.000000 0.000000 0.000000 0.062931
0.004739 0.005541
4
109.338939 376.150970
5.295000 9.953000 12.082942 39 1
0.000000 0.000000 0.000000 0.000000 0.076904
-0.005304 0.004449
1
264.194773 105.181152
5.295000 9.953000 12.082942 35 2
0.065880 0.000000 0.000000 0.000000 0.084691
-0.002638 -0.004729
1
91.839472 330.708732
5.295000 9.953000 12.082942 34 2
0.065880 0.000000 0.000000 0.000000 0.059914
-0.009125 0.005544
1
138.912191 87.322530
5.295000 9.953000 12.082942 33 2
0.065880 0.000000 0.000000 0.000000 0.070302
-0.002050 -0.005080
1
392.419153 54.311293
5.295000 9.953000 12.082942 0 1
0.065880 0.000000 0.000000 0.000000 0.239460
0.008022 -0.015924
1
66.160050 232.216344
5.295000 9.953000 12.082942 0 1
0.065880 0.000000 0.000000 0.000000 0.095795
-0.006414 -0.002606
1
75.902700 339.667845
5.295000 9.953000 12.082942 31 2
0.065880 0.000000 0.000000 0.000000 0.082151
-0.008136 0.008016
1
112.375399 233.827466
5.295000 9.953000 12.082942 22 2
0.065880 0.000000 0.000000 0.000000 0.051470
-0.005702 0.000435
4
150.954291 259.760398
5.295000 9.953000 12.082942 32 1
0.000000 0.000000 0.000000 0.000000 0.063948
-0.005116 0.000352
4
375.903277 395.775582
5.295000 9.953000 12.082942 44 1
0.000000 0.000000 0.000000 0.000000 0.070562
0.005755 0.005055
4
61.258126 313.571335
5.295000 9.953000 12.082942 42 1
0.000000 0.000000 0.000000 0.000000 0.084495
-0.011153 0.004396
1
185.669753 393.913840
5.295000 9.953000 12.082942 0 1
0.065880 0.000000 0.000000 0.000000 0.052965
-0.001792 0.005668
1
268.262774 347.531055
5.295000 9.953000 12.082942 21 2
0.065880 0.000000 0.000000 0.000000 0.071039
0.000549 0.005129
1
298.196705 179.138439
5.295000 9.953000 12.082942 41 2
0.065880 0.000000 0.000000 0.000000 0.057360
0.003959 -0.006393
1
308.528778 148.304798
5.295000 9.953000 12.082942 20 2
0.065880 0.000000 0.000000 0.000000 0.063538
0.003294 -0.006328
4
112.143024 165.617680
5.295000 9.953000 12.082942 36 1
0.000000 0.000000 0.000000 0.000000 0.073508
-0.004112 -0.003274
1
288.326718 209.775473
5.295000 9.953000 12.082942 24 2
0.065880 0.000000 0.000000 0.000000 0.054721
0.008737 -0.003661
1
328.020396 97.906075
5.295000 9.953000 12.082942 30 2
0.065880 0.000000 0.000000 0.000000 0.113068
0.003114 -0.015632
4
192.473150 282.747944
5.295000 9.953000 12.082942 46 1
0.000000 0.000000 0.000000 0.000000 0.068540
-0.004471 0.000410
5
258.816525 14.138413
4.625609 8.694746 10.555422 34 1
0.065880 0.000000 0.000000 0.000000 0.346549
-0.006703 -0.016095
1
293.025696 394.798398
5.295000 9.953000 12.082942 21 2
0.065880 0.000000 0.000000 0.000000 0.072153
0.001167 0.006236
4
81.991746 92.314535
5.295000 9.953000 12.082942 38 1
0.000000 0.000000 0.000000 0.000000 0.144135
-0.011625 -0.003037
1
294.646593 245.826700
5.295000 9.953000 12.082942 0 1
0.065880 0.000000 0.000000 0.000000 0.065782
-0.018314 0.005385
4
249.675912 164.686573
5.295000 9.953000 12.082942 43 1
0.000000 0.000000 0.000000 0.000000 0.065468
-0.000777 -0.004068
1
171.381069 328.482938
5.295000 9.953000 12.082942 25 2
0.065880 0.000000 0.000000 0.000000 0.053967
-0.005045 0.002621
4
143.642964 126.495494
5.295000 9.953000 12.082942 33 1
0.000000 0.000000 0.000000 0.000000 0.095139
-0.006530 -0.001908
1
333.211223 304.766849
5.295000 9.953000 12.082942 20 2
0.065880 0.000000 0.000000 0.000000 0.059535
0.001850 0.002993
1
410.221829 324.112433
5.295000 9.953000 12.082942 0 1
0.065880 0.000000 0.000000 0.000000 0.161046
0.006708 0.003551
1
107.961723 357.876921
5.295000 9.953000 12.082942 19 2
0.065880 0.000000 0.000000 0.000000 0.062677
-0.005738 0.004529
1
251.105667 71.825115
5.295000 9.953000 12.082942 0 1
0.065880 0.000000 0.000000 0.000000 0.113657
-0.001172 -0.007953
5
372.520091 83.888400
5.195070 9.765163 11.854907 29 1
0.065880 0.000000 0.000000 0.000000 0.097450
0.004595 -0.009926
1
300.113938 112.846548
5.295000 9.953000 12.082942 32 2
0.065880 0.000000 0.000000 0.000000 0.080022
0.000759 -0.005606
5
444.546015 327.033771
4.625609 8.694746 10.555422 34 1
0.065880 0.000000 0.000000 0.000000 0.089038
0.004056 0.011236
4
82.688379 239.550398
5.295000 9.953000 12.082942 43 1
0.000000 0.000000 0.000000 0.000000 0.067305
-0.006622 -0.001369
4
49.828907 224.273186
5.295000 9.953000 12.082942 32 1
0.000000 0.000000 0.000000 0.000000 0.102108
-0.006770 -0.003023
1
460.203589 278.414729
5.295000 9.953000 12.082942 45 2
0.065880 0.000000 0.000000 0.000000 0.112186
0.008759 -0.002760
1
183.613180 201.964549
5.295000 9.953000 12.082942 20 2
0.065880 0.000000 0.000000 0.000000 0.049626
-0.006654 -0.001839
4
295.715750 363.313521
5.295000 9.953000 12.082942 39 1
0.000000 0.000000 0.000000 0.000000 0.098573
0.000846 0.006279
1
78.544784 396.643828
5.295000 9.953000 12.082942 22 2
0.065880 0.000000 0.000000 0.000000 0.125432
-0.005333 0.004025
1
369.496672 461.403883
5.295000 9.953000 12.082942 0 1
0.065880 0.000000 0.000000 0.000000 0.159955
0.021673 0.015011
1
469.241477 130.401597
5.295000 9.953000 12.082942 0 1
0.065880 0.000000 0.000000 0.000000 0.247443
0.008608 -0.006352
4
309.835170 323.460437
5.295000 9.953000 12.082942 32 1
0.000000 0.000000 0.000000 0.000000 0.076029
0.001093 0.001723
1
133.553394 255.895935
5.295000 9.953000 12.082942 36 2
0.065880 0.000000 0.000000 0.000000 0.057822
-0.005755 0.000672
4
96.694248 121.177849
5.295000 9.953000 12.082942 40 1
0.000000 0.000000 0.000000 0.000000 0.074947
-0.007603 -0.006197
1
419.961874 289.023295
5.295000 9.953000 12.082942 21 2
0.065880 0.000000 0.000000 0.000000 0.108092
0.012024 0.005880
1
349.532978 210.688172
5.295000 9.953000 12.082942 0 1
0.065880 0.000000 0.000000 0.000000 0.093156
0.002893 0.007454
1
473.372833 166.538506
5.295000 9.953000 12.082942 24 2
0.065880 0.000000 0.000000 0.000000 0.305382
0.010269 -0.004214
1
177.509841 377.980371
5.295000 9.953000 12.082942 0 1
0.065880 0.000000 0.000000 0.000000 0.052627
-0.002167 0.004882
1
79.916146 415.794429
5.295000 9.953000 12.082942 37 2
0.065880 0.000000 0.000000 0.000000 0.155338
-0.006134 0.004415
4
61.899216 387.707949
5.295000 9.953000 12.082942 44 1
0.000000 0.000000 0.000000 0.000000 0.123564
-0.006297 0.006948
4
436.250665 192.241705
5.295000 9.953000 12.082942 37 1
0.000000 0.000000 0.000000 0.000000 0.127794
0.011779 -0.007252
1
275.489820 425.392642
5.295000 9.953000 12.082942 0 1
0.065880 0.000000 0.000000 0.000000 0.068562
0.001933 0.009292
1
249.108708 410.587281
5.295000 9.953000 12.082942 28 2
0.065880 0.000000 0.000000 0.000000 0.077263
-0.000316 0.007186
5
345.197203 98.697062
4.750685 8.929853 10.840841 33 1
0.065880 0.000000 0.000000 0.000000 0.124486
0.007443 -0.012073
4
77.225240 321.201307
5.295000 9.953000 12.082942 31 1
0.000000 0.000000 0.000000 0.000000 0.097039
-0.010635 0.005829
1
293.151671 95.272984
5.295000 9.953000 12.082942 0 1
0.065880 0.000000 0.000000 0.000000 0.112945
-0.000313 -0.005177
1
82.963593 186.422441
5.295000 9.953000 12.082942 20 2
0.065880 0.000000 0.000000 0.000000 0.049621
-0.007900 -0.005080
4
45.443356 359.966126
5.295000 9.953000 12.082942 39 1
0.000000 0.000000 0.000000 0.000000 0.155508
-0.013982 0.008480
1
348.097666 67.315902
5.295000 9.953000 12.082942 43 2
0.065880 0.000000 0.000000 0.000000 0.259349
0.014225 -0.002897
4
225.603605 178.083718
5.295000 9.953000 12.082942 35 1
0.000000 0.000000 0.000000 0.000000 0.076968
-0.002794 0.000303
2
316.418716 24.550640
5.295000 9.953000 12.082942 40 1
0.065880 0.000000 0.000000 0.000000 0.138751
0.001501 -0.008368
1
318.893598 116.813148
5.295000 9.953000 12.082942 20 2
0.065880 0.000000 0.000000 0.000000 0.089645
0.000110 -0.002938
1
435.483014 115.812167
5.295000 9.953000 12.082942 30 2
0.065880 0.000000 0.000000 0.000000 0.127833
0.007743 -0.005991
1
292.245944 325.879106
5.295000 9.953000 12.082942 42 2
0.065880 0.000000 0.000000 0.000000 0.067256
0.001005 0.001279
5
397.530923 184.353547
5.195070 9.765163 11.854907 29 1
0.065880 0.000000 0.000000 0.000000 0.074333
-0.011558 -0.011122
4
201.691552 205.195971
5.295000 9.953000 12.082942 32 1
0.000000 0.000000 0.000000 0.000000 0.086495
-0.008984 -0.001075
4
159.226266 408.981565
5.295000 9.953000 12.082942 45 1
0.000000 0.000000 0.000000 0.000000 0.061221
-0.003569 0.004679
1
433.854876 97.073509
5.295000 9.953000 12.082942 22 2
0.065880 0.000000 0.000000 0.000000 0.235579
0.008893 -0.005881
1
188.545108 109.378735
5.295000 9.953000 12.082942 21 2
0.065880 0.000000 0.000000 0.000000 0.056587
-0.005770 -0.005375
4
310.836535 481.406580
5.295000 9.953000 12.082942 42 1
0.000000 0.000000 0.000000 0.000000 0.118867
-0.003059 0.012492
1
343.000677 159.591612
5.295000 9.953000 12.082942 29 2
0.065880 0.000000 0.000000 0.000000 0.078754
0.005431 -0.006694
1
241.798370 210.555460
5.295000 9.953000 12.082942 0 1
0.065880 0.000000 0.000000 0.000000 0.052877
0.003530 -0.003845
1
320.999525 50.373797
5.295000 9.953000 12.082942 21 2
0.065880 0.000000 0.000000 0.000000 0.235353
0.010169 -0.006879
1
426.742962 207.483006
5.295000 9.953000 12.082942 0 1
0.065880 0.000000 0.000000 0.000000 0.114041
0.005834 -0.010048
4
204.007205 394.465118
5.295000 9.953000 12.082942 34 1
0.000000 0.000000 0.000000 0.000000 0.089062
-0.001481 0.005928
1
331.446564 186.675068
5.295000 9.953000 12.082942 25 2
0.065880 0.000000 0.000000 0.000000 0.069393
-0.004586 -0.026388
1
141.206132 336.941938
5.295000 9.953000 12.082942 0 1
0.065880 0.000000 0.000000 0.000000 0.057584
-0.007113 0.002757
1
435.534655 237.437174
5.295000 9.953000 12.082942 0 1
0.065880 0.000000 0.000000 0.000000 0.135716
0.007517 -0.000865
4
328.315686 354.158158
5.295000 9.953000 12.082942 46 1
0.000000 0.000000 0.000000 0.000000 0.104389
0.001793 0.003363
1
327.215712 321.703645
5.295000 9.953000 12.082942 20 2
0.065880 0.000000 0.000000 0.000000 0.080539
0.001405 0.002601
4
392.431429 328.504487
5.295000 9.953000 12.082942 0 1
0.000000 0.000000 0.000000 0.000000 0.199037
0.003343 -0.000277
4
415.580892 306.824841
5.295000 9.953000 12.082942 0 1
0.000000 0.000000 0.000000 0.000000 0.204519
0.007661 0.003485
4
234.870890 114.692750
5.295000 9.953000 12.082942 0 1
0.000000 0.000000 0.000000 0.000000 0.129592
-0.004731 -0.005593
4
301.351180 196.636141
5.295000 9.953000 12.082942 45 1
0.000000 0.000000 0.000000 0.000000 0.065924
0.000577 -0.007717
1
368.003774 300.562128
5.295000 9.953000 12.082942 23 2
0.065880 0.000000 0.000000 0.000000 0.078021
0.004417 -0.002036
4
440.708664 219.397095
5.295000 9.953000 12.082942 0 1
0.000000 0.000000 0.000000 0.000000 0.168409
0.005288 -0.001635
4
422.856296 225.006580
5.295000 9.953000 12.082942 0 1
0.000000 0.000000 0.000000 0.000000 0.198057
0.009562 -0.006184
4
142.307983 454.425520
5.295000 9.953000 12.082942 0 1
0.000000 0.000000 0.000000 0.000000 0.181748
-0.003165 0.004393
4
103.205829 263.606606
5.295000 9.953000 12.082942 0 1
0.000000 0.000000 0.000000 0.000000 0.085993
-0.007420 0.000885
4
275.909113 331.040013
5.295000 9.953000 12.082942 0 1
0.000000 0.000000 0.000000 0.000000 0.116218
0.000923 0.004208
4
417.031626 354.723838
5.295000 9.953000 12.082942 0 1
0.000000 0.000000 0.000000 0.000000 0.180137
-0.005286 0.004190
1
376.359266 251.895155
5.295000 9.953000 12.082942 19 2
0.065880 0.000000 0.000000 0.000000 0.105362
0.026554 -0.017718
4
163.004356 293.295908
5.295000 9.953000 12.082942 43 1
0.000000 0.000000 0.000000 0.000000 0.063341
-0.005770 0.001764
1
227.889541 144.934340
5.295000 9.953000 12.082942 19 2
0.065880 0.000000 0.000000 0.000000 0.077127
-0.003215 -0.003792
1
287.834116 295.704700
5.295000 9.953000 12.082942 19 2
0.065880 0.000000 0.000000 0.000000 0.054819
-0.000044 0.002187
1
49.355437 150.402577
5.295000 9.953000 12.082942 19 2
0.065880 0.000000 0.000000 0.000000 0.097362
-0.007001 -0.005421
1
76.708711 303.157155
5.295000 9.953000 12.082942 19 2
0.065880 0.000000 0.000000 0.000000 0.070570
-0.010121 0.004050
4
51.382739 242.530186
5.295000 9.953000 12.082942 30 1
0.000000 0.000000 0.000000 0.000000 0.099295
-0.006406 -0.001872
1
397.841489 311.147115
5.295000 9.953000 12.082942 19 2
0.065880 0.000000 0.000000 0.000000 0.140225
0.005845 0.001082
1
337.245420 225.407868
5.295000 9.953000 12.082942 19 2
0.065880 0.000000 0.000000 0.000000 0.089554
0.021720 0.024943
4
260.106536 477.526459
5.295000 9.953000 12.082942 41 1
0.000000 0.000000 0.000000 0.000000 0.078746
0.005340 0.010645
4
220.549203 4.922027
5.295000 9.953000 12.082942 41 1
0.000000 0.000000 0.000000 0.000000 0.143504
0.005715 -0.007656
4
275.913995 394.649234
5.295000 9.953000 12.082942 45 1
0.000000 0.000000 0.000000 0.000000 0.070302
0.000093 0.006659
4
343.969210 271.219000
5.295000 9.953000 12.082942 44 1
0.000000 0.000000 0.000000 0.000000 0.099591
0.017069 0.009471
1
166.651785 425.591380
5.295000 9.953000 12.082942 19 2
0.065880 0.000000 0.000000 0.000000 0.064956
-0.002846 0.005429
4
349.417590 192.706517
5.295000 9.953000 12.082942 45 1
0.000000 0.000000 0.000000 0.000000 0.074498
0.035243 -0.020768
1
92.023453 292.689306
5.295000 9.953000 12.082942 19 2
0.065880 0.000000 0.000000 0.000000 0.053401
-0.009445 0.002458
4
174.919332 279.849108
5.295000 9.953000 12.082942 27 1
0.000000 0.000000 0.000000 0.000000 0.086242
-0.005119 0.000895
1
281.850998 174.555686
5.295000 9.953000 12.082942 41 2
0.065880 0.000000 0.000000 0.000000 0.051374
0.003557 -0.005635
4
184.793805 425.538182
5.295000 9.953000 12.082942 42 1
0.000000 0.000000 0.000000 0.000000 0.067227
-0.002035 0.007096
1
254.481822 198.805787
5.295000 9.953000 12.082942 19 2
0.065880 0.000000 0.000000 0.000000 0.049315
0.005426 -0.003741
1
329.659237 485.545720
5.295000 9.953000 12.082942 19 2
0.065880 0.000000 0.000000 0.000000 0.139154
-0.002411 0.014016
1
180.855433 42.428030
5.295000 9.953000 12.082942 19 2
0.065880 0.000000 0.000000 0.000000 0.070564
-0.000750 -0.007985
4
386.603010 380.625339
5.295000 9.953000 12.082942 42 1
0.000000 0.000000 0.000000 0.000000 0.092082
0.010202 0.003433
4
344.497270 319.498656
5.295000 9.953000 12.082942 39 1
0.000000 0.000000 0.000000 0.000000 0.083960
0.002483 0.001604
1
316.262784 254.433784
5.295000 9.953000 12.082942 19 2
0.065880 0.000000 0.000000 0.000000 0.060804
0.010427 0.026325
4
227.155599 287.267402
5.295000 9.953000 12.082942 32 1
0.000000 0.000000 0.000000 0.000000 0.111428
-0.003009 0.000305
4
412.882955 259.309160
5.295000 9.953000 12.082942 45 1
0.000000 0.000000 0.000000 0.000000 0.086190
0.014061 0.001247
1
50.197167 169.234605
5.295000 9.953000 12.082942 41 2
0.065880 0.000000 0.000000 0.000000 0.066488
-0.009267 -0.005160
4
92.838942 367.674435
5.295000 9.953000 12.082942 41 1
0.000000 0.000000 0.000000 0.000000 0.075397
-0.006293 0.004948
1
41.024448 324.075519
5.295000 9.953000 12.082942 39 2
0.065880 0.000000 0.000000 0.000000 0.108440
-0.002876 0.004556
1
366.296597 67.407615
5.295000 9.953000 12.082942 41 2
0.065880 0.000000 0.000000 0.000000 0.161271
0.016877 -0.015648
4
423.565371 162.394763
5.295000 9.953000 12.082942 39 1
0.000000 0.000000 0.000000 0.000000 0.083697
0.006544 -0.004035
1
333.007032 374.032949
5.295000 9.953000 12.082942 20 2
0.065880 0.000000 0.000000 0.000000 0.079486
0.003423 0.009104
1
285.710422 378.611176
5.295000 9.953000 12.082942 20 2
0.065880 0.000000 0.000000 0.000000 0.085101
0.000701 0.006402
1
400.653717 247.036340
5.295000 9.953000 12.082942 20 2
0.065880 0.000000 0.000000 0.000000 0.092337
0.010887 -0.000791
1
380.264046 314.496769
5.295000 9.953000 12.082942 20 2
0.065880 0.000000 0.000000 0.000000 0.113658
0.003752 0.000016
1
96.731959 157.553626
5.295000 9.953000 12.082942 20 2
0.065880 0.000000 0.000000 0.000000 0.052008
-0.003928 -0.004720
4
80.897485 111.703903
5.295000 9.953000 12.082942 43 1
0.000000 0.000000 0.000000 0.000000 0.083134
-0.010406 -0.004093
1
305.881238 463.503802
5.295000 9.953000 12.082942 20 2
0.065880 0.000000 0.000000 0.000000 0.069128
0.005584 0.010478
1
461.069197 323.500130
5.295000 9.953000 12.082942 20 2
0.065880 0.000000 0.000000 0.000000 0.081243
0.010322 0.005041
1
396.346131 201.692068
5.295000 9.953000 12.082942 42 2
0.065880 0.000000 0.000000 0.000000 0.080858
0.002221 -0.007293
4
49.404847 205.866243
5.295000 9.953000 12.082942 31 1
0.000000 0.000000 0.000000 0.000000 0.066112
-0.007759 -0.003653
1
405.402281 230.403975
5.295000 9.953000 12.082942 20 2
0.065880 0.000000 0.000000 0.000000 0.129894
0.012320 -0.003995
4
211.346486 236.623324
5.295000 9.953000 12.082942 41 1
0.000000 0.000000 0.000000 0.000000 0.066290
0.003639 -0.003337
1
352.884933 255.818240
5.295000 9.953000 12.082942 39 2
0.065880 0.000000 0.000000 0.000000 0.110057
0.005998 0.008195
4
204.235120 268.381649
5.295000 9.953000 12.082942 31 1
0.000000 0.000000 0.000000 0.000000 0.074020
-0.003649 -0.000475
1
428.968217 388.255374
5.295000 9.953000 12.082942 20 2
0.065880 0.000000 0.000000 0.000000 0.099413
0.001038 0.008484
4
284.677232 192.138606
5.295000 9.953000 12.082942 43 1
0.000000 0.000000 0.000000 0.000000 0.057163
0.007297 -0.004503
1
318.829242 433.203126
5.295000 9.953000 12.082942 20 2
0.065880 0.000000 0.000000 0.000000 0.075231
0.011130 0.010269
4
176.178989 72.322495
5.295000 9.953000 12.082942 33 1
0.000000 0.000000 0.000000 0.000000 0.083721
0.000929 -0.010065
1
192.755888 11.828450
5.295000 9.953000 12.082942 20 2
0.065880 0.000000 0.000000 0.000000 0.123369
-0.009417 -0.010356
4
110.034572 394.266610
5.295000 9.953000 12.082942 33 1
0.000000 0.000000 0.000000 0.000000 0.097745
-0.005891 0.004717
1
274.682441 139.328188
5.295000 9.953000 12.082942 20 2
0.065880 0.000000 0.000000 0.000000 0.059654
-0.000669 -0.005254
1
350.462767 302.878619
5.295000 9.953000 12.082942 20 2
0.065880 0.000000 0.000000 0.000000 0.072734
0.003397 0.000446
1
200.252584 222.912099
5.295000 9.953000 12.082942 39 2
0.065880 0.000000 0.000000 0.000000 0.061825
0.001049 0.001163
4
99.926114 194.424579
5.295000 9.953000 12.082942 41 1
0.000000 0.000000 0.000000 0.000000 0.063479
-0.008107 -0.003019
1
304.842507 130.341268
5.295000 9.953000 12.082942 20 2
0.065880 0.000000 0.000000 0.000000 0.064771
0.002986 -0.005153
4
320.179734 338.189698
5.295000 9.953000 12.082942 34 1
0.000000 0.000000 0.000000 0.000000 0.105727
0.000944 0.003265
1
361.796379 270.212946
5.295000 9.953000 12.082942 21 2
0.065880 0.000000 0.000000 0.000000 0.093229
0.013478 -0.000921
1
50.716988 187.778982
5.295000 9.953000 12.082942 41 2
0.065880 0.000000 0.000000 0.000000 0.058202
-0.009344 -0.004769
4
85.044966 204.498773
5.295000 9.953000 12.082942 33 1
0.000000 0.000000 0.000000 0.000000 0.072485
-0.010749 -0.004749
1
34.568009 234.539014
5.295000 9.953000 12.082942 21 2
0.065880 0.000000 0.000000 0.000000 0.069588
-0.006843 -0.002336
1
220.086941 456.565387
5.295000 9.953000 12.082942 21 2
0.065880 0.000000 0.000000 0.000000 0.070834
0.000493 0.009503
4
453.243876 360.485470
5.295000 9.953000 12.082942 44 1
0.000000 0.000000 0.000000 0.000000 0.119390
0.001920 -0.003557
4
173.953507 233.046417
5.295000 9.953000 12.082942 36 1
0.000000 0.000000 0.000000 0.000000 0.066145
-0.003728 -0.001312
2
471.389796 148.632434
5.295000 9.953000 12.082942 46 1
0.065880 0.000000 0.000000 0.000000 0.392527
0.008964 -0.005484
1
446.969569 392.984642
5.295000 9.953000 12.082942 21 2
0.065880 0.000000 0.000000 0.000000 0.162296
0.001710 0.001399
1
363.101879 182.780996
5.295000 9.953000 12.082942 43 2
0.065880 0.000000 0.000000 0.000000 0.060520
-0.006457 0.009335
1
265.278295 316.221528
5.295000 9.953000 12.082942 21 2
0.065880 0.000000 0.000000 0.000000 0.065483
-0.000155 0.002763
1
270.477267 298.704320
5.295000 9.953000 12.082942 21 2
0.065880 0.000000 0.000000 0.000000 0.056277
-0.001648 -0.000094
1
207.674726 64.873009
5.295000 9.953000 12.082942 21 2
0.065880 0.000000 0.000000 0.000000 0.081648
-0.003568 -0.007440
4
126.491766 383.903909
5.295000 9.953000 12.082942 33 1
0.000000 0.000000 0.000000 0.000000 0.097478
-0.005163 0.004462
4
157.261575 71.476459
5.295000 9.953000 12.082942 31 1
0.000000 0.000000 0.000000 0.000000 0.081065
0.001205 -0.009839
4
243.138634 498.008832
5.295000 9.953000 12.082942 34 1
0.000000 0.000000 0.000000 0.000000 0.098973
-0.001290 0.009194
4
261.712711 496.068268
5.295000 9.953000 12.082942 44 1
0.000000 0.000000 0.000000 0.000000 0.080494
-0.000379 0.012934
4
127.829844 172.231770
5.295000 9.953000 12.082942 38 1
0.000000 0.000000 0.000000 0.000000 0.080430
-0.005028 -0.000802
1
150.547337 53.994878
5.295000 9.953000 12.082942 21 2
0.065880 0.000000 0.000000 0.000000 0.076329
-0.001419 -0.007708
1
252.212822 263.344362
5.295000 9.953000 12.082942 21 2
0.065880 0.000000 0.000000 0.000000 0.049725
-0.003130 -0.002474
4
89.268022 274.921086
5.295000 9.953000 12.082942 43 1
0.000000 0.000000 0.000000 0.000000 0.081768
-0.008233 0.001251
1
286.702653 76.943233
5.295000 9.953000 12.082942 21 2
0.065880 0.000000 0.000000 0.000000 0.189742
-0.002875 -0.005425
4
232.219786 349.241160
5.295000 9.953000 12.082942 34 1
0.000000 0.000000 0.000000 0.000000 0.070359
-0.001424 0.004701
1
127.349710 120.040442
5.295000 9.953000 12.082942 21 2
0.065880 0.000000 0.000000 0.000000 0.060840
-0.005772 -0.005429
1
431.173841 255.089566
5.295000 9.953000 12.082942 21 2
0.065880 0.000000 0.000000 0.000000 0.081696
0.006813 0.001128
4
262.084907 152.134381
5.295000 9.953000 12.082942 32 1
0.000000 0.000000 0.000000 0.000000 0.081733
-0.000997 -0.004923
1
190.936565 477.920651
5.295000 9.953000 12.082942 21 2
0.065880 0.000000 0.000000 0.000000 0.112795
-0.002193 0.004799
4
114.488439 148.142123
5.295000 9.953000 12.082942 43 1
0.000000 0.000000 0.000000 0.000000 0.057958
-0.013169 -0.005650
4
286.171471 346.764244
5.295000 9.953000 12.082942 36 1
0.000000 0.000000 0.000000 0.000000 0.106639
0.001152 0.005788
4
180.749291 296.883720
5.295000 9.953000 12.082942 36 1
0.000000 0.000000 0.000000 0.000000 0.088723
-0.005059 0.001322
4
285.614935 410.714364
5.295000 9.953000 12.082942 32 1
0.000000 0.000000 0.000000 0.000000 0.105663
-0.001484 0.005717
1
432.848954 301.274851
5.295000 9.953000 12.082942 21 2
0.065880 0.000000 0.000000 0.000000 0.134763
0.012014 0.009168
1
471.127302 184.324995
5.295000 9.953000 12.082942 40 2
0.065880 0.000000 0.000000 0.000000 0.193543
0.012389 -0.002667
1
251.023701 181.544873
5.295000 9.953000 12.082942 21 2
0.065880 0.000000 0.000000 0.000000 0.053173
0.006081 -0.004228
1
205.373544 119.478871
5.295000 9.953000 12.082942 21 2
0.065880 0.000000 0.000000 0.000000 0.064576
-0.005667 -0.006765
5
312.826285 66.076316
4.982786 9.366132 11.370484 31 1
0.065880 0.000000 0.000000 0.000000 0.213195
0.004874 -0.009249
4
122.869508 450.035664
5.295000 9.953000 12.082942 45 1
0.000000 0.000000 0.000000 0.000000 0.123315
-0.004891 0.004931
1
305.244469 213.954733
5.295000 9.953000 12.082942 22 2
0.065880 0.000000 0.000000 0.000000 0.064777
0.010414 -0.005847
1
468.601942 201.906849
5.295000 9.953000 12.082942 45 2
0.065880 0.000000 0.000000 0.000000 0.126110
0.007594 -0.001855
4
339.094879 390.610999
5.295000 9.953000 12.082942 39 1
0.000000 0.000000 0.000000 0.000000 0.087323
0.003209 0.008381
1
17.526854 188.130193
5.295000 9.953000 12.082942 22 2
0.065880 0.000000 0.000000 0.000000 0.199940
-0.009930 -0.001120
4
212.853172 410.102147
5.295000 9.953000 12.082942 43 1
0.000000 0.000000 0.000000 0.000000 0.072342
-0.001531 0.006786
4
196.062934 347.686903
5.295000 9.953000 12.082942 34 1
0.000000 0.000000 0.000000 0.000000 0.072872
-0.003205 0.003293
4
170.301925 167.992416
5.295000 9.953000 12.082942 44 1
0.000000 0.000000 0.000000 0.000000 0.052789
-0.004574 -0.002556
1
487.859032 233.648742
5.295000 9.953000 12.082942 22 2
0.065880 0.000000 0.000000 0.000000 0.126757
0.010488 0.001777
1
121.579862 219.058949
5.295000 9.953000 12.082942 22 2
0.065880 0.000000 0.000000 0.000000 0.066529
-0.006773 -0.000971
1
95.243298 405.164217
5.295000 9.953000 12.082942 22 2
0.065880 0.000000 0.000000 0.000000 0.091830
-0.006111 0.004440
5
306.707147 39.958698
5.195070 9.765163 11.854907 29 1
0.065880 0.000000 0.000000 0.000000 0.244161
0.005661 -0.003206
1
298.942560 309.475808
5.295000 9.953000 12.082942 22 2
0.065880 0.000000 0.000000 0.000000 0.054531
0.001038 0.000383
4
418.806092 108.107717
5.295000 9.953000 12.082942 38 1
0.000000 0.000000 0.000000 0.000000 0.133158
0.007368 -0.006832
4
439.467107 171.953642
5.295000 9.953000 12.082942 44 1
0.000000 0.000000 0.000000 0.000000 0.093686
0.010655 -0.004159
1
340.484818 143.031439
5.295000 9.953000 12.082942 23 2
0.065880 0.000000 0.000000 0.000000 0.078976
0.002293 -0.004846
1
469.957558 238.256023
5.295000 9.953000 12.082942 23 2
0.065880 0.000000 0.000000 0.000000 0.115612
0.009155 -0.001389
1
289.324438 456.375831
5.295000 9.953000 12.082942 23 2
0.065880 0.000000 0.000000 0.000000 0.069611
0.007939 0.009141
1
404.970147 136.428601
5.295000 9.953000 12.082942 23 2
0.065880 0.000000 0.000000 0.000000 0.066404
0.006418 -0.006560
4
19.329173 245.189376
5.295000 9.953000 12.082942 40 1
0.000000 0.000000 0.000000 0.000000 0.076613
-0.004727 -0.000840
1
44.707555 306.570073
5.295000 9.953000 12.082942 23 2
0.065880 0.000000 0.000000 0.000000 0.095450
-0.010773 0.001838
4
153.933442 359.277639
5.295000 9.953000 12.082942 41 1
0.000000 0.000000 0.000000 0.000000 0.064241
-0.003682 0.004252
1
93.788774 386.239007
5.295000 9.953000 12.082942 23 2
0.065880 0.000000 0.000000 0.000000 0.081298
-0.005941 0.004043
4
168.389952 215.855841
5.295000 9.953000 12.082942 40 1
0.000000 0.000000 0.000000 0.000000 0.053299
-0.002624 -0.001149
1
177.663650 185.283706
5.295000 9.953000 12.082942 23 2
0.065880 0.000000 0.000000 0.000000 0.055196
-0.004739 -0.002530
4
387.914422 128.913405
5.295000 9.953000 12.082942 46 1
0.000000 0.000000 0.000000 0.000000 0.076304
0.004523 -0.008524
1
247.984961 246.037564
5.295000 9.953000 12.082942 23 2
0.065880 0.000000 0.000000 0.000000 0.052109
-0.000683 -0.003916
4
139.345580 224.563976
5.295000 9.953000 12.082942 44 1
0.000000 0.000000 0.000000 0.000000 0.051779
-0.005465 -0.000129
4
190.000166 126.488695
5.295000 9.953000 12.082942 38 1
0.000000 0.000000 0.000000 0.000000 0.066379
-0.005656 -0.004955
1
162.744878 246.410594
5.295000 9.953000 12.082942 23 2
0.065880 0.000000 0.000000 0.000000 0.048963
-0.004300 -0.000358
4
225.378389 473.159897
5.295000 9.953000 12.082942 33 1
0.000000 0.000000 0.000000 0.000000 0.105083
0.001185 0.011404
1
361.899809 363.157469
5.295000 9.953000 12.082942 44 2
0.065880 0.000000 0.000000 0.000000 0.129476
0.002768 0.005237
1
384.798566 70.992528
5.295000 9.953000 12.082942 23 2
0.065880 0.000000 0.000000 0.000000 0.103299
0.012312 -0.010185
4
96.369801 228.245555
5.295000 9.953000 12.082942 44 1
0.000000 0.000000 0.000000 0.000000 0.070537
-0.005737 -0.000739
4
36.434564 252.949043
5.295000 9.953000 12.082942 39 1
0.000000 0.000000 0.000000 0.000000 0.086203
-0.005819 -0.001108
4
362.529148 316.564737
5.295000 9.953000 12.082942 38 1
0.000000 0.000000 0.000000 0.000000 0.112788
0.003354 0.000532
1
43.470812 341.963086
5.295000 9.953000 12.082942 24 2
0.065880 0.000000 0.000000 0.000000 0.123690
-0.004777 0.005852
1
124.699451 286.054656
5.295000 9.953000 12.082942 24 2
0.065880 0.000000 0.000000 0.000000 0.061968
-0.006773 0.001008
1
64.871068 140.099834
5.295000 9.953000 12.082942 24 2
0.065880 0.000000 0.000000 0.000000 0.065049
-0.005299 -0.003228
4
310.184626 276.196767
5.295000 9.953000 12.082942 31 1
0.000000 0.000000 0.000000 0.000000 0.075880
0.005040 -0.007155
4
404.373384 380.325288
5.295000 9.953000 12.082942 44 1
0.000000 0.000000 0.000000 0.000000 0.101540
0.015384 0.004571
1
188.865860 172.017637
5.295000 9.953000 12.082942 24 2
0.065880 0.000000 0.000000 0.000000 0.050346
-0.004114 -0.003114
1
276.562878 282.623495
5.295000 9.953000 12.082942 24 2
0.065880 0.000000 0.000000 0.000000 0.053617
0.002483 -0.001211
4
145.546718 242.515911
5.295000 9.953000 12.082942 45 1
0.000000 0.000000 0.000000 0.000000 0.050086
-0.004868 0.000026
1
271.432929 204.534034
5.295000 9.953000 12.082942 24 2
0.065880 0.000000 0.000000 0.000000 0.049243
0.006471 -0.003991
5
488.080888 177.707662
5.091141 9.569807 11.617745 30 1
0.065880 0.000000 0.000000 0.000000 0.354176
0.011574 -0.003167
4
225.382951 204.542204
5.295000 9.953000 12.082942 39 1
0.000000 0.000000 0.000000 0.000000 0.093693
0.004564 -0.007273
1
316.544494 369.108826
5.295000 9.953000 12.082942 24 2
0.065880 0.000000 0.000000 0.000000 0.091116
0.003601 0.005697
4
250.327941 348.664767
5.295000 9.953000 12.082942 38 1
0.000000 0.000000 0.000000 0.000000 0.072477
-0.000257 0.005124
1
142.184394 406.896522
5.295000 9.953000 12.082942 25 2
0.065880 0.000000 0.000000 0.000000 0.059859
-0.004681 0.004560
1
390.682514 221.357863
5.295000 9.953000 12.082942 25 2
0.065880 0.000000 0.000000 0.000000 0.115123
-0.002274 0.017015
1
120.647309 268.802219
5.295000 9.953000 12.082942 25 2
0.065880 0.000000 0.000000 0.000000 0.084708
-0.006840 0.000925
4
392.165498 164.636895
5.295000 9.953000 12.082942 36 1
0.000000 0.000000 0.000000 0.000000 0.080754
0.004918 -0.007781
1
406.873124 434.840614
5.295000 9.953000 12.082942 25 2
0.065880 0.000000 0.000000 0.000000 0.131822
0.005250 0.004084
4
112.130250 413.404767
5.295000 9.953000 12.082942 32 1
0.000000 0.000000 0.000000 0.000000 0.104168
-0.006162 0.004903
4
117.318435 201.371133
5.295000 9.953000 12.082942 39 1
0.000000 0.000000 0.000000 0.000000 0.075557
-0.006939 -0.001286
1
85.788082 257.292556
5.295000 9.953000 12.082942 25 2
0.065880 0.000000 0.000000 0.000000 0.070076
-0.007336 -0.000073
1
230.584169 441.999240
5.295000 9.953000 12.082942 25 2
0.065880 0.000000 0.000000 0.000000 0.065480
-0.001242 0.007257
1
370.708850 426.833305
5.295000 9.953000 12.082942 25 2
0.065880 0.000000 0.000000 0.000000 0.056790
0.003729 0.007216
4
139.292140 107.032531
5.295000 9.953000 12.082942 31 1
0.000000 0.000000 0.000000 0.000000 0.098708
-0.001439 -0.003047
1
234.212873 257.175531
5.295000 9.953000 12.082942 25 2
0.065880 0.000000 0.000000 0.000000 0.054771
-0.001419 -0.001971
4
195.469762 378.779798
5.295000 9.953000 12.082942 31 1
0.000000 0.000000 0.000000 0.000000 0.071311
-0.001779 0.005171
1
284.518414 9.844141
5.295000 9.953000 12.082942 25 2
0.065880 0.000000 0.000000 0.000000 0.224329
0.003767 -0.008806
4
159.398283 342.101861
5.295000 9.953000 12.082942 35 1
0.000000 0.000000 0.000000 0.000000 0.063374
-0.005892 0.002735
1
328.648651 170.309670
5.295000 9.953000 12.082942 25 2
0.065880 0.000000 0.000000 0.000000 0.074127
0.005993 0.006932
1
45.472915 378.528300
5.295000 9.953000 12.082942 26 2
0.065880 0.000000 0.000000 0.000000 0.226590
-0.008224 0.009539
2
349.735085 34.763094
5.295000 9.953000 12.082942 40 1
0.065880 0.000000 0.000000 0.000000 0.211872
0.007127 -0.009379
1
166.573686 310.707890
5.295000 9.953000 12.082942 26 2
0.065880 0.000000 0.000000 0.000000 0.066171
-0.005656 0.002491
1
130.893574 189.792472
5.295000 9.953000 12.082942 26 2
0.065880 0.000000 0.000000 0.000000 0.062845
-0.005931 -0.000583
4
137.531101 319.029915
5.295000 9.953000 12.082942 32 1
0.000000 0.000000 0.000000 0.000000 0.077843
-0.007478 0.002406
1
386.205149 93.683791
5.295000 9.953000 12.082942 26 2
0.065880 0.000000 0.000000 0.000000 0.082456
0.005441 -0.008908
4
194.368101 30.318912
5.295000 9.953000 12.082942 40 1
0.000000 0.000000 0.000000 0.000000 0.095272
-0.002296 -0.009915
1
24.386923 282.325369
5.295000 9.953000 12.082942 26 2
0.065880 0.000000 0.000000 0.000000 0.084257
-0.007922 -0.000890
1
151.637136 162.240676
5.295000 9.953000 12.082942 26 2
0.065880 0.000000 0.000000 0.000000 0.048702
-0.005500 -0.001811
1
404.689176 341.916276
5.295000 9.953000 12.082942 26 2
0.065880 0.000000 0.000000 0.000000 0.135191
0.003806 -0.001904
1
233.777179 40.319513
5.295000 9.953000 12.082942 26 2
0.065880 0.000000 0.000000 0.000000 0.116490
0.001351 -0.007098
4
213.644398 191.575330
5.295000 9.953000 12.082942 32 1
0.000000 0.000000 0.000000 0.000000 0.094657
-0.005564 0.000086
4
358.386383 440.606397
5.295000 9.953000 12.082942 46 1
0.000000 0.000000 0.000000 0.000000 0.062850
0.002338 0.008526
1
369.335268 102.100146
5.295000 9.953000 12.082942 26 2
0.065880 0.000000 0.000000 0.000000 0.095014
0.001418 -0.008560
1
345.822925 176.366816
5.295000 9.953000 12.082942 26 2
0.065880 0.000000 0.000000 0.000000 0.064753
0.006919 0.002805
4
61.495275 368.777222
5.295000 9.953000 12.082942 45 1
0.000000 0.000000 0.000000 0.000000 0.096441
-0.010258 0.006534
1
387.543677 346.326810
5.295000 9.953000 12.082942 27 2
0.065880 0.000000 0.000000 0.000000 0.147011
0.002639 0.000269
4
275.528848 222.178099
5.295000 9.953000 12.082942 38 1
0.000000 0.000000 0.000000 0.000000 0.068824
0.006732 -0.004785
1
144.395210 36.283208
5.295000 9.953000 12.082942 27 2
0.065880 0.000000 0.000000 0.000000 0.244417
-0.006551 -0.005807
4
275.772844 91.540495
5.295000 9.953000 12.082942 46 1
0.000000 0.000000 0.000000 0.000000 0.100462
-0.001822 -0.004666
1
338.181855 336.831327
5.295000 9.953000 12.082942 27 2
0.065880 0.000000 0.000000 0.000000 0.093277
0.002020 0.002459
4
199.092612 316.750186
5.295000 9.953000 12.082942 34 1
0.000000 0.000000 0.000000 0.000000 0.070788
-0.002912 0.001875
1
452.710788 233.138394
5.295000 9.953000 12.082942 27 2
0.065880 0.000000 0.000000 0.000000 0.103288
0.007684 -0.000076
1
245.533121 26.130058
5.295000 9.953000 12.082942 46 2
0.065880 0.000000 0.000000 0.000000 0.204459
-0.002718 -0.012102
1
92.983317 76.481021
5.295000 9.953000 12.082942 27 2
0.065880 0.000000 0.000000 0.000000 0.171297
-0.006838 -0.002157
4
310.583466 353.510286
5.295000 9.953000 12.082942 34 1
0.000000 0.000000 0.000000 0.000000 0.113513
0.000772 0.004897
1
406.775240 154.086766
5.295000 9.953000 12.082942 28 2
0.065880 0.000000 0.000000 0.000000 0.060937
0.007701 -0.004644
4
209.945004 285.038001
5.295000 9.953000 12.082942 29 1
0.000000 0.000000 0.000000 0.000000 0.108753
-0.003742 -0.000029
1
100.102266 442.558197
5.295000 9.953000 12.082942 28 2
0.065880 0.000000 0.000000 0.000000 0.220508
-0.007176 0.004267
1
438.897719 152.983647
5.295000 9.953000 12.082942 28 2
0.065880 0.000000 0.000000 0.000000 0.075263
0.007581 -0.005046
1
278.863659 239.692032
5.295000 9.953000 12.082942 28 2
0.065880 0.000000 0.000000 0.000000 0.057972
0.000081 -0.005266
4
267.014459 410.167766
5.295000 9.953000 12.082942 32 1
0.000000 0.000000 0.000000 0.000000 0.073919
0.000037 0.008184
4
107.391336 339.574852
5.295000 9.953000 12.082942 38 1
0.000000 0.000000 0.000000 0.000000 0.060025
-0.007424 0.004474
1
112.729115 130.162096
5.295000 9.953000 12.082942 29 2
0.065880 0.000000 0.000000 0.000000 0.058481
-0.006949 -0.006885
4
231.794217 379.444699
5.295000 9.953000 12.082942 34 1
0.000000 0.000000 0.000000 0.000000 0.080160
-0.000920 0.005597
4
124.327334 365.972099
5.295000 9.953000 12.082942 37 1
0.000000 0.000000 0.000000 0.000000 0.070934
-0.004783 0.004127
1
157.130331 276.264816
5.295000 9.953000 12.082942 29 2
0.065880 0.000000 0.000000 0.000000 0.063080
-0.005597 0.001104
1
210.948373 141.969751
5.295000 9.953000 12.082942 29 2
0.065880 0.000000 0.000000 0.000000 0.081443
-0.003775 -0.003912
4
325.623822 153.097715
5.295000 9.953000 12.082942 42 1
0.000000 0.000000 0.000000 0.000000 0.081324
0.003085 -0.005735
1
352.156335 423.618822
5.295000 9.953000 12.082942 30 2
0.065880 0.000000 0.000000 0.000000 0.057865
0.002150 0.008794
4
277.336127 485.988843
5.295000 9.953000 12.082942 40 1
0.000000 0.000000 0.000000 0.000000 0.086192
-0.004792 0.003216
4
240.390591 394.882980
5.295000 9.953000 12.082942 32 1
0.000000 0.000000 0.000000 0.000000 0.091614
-0.000581 0.006369
1
372.451069 138.231440
5.295000 9.953000 12.082942 30 2
0.065880 0.000000 0.000000 0.000000 0.078564
0.004785 -0.007333
4
370.723667 120.547053
5.295000 9.953000 12.082942 44 1
0.000000 0.000000 0.000000 0.000000 0.088406
0.001803 -0.008954
1
336.978059 126.935345
5.295000 9.953000 12.082942 30 2
0.065880 0.000000 0.000000 0.000000 0.089445
0.009150 -0.010487
1
452.157651 123.711829
5.295000 9.953000 12.082942 30 2
0.065880 0.000000 0.000000 0.000000 0.196780
0.008001 -0.005797
4
239.853247 426.397279
5.295000 9.953000 12.082942 32 1
0.000000 0.000000 0.000000 0.000000 0.085106
-0.000438 0.007202
1
246.109623 101.447279
5.295000 9.953000 12.082942 31 2
0.065880 0.000000 0.000000 0.000000 0.105742
-0.003325 -0.005734
1
425.263651 73.031048
5.295000 9.953000 12.082942 31 2
0.065880 0.000000 0.000000 0.000000 0.292025
0.004762 -0.009779
1
357.459488 393.666750
5.295000 9.953000 12.082942 31 2
0.065880 0.000000 0.000000 0.000000 0.079717
0.005064 0.006457
1
76.750615 358.659605
5.295000 9.953000 12.082942 31 2
0.065880 0.000000 0.000000 0.000000 0.082691
-0.008177 0.006864
4
33.594428 197.239249
5.295000 9.953000 12.082942 46 1
0.000000 0.000000 0.000000 0.000000 0.073583
-0.009223 -0.002660
1
413.069414 195.237483
5.295000 9.953000 12.082942 32 2
0.065880 0.000000 0.000000 0.000000 0.076019
-0.000560 -0.011309
5
127.378163 35.007431
4.352864 8.182070 9.933032 36 1
0.065880 0.000000 0.000000 0.000000 0.434381
-0.008242 -0.005349
1
363.021806 241.421852
5.295000 9.953000 12.082942 32 2
0.065880 0.000000 0.000000 0.000000 0.111118
0.001511 0.008154
2
330.187763 66.376660
5.295000 9.953000 12.082942 39 1
0.065880 0.000000 0.000000 0.000000 0.217095
0.008990 -0.007947
4
156.720532 114.610701
5.295000 9.953000 12.082942 44 1
0.000000 0.000000 0.000000 0.000000 0.085024
-0.006055 -0.003704
1
310.672502 98.258428
5.295000 9.953000 12.082942 32 2
0.065880 0.000000 0.000000 0.000000 0.110405
0.001217 -0.007729
1
455.613270 341.459885
5.295000 9.953000 12.082942 32 2
0.065880 0.000000 0.000000 0.000000 0.084125
0.013334 0.000363
1
338.621232 82.833410
5.295000 9.953000 12.082942 32 2
0.065880 0.000000 0.000000 0.000000 0.166768
-0.001722 -0.010431
1
323.844348 468.081451
5.295000 9.953000 12.082942 32 2
0.065880 0.000000 0.000000 0.000000 0.069868
0.002470 0.013163
1
122.947327 78.227042
5.295000 9.953000 12.082942 33 2
0.065880 0.000000 0.000000 0.000000 0.097941
-0.002585 -0.004052
1
222.363264 54.741890
5.295000 9.953000 12.082942 34 2
0.065880 0.000000 0.000000 0.000000 0.096840
-0.005952 -0.012506
1
165.628874 198.822071
5.295000 9.953000 12.082942 34 2
0.065880 0.000000 0.000000 0.000000 0.069019
-0.005464 -0.001403
1
451.167813 293.906745
5.295000 9.953000 12.082942 34 2
0.065880 0.000000 0.000000 0.000000 0.113393
0.020815 0.006024
4
91.972558 349.007722
5.295000 9.953000 12.082942 42 1
0.000000 0.000000 0.000000 0.000000 0.061255
-0.007277 0.005963
1
231.698197 319.474620
5.295000 9.953000 12.082942 35 2
0.065880 0.000000 0.000000 0.000000 0.051231
-0.000558 0.003644
1
313.663173 416.308487
5.295000 9.953000 12.082942 35 2
0.065880 0.000000 0.000000 0.000000 0.077919
0.001192 0.011634
1
407.984477 65.195191
5.295000 9.953000 12.082942 35 2
0.065880 0.000000 0.000000 0.000000 0.215029
0.004621 -0.010532
4
148.204338 390.087781
5.295000 9.953000 12.082942 40 1
0.000000 0.000000 0.000000 0.000000 0.091474
-0.002049 0.005123
1
281.999991 109.008856
5.295000 9.953000 12.082942 35 2
0.065880 0.000000 0.000000 0.000000 0.085346
-0.001214 -0.004643
1
303.564853 380.680106
5.295000 9.953000 12.082942 35 2
0.065880 0.000000 0.000000 0.000000 0.072751
0.001839 0.005871
1
176.620413 409.393682
5.295000 9.953000 12.082942 35 2
0.065880 0.000000 0.000000 0.000000 0.051379
-0.002529 0.005958
1
48.356763 131.701851
5.295000 9.953000 12.082942 36 2
0.065880 0.000000 0.000000 0.000000 0.198014
-0.003455 -0.006862
1
170.454232 361.588714
5.295000 9.953000 12.082942 36 2
0.065880 0.000000 0.000000 0.000000 0.053311
-0.002811 0.004459
1
269.847027 122.212033
5.295000 9.953000 12.082942 36 2
0.065880 0.000000 0.000000 0.000000 0.082019
-0.001937 -0.004737
1
116.416191 251.387101
5.295000 9.953000 12.082942 36 2
0.065880 0.000000 0.000000 0.000000 0.069359
-0.006461 0.000755
1
390.762211 280.978876
5.295000 9.953000 12.082942 37 2
0.065880 0.000000 0.000000 0.000000 0.085696
0.009013 -0.001462
1
285.298370 439.266268
5.295000 9.953000 12.082942 37 2
0.065880 0.000000 0.000000 0.000000 0.060974
0.002308 0.011139
1
62.911811 406.664738
5.295000 9.953000 12.082942 37 2
0.065880 0.000000 0.000000 0.000000 0.231411
-0.002876 0.007346
1
338.933732 288.014541
5.295000 9.953000 12.082942 38 2
0.065880 0.000000 0.000000 0.000000 0.080514
0.002071 0.004288
1
224.462372 92.619984
5.295000 9.953000 12.082942 38 2
0.065880 0.000000 0.000000 0.000000 0.094985
0.000040 -0.005942
1
382.785596 412.605600
5.295000 9.953000 12.082942 38 2
0.065880 0.000000 0.000000 0.000000 0.058262
0.004785 0.005990
1
269.037245 74.595789
5.295000 9.953000 12.082942 39 2
0.065880 0.000000 0.000000 0.000000 0.121504
-0.001701 -0.006723
2
129.149832 467.817237
5.295000 9.953000 12.082942 46 1
0.065880 0.000000 0.000000 0.000000 0.316845
-0.002344 0.004824
1
9.878406 294.412341
5.295000 9.953000 12.082942 39 2
0.065880 0.000000 0.000000 0.000000 0.119079
-0.009264 -0.002580
1
380.393134 363.388530
5.295000 9.953000 12.082942 39 2
0.065880 0.000000 0.000000 0.000000 0.120923
0.003141 0.003616
1
58.938255 331.438926
5.295000 9.953000 12.082942 39 2
0.065880 0.000000 0.000000 0.000000 0.085318
-0.003833 0.006590
1
344.216026 241.102344
5.295000 9.953000 12.082942 39 2
0.065880 0.000000 0.000000 0.000000 0.101150
0.001808 -0.004291
1
214.826156 217.389513
5.295000 9.953000 12.082942 39 2
0.065880 0.000000 0.000000 0.000000 0.089455
-0.001225 -0.011600
1
145.462874 289.080453
5.295000 9.953000 12.082942 40 2
0.065880 0.000000 0.000000 0.000000 0.053543
-0.006362 0.001747
1
496.436009 273.967815
5.295000 9.953000 12.082942 40 2
0.065880 0.000000 0.000000 0.000000 0.241749
0.005314 0.000563
1
32.518141 141.869787
5.295000 9.953000 12.082942 40 2
0.065880 0.000000 0.000000 0.000000 0.231861
-0.004397 -0.007957
1
447.396964 311.108294
5.295000 9.953000 12.082942 40 2
0.065880 0.000000 0.000000 0.000000 0.104094
0.016154 0.007351
1
185.450997 91.807425
5.295000 9.953000 12.082942 40 2
0.065880 0.000000 0.000000 0.000000 0.072155
-0.004314 -0.005617
1
136.152719 437.253570
5.295000 9.953000 12.082942 40 2
0.065880 0.000000 0.000000 0.000000 0.084785
-0.004792 0.004521
4
80.757426 130.410245
5.295000 9.953000 12.082942 46 1
0.000000 0.000000 0.000000 0.000000 0.059029
-0.005327 -0.002782
1
407.595128 276.283148
5.295000 9.953000 12.082942 40 2
0.065880 0.000000 0.000000 0.000000 0.087396
0.013159 0.002982
1
452.810576 184.737109
5.295000 9.953000 12.082942 40 2
0.065880 0.000000 0.000000 0.000000 0.126218
0.012541 -0.001415
1
254.029537 302.158416
5.295000 9.953000 12.082942 41 2
0.065880 0.000000 0.000000 0.000000 0.056973
-0.002564 0.003033
1
225.396122 73.230520
5.295000 9.953000 12.082942 41 2
0.065880 0.000000 0.000000 0.000000 0.106504
-0.000272 -0.010818
1
153.830375 97.108457
5.295000 9.953000 12.082942 41 2
0.065880 0.000000 0.000000 0.000000 0.069031
-0.001608 -0.005985
4
74.599732 285.427025
5.295000 9.953000 12.082942 43 1
0.000000 0.000000 0.000000 0.000000 0.089471
-0.008778 0.002276
1
201.122635 47.540043
5.295000 9.953000 12.082942 41 2
0.065880 0.000000 0.000000 0.000000 0.089020
0.006863 -0.011544
4
314.763473 183.193413
5.295000 9.953000 12.082942 46 1
0.000000 0.000000 0.000000 0.000000 0.067853
0.010631 -0.010255
4
233.356914 162.185974
5.295000 9.953000 12.082942 43 1
0.000000 0.000000 0.000000 0.000000 0.067501
-0.002659 -0.001929
1
278.672957 156.857106
5.295000 9.953000 12.082942 41 2
0.065880 0.000000 0.000000 0.000000 0.072518
0.000734 -0.005766
1
33.837084 160.424357
5.295000 9.953000 12.082942 41 2
0.065880 0.000000 0.000000 0.000000 0.131934
-0.009132 -0.006148
1
357.452405 51.551649
5.295000 9.953000 12.082942 41 2
0.065880 0.000000 0.000000 0.000000 0.198773
0.010247 -0.010110
1
34.171217 178.910684
5.295000 9.953000 12.082942 41 2
0.065880 0.000000 0.000000 0.000000 0.100328
-0.009550 -0.004027
4
160.610435 458.495826
5.295000 9.953000 12.082942 46 1
0.000000 0.000000 0.000000 0.000000 0.120811
-0.002140 0.003941
1
211.901736 441.030706
5.295000 9.953000 12.082942 42 2
0.065880 0.000000 0.000000 0.000000 0.060950
-0.001639 0.008767
4
302.108973 339.351466
5.295000 9.953000 12.082942 43 1
0.000000 0.000000 0.000000 0.000000 0.081522
0.000844 0.002931
1
409.328056 213.257238
5.295000 9.953000 12.082942 42 2
0.065880 0.000000 0.000000 0.000000 0.112847
0.007584 -0.007645
1
242.091656 479.356750
5.295000 9.953000 12.082942 43 2
0.065880 0.000000 0.000000 0.000000 0.078256
0.004445 0.007642
1
339.181926 50.272008
5.295000 9.953000 12.082942 43 2
0.065880 0.000000 0.000000 0.000000 0.281762
0.011423 -0.005173
4
360.091818 165.685475
5.295000 9.953000 12.082942 45 1
0.000000 0.000000 0.000000 0.000000 0.081786
0.006650 -0.007848
4
80.646858 221.580471
5.295000 9.953000 12.082942 44 1
0.000000 0.000000 0.000000 0.000000 0.079893
-0.005740 -0.002564
4
223.291328 334.324346
5.295000 9.953000 12.082942 46 1
0.000000 0.000000 0.000000 0.000000 0.052552
-0.001754 0.003609
1
475.064941 335.247112
5.295000 9.953000 12.082942 44 2
0.065880 0.000000 0.000000 0.000000 0.109148
0.011488 0.004947
1
487.679513 303.356169
5.295000 9.953000 12.082942 44 2
0.065880 0.000000 0.000000 0.000000 0.107367
0.008531 0.002013
1
368.940743 379.194388
5.295000 9.953000 12.082942 44 2
0.065880 0.000000 0.000000 0.000000 0.101379
0.006743 0.004972
1
498.302300 249.211314
5.295000 9.953000 12.082942 45 2
0.065880 0.000000 0.000000 0.000000 0.136581
0.013135 0.001800
1
463.168627 260.554820
5.295000 9.953000 12.082942 45 2
0.065880 0.000000 0.000000 0.000000 0.136804
0.008380 -0.004374
1
65.325819 101.956663
5.295000 9.953000 12.082942 45 2
0.065880 0.000000 0.000000 0.000000 0.185837
-0.012828 -0.004795
1
479.838097 216.755314
5.295000 9.953000 12.082942 45 2
0.065880 0.000000 0.000000 0.000000 0.132091
0.012163 -0.002225
1
378.724184 268.426939
5.295000 9.953000 12.082942 46 2
0.065880 0.000000 0.000000 0.000000 0.103673
0.012212 -0.008854
1
244.165960 288.910687
5.295000 9.953000 12.082942 46 2
0.065880 0.000000 0.000000 0.000000 0.057063
-0.002326 0.000876
1
352.398172 347.847310
5.295000 9.953000 12.082942 46 2
0.065880 0.000000 0.000000 0.000000 0.132195
0.001794 0.004320
1
251.682314 43.480124
5.295000 9.953000 12.082942 46 2
0.065880 0.000000 0.000000 0.000000 0.210035
0.001234 -0.010506
5
334.763951 453.759917
5.195070 9.765163 11.854907 29 1
0.065880 0.000000 0.000000 0.000000 0.063804
0.013416 0.018894
5
107.444182 87.891936
5.195070 9.765163 11.854907 29 1
0.065880 0.000000 0.000000 0.000000 0.098651
-0.003919 -0.002191
5
355.986500 86.505124
5.195070 9.765163 11.854907 29 1
0.065880 0.000000 0.000000 0.000000 0.162620
-0.002593 -0.030658
5
408.465713 171.483066
5.195070 9.765163 11.854907 29 1
0.065880 0.000000 0.000000 0.000000 0.068772
0.005030 -0.000625
5
289.765811 44.876612
5.195070 9.765163 11.854907 29 1
0.065880 0.000000 0.000000 0.000000 0.290813
0.002039 -0.007187
5
186.221314 456.722379
5.091141 9.569807 11.617745 30 1
0.065880 0.000000 0.000000 0.000000 0.112501
-0.004372 0.012496
5
92.523202 57.958492
5.091141 9.569807 11.617745 30 1
0.065880 0.000000 0.000000 0.000000 0.501681
-0.004983 -0.004135
5
294.658023 27.187053
4.982786 9.366132 11.370484 31 1
0.065880 0.000000 0.000000 0.000000 0.189292
0.008093 -0.007459
5
296.757549 61.597870
4.982786 9.366132 11.370484 31 1
0.065880 0.000000 0.000000 0.000000 0.274843
0.001486 -0.002997
5
23.880596 317.572635
4.869501 9.153191 11.111974 32 1
0.065880 0.000000 0.000000 0.000000 0.214644
-0.003650 0.003661
5
25.051409 352.593812
4.750685 8.929853 10.840841 33 1
0.065880 0.000000 0.000000 0.000000 0.432020
-0.000567 0.008382
5
336.428403 111.555709
4.750685 8.929853 10.840841 33 1
0.065880 0.000000 0.000000 0.000000 0.096435
-0.003814 -0.012260
5
375.320325 229.667667
4.625609 8.694746 10.555422 34 1
0.065880 0.000000 0.000000 0.000000 0.123550
-0.006579 0.004667
5
328.235308 211.908456
4.625609 8.694746 10.555422 34 1
0.065880 0.000000 0.000000 0.000000 0.102893
0.027671 -0.098680
5
261.822018 29.875419
4.625609 8.694746 10.555422 34 1
0.065880 0.000000 0.000000 0.000000 0.308230
0.000486 -0.015164
5
438.356737 340.649494
4.625609 8.694746 10.555422 34 1
0.065880 0.000000 0.000000 0.000000 0.087479
0.012370 0.023519
