500.000000 500.000000
663 49
190 663
1
375.065451 284.224977
5.295000 9.953000 12.082942 46 2
0.065880 0.000000 0.000000 0.000000 0.064123
0.009094 0.001231
4
413.737214 399.323175
5.295000 9.953000 12.082942 38 1
0.000000 0.000000 0.000000 0.000000 0.108003
0.005304 0.009283
1
351.695748 378.031833
5.295000 9.953000 12.082942 20 2
0.065880 0.000000 0.000000 0.000000 0.078640
0.003923 -0.000548
1
213.684820 349.603326
5.295000 9.953000 12.082942 0 1
0.065880 0.000000 0.000000 0.000000 0.061178
-0.001919 0.003119
4
257.873432 427.974036
5.295000 9.953000 12.082942 44 1
0.000000 0.000000 0.000000 0.000000 0.068248
0.000439 0.006736
4
58.899350 351.233663
5.295000 9.953000 12.082942 38 1
0.000000 0.000000 0.000000 0.000000 0.112272
-0.006657 0.005635
4
335.894912 257.613245
5.295000 9.953000 12.082942 40 1
0.000000 0.000000 0.000000 0.000000 0.101783
0.007696 0.008189
4
182.029661 314.792772
5.295000 9.953000 12.082942 41 1
0.000000 0.000000 0.000000 0.000000 0.065707
-0.003769 0.001996
4
121.646964 348.388050
5.295000 9.953000 12.082942 44 1
0.000000 0.000000 0.000000 0.000000 0.052769
-0.005260 0.003305
1
239.328861 56.292845
5.295000 9.953000 12.082942 34 2
0.065880 0.000000 0.000000 0.000000 0.090054
-0.003885 -0.009379
1
15.843974 206.720873
5.295000 9.953000 12.082942 32 2
0.065880 0.000000 0.000000 0.000000 0.094851
-0.006598 -0.001743
1
456.838431 160.681793
5.295000 9.953000 12.082942 23 2
0.065880 0.000000 0.000000 0.000000 0.106230
0.006949 -0.004263
4
248.241496 318.565763
5.295000 9.953000 12.082942 42 1
0.000000 0.000000 0.000000 0.000000 0.050961
0.000132 0.001834
1
132.121302 301.596628
5.295000 9.953000 12.082942 40 2
0.065880 0.000000 0.000000 0.000000 0.055407
-0.005894 0.001923
1
95.915600 138.641150
5.295000 9.953000 12.082942 29 2
0.065880 0.000000 0.000000 0.000000 0.060173
-0.006011 -0.004628
1
154.971728 441.578500
5.295000 9.953000 12.082942 22 2
0.065880 0.000000 0.000000 0.000000 0.105280
-0.002520 0.004566
4
421.597696 125.256776
5.295000 9.953000 12.082942 49 1
0.000000 0.000000 0.000000 0.000000 0.078514
0.006538 -0.004661
1
373.385327 36.422035
5.295000 9.953000 12.082942 0 1
0.065880 0.000000 0.000000 0.000000 0.268040
0.018770 0.005396
1
239.070866 130.634966
5.295000 9.953000 12.082942 19 2
0.065880 0.000000 0.000000 0.000000 0.081545
-0.002741 -0.003338
1
404.595888 293.963990
5.295000 9.953000 12.082942 0 1
0.065880 0.000000 0.000000 0.000000 0.096882
0.008147 0.002058
1
259.972694 284.076013
5.295000 9.953000 12.082942 41 2
0.065880 0.000000 0.000000 0.000000 0.044624
0.001798 0.004393
4
322.527334 134.388828
5.295000 9.953000 12.082942 37 1
0.000000 0.000000 0.000000 0.000000 0.088984
0.001982 -0.005705
1
305.038109 292.476763
5.295000 9.953000 12.082942 19 2
0.065880 0.000000 0.000000 0.000000 0.052430
0.001344 0.001112
4
241.025407 365.036066
5.295000 9.953000 12.082942 34 1
0.000000 0.000000 0.000000 0.000000 0.092422
-0.001506 0.004441
1
339.792566 439.044839
5.295000 9.953000 12.082942 30 2
0.065880 0.000000 0.000000 0.000000 0.063009
-0.000608 0.011160
1
194.186375 411.034020
5.295000 9.953000 12.082942 0 1
0.065880 0.000000 0.000000 0.000000 0.045803
-0.001869 0.006776
1
425.055134 179.926191
5.295000 9.953000 12.082942 32 2
0.065880 0.000000 0.000000 0.000000 0.065897
0.007738 -0.002599
1
434.981644 360.125184
5.295000 9.953000 12.082942 0 1
0.065880 0.000000 0.000000 0.000000 0.099888
0.003169 0.007859
1
463.481553 217.825272
5.295000 9.953000 12.082942 23 2
0.065880 0.000000 0.000000 0.000000 0.101106
0.011307 -0.002420
1
354.943062 460.376921
5.295000 9.953000 12.082942 0 1
0.065880 0.000000 0.000000 0.000000 0.075151
0.012461 0.012412
1
257.925970 460.288939
5.295000 9.953000 12.082942 23 2
0.065880 0.000000 0.000000 0.000000 0.062121
0.001336 0.006370
1
321.540581 387.685775
5.295000 9.953000 12.082942 20 2
0.065880 0.000000 0.000000 0.000000 0.059524
0.003724 0.004734
1
397.562777 263.659263
5.295000 9.953000 12.082942 37 2
0.065880 0.000000 0.000000 0.000000 0.070664
0.010741 0.001578
1
65.948478 195.520828
5.295000 9.953000 12.082942 21 2
0.065880 0.000000 0.000000 0.000000 0.052444
-0.007820 -0.003452
1
249.774559 380.321444
5.295000 9.953000 12.082942 29 2
0.065880 0.000000 0.000000 0.000000 0.082742
-0.001119 0.005528
4
63.890784 213.451064
5.295000 9.953000 12.082942 33 1
0.000000 0.000000 0.000000 0.000000 0.102279
-0.005388 -0.002488
4
309.862707 400.971062
5.295000 9.953000 12.082942 44 1
0.000000 0.000000 0.000000 0.000000 0.081243
0.003703 0.007795
4
80.432775 166.971769
5.295000 9.953000 12.082942 46 1
0.000000 0.000000 0.000000 0.000000 0.058845
-0.006292 -0.003659
5
390.823834 236.145425
4.982786 9.366132 11.370484 34 1
0.065880 0.000000 0.000000 0.000000 0.085183
0.011650 -0.012608
4
107.299860 299.837290
5.295000 9.953000 12.082942 38 1
0.000000 0.000000 0.000000 0.000000 0.054407
-0.008620 0.002994
1
202.518375 98.098696
5.295000 9.953000 12.082942 0 1
0.065880 0.000000 0.000000 0.000000 0.065820
-0.003289 -0.008735
4
357.510889 286.393381
5.295000 9.953000 12.082942 45 1
0.000000 0.000000 0.000000 0.000000 0.078262
0.008791 0.002074
4
375.991900 155.149733
5.295000 9.953000 12.082942 46 1
0.000000 0.000000 0.000000 0.000000 0.068746
0.005921 -0.001154
1
292.222417 476.311379
5.295000 9.953000 12.082942 30 2
0.065880 0.000000 0.000000 0.000000 0.061448
0.003232 0.007473
4
251.639036 117.435715
5.295000 9.953000 12.082942 39 1
0.000000 0.000000 0.000000 0.000000 0.090097
-0.003249 -0.004274
1
222.734574 365.068202
5.295000 9.953000 12.082942 0 1
0.065880 0.000000 0.000000 0.000000 0.050066
-0.001515 0.004105
4
319.504487 199.206086
5.295000 9.953000 12.082942 38 1
0.000000 0.000000 0.000000 0.000000 0.080540
0.028707 0.030586
1
386.830890 298.063760
5.295000 9.953000 12.082942 20 2
0.065880 0.000000 0.000000 0.000000 0.067749
0.006402 0.005985
4
79.817212 148.230267
5.295000 9.953000 12.082942 48 1
0.000000 0.000000 0.000000 0.000000 0.052483
-0.006011 -0.003804
1
310.047437 243.813625
5.295000 9.953000 12.082942 0 1
0.065880 0.000000 0.000000 0.000000 0.050129
0.017597 0.017226
1
479.284803 271.573767
5.295000 9.953000 12.082942 40 2
0.065880 0.000000 0.000000 0.000000 0.134542
0.007787 -0.002049
4
391.051012 145.554908
5.295000 9.953000 12.082942 38 1
0.000000 0.000000 0.000000 0.000000 0.066515
0.005793 -0.004839
1
153.275181 324.787734
5.295000 9.953000 12.082942 26 2
0.065880 0.000000 0.000000 0.000000 0.060276
-0.005172 0.002342
4
133.648556 206.981597
5.295000 9.953000 12.082942 34 1
0.000000 0.000000 0.000000 0.000000 0.063861
-0.004885 -0.000697
4
259.250233 364.542989
5.295000 9.953000 12.082942 32 1
0.000000 0.000000 0.000000 0.000000 0.097017
-0.001621 0.005047
4
418.640419 88.137277
5.295000 9.953000 12.082942 38 1
0.000000 0.000000 0.000000 0.000000 0.141276
0.008582 -0.006021
2
147.484374 473.163765
5.295000 9.953000 12.082942 48 1
0.065880 0.000000 0.000000 0.000000 0.246062
-0.000231 0.004113
4
235.012182 303.432336
5.295000 9.953000 12.082942 47 1
0.000000 0.000000 0.000000 0.000000 0.057327
-0.000977 0.000174
4
16.550806 225.929265
5.295000 9.953000 12.082942 39 1
0.000000 0.000000 0.000000 0.000000 0.079075
-0.006069 -0.001203
1
110.873628 110.218938
5.295000 9.953000 12.082942 20 2
0.065880 0.000000 0.000000 0.000000 0.060526
-0.006908 -0.006563
4
294.958541 494.660325
5.295000 9.953000 12.082942 39 1
0.000000 0.000000 0.000000 0.000000 0.115779
-0.002811 0.009206
4
400.016866 362.233098
5.295000 9.953000 12.082942 47 1
0.000000 0.000000 0.000000 0.000000 0.109682
0.006555 0.012537
1
488.012094 195.987741
5.295000 9.953000 12.082942 21 2
0.065880 0.000000 0.000000 0.000000 0.183314
0.009961 -0.000725
1
25.047239 336.219029
5.295000 9.953000 12.082942 30 2
0.065880 0.000000 0.000000 0.000000 0.271173
-0.005673 0.004002
4
140.687970 373.717170
5.295000 9.953000 12.082942 34 1
0.000000 0.000000 0.000000 0.000000 0.085259
-0.003718 0.004048
4
172.700271 119.954507
5.295000 9.953000 12.082942 42 1
0.000000 0.000000 0.000000 0.000000 0.065420
-0.004270 -0.003793
1
468.210389 306.611888
5.295000 9.953000 12.082942 40 2
0.065880 0.000000 0.000000 0.000000 0.076599
0.015778 0.005533
1
166.709582 393.843205
5.295000 9.953000 12.082942 25 2
0.065880 0.000000 0.000000 0.000000 0.055193
-0.002192 0.004737
4
91.370582 311.588281
5.295000 9.953000 12.082942 40 1
0.000000 0.000000 0.000000 0.000000 0.077720
-0.008760 0.003252
4
107.850901 66.124758
5.295000 9.953000 12.082942 42 1
0.000000 0.000000 0.000000 0.000000 0.198646
-0.005613 -0.000812
4
67.232388 250.028955
5.295000 9.953000 12.082942 39 1
0.000000 0.000000 0.000000 0.000000 0.097575
-0.005864 -0.000479
1
210.141111 81.524253
5.295000 9.953000 12.082942 41 2
0.065880 0.000000 0.000000 0.000000 0.070727
0.002725 -0.007327
4
64.271626 158.310092
5.295000 9.953000 12.082942 33 1
0.000000 0.000000 0.000000 0.000000 0.060336
-0.006600 -0.003791
4
148.970402 306.764008
5.295000 9.953000 12.082942 37 1
0.000000 0.000000 0.000000 0.000000 0.056112
-0.005313 0.001987
4
20.408915 263.704476
5.295000 9.953000 12.082942 42 1
0.000000 0.000000 0.000000 0.000000 0.081758
-0.005813 -0.001001
1
172.692539 473.121033
5.295000 9.953000 12.082942 48 2
0.065880 0.000000 0.000000 0.000000 0.138702
-0.007618 0.012716
4
380.388666 190.214169
5.295000 9.953000 12.082942 45 1
0.000000 0.000000 0.000000 0.000000 0.073941
0.000596 0.001829
4
119.484972 312.881016
5.295000 9.953000 12.082942 34 1
0.000000 0.000000 0.000000 0.000000 0.079182
-0.006843 0.002203
1
380.976601 207.524213
5.295000 9.953000 12.082942 25 2
0.065880 0.000000 0.000000 0.000000 0.075819
0.006959 0.001772
1
198.159947 299.554985
5.295000 9.953000 12.082942 28 2
0.065880 0.000000 0.000000 0.000000 0.068075
-0.002969 0.001293
1
202.822960 426.901666
5.295000 9.953000 12.082942 42 2
0.065880 0.000000 0.000000 0.000000 0.047467
-0.002225 0.008154
1
265.009463 250.824748
5.295000 9.953000 12.082942 0 1
0.065880 0.000000 0.000000 0.000000 0.043998
-0.002327 0.000484
1
460.435692 378.787825
5.295000 9.953000 12.082942 21 2
0.065880 0.000000 0.000000 0.000000 0.152929
0.007393 0.003004
4
364.757065 411.304102
5.295000 9.953000 12.082942 44 1
0.000000 0.000000 0.000000 0.000000 0.059574
0.001694 0.005496
4
177.079472 346.165066
5.295000 9.953000 12.082942 43 1
0.000000 0.000000 0.000000 0.000000 0.066242
-0.003833 0.002462
4
403.742824 99.341804
5.295000 9.953000 12.082942 40 1
0.000000 0.000000 0.000000 0.000000 0.099871
0.007042 -0.006183
4
293.900724 277.930031
5.295000 9.953000 12.082942 41 1
0.000000 0.000000 0.000000 0.000000 0.075494
0.002900 -0.004253
4
423.308559 143.496717
5.295000 9.953000 12.082942 45 1
0.000000 0.000000 0.000000 0.000000 0.064580
0.006195 -0.003635
4
105.488430 281.674467
5.295000 9.953000 12.082942 46 1
0.000000 0.000000 0.000000 0.000000 0.061255
-0.006515 0.001968
1
471.711185 355.292005
5.295000 9.953000 12.082942 33 2
0.065880 0.000000 0.000000 0.000000 0.173800
0.006671 0.010118
1
378.291785 172.730520
5.295000 9.953000 12.082942 25 2
0.065880 0.000000 0.000000 0.000000 0.054889
0.006808 -0.001187
5
366.613067 334.060791
4.493375 8.446188 10.253672 38 1
0.065880 0.000000 0.000000 0.000000 0.135986
-0.001033 0.003191
1
114.805207 433.172190
5.295000 9.953000 12.082942 0 1
0.065880 0.000000 0.000000 0.000000 0.098341
-0.003324 0.005418
1
395.324478 449.562954
5.295000 9.953000 12.082942 25 2
0.065880 0.000000 0.000000 0.000000 0.133080
0.003659 0.004484
1
95.719383 425.018742
5.295000 9.953000 12.082942 25 2
0.065880 0.000000 0.000000 0.000000 0.126207
-0.007069 0.004868
1
156.038177 228.881208
5.295000 9.953000 12.082942 21 2
0.065880 0.000000 0.000000 0.000000 0.043825
-0.002476 -0.001611
1
455.335609 141.694835
5.295000 9.953000 12.082942 21 2
0.065880 0.000000 0.000000 0.000000 0.115623
0.006674 -0.003714
4
442.142689 376.401931
5.295000 9.953000 12.082942 44 1
0.000000 0.000000 0.000000 0.000000 0.119490
0.006702 0.007615
1
271.448761 41.959128
5.295000 9.953000 12.082942 0 1
0.065880 0.000000 0.000000 0.000000 0.214867
-0.003656 -0.008131
1
32.230015 215.470344
5.295000 9.953000 12.082942 20 2
0.065880 0.000000 0.000000 0.000000 0.057855
-0.006179 -0.001989
1
315.993301 228.778105
5.295000 9.953000 12.082942 19 2
0.065880 0.000000 0.000000 0.000000 0.059490
-0.029043 0.044751
4
185.927374 266.071283
5.295000 9.953000 12.082942 42 1
0.000000 0.000000 0.000000 0.000000 0.076206
-0.004220 0.000335
4
258.215456 395.917954
5.295000 9.953000 12.082942 49 1
0.000000 0.000000 0.000000 0.000000 0.059862
-0.000117 0.006209
1
261.763549 233.252874
5.295000 9.953000 12.082942 27 2
0.065880 0.000000 0.000000 0.000000 0.044183
-0.005166 -0.004050
1
248.807197 444.175467
5.295000 9.953000 12.082942 19 2
0.065880 0.000000 0.000000 0.000000 0.060803
0.000404 0.006764
4
401.648431 80.694859
5.295000 9.953000 12.082942 49 1
0.000000 0.000000 0.000000 0.000000 0.094748
0.008526 -0.005259
1
319.692399 452.917428
5.295000 9.953000 12.082942 47 2
0.065880 0.000000 0.000000 0.000000 0.063998
0.009096 0.010663
1
303.426194 7.044223
5.295000 9.953000 12.082942 0 1
0.065880 0.000000 0.000000 0.000000 0.124434
0.003156 -0.005027
1
300.320198 261.180107
5.295000 9.953000 12.082942 24 2
0.065880 0.000000 0.000000 0.000000 0.069340
0.007535 -0.005503
5
480.826819 319.360004
4.982786 9.366132 11.370484 34 1
0.065880 0.000000 0.000000 0.000000 0.075607
0.014488 0.007949
1
239.777012 6.366438
5.295000 9.953000 12.082942 19 2
0.065880 0.000000 0.000000 0.000000 0.192646
-0.005073 -0.008646
5
113.922399 48.501713
4.982786 9.366132 11.370484 34 1
0.065880 0.000000 0.000000 0.000000 0.396455
-0.003361 -0.002230
4
101.864037 211.828535
5.295000 9.953000 12.082942 33 1
0.000000 0.000000 0.000000 0.000000 0.081937
-0.007462 -0.002012
4
162.323562 37.624756
5.295000 9.953000 12.082942 38 1
0.000000 0.000000 0.000000 0.000000 0.132350
-0.001793 -0.006448
4
395.225115 398.999575
5.295000 9.953000 12.082942 49 1
0.000000 0.000000 0.000000 0.000000 0.072834
0.004044 0.007141
4
159.358499 181.542439
5.295000 9.953000 12.082942 36 1
0.000000 0.000000 0.000000 0.000000 0.064119
-0.005845 -0.002735
4
365.031279 199.894047
5.295000 9.953000 12.082942 36 1
0.000000 0.000000 0.000000 0.000000 0.073797
-0.002489 -0.001167
1
1.334584 237.271126
5.295000 9.953000 12.082942 19 2
0.065880 0.000000 0.000000 0.000000 0.074167
-0.005914 -0.000579
4
295.710132 160.375005
5.295000 9.953000 12.082942 43 1
0.000000 0.000000 0.000000 0.000000 0.056845
0.002315 -0.005157
4
257.323284 87.291504
5.295000 9.953000 12.082942 42 1
0.000000 0.000000 0.000000 0.000000 0.091029
-0.003124 -0.005782
4
215.051205 318.866798
5.295000 9.953000 12.082942 46 1
0.000000 0.000000 0.000000 0.000000 0.056183
-0.001894 0.001937
1
175.430069 23.259481
5.295000 9.953000 12.082942 26 2
0.065880 0.000000 0.000000 0.000000 0.143384
-0.001586 -0.006297
1
3.187661 256.268331
5.295000 9.953000 12.082942 23 2
0.065880 0.000000 0.000000 0.000000 0.069088
-0.005768 -0.001274
4
37.773708 271.032924
5.295000 9.953000 12.082942 35 1
0.000000 0.000000 0.000000 0.000000 0.088322
-0.006231 0.000097
4
294.400732 226.976444
5.295000 9.953000 12.082942 34 1
0.000000 0.000000 0.000000 0.000000 0.066715
0.003714 -0.004850
1
40.460869 289.036027
5.295000 9.953000 12.082942 23 2
0.065880 0.000000 0.000000 0.000000 0.079073
-0.007928 0.001257
1
287.258469 125.310580
5.295000 9.953000 12.082942 36 2
0.065880 0.000000 0.000000 0.000000 0.052880
-0.001945 -0.004272
1
137.381105 273.242972
5.295000 9.953000 12.082942 29 2
0.065880 0.000000 0.000000 0.000000 0.052702
-0.004821 0.000639
4
267.847687 380.006709
5.295000 9.953000 12.082942 31 1
0.000000 0.000000 0.000000 0.000000 0.092739
-0.000807 0.006008
4
208.849771 17.313039
5.295000 9.953000 12.082942 34 1
0.000000 0.000000 0.000000 0.000000 0.103344
-0.003393 -0.011767
4
132.202586 155.237723
5.295000 9.953000 12.082942 48 1
0.000000 0.000000 0.000000 0.000000 0.057922
-0.005700 -0.002842
4
230.866916 411.750156
5.295000 9.953000 12.082942 39 1
0.000000 0.000000 0.000000 0.000000 0.079037
-0.001120 0.006580
4
52.594518 260.455038
5.295000 9.953000 12.082942 38 1
0.000000 0.000000 0.000000 0.000000 0.097245
-0.005917 0.000008
4
176.101261 137.677846
5.295000 9.953000 12.082942 44 1
0.000000 0.000000 0.000000 0.000000 0.070441
-0.004356 -0.002968
1
258.387548 333.345911
5.295000 9.953000 12.082942 21 2
0.065880 0.000000 0.000000 0.000000 0.055617
-0.000598 0.002983
1
221.101790 126.650556
5.295000 9.953000 12.082942 29 2
0.065880 0.000000 0.000000 0.000000 0.078996
-0.002808 -0.002692
1
419.893583 421.826830
5.295000 9.953000 12.082942 0 1
0.065880 0.000000 0.000000 0.000000 0.112167
0.004465 0.003915
4
366.890025 217.119336
5.295000 9.953000 12.082942 40 1
0.000000 0.000000 0.000000 0.000000 0.108057
0.000446 0.007109
4
229.051892 222.039063
5.295000 9.953000 12.082942 35 1
0.000000 0.000000 0.000000 0.000000 0.062319
-0.006748 -0.006914
1
322.172374 290.141558
5.295000 9.953000 12.082942 38 2
0.065880 0.000000 0.000000 0.000000 0.068917
0.002696 0.004132
1
281.735885 312.380313
5.295000 9.953000 12.082942 21 2
0.065880 0.000000 0.000000 0.000000 0.056248
0.001230 -0.000524
4
326.963847 242.001241
5.295000 9.953000 12.082942 39 1
0.000000 0.000000 0.000000 0.000000 0.075010
-0.013189 -0.002509
1
96.505645 175.472013
5.295000 9.953000 12.082942 0 1
0.065880 0.000000 0.000000 0.000000 0.044493
-0.006157 -0.003106
4
193.471483 75.331575
5.295000 9.953000 12.082942 46 1
0.000000 0.000000 0.000000 0.000000 0.067926
-0.000139 -0.003219
4
151.051507 211.632152
5.295000 9.953000 12.082942 48 1
0.000000 0.000000 0.000000 0.000000 0.052058
-0.003192 -0.000966
4
147.612259 424.701567
5.295000 9.953000 12.082942 48 1
0.000000 0.000000 0.000000 0.000000 0.060859
-0.003378 0.004553
1
217.773852 108.019208
5.295000 9.953000 12.082942 38 2
0.065880 0.000000 0.000000 0.000000 0.065932
-0.005488 -0.002953
1
137.214306 355.321246
5.295000 9.953000 12.082942 23 2
0.065880 0.000000 0.000000 0.000000 0.050205
-0.004250 0.003447
4
124.797212 402.805688
5.295000 9.953000 12.082942 46 1
0.000000 0.000000 0.000000 0.000000 0.084850
-0.005170 0.005095
1
401.923448 416.651275
5.295000 9.953000 12.082942 0 1
0.065880 0.000000 0.000000 0.000000 0.070620
0.002775 0.008364
4
105.424630 322.561532
5.295000 9.953000 12.082942 36 1
0.000000 0.000000 0.000000 0.000000 0.071415
-0.007501 0.002916
1
239.309274 83.485540
5.295000 9.953000 12.082942 0 1
0.065880 0.000000 0.000000 0.000000 0.091167
-0.003787 -0.005738
4
55.363059 278.409776
5.295000 9.953000 12.082942 31 1
0.000000 0.000000 0.000000 0.000000 0.101375
-0.007029 0.001279
1
213.305688 380.287754
5.295000 9.953000 12.082942 0 1
0.065880 0.000000 0.000000 0.000000 0.057277
-0.001468 0.005028
1
297.334820 426.049313
5.295000 9.953000 12.082942 0 1
0.065880 0.000000 0.000000 0.000000 0.074213
0.003065 0.006483
1
166.996685 85.359780
5.295000 9.953000 12.082942 41 2
0.065880 0.000000 0.000000 0.000000 0.078784
-0.002803 -0.005523
5
335.112770 203.510494
4.982786 9.366132 11.370484 34 1
0.065880 0.000000 0.000000 0.000000 0.080109
-0.044396 0.028970
4
57.846517 296.302091
5.295000 9.953000 12.082942 43 1
0.000000 0.000000 0.000000 0.000000 0.072103
-0.008708 0.002617
4
372.678561 349.059074
5.295000 9.953000 12.082942 47 1
0.000000 0.000000 0.000000 0.000000 0.128290
0.013176 -0.003983
1
475.795182 289.809867
5.295000 9.953000 12.082942 0 1
0.065880 0.000000 0.000000 0.000000 0.112940
0.003535 -0.001076
4
354.173624 228.061058
5.295000 9.953000 12.082942 41 1
0.000000 0.000000 0.000000 0.000000 0.096404
-0.001060 -0.001454
4
224.926590 493.564229
5.295000 9.953000 12.082942 46 1
0.000000 0.000000 0.000000 0.000000 0.090265
-0.004132 0.009932
1
275.220552 467.861877
5.295000 9.953000 12.082942 21 2
0.065880 0.000000 0.000000 0.000000 0.056260
0.003246 0.004974
1
451.969724 203.306195
5.295000 9.953000 12.082942 22 2
0.065880 0.000000 0.000000 0.000000 0.101011
0.009374 -0.001797
1
344.771047 361.396923
5.295000 9.953000 12.082942 46 2
0.065880 0.000000 0.000000 0.000000 0.083177
0.006203 -0.004960
4
167.992015 263.163650
5.295000 9.953000 12.082942 32 1
0.000000 0.000000 0.000000 0.000000 0.075742
-0.004125 -0.000140
1
266.034453 168.742511
5.295000 9.953000 12.082942 19 2
0.065880 0.000000 0.000000 0.000000 0.067526
0.002577 -0.004500
4
316.105327 307.224828
5.295000 9.953000 12.082942 41 1
0.000000 0.000000 0.000000 0.000000 0.055661
0.001812 0.003193
4
146.908333 194.580741
5.295000 9.953000 12.082942 29 1
0.000000 0.000000 0.000000 0.000000 0.060947
-0.006304 -0.001553
4
205.441140 333.702862
5.295000 9.953000 12.082942 39 1
0.000000 0.000000 0.000000 0.000000 0.068562
-0.002347 0.002583
1
256.934938 134.311132
5.295000 9.953000 12.082942 0 1
0.065880 0.000000 0.000000 0.000000 0.071157
-0.002045 -0.003875
1
16.152118 168.974823
5.295000 9.953000 12.082942 37 2
0.065880 0.000000 0.000000 0.000000 0.347344
-0.007252 -0.002833
4
174.366229 443.342506
5.295000 9.953000 12.082942 37 1
0.000000 0.000000 0.000000 0.000000 0.107197
-0.003370 0.007326
1
430.531326 320.180875
5.295000 9.953000 12.082942 0 1
0.065880 0.000000 0.000000 0.000000 0.145458
0.008602 0.003655
1
168.646981 54.812462
5.295000 9.953000 12.082942 0 1
0.065880 0.000000 0.000000 0.000000 0.070598
-0.000552 -0.006461
1
193.264788 442.859373
5.295000 9.953000 12.082942 19 2
0.065880 0.000000 0.000000 0.000000 0.065848
-0.003095 0.010147
2
333.892949 19.710746
5.295000 9.953000 12.082942 46 1
0.065880 0.000000 0.000000 0.000000 0.188510
-0.019415 -0.022396
4
76.176405 378.599252
5.295000 9.953000 12.082942 37 1
0.000000 0.000000 0.000000 0.000000 0.087162
-0.006078 0.004863
1
98.260697 246.037010
5.295000 9.953000 12.082942 25 2
0.065880 0.000000 0.000000 0.000000 0.054848
-0.005632 0.000308
1
424.612190 338.240625
5.295000 9.953000 12.082942 26 2
0.065880 0.000000 0.000000 0.000000 0.085239
0.012917 0.003447
4
198.145091 251.829243
5.295000 9.953000 12.082942 41 1
0.000000 0.000000 0.000000 0.000000 0.061133
-0.004104 0.000373
1
138.831136 67.782160
5.295000 9.953000 12.082942 21 2
0.065880 0.000000 0.000000 0.000000 0.079751
-0.000915 -0.004687
4
238.002073 273.331678
5.295000 9.953000 12.082942 46 1
0.000000 0.000000 0.000000 0.000000 0.074860
-0.002908 -0.001088
1
227.146909 20.674743
5.295000 9.953000 12.082942 26 2
0.065880 0.000000 0.000000 0.000000 0.115295
-0.002648 -0.009538
4
181.321304 154.841967
5.295000 9.953000 12.082942 38 1
0.000000 0.000000 0.000000 0.000000 0.062554
-0.004017 -0.002711
4
70.122464 267.991170
5.295000 9.953000 12.082942 35 1
0.000000 0.000000 0.000000 0.000000 0.088843
-0.006596 0.000774
4
163.577818 150.010526
5.295000 9.953000 12.082942 45 1
0.000000 0.000000 0.000000 0.000000 0.051727
-0.004864 -0.002838
1
327.510825 405.011345
5.295000 9.953000 12.082942 22 2
0.065880 0.000000 0.000000 0.000000 0.065955
0.004444 0.005611
4
25.622238 300.227660
5.295000 9.953000 12.082942 39 1
0.000000 0.000000 0.000000 0.000000 0.153366
-0.009447 0.000662
4
238.356759 190.875588
5.295000 9.953000 12.082942 48 1
0.000000 0.000000 0.000000 0.000000 0.066006
0.005450 -0.007376
1
95.193779 101.259479
5.295000 9.953000 12.082942 47 2
0.065880 0.000000 0.000000 0.000000 0.085556
-0.008008 -0.008065
1
431.674983 407.841240
5.295000 9.953000 12.082942 20 2
0.065880 0.000000 0.000000 0.000000 0.129369
0.010089 0.008085
1
446.088612 267.763073
5.295000 9.953000 12.082942 0 1
0.065880 0.000000 0.000000 0.000000 0.077847
0.007261 -0.001061
4
277.339753 363.990195
5.295000 9.953000 12.082942 30 1
0.000000 0.000000 0.000000 0.000000 0.100170
-0.001713 0.006180
4
206.779389 174.584318
5.295000 9.953000 12.082942 36 1
0.000000 0.000000 0.000000 0.000000 0.051668
-0.003810 -0.000219
4
222.040286 395.949443
5.295000 9.953000 12.082942 38 1
0.000000 0.000000 0.000000 0.000000 0.077135
-0.001392 0.005986
4
159.042622 377.067626
5.295000 9.953000 12.082942 42 1
0.000000 0.000000 0.000000 0.000000 0.077012
-0.002615 0.003939
4
238.875969 460.565530
5.295000 9.953000 12.082942 34 1
0.000000 0.000000 0.000000 0.000000 0.086704
0.000617 0.007311
1
302.353599 78.575289
5.295000 9.953000 12.082942 21 2
0.065880 0.000000 0.000000 0.000000 0.165913
-0.003181 -0.013480
1
245.253775 227.735491
5.295000 9.953000 12.082942 0 1
0.065880 0.000000 0.000000 0.000000 0.051112
-0.002625 -0.004751
1
216.424205 301.652014
5.295000 9.953000 12.082942 0 1
0.065880 0.000000 0.000000 0.000000 0.052966
-0.002043 0.001047
1
439.935387 284.897400
5.295000 9.953000 12.082942 34 2
0.065880 0.000000 0.000000 0.000000 0.101612
0.012821 0.002982
1
259.121405 215.816667
5.295000 9.953000 12.082942 19 2
0.065880 0.000000 0.000000 0.000000 0.041330
0.001810 -0.002790
1
260.998814 56.537133
5.295000 9.953000 12.082942 0 1
0.065880 0.000000 0.000000 0.000000 0.164475
-0.004991 -0.007853
4
216.267622 158.951272
5.295000 9.953000 12.082942 45 1
0.000000 0.000000 0.000000 0.000000 0.059362
-0.002717 -0.001420
1
343.354094 475.140361
5.295000 9.953000 12.082942 19 2
0.065880 0.000000 0.000000 0.000000 0.135114
-0.010155 -0.002570
1
452.447127 104.192853
5.295000 9.953000 12.082942 0 1
0.065880 0.000000 0.000000 0.000000 0.384524
0.007832 -0.003897
1
268.920842 186.260016
5.295000 9.953000 12.082942 20 2
0.065880 0.000000 0.000000 0.000000 0.041302
0.003461 -0.004190
1
184.891516 218.888756
5.295000 9.953000 12.082942 23 2
0.065880 0.000000 0.000000 0.000000 0.048110
0.003375 -0.002435
1
240.796653 334.702030
5.295000 9.953000 12.082942 21 2
0.065880 0.000000 0.000000 0.000000 0.049192
-0.001101 0.002378
1
450.054963 249.981056
5.295000 9.953000 12.082942 27 2
0.065880 0.000000 0.000000 0.000000 0.071054
0.008553 -0.002263
4
204.640963 364.526736
5.295000 9.953000 12.082942 45 1
0.000000 0.000000 0.000000 0.000000 0.063313
-0.001618 0.004077
4
63.436651 120.588529
5.295000 9.953000 12.082942 44 1
0.000000 0.000000 0.000000 0.000000 0.097551
-0.005291 -0.003177
1
267.527909 268.086438
5.295000 9.953000 12.082942 24 2
0.065880 0.000000 0.000000 0.000000 0.044645
-0.004959 0.000567
4
112.860392 183.229383
5.295000 9.953000 12.082942 42 1
0.000000 0.000000 0.000000 0.000000 0.061821
-0.006317 -0.002024
4
122.947900 96.307956
5.295000 9.953000 12.082942 36 1
0.000000 0.000000 0.000000 0.000000 0.079820
-0.003638 -0.004495
1
156.272907 20.199302
5.295000 9.953000 12.082942 19 2
0.065880 0.000000 0.000000 0.000000 0.288629
-0.002967 -0.006114
4
422.592540 373.370119
5.295000 9.953000 12.082942 46 1
0.000000 0.000000 0.000000 0.000000 0.123757
0.002674 0.007314
1
244.582535 147.426111
5.295000 9.953000 12.082942 0 1
0.065880 0.000000 0.000000 0.000000 0.059649
-0.001750 -0.002772
4
351.378527 331.351592
5.295000 9.953000 12.082942 45 1
0.000000 0.000000 0.000000 0.000000 0.127956
-0.015142 -0.004001
1
377.131213 445.629073
5.295000 9.953000 12.082942 26 2
0.065880 0.000000 0.000000 0.000000 0.072911
0.002037 0.007045
1
122.181712 330.726162
5.295000 9.953000 12.082942 0 1
0.065880 0.000000 0.000000 0.000000 0.049868
-0.006623 0.002601
1
438.597653 133.427536
5.295000 9.953000 12.082942 28 2
0.065880 0.000000 0.000000 0.000000 0.068149
0.006517 -0.004007
4
346.036238 408.404455
5.295000 9.953000 12.082942 41 1
0.000000 0.000000 0.000000 0.000000 0.081463
0.003736 0.004243
1
194.568796 188.145477
5.295000 9.953000 12.082942 23 2
0.065880 0.000000 0.000000 0.000000 0.039566
-0.006478 -0.000861
1
278.816434 58.527201
5.295000 9.953000 12.082942 39 2
0.065880 0.000000 0.000000 0.000000 0.189314
-0.004028 -0.008054
1
267.533355 443.978927
5.295000 9.953000 12.082942 37 2
0.065880 0.000000 0.000000 0.000000 0.054645
0.001995 0.006701
4
404.527321 117.421061
5.295000 9.953000 12.082942 41 1
0.000000 0.000000 0.000000 0.000000 0.100060
0.006646 -0.005342
1
318.943391 82.374700
5.295000 9.953000 12.082942 32 2
0.065880 0.000000 0.000000 0.000000 0.116569
-0.001425 -0.005418
4
128.343646 137.455958
5.295000 9.953000 12.082942 37 1
0.000000 0.000000 0.000000 0.000000 0.054657
-0.005892 -0.003677
1
356.330650 130.296488
5.295000 9.953000 12.082942 30 2
0.065880 0.000000 0.000000 0.000000 0.071750
0.007380 -0.002197
4
128.753992 420.962652
5.295000 9.953000 12.082942 49 1
0.000000 0.000000 0.000000 0.000000 0.076544
-0.004025 0.004714
1
420.038575 242.122110
5.295000 9.953000 12.082942 21 2
0.065880 0.000000 0.000000 0.000000 0.091129
0.007836 -0.000782
1
328.683335 273.675348
5.295000 9.953000 12.082942 19 2
0.065880 0.000000 0.000000 0.000000 0.067085
0.008895 0.006815
4
333.471938 421.935406
5.295000 9.953000 12.082942 37 1
0.000000 0.000000 0.000000 0.000000 0.082555
0.005354 0.006614
1
131.963688 50.471413
5.295000 9.953000 12.082942 0 1
0.065880 0.000000 0.000000 0.000000 0.096209
-0.002365 -0.004573
4
230.131826 239.646957
5.295000 9.953000 12.082942 43 1
0.000000 0.000000 0.000000 0.000000 0.071133
0.002890 -0.005021
4
216.075892 253.418595
5.295000 9.953000 12.082942 42 1
0.000000 0.000000 0.000000 0.000000 0.068629
-0.003592 0.000011
1
387.389114 109.929833
5.295000 9.953000 12.082942 26 2
0.065880 0.000000 0.000000 0.000000 0.070145
0.006441 -0.006097
1
170.564648 102.598464
5.295000 9.953000 12.082942 0 1
0.065880 0.000000 0.000000 0.000000 0.047183
-0.003087 -0.004338
4
220.863050 270.459624
5.295000 9.953000 12.082942 31 1
0.000000 0.000000 0.000000 0.000000 0.099033
-0.003123 -0.000114
1
188.191209 57.813391
5.295000 9.953000 12.082942 20 2
0.065880 0.000000 0.000000 0.000000 0.054486
0.001213 -0.004891
4
312.635166 164.597294
5.295000 9.953000 12.082942 39 1
0.000000 0.000000 0.000000 0.000000 0.074522
0.005398 -0.001654
4
358.803946 147.939836
5.295000 9.953000 12.082942 36 1
0.000000 0.000000 0.000000 0.000000 0.073500
0.005964 -0.000660
1
482.426930 252.992333
5.295000 9.953000 12.082942 0 1
0.065880 0.000000 0.000000 0.000000 0.158194
0.014171 -0.003295
4
282.132475 258.405691
5.295000 9.953000 12.082942 38 1
0.000000 0.000000 0.000000 0.000000 0.065903
0.002263 0.001088
4
427.736442 272.190586
5.295000 9.953000 12.082942 36 1
0.000000 0.000000 0.000000 0.000000 0.122283
0.010295 0.001649
1
190.605868 236.327403
5.295000 9.953000 12.082942 0 1
0.065880 0.000000 0.000000 0.000000 0.043614
-0.001724 -0.001819
1
291.937189 142.704890
5.295000 9.953000 12.082942 21 2
0.065880 0.000000 0.000000 0.000000 0.050782
0.001052 -0.004424
1
127.805149 238.502878
5.295000 9.953000 12.082942 23 2
0.065880 0.000000 0.000000 0.000000 0.040155
-0.004413 0.000220
1
199.227608 158.118469
5.295000 9.953000 12.082942 0 1
0.065880 0.000000 0.000000 0.000000 0.067186
-0.003351 -0.001851
4
303.881773 443.623905
5.295000 9.953000 12.082942 34 1
0.000000 0.000000 0.000000 0.000000 0.087416
0.007332 0.006865
4
5.480330 275.168517
5.295000 9.953000 12.082942 46 1
0.000000 0.000000 0.000000 0.000000 0.076473
-0.006684 -0.001959
4
221.396957 427.331136
5.295000 9.953000 12.082942 41 1
0.000000 0.000000 0.000000 0.000000 0.070713
-0.001450 0.007363
4
193.269031 142.041831
5.295000 9.953000 12.082942 36 1
0.000000 0.000000 0.000000 0.000000 0.075923
-0.003489 -0.002834
4
215.482569 34.797560
5.295000 9.953000 12.082942 43 1
0.000000 0.000000 0.000000 0.000000 0.119720
-0.003593 -0.011259
1
354.902191 112.374080
5.295000 9.953000 12.082942 30 2
0.065880 0.000000 0.000000 0.000000 0.077110
0.004518 -0.002173
4
179.631846 249.716045
5.295000 9.953000 12.082942 41 1
0.000000 0.000000 0.000000 0.000000 0.055822
-0.003309 -0.001029
4
208.719777 483.129900
5.295000 9.953000 12.082942 37 1
0.000000 0.000000 0.000000 0.000000 0.104070
-0.003216 0.005189
4
159.333520 132.000779
5.295000 9.953000 12.082942 35 1
0.000000 0.000000 0.000000 0.000000 0.089684
-0.004713 -0.003292
4
146.033403 143.968334
5.295000 9.953000 12.082942 48 1
0.000000 0.000000 0.000000 0.000000 0.068214
-0.005336 -0.003136
1
187.958816 331.836874
5.295000 9.953000 12.082942 22 2
0.065880 0.000000 0.000000 0.000000 0.049178
-0.003155 0.002464
4
142.808691 177.349625
5.295000 9.953000 12.082942 44 1
0.000000 0.000000 0.000000 0.000000 0.059577
-0.005939 -0.001970
1
65.020658 177.083705
5.295000 9.953000 12.082942 19 2
0.065880 0.000000 0.000000 0.000000 0.053807
-0.007080 -0.003801
1
202.962515 464.836572
5.295000 9.953000 12.082942 23 2
0.065880 0.000000 0.000000 0.000000 0.070908
-0.002344 0.003666
1
187.034746 363.608111
5.295000 9.953000 12.082942 25 2
0.065880 0.000000 0.000000 0.000000 0.045676
-0.001780 0.004620
1
279.110253 25.351021
5.295000 9.953000 12.082942 49 2
0.065880 0.000000 0.000000 0.000000 0.315652
0.005409 -0.003987
1
47.155765 111.544012
5.295000 9.953000 12.082942 21 2
0.065880 0.000000 0.000000 0.000000 0.358450
-0.004703 -0.004946
4
389.576471 431.389444
5.295000 9.953000 12.082942 46 1
0.000000 0.000000 0.000000 0.000000 0.071259
0.001290 0.006436
4
108.316724 376.961646
5.295000 9.953000 12.082942 39 1
0.000000 0.000000 0.000000 0.000000 0.074192
-0.005095 0.004089
1
263.641467 104.222600
5.295000 9.953000 12.082942 35 2
0.065880 0.000000 0.000000 0.000000 0.074336
-0.002896 -0.005150
4
90.213821 331.631975
5.295000 9.953000 12.082942 47 1
0.000000 0.000000 0.000000 0.000000 0.060435
-0.007606 0.004012
1
138.460549 86.416570
5.295000 9.953000 12.082942 33 2
0.065880 0.000000 0.000000 0.000000 0.061157
-0.002926 -0.004201
1
393.446994 52.133195
5.295000 9.953000 12.082942 0 1
0.065880 0.000000 0.000000 0.000000 0.215266
0.003398 -0.008947
1
65.005806 231.812919
5.295000 9.953000 12.082942 0 1
0.065880 0.000000 0.000000 0.000000 0.084682
-0.005508 -0.001631
1
74.426019 340.982614
5.295000 9.953000 12.082942 31 2
0.065880 0.000000 0.000000 0.000000 0.066248
-0.006709 0.005512
1
111.352565 233.898279
5.295000 9.953000 12.082942 22 2
0.065880 0.000000 0.000000 0.000000 0.044728
-0.004843 0.000326
4
150.051784 259.785670
5.295000 9.953000 12.082942 32 1
0.000000 0.000000 0.000000 0.000000 0.060057
-0.004125 -0.000224
4
376.756177 396.935748
5.295000 9.953000 12.082942 44 1
0.000000 0.000000 0.000000 0.000000 0.067638
0.002992 0.005153
4
59.216248 314.361093
5.295000 9.953000 12.082942 42 1
0.000000 0.000000 0.000000 0.000000 0.074527
-0.009827 0.003780
1
185.307247 394.992208
5.295000 9.953000 12.082942 0 1
0.065880 0.000000 0.000000 0.000000 0.044331
-0.001894 0.005605
1
268.104881 348.459293
5.295000 9.953000 12.082942 21 2
0.065880 0.000000 0.000000 0.000000 0.063242
-0.001500 0.004748
1
299.033286 178.097068
5.295000 9.953000 12.082942 41 2
0.065880 0.000000 0.000000 0.000000 0.050536
0.005988 -0.003862
1
309.126985 147.054166
5.295000 9.953000 12.082942 20 2
0.065880 0.000000 0.000000 0.000000 0.053236
0.002652 -0.006215
4
111.156009 164.994568
5.295000 9.953000 12.082942 36 1
0.000000 0.000000 0.000000 0.000000 0.068836
-0.005734 -0.003166
1
289.697637 209.174024
5.295000 9.953000 12.082942 24 2
0.065880 0.000000 0.000000 0.000000 0.051493
0.003723 -0.004729
1
328.583877 96.189093
5.295000 9.953000 12.082942 30 2
0.065880 0.000000 0.000000 0.000000 0.092946
0.000157 -0.012265
4
191.695882 282.884535
5.295000 9.953000 12.082942 46 1
0.000000 0.000000 0.000000 0.000000 0.071931
-0.003669 0.000899
5
257.600492 10.588294
4.982786 9.366132 11.370484 34 1
0.065880 0.000000 0.000000 0.000000 0.294879
-0.005232 -0.012655
1
293.389033 396.029594
5.295000 9.953000 12.082942 21 2
0.065880 0.000000 0.000000 0.000000 0.062666
0.002125 0.007160
4
79.599420 91.446259
5.295000 9.953000 12.082942 38 1
0.000000 0.000000 0.000000 0.000000 0.143724
-0.012292 -0.005635
1
293.237105 244.984535
5.295000 9.953000 12.082942 0 1
0.065880 0.000000 0.000000 0.000000 0.055446
-0.014905 -0.007249
4
249.611677 163.973652
5.295000 9.953000 12.082942 43 1
0.000000 0.000000 0.000000 0.000000 0.063377
-0.000153 -0.003336
1
170.512272 328.957529
5.295000 9.953000 12.082942 25 2
0.065880 0.000000 0.000000 0.000000 0.049618
-0.004147 0.002299
4
142.535775 125.899608
5.295000 9.953000 12.082942 33 1
0.000000 0.000000 0.000000 0.000000 0.089527
-0.005200 -0.003604
1
332.937980 304.328591
5.295000 9.953000 12.082942 20 2
0.065880 0.000000 0.000000 0.000000 0.050808
-0.001216 -0.001780
1
412.835700 324.371741
5.295000 9.953000 12.082942 0 1
0.065880 0.000000 0.000000 0.000000 0.117295
0.005110 0.003103
1
106.864337 358.681692
5.295000 9.953000 12.082942 19 2
0.065880 0.000000 0.000000 0.000000 0.059364
-0.005418 0.003905
4
250.424765 70.387098
5.295000 9.953000 12.082942 49 1
0.000000 0.000000 0.000000 0.000000 0.096849
-0.004913 -0.007129
1
373.673008 82.199041
5.295000 9.953000 12.082942 47 2
0.065880 0.000000 0.000000 0.000000 0.083012
0.006719 -0.010441
1
299.606169 112.093591
5.295000 9.953000 12.082942 32 2
0.065880 0.000000 0.000000 0.000000 0.061914
-0.003260 -0.003323
5
446.102509 328.573267
4.982786 9.366132 11.370484 34 1
0.065880 0.000000 0.000000 0.000000 0.074275
0.009597 0.005528
4
81.504096 239.355263
5.295000 9.953000 12.082942 43 1
0.000000 0.000000 0.000000 0.000000 0.067210
-0.005625 -0.000694
4
48.624814 223.789935
5.295000 9.953000 12.082942 32 1
0.000000 0.000000 0.000000 0.000000 0.064541
-0.005668 -0.002071
1
461.586366 277.781088
5.295000 9.953000 12.082942 45 2
0.065880 0.000000 0.000000 0.000000 0.106942
0.006829 -0.003576
1
181.912359 201.671856
5.295000 9.953000 12.082942 20 2
0.065880 0.000000 0.000000 0.000000 0.043191
-0.010470 -0.001309
4
295.561713 364.511281
5.295000 9.953000 12.082942 39 1
0.000000 0.000000 0.000000 0.000000 0.098207
-0.001923 0.006647
4
77.441974 397.482959
5.295000 9.953000 12.082942 48 1
0.000000 0.000000 0.000000 0.000000 0.122866
-0.005819 0.004348
1
372.999996 463.813483
5.295000 9.953000 12.082942 0 1
0.065880 0.000000 0.000000 0.000000 0.198939
0.014033 0.010284
4
309.616053 323.920371
5.295000 9.953000 12.082942 32 1
0.000000 0.000000 0.000000 0.000000 0.067029
0.000645 0.003626
1
132.540494 255.999047
5.295000 9.953000 12.082942 36 2
0.065880 0.000000 0.000000 0.000000 0.048489
-0.004646 0.000271
4
95.407353 120.078590
5.295000 9.953000 12.082942 40 1
0.000000 0.000000 0.000000 0.000000 0.073635
-0.005989 -0.005923
1
422.220127 289.551185
5.295000 9.953000 12.082942 21 2
0.065880 0.000000 0.000000 0.000000 0.107222
0.010451 0.002439
1
350.441999 211.328156
5.295000 9.953000 12.082942 0 1
0.065880 0.000000 0.000000 0.000000 0.077593
0.013014 0.010110
1
475.025257 165.248855
5.295000 9.953000 12.082942 24 2
0.065880 0.000000 0.000000 0.000000 0.261152
0.007485 -0.006137
1
177.095289 378.893651
5.295000 9.953000 12.082942 0 1
0.065880 0.000000 0.000000 0.000000 0.046095
-0.002070 0.004643
1
78.742517 416.452431
5.295000 9.953000 12.082942 37 2
0.065880 0.000000 0.000000 0.000000 0.211034
-0.006119 0.003868
4
60.683835 388.876232
5.295000 9.953000 12.082942 44 1
0.000000 0.000000 0.000000 0.000000 0.130537
-0.006273 0.005326
4
438.325605 191.527592
5.295000 9.953000 12.082942 37 1
0.000000 0.000000 0.000000 0.000000 0.114918
0.010069 -0.003664
1
275.784927 426.972900
5.295000 9.953000 12.082942 0 1
0.065880 0.000000 0.000000 0.000000 0.064552
0.001365 0.007704
1
249.033468 411.907982
5.295000 9.953000 12.082942 28 2
0.065880 0.000000 0.000000 0.000000 0.072359
-0.000345 0.006433
5
346.843874 96.877413
5.091141 9.569807 11.617745 33 1
0.065880 0.000000 0.000000 0.000000 0.103025
0.005835 -0.004799
4
75.296626 322.202216
5.295000 9.953000 12.082942 31 1
0.000000 0.000000 0.000000 0.000000 0.090456
-0.009209 0.004533
1
293.185157 94.146240
5.295000 9.953000 12.082942 0 1
0.065880 0.000000 0.000000 0.000000 0.095053
0.001959 -0.006033
1
81.536963 185.616751
5.295000 9.953000 12.082942 20 2
0.065880 0.000000 0.000000 0.000000 0.043815
-0.007000 -0.003478
4
43.070982 361.593664
5.295000 9.953000 12.082942 39 1
0.000000 0.000000 0.000000 0.000000 0.189748
-0.003645 0.007454
1
350.703699 65.864807
5.295000 9.953000 12.082942 43 2
0.065880 0.000000 0.000000 0.000000 0.203371
0.010856 -0.007598
4
224.929780 178.286065
5.295000 9.953000 12.082942 35 1
0.000000 0.000000 0.000000 0.000000 0.076785
-0.004271 0.001882
5
312.007313 20.433848
3.744130 7.037834 8.543930 40 1
0.065880 0.000000 0.000000 0.000000 0.124237
0.010306 -0.005416
1
318.538289 115.843133
5.295000 9.953000 12.082942 20 2
0.065880 0.000000 0.000000 0.000000 0.073642
-0.000262 -0.003526
1
437.080632 114.880978
5.295000 9.953000 12.082942 30 2
0.065880 0.000000 0.000000 0.000000 0.115933
0.007146 -0.004421
1
292.103495 325.999183
5.295000 9.953000 12.082942 42 2
0.065880 0.000000 0.000000 0.000000 0.058345
-0.000532 0.000791
1
396.073802 182.172569
5.295000 9.953000 12.082942 47 2
0.065880 0.000000 0.000000 0.000000 0.064046
-0.005933 -0.009510
4
199.355149 205.235710
5.295000 9.953000 12.082942 32 1
0.000000 0.000000 0.000000 0.000000 0.079363
-0.014666 0.001750
4
158.588231 409.882965
5.295000 9.953000 12.082942 45 1
0.000000 0.000000 0.000000 0.000000 0.057725
-0.002996 0.004770
1
435.497116 96.105047
5.295000 9.953000 12.082942 22 2
0.065880 0.000000 0.000000 0.000000 0.233720
0.008044 -0.004675
4
187.873399 108.486109
5.295000 9.953000 12.082942 48 1
0.000000 0.000000 0.000000 0.000000 0.048240
-0.002110 -0.004345
4
310.297841 483.585548
5.295000 9.953000 12.082942 42 1
0.000000 0.000000 0.000000 0.000000 0.119668
-0.002055 0.009844
4
344.044677 159.039236
5.295000 9.953000 12.082942 49 1
0.000000 0.000000 0.000000 0.000000 0.066798
0.005246 -0.006581
4
242.255540 209.824616
5.295000 9.953000 12.082942 47 1
0.000000 0.000000 0.000000 0.000000 0.050957
0.001160 -0.003916
1
323.460954 48.623472
5.295000 9.953000 12.082942 21 2
0.065880 0.000000 0.000000 0.000000 0.201076
0.007549 -0.012657
1
427.678211 206.232433
5.295000 9.953000 12.082942 0 1
0.065880 0.000000 0.000000 0.000000 0.098168
0.006865 -0.005821
4
203.704163 395.606383
5.295000 9.953000 12.082942 34 1
0.000000 0.000000 0.000000 0.000000 0.081137
-0.001614 0.005932
4
332.569465 186.653026
5.295000 9.953000 12.082942 47 1
0.000000 0.000000 0.000000 0.000000 0.062709
0.002318 -0.002556
1
139.981901 337.455755
5.295000 9.953000 12.082942 0 1
0.065880 0.000000 0.000000 0.000000 0.051494
-0.005735 0.002561
1
436.982743 236.926211
5.295000 9.953000 12.082942 0 1
0.065880 0.000000 0.000000 0.000000 0.126065
0.007621 -0.002309
4
328.013024 355.622047
5.295000 9.953000 12.082942 46 1
0.000000 0.000000 0.000000 0.000000 0.102958
-0.002807 0.012341
1
327.105468 322.512528
5.295000 9.953000 12.082942 20 2
0.065880 0.000000 0.000000 0.000000 0.073079
0.001734 0.005570
4
395.695581 328.259524
5.295000 9.953000 12.082942 0 1
0.000000 0.000000 0.000000 0.000000 0.166412
0.001064 0.001071
4
417.278052 307.014906
5.295000 9.953000 12.082942 0 1
0.000000 0.000000 0.000000 0.000000 0.166543
0.008709 0.002427
4
234.079931 113.752710
5.295000 9.953000 12.082942 0 1
0.000000 0.000000 0.000000 0.000000 0.115314
-0.003977 -0.004028
4
302.107697 195.680844
5.295000 9.953000 12.082942 45 1
0.000000 0.000000 0.000000 0.000000 0.062400
-0.005411 -0.005392
1
369.127007 300.972841
5.295000 9.953000 12.082942 23 2
0.065880 0.000000 0.000000 0.000000 0.068338
0.006964 0.004550
4
441.769090 218.748900
5.295000 9.953000 12.082942 0 1
0.000000 0.000000 0.000000 0.000000 0.149934
0.006515 -0.003953
4
424.175246 224.110684
5.295000 9.953000 12.082942 0 1
0.000000 0.000000 0.000000 0.000000 0.174237
0.008546 -0.003932
4
141.959407 455.316093
5.295000 9.953000 12.082942 0 1
0.000000 0.000000 0.000000 0.000000 0.169820
-0.000417 0.004542
4
101.894270 263.809663
5.295000 9.953000 12.082942 0 1
0.000000 0.000000 0.000000 0.000000 0.078399
-0.006152 0.001123
4
275.899795 331.902312
5.295000 9.953000 12.082942 0 1
0.000000 0.000000 0.000000 0.000000 0.100309
0.000005 0.005042
4
417.498882 355.987941
5.295000 9.953000 12.082942 0 1
0.000000 0.000000 0.000000 0.000000 0.154349
0.003673 0.004188
1
379.918692 249.521062
5.295000 9.953000 12.082942 19 2
0.065880 0.000000 0.000000 0.000000 0.087327
0.011856 -0.009214
4
162.022303 293.621159
5.295000 9.953000 12.082942 43 1
0.000000 0.000000 0.000000 0.000000 0.062210
-0.004585 0.001551
1
227.385980 144.401445
5.295000 9.953000 12.082942 19 2
0.065880 0.000000 0.000000 0.000000 0.063096
-0.002185 -0.001656
4
288.038178 295.584802
5.295000 9.953000 12.082942 48 1
0.000000 0.000000 0.000000 0.000000 0.047016
0.001631 -0.001401
1
48.014627 149.477253
5.295000 9.953000 12.082942 19 2
0.065880 0.000000 0.000000 0.000000 0.115906
-0.006639 -0.004301
1
74.843256 303.868245
5.295000 9.953000 12.082942 19 2
0.065880 0.000000 0.000000 0.000000 0.064183
-0.009057 0.003346
4
50.237458 242.242609
5.295000 9.953000 12.082942 30 1
0.000000 0.000000 0.000000 0.000000 0.094921
-0.005551 -0.001153
1
399.370895 311.102894
5.295000 9.953000 12.082942 19 2
0.065880 0.000000 0.000000 0.000000 0.121622
0.007420 0.003215
1
336.571769 226.098626
5.295000 9.953000 12.082942 19 2
0.065880 0.000000 0.000000 0.000000 0.073525
0.004763 0.008108
4
260.660391 478.890162
5.295000 9.953000 12.082942 41 1
0.000000 0.000000 0.000000 0.000000 0.069575
0.002391 0.005458
4
221.202088 3.062180
5.295000 9.953000 12.082942 41 1
0.000000 0.000000 0.000000 0.000000 0.138908
-0.003089 -0.010390
4
276.023097 395.888355
5.295000 9.953000 12.082942 45 1
0.000000 0.000000 0.000000 0.000000 0.070333
0.000791 0.006414
4
346.206659 272.267967
5.295000 9.953000 12.082942 44 1
0.000000 0.000000 0.000000 0.000000 0.091092
0.007925 0.002833
1
166.109540 426.595097
5.295000 9.953000 12.082942 19 2
0.065880 0.000000 0.000000 0.000000 0.058193
-0.002536 0.005375
4
349.471604 193.007178
5.295000 9.953000 12.082942 45 1
0.000000 0.000000 0.000000 0.000000 0.069671
0.012704 -0.006710
1
90.296364 293.160285
5.295000 9.953000 12.082942 19 2
0.065880 0.000000 0.000000 0.000000 0.048972
-0.008380 0.002356
4
174.014177 280.022244
5.295000 9.953000 12.082942 27 1
0.000000 0.000000 0.000000 0.000000 0.081906
-0.004354 0.000837
1
282.454535 173.579100
5.295000 9.953000 12.082942 41 2
0.065880 0.000000 0.000000 0.000000 0.043099
0.002572 -0.005288
4
184.380765 426.923409
5.295000 9.953000 12.082942 42 1
0.000000 0.000000 0.000000 0.000000 0.061996
-0.002113 0.007700
1
255.386647 198.153574
5.295000 9.953000 12.082942 19 2
0.065880 0.000000 0.000000 0.000000 0.041044
0.003511 -0.003496
1
180.771433 41.070978
5.295000 9.953000 12.082942 19 2
0.065880 0.000000 0.000000 0.000000 0.063048
-0.000084 -0.006060
4
388.116589 381.930489
5.295000 9.953000 12.082942 42 1
0.000000 0.000000 0.000000 0.000000 0.088625
0.003866 0.006019
4
343.678189 317.498668
5.295000 9.953000 12.082942 39 1
0.000000 0.000000 0.000000 0.000000 0.076347
0.003411 0.000788
1
318.292920 258.966907
5.295000 9.953000 12.082942 19 2
0.065880 0.000000 0.000000 0.000000 0.052565
0.012978 0.015954
4
226.653334 287.307958
5.295000 9.953000 12.082942 32 1
0.000000 0.000000 0.000000 0.000000 0.103881
-0.001804 0.000165
4
415.319288 259.613278
5.295000 9.953000 12.082942 45 1
0.000000 0.000000 0.000000 0.000000 0.082036
0.008714 -0.000125
1
48.633532 168.369243
5.295000 9.953000 12.082942 41 2
0.065880 0.000000 0.000000 0.000000 0.072475
-0.007300 -0.003984
4
91.634620 368.577988
5.295000 9.953000 12.082942 41 1
0.000000 0.000000 0.000000 0.000000 0.072070
-0.005800 0.004414
1
40.484510 325.031500
5.295000 9.953000 12.082942 39 2
0.065880 0.000000 0.000000 0.000000 0.092126
-0.004269 0.004553
1
368.885382 64.729979
5.295000 9.953000 12.082942 41 2
0.065880 0.000000 0.000000 0.000000 0.133861
0.013092 -0.014926
4
424.920913 161.710248
5.295000 9.953000 12.082942 39 1
0.000000 0.000000 0.000000 0.000000 0.076895
0.005757 -0.002419
1
333.803604 374.735848
5.295000 9.953000 12.082942 20 2
0.065880 0.000000 0.000000 0.000000 0.066641
0.003169 -0.000750
4
285.778325 379.861511
5.295000 9.953000 12.082942 48 1
0.000000 0.000000 0.000000 0.000000 0.082719
-0.000266 0.006956
4
402.921994 247.283194
5.295000 9.953000 12.082942 47 1
0.000000 0.000000 0.000000 0.000000 0.086890
0.005434 -0.002001
1
381.120361 315.453041
5.295000 9.953000 12.082942 20 2
0.065880 0.000000 0.000000 0.000000 0.097568
0.004885 0.012876
1
95.725241 156.751822
5.295000 9.953000 12.082942 20 2
0.065880 0.000000 0.000000 0.000000 0.044974
-0.005831 -0.003796
4
79.365971 110.795122
5.295000 9.953000 12.082942 43 1
0.000000 0.000000 0.000000 0.000000 0.089371
-0.006335 -0.004675
4
306.990979 465.483514
5.295000 9.953000 12.082942 47 1
0.000000 0.000000 0.000000 0.000000 0.063504
0.005836 0.008586
1
463.410625 324.363163
5.295000 9.953000 12.082942 20 2
0.065880 0.000000 0.000000 0.000000 0.068514
0.011897 0.004989
1
396.701035 200.266059
5.295000 9.953000 12.082942 42 2
0.065880 0.000000 0.000000 0.000000 0.068708
0.002339 -0.006983
4
48.057336 205.272432
5.295000 9.953000 12.082942 31 1
0.000000 0.000000 0.000000 0.000000 0.066224
-0.006106 -0.002704
1
407.173112 229.895268
5.295000 9.953000 12.082942 20 2
0.065880 0.000000 0.000000 0.000000 0.106115
0.011820 -0.003446
4
212.439742 236.159692
5.295000 9.953000 12.082942 41 1
0.000000 0.000000 0.000000 0.000000 0.061258
0.005618 -0.001081
1
353.610403 256.670210
5.295000 9.953000 12.082942 39 2
0.065880 0.000000 0.000000 0.000000 0.089657
0.005104 0.003051
4
203.524428 268.424224
5.295000 9.953000 12.082942 31 1
0.000000 0.000000 0.000000 0.000000 0.074391
-0.003762 0.000684
1
429.692297 389.890812
5.295000 9.953000 12.082942 20 2
0.065880 0.000000 0.000000 0.000000 0.099715
0.005939 0.007812
4
285.659829 191.341599
5.295000 9.953000 12.082942 43 1
0.000000 0.000000 0.000000 0.000000 0.052607
0.007182 -0.003265
1
320.745773 435.056950
5.295000 9.953000 12.082942 20 2
0.065880 0.000000 0.000000 0.000000 0.057052
0.008742 0.009728
4
176.157283 70.902695
5.295000 9.953000 12.082942 33 1
0.000000 0.000000 0.000000 0.000000 0.079412
-0.000424 -0.005513
1
191.230350 10.390009
5.295000 9.953000 12.082942 20 2
0.065880 0.000000 0.000000 0.000000 0.105993
-0.006740 -0.005915
4
108.971968 395.133156
5.295000 9.953000 12.082942 33 1
0.000000 0.000000 0.000000 0.000000 0.070640
-0.005292 0.004451
1
274.582275 138.396476
5.295000 9.953000 12.082942 20 2
0.065880 0.000000 0.000000 0.000000 0.052838
-0.000838 -0.004246
1
351.317557 302.361315
5.295000 9.953000 12.082942 20 2
0.065880 0.000000 0.000000 0.000000 0.062794
0.006446 -0.002255
1
200.961995 223.283043
5.295000 9.953000 12.082942 39 2
0.065880 0.000000 0.000000 0.000000 0.052818
0.005548 0.001612
4
98.463287 193.925228
5.295000 9.953000 12.082942 41 1
0.000000 0.000000 0.000000 0.000000 0.053014
-0.007107 -0.002325
1
305.122785 129.337718
5.295000 9.953000 12.082942 20 2
0.065880 0.000000 0.000000 0.000000 0.057450
0.000039 -0.004509
4
319.360908 339.052238
5.295000 9.953000 12.082942 34 1
0.000000 0.000000 0.000000 0.000000 0.102664
-0.001365 0.005910
1
363.918452 270.152005
5.295000 9.953000 12.082942 21 2
0.065880 0.000000 0.000000 0.000000 0.078086
0.009537 0.000513
4
49.127307 187.008270
5.295000 9.953000 12.082942 47 1
0.000000 0.000000 0.000000 0.000000 0.058670
-0.007490 -0.003494
4
83.180526 203.760660
5.295000 9.953000 12.082942 33 1
0.000000 0.000000 0.000000 0.000000 0.070146
-0.008637 -0.003087
1
33.394524 234.196610
5.295000 9.953000 12.082942 21 2
0.065880 0.000000 0.000000 0.000000 0.061828
-0.005613 -0.001484
1
220.171046 458.277534
5.295000 9.953000 12.082942 21 2
0.065880 0.000000 0.000000 0.000000 0.059565
0.000086 0.008481
4
453.617949 360.800635
5.295000 9.953000 12.082942 44 1
0.000000 0.000000 0.000000 0.000000 0.123320
0.003418 0.003091
4
173.395974 232.677861
5.295000 9.953000 12.082942 36 1
0.000000 0.000000 0.000000 0.000000 0.060205
-0.001692 -0.002487
2
473.048019 146.896105
5.295000 9.953000 12.082942 46 1
0.065880 0.000000 0.000000 0.000000 0.351659
0.008390 -0.007175
1
448.138933 393.928955
5.295000 9.953000 12.082942 21 2
0.065880 0.000000 0.000000 0.000000 0.145038
0.007649 0.007314
1
363.589592 182.704947
5.295000 9.953000 12.082942 43 2
0.065880 0.000000 0.000000 0.000000 0.054159
-0.002393 0.006428
4
265.324317 316.632526
5.295000 9.953000 12.082942 47 1
0.000000 0.000000 0.000000 0.000000 0.058463
0.000774 0.002422
1
270.647230 298.693452
5.295000 9.953000 12.082942 21 2
0.065880 0.000000 0.000000 0.000000 0.045894
0.001672 0.000752
1
207.059489 63.497688
5.295000 9.953000 12.082942 21 2
0.065880 0.000000 0.000000 0.000000 0.067754
-0.002878 -0.006629
4
125.538002 384.749102
5.295000 9.953000 12.082942 33 1
0.000000 0.000000 0.000000 0.000000 0.094917
-0.004693 0.004321
4
157.290165 69.897409
5.295000 9.953000 12.082942 31 1
0.000000 0.000000 0.000000 0.000000 0.074641
-0.000405 -0.007018
4
242.952829 499.222607
5.295000 9.953000 12.082942 34 1
0.000000 0.000000 0.000000 0.000000 0.087627
-0.001015 0.004118
4
261.728459 497.636301
5.295000 9.953000 12.082942 44 1
0.000000 0.000000 0.000000 0.000000 0.082610
0.000049 0.005783
4
126.754919 171.928383
5.295000 9.953000 12.082942 38 1
0.000000 0.000000 0.000000 0.000000 0.076687
-0.005953 -0.002089
1
150.336527 52.634493
5.295000 9.953000 12.082942 21 2
0.065880 0.000000 0.000000 0.000000 0.067561
-0.001481 -0.006389
4
251.218606 262.427904
5.295000 9.953000 12.082942 48 1
0.000000 0.000000 0.000000 0.000000 0.043701
-0.003665 -0.003493
4
87.796691 275.188985
5.295000 9.953000 12.082942 43 1
0.000000 0.000000 0.000000 0.000000 0.079030
-0.006995 0.001442
1
285.477525 75.854264
5.295000 9.953000 12.082942 21 2
0.065880 0.000000 0.000000 0.000000 0.153864
-0.005207 -0.007464
4
231.944928 349.982019
5.295000 9.953000 12.082942 34 1
0.000000 0.000000 0.000000 0.000000 0.065190
-0.001530 0.003226
1
126.266406 119.106026
5.295000 9.953000 12.082942 21 2
0.065880 0.000000 0.000000 0.000000 0.067714
-0.005800 -0.004960
1
432.814874 254.891865
5.295000 9.953000 12.082942 21 2
0.065880 0.000000 0.000000 0.000000 0.070453
0.008458 -0.000783
4
261.991431 151.266342
5.295000 9.953000 12.082942 32 1
0.000000 0.000000 0.000000 0.000000 0.074376
-0.000421 -0.003960
1
190.483006 478.621446
5.295000 9.953000 12.082942 21 2
0.065880 0.000000 0.000000 0.000000 0.098432
-0.003669 0.001669
4
112.701776 147.255386
5.295000 9.953000 12.082942 43 1
0.000000 0.000000 0.000000 0.000000 0.053823
-0.006762 -0.004101
4
285.988581 347.955578
5.295000 9.953000 12.082942 36 1
0.000000 0.000000 0.000000 0.000000 0.100268
-0.001232 0.006369
4
179.921252 297.130700
5.295000 9.953000 12.082942 36 1
0.000000 0.000000 0.000000 0.000000 0.084592
-0.003754 0.001252
4
285.601611 411.918944
5.295000 9.953000 12.082942 32 1
0.000000 0.000000 0.000000 0.000000 0.098198
0.000828 0.006941
1
434.908534 302.332542
5.295000 9.953000 12.082942 21 2
0.065880 0.000000 0.000000 0.000000 0.110722
0.010330 0.003733
1
473.693216 183.456181
5.295000 9.953000 12.082942 40 2
0.065880 0.000000 0.000000 0.000000 0.167035
0.012170 -0.004539
1
252.216313 180.744932
5.295000 9.953000 12.082942 21 2
0.065880 0.000000 0.000000 0.000000 0.045836
0.006275 -0.004014
1
204.495874 118.718006
5.295000 9.953000 12.082942 21 2
0.065880 0.000000 0.000000 0.000000 0.055618
-0.003598 -0.000764
1
313.205890 63.883199
5.295000 9.953000 12.082942 49 2
0.065880 0.000000 0.000000 0.000000 0.178039
0.002468 -0.011536
4
122.022928 451.008367
5.295000 9.953000 12.082942 45 1
0.000000 0.000000 0.000000 0.000000 0.201394
-0.003978 0.005151
1
306.895483 213.021715
5.295000 9.953000 12.082942 22 2
0.065880 0.000000 0.000000 0.000000 0.056913
-0.006318 -0.007389
1
470.308600 201.255316
5.295000 9.953000 12.082942 45 2
0.065880 0.000000 0.000000 0.000000 0.107063
0.009170 -0.004020
4
339.729710 391.638294
5.295000 9.953000 12.082942 39 1
0.000000 0.000000 0.000000 0.000000 0.075869
0.003630 0.001915
1
15.917396 187.723801
5.295000 9.953000 12.082942 22 2
0.065880 0.000000 0.000000 0.000000 0.166545
-0.007201 -0.002335
4
212.542588 411.424081
5.295000 9.953000 12.082942 43 1
0.000000 0.000000 0.000000 0.000000 0.061625
-0.001710 0.006926
4
195.500589 348.320685
5.295000 9.953000 12.082942 34 1
0.000000 0.000000 0.000000 0.000000 0.065983
-0.002776 0.003234
4
169.378174 167.475236
5.295000 9.953000 12.082942 44 1
0.000000 0.000000 0.000000 0.000000 0.046681
-0.004724 -0.002704
1
489.511813 233.824508
5.295000 9.953000 12.082942 22 2
0.065880 0.000000 0.000000 0.000000 0.110092
0.007416 0.001077
1
120.414942 218.891341
5.295000 9.953000 12.082942 22 2
0.065880 0.000000 0.000000 0.000000 0.060200
-0.005180 -0.000653
4
94.165598 406.036418
5.295000 9.953000 12.082942 49 1
0.000000 0.000000 0.000000 0.000000 0.079828
-0.005501 0.004501
1
307.974821 39.543132
5.295000 9.953000 12.082942 47 2
0.065880 0.000000 0.000000 0.000000 0.199048
0.003505 -0.009779
1
298.958415 309.489069
5.295000 9.953000 12.082942 22 2
0.065880 0.000000 0.000000 0.000000 0.047480
0.000535 0.000958
4
420.270850 106.936117
5.295000 9.953000 12.082942 38 1
0.000000 0.000000 0.000000 0.000000 0.132061
0.007359 -0.005384
4
441.317580 171.272188
5.295000 9.953000 12.082942 44 1
0.000000 0.000000 0.000000 0.000000 0.106732
0.008129 -0.002442
1
341.594268 142.568073
5.295000 9.953000 12.082942 23 2
0.065880 0.000000 0.000000 0.000000 0.066345
0.007851 0.003975
1
471.446476 237.985018
5.295000 9.953000 12.082942 23 2
0.065880 0.000000 0.000000 0.000000 0.115606
0.007252 0.000236
4
290.605088 457.927865
5.295000 9.953000 12.082942 49 1
0.000000 0.000000 0.000000 0.000000 0.058854
0.006182 0.007371
1
406.212734 135.393880
5.295000 9.953000 12.082942 23 2
0.065880 0.000000 0.000000 0.000000 0.060902
0.006407 -0.004168
4
18.313219 245.004512
5.295000 9.953000 12.082942 40 1
0.000000 0.000000 0.000000 0.000000 0.070445
-0.005526 -0.001140
1
42.662039 307.017119
5.295000 9.953000 12.082942 23 2
0.065880 0.000000 0.000000 0.000000 0.083675
-0.009917 0.002516
4
153.260104 360.026468
5.295000 9.953000 12.082942 41 1
0.000000 0.000000 0.000000 0.000000 0.061586
-0.003280 0.003604
1
92.664997 387.061340
5.295000 9.953000 12.082942 23 2
0.065880 0.000000 0.000000 0.000000 0.074258
-0.005539 0.004312
4
168.156677 215.477998
5.295000 9.953000 12.082942 40 1
0.000000 0.000000 0.000000 0.000000 0.048984
-0.000129 -0.002575
1
176.626006 184.779898
5.295000 9.953000 12.082942 23 2
0.065880 0.000000 0.000000 0.000000 0.050412
-0.005882 -0.002590
4
389.026057 127.712869
5.295000 9.953000 12.082942 46 1
0.000000 0.000000 0.000000 0.000000 0.072610
0.006385 -0.005181
1
247.698245 245.128128
5.295000 9.953000 12.082942 23 2
0.065880 0.000000 0.000000 0.000000 0.046513
-0.001131 -0.003935
4
138.418233 224.493910
5.295000 9.953000 12.082942 44 1
0.000000 0.000000 0.000000 0.000000 0.048460
-0.003941 -0.000528
4
189.058751 125.745336
5.295000 9.953000 12.082942 38 1
0.000000 0.000000 0.000000 0.000000 0.062077
-0.004693 -0.003346
1
162.000541 246.261261
5.295000 9.953000 12.082942 23 2
0.065880 0.000000 0.000000 0.000000 0.043519
-0.003167 -0.001272
4
225.425227 475.150493
5.295000 9.953000 12.082942 33 1
0.000000 0.000000 0.000000 0.000000 0.096332
-0.000562 0.009653
1
362.863258 363.935654
5.295000 9.953000 12.082942 44 2
0.065880 0.000000 0.000000 0.000000 0.102823
0.007217 -0.001371
1
386.864755 69.488536
5.295000 9.953000 12.082942 23 2
0.065880 0.000000 0.000000 0.000000 0.129052
0.010789 -0.006326
4
95.327657 228.137134
5.295000 9.953000 12.082942 44 1
0.000000 0.000000 0.000000 0.000000 0.072043
-0.004980 -0.000377
4
35.347750 252.772258
5.295000 9.953000 12.082942 39 1
0.000000 0.000000 0.000000 0.000000 0.084710
-0.005516 -0.000781
4
362.551074 317.422617
5.295000 9.953000 12.082942 38 1
0.000000 0.000000 0.000000 0.000000 0.100339
-0.000690 0.002383
1
42.243940 343.224610
5.295000 9.953000 12.082942 24 2
0.065880 0.000000 0.000000 0.000000 0.110739
-0.006948 0.006327
1
123.526358 286.261610
5.295000 9.953000 12.082942 24 2
0.065880 0.000000 0.000000 0.000000 0.053005
-0.005385 0.000971
1
63.701647 139.426334
5.295000 9.953000 12.082942 24 2
0.065880 0.000000 0.000000 0.000000 0.072776
-0.006049 -0.003703
4
311.233157 275.536311
5.295000 9.953000 12.082942 31 1
0.000000 0.000000 0.000000 0.000000 0.075596
0.002591 0.002936
4
406.273335 381.642689
5.295000 9.953000 12.082942 44 1
0.000000 0.000000 0.000000 0.000000 0.100520
0.004142 0.010418
1
188.037914 171.510045
5.295000 9.953000 12.082942 24 2
0.065880 0.000000 0.000000 0.000000 0.045562
-0.004308 -0.002113
1
277.279587 282.036188
5.295000 9.953000 12.082942 24 2
0.065880 0.000000 0.000000 0.000000 0.043725
0.001426 -0.002171
4
144.706887 242.450675
5.295000 9.953000 12.082942 45 1
0.000000 0.000000 0.000000 0.000000 0.047602
-0.003683 -0.000765
4
272.508071 203.893878
5.295000 9.953000 12.082942 47 1
0.000000 0.000000 0.000000 0.000000 0.045657
0.002389 -0.002966
4
226.321908 202.799142
5.295000 9.953000 12.082942 39 1
0.000000 0.000000 0.000000 0.000000 0.087723
0.004587 -0.010003
1
316.969026 370.230133
5.295000 9.953000 12.082942 24 2
0.065880 0.000000 0.000000 0.000000 0.085624
-0.000660 0.006736
4
250.143823 349.479198
5.295000 9.953000 12.082942 38 1
0.000000 0.000000 0.000000 0.000000 0.064847
-0.001490 0.003643
1
141.350279 407.727674
5.295000 9.953000 12.082942 25 2
0.065880 0.000000 0.000000 0.000000 0.056221
-0.003936 0.004145
1
393.298767 219.103619
5.295000 9.953000 12.082942 25 2
0.065880 0.000000 0.000000 0.000000 0.095114
0.016619 -0.012865
1
119.441391 268.988129
5.295000 9.953000 12.082942 25 2
0.065880 0.000000 0.000000 0.000000 0.085151
-0.005604 0.000864
4
393.150291 163.601081
5.295000 9.953000 12.082942 36 1
0.000000 0.000000 0.000000 0.000000 0.075783
0.003955 -0.005086
1
407.619589 435.481295
5.295000 9.953000 12.082942 25 2
0.065880 0.000000 0.000000 0.000000 0.121885
0.002350 0.002418
4
110.927475 414.505372
5.295000 9.953000 12.082942 32 1
0.000000 0.000000 0.000000 0.000000 0.098524
-0.005562 0.005707
4
116.061801 201.127321
5.295000 9.953000 12.082942 39 1
0.000000 0.000000 0.000000 0.000000 0.074228
-0.006141 -0.001099
1
84.480819 257.327264
5.295000 9.953000 12.082942 25 2
0.065880 0.000000 0.000000 0.000000 0.063594
-0.006198 0.000368
1
230.436119 443.436011
5.295000 9.953000 12.082942 25 2
0.065880 0.000000 0.000000 0.000000 0.057671
-0.000602 0.007347
1
371.091429 428.263944
5.295000 9.953000 12.082942 25 2
0.065880 0.000000 0.000000 0.000000 0.050630
0.000825 0.006860
4
138.703995 106.316715
5.295000 9.953000 12.082942 31 1
0.000000 0.000000 0.000000 0.000000 0.090768
-0.003689 -0.004020
1
233.696378 256.724165
5.295000 9.953000 12.082942 25 2
0.065880 0.000000 0.000000 0.000000 0.050376
-0.003335 -0.002721
4
195.143463 379.762226
5.295000 9.953000 12.082942 31 1
0.000000 0.000000 0.000000 0.000000 0.061541
-0.001609 0.005064
1
284.768727 7.765254
5.295000 9.953000 12.082942 25 2
0.065880 0.000000 0.000000 0.000000 0.204944
-0.003075 -0.009232
4
158.388535 342.605002
5.295000 9.953000 12.082942 35 1
0.000000 0.000000 0.000000 0.000000 0.058097
-0.004775 0.002471
1
329.563428 169.667735
5.295000 9.953000 12.082942 25 2
0.065880 0.000000 0.000000 0.000000 0.076541
0.003035 0.001226
1
44.013436 380.238802
5.295000 9.953000 12.082942 26 2
0.065880 0.000000 0.000000 0.000000 0.223476
-0.007186 0.007371
5
345.752003 29.717312
3.744130 7.037834 8.543930 40 1
0.065880 0.000000 0.000000 0.000000 0.218223
0.006679 -0.039436
4
165.587292 311.167234
5.295000 9.953000 12.082942 47 1
0.000000 0.000000 0.000000 0.000000 0.063711
-0.004704 0.002220
1
129.722464 189.582258
5.295000 9.953000 12.082942 26 2
0.065880 0.000000 0.000000 0.000000 0.058563
-0.006200 -0.001401
4
136.243604 319.485609
5.295000 9.953000 12.082942 32 1
0.000000 0.000000 0.000000 0.000000 0.070194
-0.006035 0.002257
4
387.482488 92.310988
5.295000 9.953000 12.082942 47 1
0.000000 0.000000 0.000000 0.000000 0.073673
0.006095 -0.006726
4
194.216614 28.720779
5.295000 9.953000 12.082942 40 1
0.000000 0.000000 0.000000 0.000000 0.094918
-0.000092 -0.007033
1
22.913761 282.096879
5.295000 9.953000 12.082942 26 2
0.065880 0.000000 0.000000 0.000000 0.074367
-0.007076 -0.000516
4
150.559219 161.784116
5.295000 9.953000 12.082942 49 1
0.000000 0.000000 0.000000 0.000000 0.043221
-0.005485 -0.002581
1
406.921773 341.963830
5.295000 9.953000 12.082942 26 2
0.065880 0.000000 0.000000 0.000000 0.118567
0.011039 -0.004472
1
233.335620 38.641415
5.295000 9.953000 12.082942 26 2
0.065880 0.000000 0.000000 0.000000 0.111077
-0.002841 -0.009482
4
212.370062 191.882328
5.295000 9.953000 12.082942 32 1
0.000000 0.000000 0.000000 0.000000 0.090353
-0.007586 0.003307
4
358.646707 442.328598
5.295000 9.953000 12.082942 46 1
0.000000 0.000000 0.000000 0.000000 0.060558
0.000748 0.008521
1
370.265620 100.901374
5.295000 9.953000 12.082942 26 2
0.065880 0.000000 0.000000 0.000000 0.082452
0.005665 -0.006345
4
346.791698 176.124796
5.295000 9.953000 12.082942 48 1
0.000000 0.000000 0.000000 0.000000 0.055321
0.004434 0.006219
4
59.715244 369.968092
5.295000 9.953000 12.082942 45 1
0.000000 0.000000 0.000000 0.000000 0.098444
-0.006339 0.006364
1
389.936288 346.721097
5.295000 9.953000 12.082942 27 2
0.065880 0.000000 0.000000 0.000000 0.129933
0.015805 0.009737
4
276.426033 221.500815
5.295000 9.953000 12.082942 38 1
0.000000 0.000000 0.000000 0.000000 0.061148
0.001873 -0.002838
1
143.642022 35.102338
5.295000 9.953000 12.082942 27 2
0.065880 0.000000 0.000000 0.000000 0.224856
-0.003998 -0.005685
4
275.305063 90.622037
5.295000 9.953000 12.082942 46 1
0.000000 0.000000 0.000000 0.000000 0.097894
-0.001728 -0.005191
4
336.767372 339.850908
5.295000 9.953000 12.082942 47 1
0.000000 0.000000 0.000000 0.000000 0.087733
0.000493 0.017085
4
198.540476 317.142979
5.295000 9.953000 12.082942 34 1
0.000000 0.000000 0.000000 0.000000 0.066850
-0.002863 0.002082
1
454.114728 232.633387
5.295000 9.953000 12.082942 27 2
0.065880 0.000000 0.000000 0.000000 0.090144
0.007380 -0.004008
1
244.867700 24.162483
5.295000 9.953000 12.082942 46 2
0.065880 0.000000 0.000000 0.000000 0.163418
-0.001534 -0.009647
1
91.527888 76.154919
5.295000 9.953000 12.082942 27 2
0.065880 0.000000 0.000000 0.000000 0.165101
-0.006707 -0.001545
4
310.214417 354.539130
5.295000 9.953000 12.082942 34 1
0.000000 0.000000 0.000000 0.000000 0.109035
-0.002955 0.005436
1
408.038450 153.316726
5.295000 9.953000 12.082942 28 2
0.065880 0.000000 0.000000 0.000000 0.055460
0.006210 -0.002780
4
209.304987 285.136850
5.295000 9.953000 12.082942 29 1
0.000000 0.000000 0.000000 0.000000 0.078346
-0.002850 0.000830
1
99.213402 443.560087
5.295000 9.953000 12.082942 28 2
0.065880 0.000000 0.000000 0.000000 0.313445
-0.003721 0.004786
1
440.214791 152.158554
5.295000 9.953000 12.082942 28 2
0.065880 0.000000 0.000000 0.000000 0.070771
0.006156 -0.003318
1
278.175637 239.045115
5.295000 9.953000 12.082942 28 2
0.065880 0.000000 0.000000 0.000000 0.057207
0.001258 0.000957
4
267.055540 411.587483
5.295000 9.953000 12.082942 32 1
0.000000 0.000000 0.000000 0.000000 0.074411
0.000471 0.006873
4
106.047343 340.337738
5.295000 9.953000 12.082942 38 1
0.000000 0.000000 0.000000 0.000000 0.062169
-0.006426 0.003531
1
111.482696 129.101961
5.295000 9.953000 12.082942 29 2
0.065880 0.000000 0.000000 0.000000 0.055030
-0.005935 -0.005000
4
231.572547 380.483291
5.295000 9.953000 12.082942 34 1
0.000000 0.000000 0.000000 0.000000 0.084955
-0.001359 0.005190
4
123.411426 366.729352
5.295000 9.953000 12.082942 37 1
0.000000 0.000000 0.000000 0.000000 0.067064
-0.004585 0.003808
1
156.143285 276.454344
5.295000 9.953000 12.082942 29 2
0.065880 0.000000 0.000000 0.000000 0.055570
-0.004654 0.000750
4
210.331004 141.371396
5.295000 9.953000 12.082942 49 1
0.000000 0.000000 0.000000 0.000000 0.067172
-0.002700 -0.002133
4
326.455992 152.166581
5.295000 9.953000 12.082942 42 1
0.000000 0.000000 0.000000 0.000000 0.076267
0.005474 -0.005182
1
352.342279 425.251212
5.295000 9.953000 12.082942 30 2
0.065880 0.000000 0.000000 0.000000 0.051733
0.000515 0.007729
4
277.336098 487.141458
5.295000 9.953000 12.082942 40 1
0.000000 0.000000 0.000000 0.000000 0.082168
0.001048 0.005667
4
240.241174 396.077731
5.295000 9.953000 12.082942 32 1
0.000000 0.000000 0.000000 0.000000 0.084833
-0.000883 0.005971
1
373.644350 137.400901
5.295000 9.953000 12.082942 30 2
0.065880 0.000000 0.000000 0.000000 0.069495
0.006845 -0.003344
4
371.735064 119.477238
5.295000 9.953000 12.082942 44 1
0.000000 0.000000 0.000000 0.000000 0.077399
0.006376 -0.004466
1
338.490056 126.178077
5.295000 9.953000 12.082942 30 2
0.065880 0.000000 0.000000 0.000000 0.075775
0.005451 -0.010082
1
454.101874 122.961643
5.295000 9.953000 12.082942 30 2
0.065880 0.000000 0.000000 0.000000 0.176938
0.007065 -0.003822
4
239.758287 427.768186
5.295000 9.953000 12.082942 32 1
0.000000 0.000000 0.000000 0.000000 0.082210
-0.000514 0.006803
1
245.447614 100.408749
5.295000 9.953000 12.082942 31 2
0.065880 0.000000 0.000000 0.000000 0.091439
-0.003835 -0.004889
1
358.260841 394.578911
5.295000 9.953000 12.082942 31 2
0.065880 0.000000 0.000000 0.000000 0.070182
0.003046 0.002644
1
75.252686 359.828421
5.295000 9.953000 12.082942 31 2
0.065880 0.000000 0.000000 0.000000 0.072360
-0.006607 0.005307
4
32.070414 196.721812
5.295000 9.953000 12.082942 46 1
0.000000 0.000000 0.000000 0.000000 0.069244
-0.006812 -0.002580
1
413.570266 193.866987
5.295000 9.953000 12.082942 32 2
0.065880 0.000000 0.000000 0.000000 0.064478
0.004460 -0.005958
5
125.614692 34.009252
4.750685 8.929853 10.840841 36 1
0.065880 0.000000 0.000000 0.000000 0.433630
-0.006214 -0.002999
1
363.466385 242.887657
5.295000 9.953000 12.082942 32 2
0.065880 0.000000 0.000000 0.000000 0.093053
0.002881 0.004139
5
327.844406 69.685072
4.352864 8.182070 9.933032 39 1
0.065880 0.000000 0.000000 0.000000 0.179109
0.008129 -0.012416
4
155.804621 113.886824
5.295000 9.953000 12.082942 44 1
0.000000 0.000000 0.000000 0.000000 0.080829
-0.004172 -0.003691
1
310.891325 98.464370
5.295000 9.953000 12.082942 32 2
0.065880 0.000000 0.000000 0.000000 0.093095
0.005696 -0.000511
1
458.500485 342.226751
5.295000 9.953000 12.082942 32 2
0.065880 0.000000 0.000000 0.000000 0.073140
0.011716 0.004889
1
338.709985 81.182417
5.295000 9.953000 12.082942 32 2
0.065880 0.000000 0.000000 0.000000 0.134891
0.005790 -0.005822
1
324.770079 471.149179
5.295000 9.953000 12.082942 32 2
0.065880 0.000000 0.000000 0.000000 0.078819
0.002828 0.013440
1
122.663191 77.250118
5.295000 9.953000 12.082942 33 2
0.065880 0.000000 0.000000 0.000000 0.087374
-0.002232 -0.005070
1
221.374740 52.627794
5.295000 9.953000 12.082942 34 2
0.065880 0.000000 0.000000 0.000000 0.083415
-0.005042 -0.010669
1
164.358695 198.457489
5.295000 9.953000 12.082942 34 2
0.065880 0.000000 0.000000 0.000000 0.061737
-0.007540 -0.002304
1
454.784340 294.481557
5.295000 9.953000 12.082942 34 2
0.065880 0.000000 0.000000 0.000000 0.087163
0.017054 0.002150
4
90.634923 350.020708
5.295000 9.953000 12.082942 42 1
0.000000 0.000000 0.000000 0.000000 0.060130
-0.006303 0.004565
1
231.556746 319.908067
5.295000 9.953000 12.082942 35 2
0.065880 0.000000 0.000000 0.000000 0.046388
-0.000929 0.001366
1
314.337907 418.270030
5.295000 9.953000 12.082942 35 2
0.065880 0.000000 0.000000 0.000000 0.070172
0.005452 0.009169
1
408.637418 63.467155
5.295000 9.953000 12.082942 35 2
0.065880 0.000000 0.000000 0.000000 0.202294
0.002657 -0.008030
4
147.754503 390.981108
5.295000 9.953000 12.082942 40 1
0.000000 0.000000 0.000000 0.000000 0.077799
-0.002406 0.004274
1
281.657150 107.964760
5.295000 9.953000 12.082942 35 2
0.065880 0.000000 0.000000 0.000000 0.075671
-0.001902 -0.005673
1
303.844357 381.734490
5.295000 9.953000 12.082942 35 2
0.065880 0.000000 0.000000 0.000000 0.061360
0.000495 0.006436
1
176.158597 410.545436
5.295000 9.953000 12.082942 35 2
0.065880 0.000000 0.000000 0.000000 0.047542
-0.002187 0.006178
1
47.337285 130.521377
5.295000 9.953000 12.082942 36 2
0.065880 0.000000 0.000000 0.000000 0.178314
-0.005775 -0.004959
1
169.958211 362.385538
5.295000 9.953000 12.082942 36 2
0.065880 0.000000 0.000000 0.000000 0.047046
-0.002346 0.003898
4
269.478713 121.270508
5.295000 9.953000 12.082942 47 1
0.000000 0.000000 0.000000 0.000000 0.077469
-0.002212 -0.004703
1
115.272578 251.527946
5.295000 9.953000 12.082942 36 2
0.065880 0.000000 0.000000 0.000000 0.058118
-0.005326 0.000637
1
392.409741 280.840440
5.295000 9.953000 12.082942 37 2
0.065880 0.000000 0.000000 0.000000 0.071844
0.007821 0.001894
1
285.973695 440.932696
5.295000 9.953000 12.082942 37 2
0.065880 0.000000 0.000000 0.000000 0.053894
0.004543 0.007230
1
61.888643 407.762159
5.295000 9.953000 12.082942 37 2
0.065880 0.000000 0.000000 0.000000 0.223449
-0.006048 0.004731
1
339.727012 288.321016
5.295000 9.953000 12.082942 38 2
0.065880 0.000000 0.000000 0.000000 0.066870
0.005827 0.003565
1
224.362609 91.993646
5.295000 9.953000 12.082942 38 2
0.065880 0.000000 0.000000 0.000000 0.077380
-0.001016 -0.000673
4
383.417170 413.924736
5.295000 9.953000 12.082942 49 1
0.000000 0.000000 0.000000 0.000000 0.051133
0.002106 0.006302
1
268.174084 73.313391
5.295000 9.953000 12.082942 39 2
0.065880 0.000000 0.000000 0.000000 0.103766
-0.005276 -0.007025
1
8.126455 293.913659
5.295000 9.953000 12.082942 39 2
0.065880 0.000000 0.000000 0.000000 0.100263
-0.008504 -0.002164
1
381.558220 364.840847
5.295000 9.953000 12.082942 39 2
0.065880 0.000000 0.000000 0.000000 0.101292
0.005344 0.004186
1
57.911862 332.573374
5.295000 9.953000 12.082942 39 2
0.065880 0.000000 0.000000 0.000000 0.073871
-0.005901 0.005072
1
344.634010 242.039319
5.295000 9.953000 12.082942 39 2
0.065880 0.000000 0.000000 0.000000 0.087307
0.004181 0.001646
1
214.313978 214.148527
5.295000 9.953000 12.082942 39 2
0.065880 0.000000 0.000000 0.000000 0.076664
-0.003717 -0.020019
1
144.369344 289.399954
5.295000 9.953000 12.082942 40 2
0.065880 0.000000 0.000000 0.000000 0.044704
-0.005098 0.001474
1
497.753053 274.130732
5.295000 9.953000 12.082942 40 2
0.065880 0.000000 0.000000 0.000000 0.204808
0.007141 0.000966
1
31.454250 140.696111
5.295000 9.953000 12.082942 40 2
0.065880 0.000000 0.000000 0.000000 0.217930
-0.005901 -0.004983
1
450.086181 311.773351
5.295000 9.953000 12.082942 40 2
0.065880 0.000000 0.000000 0.000000 0.086019
0.012786 0.003354
1
184.754360 90.831022
5.295000 9.953000 12.082942 40 2
0.065880 0.000000 0.000000 0.000000 0.059559
-0.003505 -0.004721
1
135.372304 438.190348
5.295000 9.953000 12.082942 40 2
0.065880 0.000000 0.000000 0.000000 0.073675
-0.003560 0.005059
4
79.639237 129.667206
5.295000 9.953000 12.082942 46 1
0.000000 0.000000 0.000000 0.000000 0.070682
-0.005459 -0.004176
4
409.896162 276.662447
5.295000 9.953000 12.082942 48 1
0.000000 0.000000 0.000000 0.000000 0.073540
0.009848 0.002109
1
455.077826 184.310276
5.295000 9.953000 12.082942 40 2
0.065880 0.000000 0.000000 0.000000 0.110591
0.010990 -0.002352
1
253.877677 302.375806
5.295000 9.953000 12.082942 41 2
0.065880 0.000000 0.000000 0.000000 0.046909
0.000286 0.000929
1
225.418398 71.048419
5.295000 9.953000 12.082942 41 2
0.065880 0.000000 0.000000 0.000000 0.087273
0.000671 -0.012113
1
153.357621 96.177958
5.295000 9.953000 12.082942 41 2
0.065880 0.000000 0.000000 0.000000 0.059597
-0.002796 -0.004192
4
72.975995 285.845091
5.295000 9.953000 12.082942 43 1
0.000000 0.000000 0.000000 0.000000 0.086514
-0.007918 0.002056
1
201.454743 45.885412
5.295000 9.953000 12.082942 41 2
0.065880 0.000000 0.000000 0.000000 0.079661
-0.000206 -0.007022
4
315.722660 181.647115
5.295000 9.953000 12.082942 46 1
0.000000 0.000000 0.000000 0.000000 0.065642
0.002487 -0.012049
4
232.940144 162.004054
5.295000 9.953000 12.082942 43 1
0.000000 0.000000 0.000000 0.000000 0.067036
-0.001799 0.000147
1
278.921902 155.856231
5.295000 9.953000 12.082942 41 2
0.065880 0.000000 0.000000 0.000000 0.061808
0.001638 -0.004439
1
32.255745 159.468496
5.295000 9.953000 12.082942 41 2
0.065880 0.000000 0.000000 0.000000 0.158797
-0.007393 -0.004246
1
359.323838 48.968885
5.295000 9.953000 12.082942 41 2
0.065880 0.000000 0.000000 0.000000 0.165373
0.006550 -0.012444
1
32.577073 178.201361
5.295000 9.953000 12.082942 41 2
0.065880 0.000000 0.000000 0.000000 0.088761
-0.007396 -0.003381
4
160.427947 459.195001
5.295000 9.953000 12.082942 46 1
0.000000 0.000000 0.000000 0.000000 0.118337
0.000695 0.004065
1
211.592419 442.675863
5.295000 9.953000 12.082942 42 2
0.065880 0.000000 0.000000 0.000000 0.051519
-0.001687 0.008344
4
301.601131 339.991755
5.295000 9.953000 12.082942 43 1
0.000000 0.000000 0.000000 0.000000 0.079650
-0.001988 0.003179
1
410.309221 212.090359
5.295000 9.953000 12.082942 42 2
0.065880 0.000000 0.000000 0.000000 0.092702
0.009418 -0.007111
1
242.609254 480.410598
5.295000 9.953000 12.082942 43 2
0.065880 0.000000 0.000000 0.000000 0.069247
0.002023 0.003371
1
341.537838 44.098675
5.295000 9.953000 12.082942 43 2
0.065880 0.000000 0.000000 0.000000 0.200386
0.008636 -0.031304
4
361.251432 165.288111
5.295000 9.953000 12.082942 45 1
0.000000 0.000000 0.000000 0.000000 0.077113
0.005871 -0.001722
4
79.596743 221.180634
5.295000 9.953000 12.082942 44 1
0.000000 0.000000 0.000000 0.000000 0.092453
-0.005030 -0.001629
4
222.985660 334.873990
5.295000 9.953000 12.082942 46 1
0.000000 0.000000 0.000000 0.000000 0.053215
-0.001533 0.002260
1
476.714931 337.161610
5.295000 9.953000 12.082942 44 2
0.065880 0.000000 0.000000 0.000000 0.096088
0.010243 0.008605
1
488.990055 303.081234
5.295000 9.953000 12.082942 44 2
0.065880 0.000000 0.000000 0.000000 0.094317
0.002943 0.000025
4
370.039736 380.172686
5.295000 9.953000 12.082942 47 1
0.000000 0.000000 0.000000 0.000000 0.084221
0.003723 0.003115
1
465.026062 259.838581
5.295000 9.953000 12.082942 45 2
0.065880 0.000000 0.000000 0.000000 0.112151
0.011651 -0.004836
1
63.314828 101.472535
5.295000 9.953000 12.082942 45 2
0.065880 0.000000 0.000000 0.000000 0.169409
-0.007433 -0.002006
4
481.977682 216.272054
5.295000 9.953000 12.082942 49 1
0.000000 0.000000 0.000000 0.000000 0.122589
0.011009 -0.002948
1
380.660394 267.133707
5.295000 9.953000 12.082942 46 2
0.065880 0.000000 0.000000 0.000000 0.086732
0.009112 -0.004168
4
243.848912 288.816816
5.295000 9.953000 12.082942 49 1
0.000000 0.000000 0.000000 0.000000 0.053624
-0.000882 -0.000782
1
355.004515 347.806903
5.295000 9.953000 12.082942 46 2
0.065880 0.000000 0.000000 0.000000 0.115979
0.014314 -0.000031
1
251.283533 41.667223
5.295000 9.953000 12.082942 46 2
0.065880 0.000000 0.000000 0.000000 0.172627
-0.001228 -0.011160
1
337.134547 457.277061
5.295000 9.953000 12.082942 47 2
0.065880 0.000000 0.000000 0.000000 0.054756
0.009307 0.014555
1
106.844061 86.820671
5.295000 9.953000 12.082942 47 2
0.065880 0.000000 0.000000 0.000000 0.089174
-0.003363 -0.005583
1
356.503130 82.710471
5.295000 9.953000 12.082942 47 2
0.065880 0.000000 0.000000 0.000000 0.127936
0.004740 -0.002774
1
409.652017 171.216114
5.295000 9.953000 12.082942 47 2
0.065880 0.000000 0.000000 0.000000 0.060964
0.004616 -0.000407
1
289.831406 43.005468
5.295000 9.953000 12.082942 47 2
0.065880 0.000000 0.000000 0.000000 0.234577
-0.000390 -0.010471
1
185.048659 459.243973
5.295000 9.953000 12.082942 48 2
0.065880 0.000000 0.000000 0.000000 0.100158
-0.006137 0.011521
1
91.432506 57.153928
5.295000 9.953000 12.082942 48 2
0.065880 0.000000 0.000000 0.000000 0.463389
-0.004886 -0.001976
1
296.979048 24.946399
5.295000 9.953000 12.082942 49 2
0.065880 0.000000 0.000000 0.000000 0.163187
0.006899 -0.013182
1
296.186129 60.664151
5.295000 9.953000 12.082942 49 2
0.065880 0.000000 0.000000 0.000000 0.218227
-0.001091 -0.007557
5
22.953652 318.148556
5.195070 9.765163 11.854907 32 1
0.065880 0.000000 0.000000 0.000000 0.194760
-0.003306 0.002836
5
26.113253 354.453328
5.091141 9.569807 11.617745 33 1
0.065880 0.000000 0.000000 0.000000 0.390883
0.003916 0.003475
5
336.657882 110.586060
5.091141 9.569807 11.617745 33 1
0.065880 0.000000 0.000000 0.000000 0.078784
0.002993 0.004065
5
375.656792 231.171612
4.982786 9.366132 11.370484 34 1
0.065880 0.000000 0.000000 0.000000 0.094622
0.003571 0.008290
5
324.729379 213.544522
4.982786 9.366132 11.370484 34 1
0.065880 0.000000 0.000000 0.000000 0.087608
0.007818 -0.040364
5
261.852032 27.356335
4.982786 9.366132 11.370484 34 1
0.065880 0.000000 0.000000 0.000000 0.322445
0.001196 -0.012889
5
440.993948 344.311937
4.982786 9.366132 11.370484 34 1
0.065880 0.000000 0.000000 0.000000 0.068438
0.012885 0.009908
5
380.582638 332.523056
4.493375 8.446188 10.253672 38 1
0.065880 0.000000 0.000000 0.000000 0.145227
-0.005319 0.022105
5
336.324289 58.931110
4.352864 8.182070 9.933032 39 1
0.065880 0.000000 0.000000 0.000000 0.208429
0.010536 -0.014716
5
321.271148 29.839198
3.744130 7.037834 8.543930 40 1
0.065880 0.000000 0.000000 0.000000 0.124237
0.001079 0.017235
5
358.565278 31.245394
3.744130 7.037834 8.543930 40 1
0.065880 0.000000 0.000000 0.000000 0.218223
0.015153 -0.000092
