500.000000 500.000000
683 28
91 683
2
359.930425 275.071500
5.295000 9.953000 12.082942 28 1
0.065880 0.000000 0.000000 0.000000 0.306271
-0.040338 0.033486
1
397.812022 394.983382
5.295000 9.953000 12.082942 0 1
0.065880 0.000000 0.000000 0.000000 0.191112
0.010312 0.000203
1
341.645268 362.953092
5.295000 9.953000 12.082942 20 2
0.065880 0.000000 0.000000 0.000000 0.348198
0.013837 0.008742
1
215.252234 341.163082
5.295000 9.953000 12.082942 0 1
0.065880 0.000000 0.000000 0.000000 0.168139
-0.037957 -0.017511
5
252.003948 416.462110
4.982786 9.366132 11.370484 13 1
0.065880 0.000000 0.000000 0.000000 0.192270
0.033212 0.025511
1
77.902116 334.977536
5.295000 9.953000 12.082942 24 2
0.065880 0.000000 0.000000 0.000000 0.208373
-0.022959 -0.004052
1
330.744409 256.766522
5.295000 9.953000 12.082942 21 2
0.065880 0.000000 0.000000 0.000000 0.270653
0.005816 -0.005157
1
191.380157 304.160015
5.295000 9.953000 12.082942 0 1
0.065880 0.000000 0.000000 0.000000 0.182838
0.045905 0.006583
5
135.675146 342.277951
5.195070 9.765163 11.854907 11 1
0.065880 0.000000 0.000000 0.000000 0.161106
-0.024330 -0.000596
1
272.292973 490.369176
5.295000 9.953000 12.082942 0 1
0.065880 0.000000 0.000000 0.000000 0.194827
-0.001455 0.019798
5
231.272414 68.592905
4.625609 8.694746 10.555422 16 1
0.065880 0.000000 0.000000 0.000000 0.334603
0.002905 -0.020969
5
35.228735 208.507166
4.869501 9.153191 11.111974 14 1
0.065880 0.000000 0.000000 0.000000 0.202813
-0.015207 -0.001327
1
444.926366 167.438607
5.295000 9.953000 12.082942 23 2
0.065880 0.000000 0.000000 0.000000 0.276691
0.014774 -0.001525
5
246.201909 308.990793
4.493375 8.446188 10.253672 17 1
0.065880 0.000000 0.000000 0.000000 0.171797
-0.010633 0.015745
2
147.257390 297.564999
5.295000 9.953000 12.082942 22 1
0.065880 0.000000 0.000000 0.000000 0.184031
0.003471 0.002524
5
108.229591 147.161251
5.195070 9.765163 11.854907 11 1
0.065880 0.000000 0.000000 0.000000 0.181925
-0.016857 -0.013216
1
157.095970 430.854873
5.295000 9.953000 12.082942 22 2
0.065880 0.000000 0.000000 0.000000 0.248795
-0.003449 0.022417
1
411.808219 133.194308
5.295000 9.953000 12.082942 0 1
0.065880 0.000000 0.000000 0.000000 0.189117
0.007537 -0.005453
5
42.808572 143.304450
4.352864 8.182070 9.933032 18 1
0.065880 0.000000 0.000000 0.000000 0.241692
-0.030694 -0.018594
1
358.648087 61.129825
5.295000 9.953000 12.082942 0 1
0.065880 0.000000 0.000000 0.000000 0.620976
0.000551 -0.017827
1
243.646756 138.457787
5.295000 9.953000 12.082942 19 2
0.065880 0.000000 0.000000 0.000000 0.287790
0.006268 -0.000277
1
392.315145 289.290180
5.295000 9.953000 12.082942 0 1
0.065880 0.000000 0.000000 0.000000 0.285144
0.093233 0.083841
1
74.378603 418.200439
5.295000 9.953000 12.082942 0 1
0.065880 0.000000 0.000000 0.000000 0.511807
-0.015384 0.009611
2
256.045727 280.020718
5.295000 9.953000 12.082942 23 1
0.065880 0.000000 0.000000 0.000000 0.171779
0.007289 0.005140
1
311.942039 142.957321
5.295000 9.953000 12.082942 23 2
0.065880 0.000000 0.000000 0.000000 0.214447
0.007931 -0.009768
1
298.598507 293.868054
5.295000 9.953000 12.082942 19 2
0.065880 0.000000 0.000000 0.000000 0.186350
0.011102 0.000720
1
240.122079 357.355133
5.295000 9.953000 12.082942 0 1
0.065880 0.000000 0.000000 0.000000 0.169804
0.001477 0.005621
5
328.034547 427.268730
5.091141 9.569807 11.617745 12 1
0.065880 0.000000 0.000000 0.000000 0.213105
0.012731 0.012481
1
198.364467 401.636881
5.295000 9.953000 12.082942 0 1
0.065880 0.000000 0.000000 0.000000 0.174940
-0.011461 0.011792
5
415.028240 186.477957
4.869501 9.153191 11.111974 14 1
0.065880 0.000000 0.000000 0.000000 0.195883
0.007645 -0.002820
1
427.714889 347.439592
5.295000 9.953000 12.082942 0 1
0.065880 0.000000 0.000000 0.000000 0.253254
0.010328 0.006389
1
446.842270 222.132680
5.295000 9.953000 12.082942 23 2
0.065880 0.000000 0.000000 0.000000 0.310512
0.012750 -0.002674
1
49.496140 350.599950
5.295000 9.953000 12.082942 26 2
0.065880 0.000000 0.000000 0.000000 0.248774
-0.022673 0.004930
1
334.567430 443.036713
5.295000 9.953000 12.082942 0 1
0.065880 0.000000 0.000000 0.000000 0.177936
0.011672 0.011103
1
2.825373 268.635329
5.295000 9.953000 12.082942 0 1
0.065880 0.000000 0.000000 0.000000 0.200584
-0.018761 0.005818
1
266.636035 439.656293
5.295000 9.953000 12.082942 23 2
0.065880 0.000000 0.000000 0.000000 0.179004
0.003271 0.011905
1
308.385940 374.386498
5.295000 9.953000 12.082942 20 2
0.065880 0.000000 0.000000 0.000000 0.240649
0.021315 0.007690
5
374.313315 270.902846
3.744130 7.037834 8.543930 19 1
0.065880 0.000000 0.000000 0.000000 0.277037
0.177397 0.093591
1
77.013867 199.865653
5.295000 9.953000 12.082942 21 2
0.065880 0.000000 0.000000 0.000000 0.171640
-0.015008 0.001132
5
249.108413 372.634103
5.195070 9.765163 11.854907 11 1
0.065880 0.000000 0.000000 0.000000 0.181093
-0.001440 0.004573
1
80.322332 217.677661
5.295000 9.953000 12.082942 21 2
0.065880 0.000000 0.000000 0.000000 0.170361
-0.008285 -0.004739
5
305.814543 389.711071
4.493375 8.446188 10.253672 17 1
0.065880 0.000000 0.000000 0.000000 0.265429
0.002027 0.002785
1
159.647204 481.347383
5.295000 9.953000 12.082942 0 1
0.065880 0.000000 0.000000 0.000000 0.402920
-0.009323 0.016897
1
88.768223 174.775739
5.295000 9.953000 12.082942 0 1
0.065880 0.000000 0.000000 0.000000 0.154496
-0.006692 -0.002337
1
375.865946 243.721029
5.295000 9.953000 12.082942 20 2
0.065880 0.000000 0.000000 0.000000 0.342181
-0.005803 0.012630
1
117.365360 300.406333
5.295000 9.953000 12.082942 24 2
0.065880 0.000000 0.000000 0.000000 0.172182
-0.002862 -0.004138
1
208.038737 103.786666
5.295000 9.953000 12.082942 0 1
0.065880 0.000000 0.000000 0.000000 0.205340
0.002379 -0.011082
1
343.414517 277.419416
5.295000 9.953000 12.082942 0 1
0.065880 0.000000 0.000000 0.000000 0.325428
0.036877 -0.017698
1
364.804699 162.749609
5.295000 9.953000 12.082942 0 1
0.065880 0.000000 0.000000 0.000000 0.208481
0.014614 0.018439
5
285.033117 457.653359
5.091141 9.569807 11.617745 12 1
0.065880 0.000000 0.000000 0.000000 0.196894
0.004865 0.026958
5
254.799584 125.905087
4.982786 9.366132 11.370484 13 1
0.065880 0.000000 0.000000 0.000000 0.226760
-0.017511 -0.014215
1
223.951454 356.131298
5.295000 9.953000 12.082942 0 1
0.065880 0.000000 0.000000 0.000000 0.169427
0.006377 0.016074
1
312.729451 204.766618
5.295000 9.953000 12.082942 0 1
0.065880 0.000000 0.000000 0.000000 0.271843
0.005365 -0.006446
1
374.498650 292.989830
5.295000 9.953000 12.082942 20 2
0.065880 0.000000 0.000000 0.000000 0.222241
0.007544 0.001125
1
90.635479 145.924273
5.295000 9.953000 12.082942 20 2
0.065880 0.000000 0.000000 0.000000 0.181863
-0.012576 -0.014550
1
306.877807 233.871191
5.295000 9.953000 12.082942 0 1
0.065880 0.000000 0.000000 0.000000 0.182552
0.001681 -0.005159
2
474.661975 276.550932
5.295000 9.953000 12.082942 22 1
0.065880 0.000000 0.000000 0.000000 0.464006
-0.004074 -0.001192
1
52.511489 113.558080
5.295000 9.953000 12.082942 0 1
0.065880 0.000000 0.000000 0.000000 0.329611
0.002114 -0.008019
1
369.245595 37.749472
5.295000 9.953000 12.082942 26 2
0.065880 0.000000 0.000000 0.000000 0.345080
-0.001210 -0.005996
1
380.945923 156.124884
5.295000 9.953000 12.082942 28 2
0.065880 0.000000 0.000000 0.000000 0.172884
0.005548 -0.011639
1
163.679736 323.001352
5.295000 9.953000 12.082942 26 2
0.065880 0.000000 0.000000 0.000000 0.181362
0.006753 0.008712
1
139.631884 208.620480
5.295000 9.953000 12.082942 26 2
0.065880 0.000000 0.000000 0.000000 0.156992
-0.024953 -0.021781
1
256.872721 357.827234
5.295000 9.953000 12.082942 25 2
0.065880 0.000000 0.000000 0.000000 0.164489
0.010835 0.004867
5
411.681129 96.801400
4.982786 9.366132 11.370484 13 1
0.065880 0.000000 0.000000 0.000000 0.232265
0.005394 -0.011861
1
163.492744 463.516265
5.295000 9.953000 12.082942 26 2
0.065880 0.000000 0.000000 0.000000 0.262029
-0.006765 0.020612
2
244.979877 293.314456
5.295000 9.953000 12.082942 28 1
0.065880 0.000000 0.000000 0.000000 0.167623
0.012902 0.010014
1
30.595305 224.910887
5.295000 9.953000 12.082942 21 2
0.065880 0.000000 0.000000 0.000000 0.184620
-0.021464 -0.000796
1
113.391456 115.996766
5.295000 9.953000 12.082942 20 2
0.065880 0.000000 0.000000 0.000000 0.206960
-0.004356 -0.013319
1
295.368579 471.210856
5.295000 9.953000 12.082942 20 2
0.065880 0.000000 0.000000 0.000000 0.202870
0.003647 0.024929
1
394.036238 357.837369
5.295000 9.953000 12.082942 27 2
0.065880 0.000000 0.000000 0.000000 0.348062
0.008779 0.001860
1
461.726993 194.590586
5.295000 9.953000 12.082942 21 2
0.065880 0.000000 0.000000 0.000000 0.378314
0.010005 -0.001649
2
44.961691 159.227714
5.295000 9.953000 12.082942 22 1
0.065880 0.000000 0.000000 0.000000 0.212734
0.005303 -0.014990
5
42.800679 334.252592
5.091141 9.569807 11.617745 12 1
0.065880 0.000000 0.000000 0.000000 0.304805
-0.029620 0.002813
1
52.767150 382.930310
5.295000 9.953000 12.082942 0 1
0.065880 0.000000 0.000000 0.000000 0.309777
-0.005964 0.009182
5
149.464785 367.494570
5.195070 9.765163 11.854907 11 1
0.065880 0.000000 0.000000 0.000000 0.163089
0.004422 -0.010571
2
164.588496 446.392201
5.295000 9.953000 12.082942 24 1
0.065880 0.000000 0.000000 0.000000 0.271553
-0.003354 0.022399
1
179.252650 124.758648
5.295000 9.953000 12.082942 0 1
0.065880 0.000000 0.000000 0.000000 0.167414
0.004746 -0.011684
2
445.386780 300.502009
5.295000 9.953000 12.082942 22 1
0.065880 0.000000 0.000000 0.000000 0.384572
-0.003186 0.000883
1
172.487845 387.317843
5.295000 9.953000 12.082942 25 2
0.065880 0.000000 0.000000 0.000000 0.168041
-0.010087 0.013606
1
66.923805 80.810182
5.295000 9.953000 12.082942 21 2
0.065880 0.000000 0.000000 0.000000 0.578331
-0.012183 -0.017030
1
103.591356 313.066415
5.295000 9.953000 12.082942 19 2
0.065880 0.000000 0.000000 0.000000 0.168008
-0.007338 -0.007416
1
119.703182 77.885550
5.295000 9.953000 12.082942 0 1
0.065880 0.000000 0.000000 0.000000 0.238623
-0.012339 -0.017051
1
85.543367 252.062360
5.295000 9.953000 12.082942 19 2
0.065880 0.000000 0.000000 0.000000 0.165770
-0.021038 -0.006962
2
230.443560 8.219415
5.295000 9.953000 12.082942 21 1
0.065880 0.000000 0.000000 0.000000 0.281179
0.010154 -0.014302
2
221.622345 91.670975
5.295000 9.953000 12.082942 23 1
0.065880 0.000000 0.000000 0.000000 0.356659
0.002787 -0.009121
1
80.408854 160.525834
5.295000 9.953000 12.082942 24 2
0.065880 0.000000 0.000000 0.000000 0.157308
0.000317 -0.008449
1
162.712541 305.359937
5.295000 9.953000 12.082942 26 2
0.065880 0.000000 0.000000 0.000000 0.196548
-0.013043 -0.011620
1
35.663985 256.281021
5.295000 9.953000 12.082942 0 1
0.065880 0.000000 0.000000 0.000000 0.171964
-0.017953 0.003176
1
183.269810 449.350737
5.295000 9.953000 12.082942 0 1
0.065880 0.000000 0.000000 0.000000 0.238272
-0.000302 0.023204
1
385.144600 193.093332
5.295000 9.953000 12.082942 20 2
0.065880 0.000000 0.000000 0.000000 0.206652
0.010289 0.001005
1
133.253043 307.156489
5.295000 9.953000 12.082942 0 1
0.065880 0.000000 0.000000 0.000000 0.169838
-0.003922 0.004799
1
371.433069 205.431850
5.295000 9.953000 12.082942 25 2
0.065880 0.000000 0.000000 0.000000 0.234558
0.012989 0.004146
1
204.438178 296.511849
5.295000 9.953000 12.082942 28 2
0.065880 0.000000 0.000000 0.000000 0.184824
-0.033988 0.098575
2
203.371943 418.105567
5.295000 9.953000 12.082942 24 1
0.065880 0.000000 0.000000 0.000000 0.171395
-0.001250 0.010884
2
178.985302 25.496103
5.295000 9.953000 12.082942 26 1
0.065880 0.000000 0.000000 0.000000 0.292422
-0.001225 -0.014159
1
262.981724 250.912393
5.295000 9.953000 12.082942 0 1
0.065880 0.000000 0.000000 0.000000 0.210326
0.007790 0.004252
1
449.230561 371.609656
5.295000 9.953000 12.082942 21 2
0.065880 0.000000 0.000000 0.000000 0.249548
0.009529 0.002923
5
361.646586 397.413933
4.982786 9.366132 11.370484 13 1
0.065880 0.000000 0.000000 0.000000 0.222226
0.012448 -0.000837
5
181.063196 344.389455
4.352864 8.182070 9.933032 18 1
0.065880 0.000000 0.000000 0.000000 0.187400
0.006961 0.098148
1
396.659277 105.986592
5.295000 9.953000 12.082942 26 2
0.065880 0.000000 0.000000 0.000000 0.320044
0.007961 -0.003370
1
289.167028 277.428609
5.295000 9.953000 12.082942 0 1
0.065880 0.000000 0.000000 0.000000 0.230428
0.008793 0.000117
1
412.333122 151.268668
5.295000 9.953000 12.082942 23 2
0.065880 0.000000 0.000000 0.000000 0.182192
0.009165 -0.004171
1
117.744183 280.362893
5.295000 9.953000 12.082942 25 2
0.065880 0.000000 0.000000 0.000000 0.245807
-0.014429 0.015065
5
462.859247 345.144335
4.750685 8.929853 10.840841 15 1
0.065880 0.000000 0.000000 0.000000 0.277253
0.012133 0.001115
1
368.688490 186.906942
5.295000 9.953000 12.082942 25 2
0.065880 0.000000 0.000000 0.000000 0.187856
0.013907 -0.001023
5
478.158266 337.743942
4.869501 9.153191 11.111974 14 1
0.065880 0.000000 0.000000 0.000000 0.254123
0.009425 0.001183
1
371.736391 329.351177
5.295000 9.953000 12.082942 19 2
0.065880 0.000000 0.000000 0.000000 0.332455
-0.001226 0.005290
1
123.038260 421.141907
5.295000 9.953000 12.082942 0 1
0.065880 0.000000 0.000000 0.000000 0.177972
-0.007459 0.018773
1
381.015860 429.116922
5.295000 9.953000 12.082942 25 2
0.065880 0.000000 0.000000 0.000000 0.180518
0.010908 0.003108
1
106.893143 414.379452
5.295000 9.953000 12.082942 25 2
0.065880 0.000000 0.000000 0.000000 0.219178
-0.009924 0.010955
1
159.819262 230.747312
5.295000 9.953000 12.082942 21 2
0.065880 0.000000 0.000000 0.000000 0.161383
-0.009310 0.004267
1
444.413104 149.194566
5.295000 9.953000 12.082942 21 2
0.065880 0.000000 0.000000 0.000000 0.261525
0.009919 -0.003356
1
430.981933 365.564159
5.295000 9.953000 12.082942 21 2
0.065880 0.000000 0.000000 0.000000 0.244206
0.004729 0.006483
1
272.381618 62.393871
5.295000 9.953000 12.082942 0 1
0.065880 0.000000 0.000000 0.000000 0.553500
0.013079 -0.016641
1
48.295957 221.464947
5.295000 9.953000 12.082942 20 2
0.065880 0.000000 0.000000 0.000000 0.178995
-0.020614 -0.003896
1
318.730996 220.956050
5.295000 9.953000 12.082942 19 2
0.065880 0.000000 0.000000 0.000000 0.234854
0.002861 -0.005502
1
188.733937 266.321979
5.295000 9.953000 12.082942 0 1
0.065880 0.000000 0.000000 0.000000 0.147993
0.007637 0.007825
2
40.908770 127.371167
5.295000 9.953000 12.082942 22 1
0.065880 0.000000 0.000000 0.000000 0.394888
-0.018797 -0.025772
5
257.371549 387.467903
5.091141 9.569807 11.617745 12 1
0.065880 0.000000 0.000000 0.000000 0.170897
-0.009871 0.005763
1
81.607614 99.609057
5.295000 9.953000 12.082942 0 1
0.065880 0.000000 0.000000 0.000000 0.205144
-0.009617 -0.011901
1
258.180070 235.034842
5.295000 9.953000 12.082942 27 2
0.065880 0.000000 0.000000 0.000000 0.167555
0.009426 0.000902
1
249.581888 433.405235
5.295000 9.953000 12.082942 19 2
0.065880 0.000000 0.000000 0.000000 0.193670
-0.001011 0.013960
5
389.806206 90.293751
4.493375 8.446188 10.253672 17 1
0.065880 0.000000 0.000000 0.000000 0.241766
-0.002400 -0.000425
1
315.058584 438.400522
5.295000 9.953000 12.082942 0 1
0.065880 0.000000 0.000000 0.000000 0.206310
0.002573 0.008609
1
300.987552 18.716356
5.295000 9.953000 12.082942 0 1
0.065880 0.000000 0.000000 0.000000 0.329307
0.000553 -0.006051
1
300.149703 263.127448
5.295000 9.953000 12.082942 24 2
0.065880 0.000000 0.000000 0.000000 0.210469
0.002582 -0.001726
1
462.587684 308.293729
5.295000 9.953000 12.082942 0 1
0.065880 0.000000 0.000000 0.000000 0.290928
0.001145 -0.005996
1
240.447325 24.478557
5.295000 9.953000 12.082942 19 2
0.065880 0.000000 0.000000 0.000000 0.473929
0.003829 -0.008331
5
119.436372 59.651128
5.195070 9.765163 11.854907 11 1
0.065880 0.000000 0.000000 0.000000 0.238529
-0.010912 -0.018453
1
109.975134 212.729681
5.295000 9.953000 12.082942 25 2
0.065880 0.000000 0.000000 0.000000 0.157621
-0.006020 -0.002001
5
117.179036 42.249583
4.869501 9.153191 11.111974 14 1
0.065880 0.000000 0.000000 0.000000 0.575135
-0.010111 -0.019198
1
168.007513 55.171025
5.295000 9.953000 12.082942 27 2
0.065880 0.000000 0.000000 0.000000 0.195092
-0.001327 -0.013751
1
379.280650 396.453601
5.295000 9.953000 12.082942 24 2
0.065880 0.000000 0.000000 0.000000 0.200038
0.011832 0.001077
5
169.305948 191.841724
4.625609 8.694746 10.555422 16 1
0.065880 0.000000 0.000000 0.000000 0.146357
0.041756 -0.178204
1
355.622949 198.044869
5.295000 9.953000 12.082942 21 2
0.065880 0.000000 0.000000 0.000000 0.221340
0.015495 -0.003459
1
12.180416 228.923250
5.295000 9.953000 12.082942 19 2
0.065880 0.000000 0.000000 0.000000 0.231214
-0.020177 0.000613
1
289.499984 183.290876
5.295000 9.953000 12.082942 0 1
0.065880 0.000000 0.000000 0.000000 0.171235
0.005271 -0.007191
1
254.557327 92.023845
5.295000 9.953000 12.082942 27 2
0.065880 0.000000 0.000000 0.000000 0.270821
0.006235 -0.008257
2
222.263445 322.584729
5.295000 9.953000 12.082942 26 1
0.065880 0.000000 0.000000 0.000000 0.166390
0.016023 0.000666
1
182.059112 43.596645
5.295000 9.953000 12.082942 26 2
0.065880 0.000000 0.000000 0.000000 0.188010
-0.000924 -0.013029
1
17.531787 257.674742
5.295000 9.953000 12.082942 23 2
0.065880 0.000000 0.000000 0.000000 0.191108
-0.019093 0.003159
1
47.893365 269.471400
5.295000 9.953000 12.082942 26 2
0.065880 0.000000 0.000000 0.000000 0.175552
-0.008708 -0.000087
1
371.248518 445.753500
5.295000 9.953000 12.082942 0 1
0.065880 0.000000 0.000000 0.000000 0.199352
0.010465 0.006743
1
289.010075 229.657472
5.295000 9.953000 12.082942 22 2
0.065880 0.000000 0.000000 0.000000 0.186339
0.003842 -0.004981
1
53.588075 286.193337
5.295000 9.953000 12.082942 23 2
0.065880 0.000000 0.000000 0.000000 0.175945
-0.015202 0.002846
5
282.624047 131.524465
4.352864 8.182070 9.933032 18 1
0.065880 0.000000 0.000000 0.000000 0.192491
-0.017005 -0.002179
5
146.151633 280.579923
5.195070 9.765163 11.854907 11 1
0.065880 0.000000 0.000000 0.000000 0.181916
-0.017493 -0.003330
1
266.366290 372.979800
5.295000 9.953000 12.082942 19 2
0.065880 0.000000 0.000000 0.000000 0.166583
-0.001734 0.000836
1
213.175170 39.972358
5.295000 9.953000 12.082942 0 1
0.065880 0.000000 0.000000 0.000000 0.207368
0.001464 -0.015529
1
137.356456 161.270824
5.295000 9.953000 12.082942 26 2
0.065880 0.000000 0.000000 0.000000 0.169548
0.005745 -0.031569
1
231.519698 404.067825
5.295000 9.953000 12.082942 0 1
0.065880 0.000000 0.000000 0.000000 0.165338
-0.003152 0.001716
1
65.513739 265.805322
5.295000 9.953000 12.082942 0 1
0.065880 0.000000 0.000000 0.000000 0.160565
-0.007482 -0.013667
1
182.265772 141.661915
5.295000 9.953000 12.082942 0 1
0.065880 0.000000 0.000000 0.000000 0.159381
0.001012 -0.012621
1
254.656910 327.969895
5.295000 9.953000 12.082942 21 2
0.065880 0.000000 0.000000 0.000000 0.207442
0.011123 -0.000088
5
225.908341 133.636516
5.195070 9.765163 11.854907 11 1
0.065880 0.000000 0.000000 0.000000 0.314704
0.000674 -0.001330
1
406.260278 416.924983
5.295000 9.953000 12.082942 0 1
0.065880 0.000000 0.000000 0.000000 0.190172
0.013957 0.008875
1
366.591518 228.668244
5.295000 9.953000 12.082942 20 2
0.065880 0.000000 0.000000 0.000000 0.310927
0.006493 -0.003344
1
223.766511 226.802553
5.295000 9.953000 12.082942 20 2
0.065880 0.000000 0.000000 0.000000 0.215499
0.005577 -0.000006
2
315.800508 293.350091
5.295000 9.953000 12.082942 20 1
0.065880 0.000000 0.000000 0.000000 0.177664
0.015258 -0.004967
1
276.586168 310.848510
5.295000 9.953000 12.082942 21 2
0.065880 0.000000 0.000000 0.000000 0.274213
0.011009 0.007447
1
324.680308 238.149936
5.295000 9.953000 12.082942 20 2
0.065880 0.000000 0.000000 0.000000 0.231913
0.000070 -0.001366
1
106.715986 177.926276
5.295000 9.953000 12.082942 0 1
0.065880 0.000000 0.000000 0.000000 0.158274
-0.014717 -0.000838
2
190.931563 96.650875
5.295000 9.953000 12.082942 22 1
0.065880 0.000000 0.000000 0.000000 0.188714
0.000830 -0.009747
1
155.390701 214.532244
5.295000 9.953000 12.082942 0 1
0.065880 0.000000 0.000000 0.000000 0.147997
0.082358 -0.040439
2
152.314298 413.548175
5.295000 9.953000 12.082942 22 1
0.065880 0.000000 0.000000 0.000000 0.192049
0.005449 0.019668
2
224.188599 110.622365
5.295000 9.953000 12.082942 20 1
0.065880 0.000000 0.000000 0.000000 0.285093
0.003588 -0.012482
1
149.832711 349.911208
5.295000 9.953000 12.082942 23 2
0.065880 0.000000 0.000000 0.000000 0.163474
0.014316 0.021666
1
139.367276 393.204522
5.295000 9.953000 12.082942 21 2
0.065880 0.000000 0.000000 0.000000 0.181277
-0.030032 0.011483
1
389.156352 411.891050
5.295000 9.953000 12.082942 0 1
0.065880 0.000000 0.000000 0.000000 0.170102
0.014983 0.002293
1
119.800356 317.609848
5.295000 9.953000 12.082942 0 1
0.065880 0.000000 0.000000 0.000000 0.155820
-0.007870 -0.000760
1
237.292089 99.021940
5.295000 9.953000 12.082942 0 1
0.065880 0.000000 0.000000 0.000000 0.398343
0.005218 -0.012384
1
237.585872 495.599775
5.295000 9.953000 12.082942 0 1
0.065880 0.000000 0.000000 0.000000 0.192578
-0.007732 0.016106
1
70.597868 282.482979
5.295000 9.953000 12.082942 0 1
0.065880 0.000000 0.000000 0.000000 0.170600
-0.015715 -0.011556
1
215.745917 371.437823
5.295000 9.953000 12.082942 0 1
0.065880 0.000000 0.000000 0.000000 0.189743
-0.009629 0.004311
1
297.695111 410.929687
5.295000 9.953000 12.082942 0 1
0.065880 0.000000 0.000000 0.000000 0.221812
0.042822 -0.005844
2
160.442456 102.079737
5.295000 9.953000 12.082942 23 1
0.065880 0.000000 0.000000 0.000000 0.173886
-0.000836 -0.008181
1
337.305504 206.774066
5.295000 9.953000 12.082942 19 2
0.065880 0.000000 0.000000 0.000000 0.348184
-0.002998 0.005797
2
87.594165 285.270277
5.295000 9.953000 12.082942 23 1
0.065880 0.000000 0.000000 0.000000 0.161968
-0.014966 -0.000860
1
364.946703 348.763661
5.295000 9.953000 12.082942 0 1
0.065880 0.000000 0.000000 0.000000 0.633749
0.013547 -0.010115
1
459.320791 287.987158
5.295000 9.953000 12.082942 0 1
0.065880 0.000000 0.000000 0.000000 0.343381
0.001900 0.007144
5
350.473850 230.563985
4.869501 9.153191 11.111974 14 1
0.065880 0.000000 0.000000 0.000000 0.344077
-0.000668 -0.018921
2
231.418113 464.116842
5.295000 9.953000 12.082942 25 1
0.065880 0.000000 0.000000 0.000000 0.186883
-0.001406 0.013945
1
267.639285 457.783298
5.295000 9.953000 12.082942 21 2
0.065880 0.000000 0.000000 0.000000 0.186444
0.000867 0.012646
1
445.851849 204.334994
5.295000 9.953000 12.082942 22 2
0.065880 0.000000 0.000000 0.000000 0.285308
0.010109 -0.002153
2
347.247719 345.909663
5.295000 9.953000 12.082942 28 1
0.065880 0.000000 0.000000 0.000000 0.395036
0.012082 0.007828
1
172.100595 261.820652
5.295000 9.953000 12.082942 19 2
0.065880 0.000000 0.000000 0.000000 0.150583
-0.024769 0.007045
1
255.520130 173.030976
5.295000 9.953000 12.082942 19 2
0.065880 0.000000 0.000000 0.000000 0.186019
0.002299 -0.001930
1
309.718637 309.020069
5.295000 9.953000 12.082942 0 1
0.065880 0.000000 0.000000 0.000000 0.190235
0.014775 0.001143
1
152.901834 196.679560
5.295000 9.953000 12.082942 21 2
0.065880 0.000000 0.000000 0.000000 0.150255
-0.031543 -0.006075
1
206.805986 328.538993
5.295000 9.953000 12.082942 27 2
0.065880 0.000000 0.000000 0.000000 0.167884
0.040705 0.095405
1
261.042657 143.580711
5.295000 9.953000 12.082942 0 1
0.065880 0.000000 0.000000 0.000000 0.197012
0.018698 -0.013485
1
41.318436 367.279993
5.295000 9.953000 12.082942 22 2
0.065880 0.000000 0.000000 0.000000 0.336047
-0.014078 0.013236
5
34.634890 170.067754
3.744130 7.037834 8.543930 19 1
0.065880 0.000000 0.000000 0.000000 0.241936
-0.000150 -0.012426
1
176.084117 433.003998
5.295000 9.953000 12.082942 0 1
0.065880 0.000000 0.000000 0.000000 0.207803
-0.001061 0.027040
5
94.799801 443.382658
5.195070 9.765163 11.854907 11 1
0.065880 0.000000 0.000000 0.000000 0.530014
-0.014927 0.012351
1
425.785938 315.890285
5.295000 9.953000 12.082942 0 1
0.065880 0.000000 0.000000 0.000000 0.418691
-0.006996 0.011836
1
170.971069 73.016030
5.295000 9.953000 12.082942 0 1
0.065880 0.000000 0.000000 0.000000 0.186179
0.000834 -0.012472
1
193.342461 432.969117
5.295000 9.953000 12.082942 19 2
0.065880 0.000000 0.000000 0.000000 0.196736
-0.000225 0.016092
1
331.305495 31.871522
5.295000 9.953000 12.082942 26 2
0.065880 0.000000 0.000000 0.000000 0.348058
0.000973 -0.002977
1
87.619724 370.818427
5.295000 9.953000 12.082942 23 2
0.065880 0.000000 0.000000 0.000000 0.219010
0.000015 0.018981
1
114.442527 246.148369
5.295000 9.953000 12.082942 25 2
0.065880 0.000000 0.000000 0.000000 0.176866
-0.030108 -0.000624
1
416.604199 332.746663
5.295000 9.953000 12.082942 26 2
0.065880 0.000000 0.000000 0.000000 0.270484
0.007661 0.011817
1
200.097334 252.474058
5.295000 9.953000 12.082942 20 2
0.065880 0.000000 0.000000 0.000000 0.156479
0.006702 -0.002737
1
140.238850 78.083056
5.295000 9.953000 12.082942 21 2
0.065880 0.000000 0.000000 0.000000 0.221970
0.003382 -0.011520
1
239.578112 276.060136
5.295000 9.953000 12.082942 21 2
0.065880 0.000000 0.000000 0.000000 0.176065
0.011224 0.008181
1
231.333043 40.747940
5.295000 9.953000 12.082942 26 2
0.065880 0.000000 0.000000 0.000000 0.290843
0.001491 -0.008208
1
186.611411 158.109093
5.295000 9.953000 12.082942 24 2
0.065880 0.000000 0.000000 0.000000 0.154850
0.000310 -0.001724
1
83.203613 268.874762
5.295000 9.953000 12.082942 21 2
0.065880 0.000000 0.000000 0.000000 0.166686
-0.005757 -0.004970
1
169.304133 153.719918
5.295000 9.953000 12.082942 0 1
0.065880 0.000000 0.000000 0.000000 0.155060
-0.003720 -0.014642
1
321.223863 385.955010
5.295000 9.953000 12.082942 22 2
0.065880 0.000000 0.000000 0.000000 0.250642
0.005748 0.003796
1
40.662893 300.462679
5.295000 9.953000 12.082942 19 2
0.065880 0.000000 0.000000 0.000000 0.240301
-0.020361 -0.001353
1
231.370467 197.991804
5.295000 9.953000 12.082942 0 1
0.065880 0.000000 0.000000 0.000000 0.168363
0.004075 0.000939
1
115.666968 97.708702
5.295000 9.953000 12.082942 0 1
0.065880 0.000000 0.000000 0.000000 0.279051
-0.006239 -0.013475
2
463.826430 326.917427
5.295000 9.953000 12.082942 26 1
0.065880 0.000000 0.000000 0.000000 0.217559
0.009565 -0.003060
1
91.869982 424.669538
5.295000 9.953000 12.082942 28 2
0.065880 0.000000 0.000000 0.000000 0.300518
-0.011837 0.008571
1
416.480806 398.313829
5.295000 9.953000 12.082942 20 2
0.065880 0.000000 0.000000 0.000000 0.221841
0.006568 0.012303
1
428.253718 267.009401
5.295000 9.953000 12.082942 0 1
0.065880 0.000000 0.000000 0.000000 0.214576
0.007879 -0.005326
1
273.625816 357.594796
5.295000 9.953000 12.082942 0 1
0.065880 0.000000 0.000000 0.000000 0.164686
0.012204 0.006031
1
435.770938 401.940267
5.295000 9.953000 12.082942 20 2
0.065880 0.000000 0.000000 0.000000 0.267714
0.009273 0.002614
1
209.675559 177.743209
5.295000 9.953000 12.082942 26 2
0.065880 0.000000 0.000000 0.000000 0.156441
-0.002009 -0.002472
1
223.976211 387.706331
5.295000 9.953000 12.082942 0 1
0.065880 0.000000 0.000000 0.000000 0.173186
-0.009736 0.003158
5
164.302378 374.169604
4.493375 8.446188 10.253672 17 1
0.065880 0.000000 0.000000 0.000000 0.165674
-0.011555 0.014362
1
239.134715 447.925536
5.295000 9.953000 12.082942 25 2
0.065880 0.000000 0.000000 0.000000 0.179974
-0.002455 0.014159
1
307.047243 89.352426
5.295000 9.953000 12.082942 21 2
0.065880 0.000000 0.000000 0.000000 0.339504
-0.010623 -0.024427
1
240.884421 230.720037
5.295000 9.953000 12.082942 0 1
0.065880 0.000000 0.000000 0.000000 0.178761
0.006292 0.000526
1
219.687053 302.402025
5.295000 9.953000 12.082942 0 1
0.065880 0.000000 0.000000 0.000000 0.163845
-0.057732 -0.000871
5
426.577750 283.352589
4.625609 8.694746 10.555422 16 1
0.065880 0.000000 0.000000 0.000000 0.333089
0.005274 -0.005980
1
146.863140 30.883957
5.295000 9.953000 12.082942 19 2
0.065880 0.000000 0.000000 0.000000 0.368637
-0.002186 -0.015423
1
417.050727 433.024953
5.295000 9.953000 12.082942 0 1
0.065880 0.000000 0.000000 0.000000 0.322930
0.005206 0.001756
1
431.430478 86.881370
5.295000 9.953000 12.082942 21 2
0.065880 0.000000 0.000000 0.000000 0.444917
0.004545 -0.008102
1
253.385390 218.894424
5.295000 9.953000 12.082942 19 2
0.065880 0.000000 0.000000 0.000000 0.174181
0.006631 0.001166
1
254.617274 69.671829
5.295000 9.953000 12.082942 0 1
0.065880 0.000000 0.000000 0.000000 0.298882
0.012612 -0.008770
1
221.367529 164.461340
5.295000 9.953000 12.082942 0 1
0.065880 0.000000 0.000000 0.000000 0.199252
0.003529 -0.000675
1
339.704865 460.246351
5.295000 9.953000 12.082942 19 2
0.065880 0.000000 0.000000 0.000000 0.180218
0.015054 0.012954
1
443.731519 113.470492
5.295000 9.953000 12.082942 0 1
0.065880 0.000000 0.000000 0.000000 0.393435
0.007372 -0.008075
1
320.040654 16.361468
5.295000 9.953000 12.082942 0 1
0.065880 0.000000 0.000000 0.000000 0.374907
0.002219 -0.005840
1
260.717659 190.412956
5.295000 9.953000 12.082942 20 2
0.065880 0.000000 0.000000 0.000000 0.185415
0.003961 -0.002975
1
189.652941 219.789617
5.295000 9.953000 12.082942 23 2
0.065880 0.000000 0.000000 0.000000 0.183399
0.025974 -0.007809
1
238.970284 324.138493
5.295000 9.953000 12.082942 21 2
0.065880 0.000000 0.000000 0.000000 0.167262
-0.002975 -0.000319
1
442.475901 255.692752
5.295000 9.953000 12.082942 27 2
0.065880 0.000000 0.000000 0.000000 0.222980
0.012984 -0.000487
1
207.216604 355.580599
5.295000 9.953000 12.082942 0 1
0.065880 0.000000 0.000000 0.000000 0.192477
0.015474 0.017154
2
80.926645 130.873600
5.295000 9.953000 12.082942 22 1
0.065880 0.000000 0.000000 0.000000 0.186351
-0.016143 -0.009064
1
267.718814 266.591331
5.295000 9.953000 12.082942 24 2
0.065880 0.000000 0.000000 0.000000 0.201453
0.006143 0.003770
1
125.121201 178.909824
5.295000 9.953000 12.082942 0 1
0.065880 0.000000 0.000000 0.000000 0.174665
-0.016502 0.004649
1
130.300184 106.959135
5.295000 9.953000 12.082942 21 2
0.065880 0.000000 0.000000 0.000000 0.196230
-0.002506 -0.012667
1
164.681154 37.132905
5.295000 9.953000 12.082942 19 2
0.065880 0.000000 0.000000 0.000000 0.277293
-0.002131 -0.014327
1
402.750059 373.449092
5.295000 9.953000 12.082942 19 2
0.065880 0.000000 0.000000 0.000000 0.318469
0.012729 0.000293
1
249.608942 156.047584
5.295000 9.953000 12.082942 0 1
0.065880 0.000000 0.000000 0.000000 0.201116
0.011075 -0.010832
1
353.629707 328.429871
5.295000 9.953000 12.082942 19 2
0.065880 0.000000 0.000000 0.000000 0.311119
0.002809 0.004127
1
362.994013 429.503512
5.295000 9.953000 12.082942 26 2
0.065880 0.000000 0.000000 0.000000 0.167980
0.013038 0.004360
1
135.205282 324.714955
5.295000 9.953000 12.082942 0 1
0.065880 0.000000 0.000000 0.000000 0.153131
-0.008641 0.006502
1
427.847257 141.358125
5.295000 9.953000 12.082942 28 2
0.065880 0.000000 0.000000 0.000000 0.192570
0.010478 -0.005686
1
343.422443 397.295236
5.295000 9.953000 12.082942 25 2
0.065880 0.000000 0.000000 0.000000 0.250754
0.022445 0.008098
1
197.747002 190.654852
5.295000 9.953000 12.082942 23 2
0.065880 0.000000 0.000000 0.000000 0.163753
0.019753 0.009190
2
272.054918 80.349503
5.295000 9.953000 12.082942 21 1
0.065880 0.000000 0.000000 0.000000 0.323054
-0.026542 -0.013944
5
278.334970 429.051246
3.744130 7.037834 8.543930 19 1
0.065880 0.000000 0.000000 0.000000 0.200262
0.035567 0.030550
1
396.184599 124.550154
5.295000 9.953000 12.082942 23 2
0.065880 0.000000 0.000000 0.000000 0.221927
0.002916 -0.003244
5
321.293778 99.001856
4.869501 9.153191 11.111974 14 1
0.065880 0.000000 0.000000 0.000000 0.313868
-0.021644 -0.006420
1
138.205140 139.150331
5.295000 9.953000 12.082942 25 2
0.065880 0.000000 0.000000 0.000000 0.182570
-0.023148 0.008257
1
6.133125 196.780456
5.295000 9.953000 12.082942 25 2
0.065880 0.000000 0.000000 0.000000 0.326673
-0.020402 -0.001451
5
346.106153 142.251543
5.091141 9.569807 11.617745 12 1
0.065880 0.000000 0.000000 0.000000 0.251356
0.014753 0.002362
1
136.010918 409.671797
5.295000 9.953000 12.082942 0 1
0.065880 0.000000 0.000000 0.000000 0.170197
0.002473 0.023192
1
407.087349 243.157287
5.295000 9.953000 12.082942 21 2
0.065880 0.000000 0.000000 0.000000 0.268902
0.012305 -0.001432
1
317.698740 267.018399
5.295000 9.953000 12.082942 19 2
0.065880 0.000000 0.000000 0.000000 0.181670
0.002010 -0.004832
1
326.149339 402.326895
5.295000 9.953000 12.082942 20 2
0.065880 0.000000 0.000000 0.000000 0.252939
0.034032 0.002997
1
137.037232 60.644580
5.295000 9.953000 12.082942 0 1
0.065880 0.000000 0.000000 0.000000 0.211518
-0.006670 -0.013009
1
228.807684 243.085633
5.295000 9.953000 12.082942 23 2
0.065880 0.000000 0.000000 0.000000 0.180037
0.005449 0.004029
1
217.007011 255.689170
5.295000 9.953000 12.082942 25 2
0.065880 0.000000 0.000000 0.000000 0.158005
0.001620 -0.003413
1
378.681588 122.196964
5.295000 9.953000 12.082942 26 2
0.065880 0.000000 0.000000 0.000000 0.265979
-0.000021 -0.015628
1
176.992947 107.757166
5.295000 9.953000 12.082942 0 1
0.065880 0.000000 0.000000 0.000000 0.172735
-0.001401 -0.008509
1
223.010258 271.542655
5.295000 9.953000 12.082942 19 2
0.065880 0.000000 0.000000 0.000000 0.175698
-0.016836 0.030705
1
188.065986 79.160207
5.295000 9.953000 12.082942 20 2
0.065880 0.000000 0.000000 0.000000 0.208774
0.001773 -0.011827
1
424.228823 415.866554
5.295000 9.953000 12.082942 0 1
0.065880 0.000000 0.000000 0.000000 0.232992
0.015019 0.006978
1
301.367773 171.370108
5.295000 9.953000 12.082942 0 1
0.065880 0.000000 0.000000 0.000000 0.185234
0.004547 -0.009567
1
63.090104 98.737422
5.295000 9.953000 12.082942 19 2
0.065880 0.000000 0.000000 0.000000 0.432488
-0.008572 -0.016041
1
347.159302 159.558471
5.295000 9.953000 12.082942 26 2
0.065880 0.000000 0.000000 0.000000 0.260083
0.014167 0.007119
1
461.418500 254.259702
5.295000 9.953000 12.082942 0 1
0.065880 0.000000 0.000000 0.000000 0.367752
0.012763 0.002224
2
130.285298 456.216560
5.295000 9.953000 12.082942 21 1
0.065880 0.000000 0.000000 0.000000 0.249539
-0.012530 0.024228
1
283.054015 259.632195
5.295000 9.953000 12.082942 28 2
0.065880 0.000000 0.000000 0.000000 0.226177
0.002240 -0.003207
1
410.697127 261.424940
5.295000 9.953000 12.082942 19 2
0.065880 0.000000 0.000000 0.000000 0.232205
-0.001653 0.000215
1
309.494980 482.690529
5.295000 9.953000 12.082942 0 1
0.065880 0.000000 0.000000 0.000000 0.220951
0.011128 0.014763
1
194.828613 236.153355
5.295000 9.953000 12.082942 0 1
0.065880 0.000000 0.000000 0.000000 0.178718
-0.004620 0.001412
1
284.301323 165.574408
5.295000 9.953000 12.082942 21 2
0.065880 0.000000 0.000000 0.000000 0.174442
0.004709 -0.007028
1
129.500563 236.731294
5.295000 9.953000 12.082942 23 2
0.065880 0.000000 0.000000 0.000000 0.154323
0.004487 -0.007193
1
24.323696 195.289543
5.295000 9.953000 12.082942 22 2
0.065880 0.000000 0.000000 0.000000 0.258535
-0.016511 -0.004032
1
204.627233 161.339983
5.295000 9.953000 12.082942 0 1
0.065880 0.000000 0.000000 0.000000 0.162376
-0.004552 0.002512
1
298.882112 429.679226
5.295000 9.953000 12.082942 0 1
0.065880 0.000000 0.000000 0.000000 0.210217
-0.001577 0.003819
1
20.352013 275.217807
5.295000 9.953000 12.082942 0 1
0.065880 0.000000 0.000000 0.000000 0.197654
-0.020625 0.005482
1
220.583668 418.996759
5.295000 9.953000 12.082942 22 2
0.065880 0.000000 0.000000 0.000000 0.165045
0.004015 0.008086
1
199.079667 145.883684
5.295000 9.953000 12.082942 23 2
0.065880 0.000000 0.000000 0.000000 0.169772
-0.001228 -0.005776
2
202.388878 67.907303
5.295000 9.953000 12.082942 23 1
0.065880 0.000000 0.000000 0.000000 0.294778
0.004815 -0.012748
5
338.645466 126.816603
5.091141 9.569807 11.617745 12 1
0.065880 0.000000 0.000000 0.000000 0.277967
0.019364 0.000434
1
183.472063 249.580865
5.295000 9.953000 12.082942 23 2
0.065880 0.000000 0.000000 0.000000 0.162786
0.003632 -0.031692
1
212.171862 467.106833
5.295000 9.953000 12.082942 21 2
0.065880 0.000000 0.000000 0.000000 0.217495
0.000076 0.013973
1
165.840939 136.468570
5.295000 9.953000 12.082942 0 1
0.065880 0.000000 0.000000 0.000000 0.170088
0.001195 -0.020650
1
26.064618 329.458547
5.295000 9.953000 12.082942 22 2
0.065880 0.000000 0.000000 0.000000 0.674486
-0.038413 0.019044
1
152.322339 148.103104
5.295000 9.953000 12.082942 21 2
0.065880 0.000000 0.000000 0.000000 0.161436
0.006055 -0.023891
1
192.075549 321.183893
5.295000 9.953000 12.082942 22 2
0.065880 0.000000 0.000000 0.000000 0.186383
-0.077394 0.021263
1
186.893164 8.817413
5.295000 9.953000 12.082942 20 2
0.065880 0.000000 0.000000 0.000000 0.281447
0.006055 -0.011475
1
160.050792 180.618725
5.295000 9.953000 12.082942 22 2
0.065880 0.000000 0.000000 0.000000 0.151547
0.013386 0.021239
1
71.257559 177.099035
5.295000 9.953000 12.082942 19 2
0.065880 0.000000 0.000000 0.000000 0.164728
-0.003789 0.000208
1
201.686316 449.450329
5.295000 9.953000 12.082942 23 2
0.065880 0.000000 0.000000 0.000000 0.202140
-0.000395 0.015889
2
487.305769 246.163036
5.295000 9.953000 12.082942 27 1
0.065880 0.000000 0.000000 0.000000 0.336887
-0.001543 -0.000099
1
190.868712 356.464819
5.295000 9.953000 12.082942 25 2
0.065880 0.000000 0.000000 0.000000 0.198802
-0.065938 -0.011029
1
279.062840 31.286689
5.295000 9.953000 12.082942 25 2
0.065880 0.000000 0.000000 0.000000 0.646265
0.000018 -0.000084
1
61.069595 130.285413
5.295000 9.953000 12.082942 21 2
0.065880 0.000000 0.000000 0.000000 0.184689
-0.004424 0.000340
2
371.455706 413.043808
5.295000 9.953000 12.082942 20 1
0.065880 0.000000 0.000000 0.000000 0.169823
0.014270 0.001818
1
118.998099 368.574361
5.295000 9.953000 12.082942 20 2
0.065880 0.000000 0.000000 0.000000 0.176868
-0.010620 0.009409
1
7.941936 305.137311
5.295000 9.953000 12.082942 24 2
0.065880 0.000000 0.000000 0.000000 0.419400
-0.011110 0.004706
5
264.309025 113.147739
4.493375 8.446188 10.253672 17 1
0.065880 0.000000 0.000000 0.000000 0.229741
0.006588 -0.000946
5
107.795168 328.707616
4.625609 8.694746 10.555422 16 1
0.065880 0.000000 0.000000 0.000000 0.159832
-0.015352 -0.005298
5
144.621862 96.505345
4.750685 8.929853 10.840841 15 1
0.065880 0.000000 0.000000 0.000000 0.181139
-0.002706 -0.014515
1
380.996985 72.723695
5.295000 9.953000 12.082942 0 1
0.065880 0.000000 0.000000 0.000000 0.276063
0.014151 -0.005167
1
81.204667 234.923390
5.295000 9.953000 12.082942 0 1
0.065880 0.000000 0.000000 0.000000 0.182756
-0.010814 -0.007725
5
93.100462 327.139695
4.982786 9.366132 11.370484 13 1
0.065880 0.000000 0.000000 0.000000 0.176336
-0.015991 -0.002755
1
112.678853 229.646001
5.295000 9.953000 12.082942 22 2
0.065880 0.000000 0.000000 0.000000 0.153656
-0.007136 0.008781
1
155.017718 258.351813
5.295000 9.953000 12.082942 24 2
0.065880 0.000000 0.000000 0.000000 0.154088
0.050697 0.014382
1
369.548453 380.894903
5.295000 9.953000 12.082942 23 2
0.065880 0.000000 0.000000 0.000000 0.261328
0.012245 -0.001468
1
75.282727 299.387025
5.295000 9.953000 12.082942 0 1
0.065880 0.000000 0.000000 0.000000 0.184068
-0.021911 -0.008127
1
190.242161 385.264095
5.295000 9.953000 12.082942 0 1
0.065880 0.000000 0.000000 0.000000 0.194316
-0.011884 0.023925
2
26.696649 144.648974
5.295000 9.953000 12.082942 23 1
0.065880 0.000000 0.000000 0.000000 0.383660
-0.037139 -0.011907
1
204.717469 15.365434
5.295000 9.953000 12.082942 25 2
0.065880 0.000000 0.000000 0.000000 0.260792
0.004772 -0.007202
1
264.311580 342.592210
5.295000 9.953000 12.082942 21 2
0.065880 0.000000 0.000000 0.000000 0.184501
0.007517 0.003650
2
307.178937 188.001778
5.295000 9.953000 12.082942 23 1
0.065880 0.000000 0.000000 0.000000 0.189416
0.004449 -0.007521
1
296.738553 153.848162
5.295000 9.953000 12.082942 20 2
0.065880 0.000000 0.000000 0.000000 0.183127
0.006689 -0.013784
1
117.148722 163.567701
5.295000 9.953000 12.082942 0 1
0.065880 0.000000 0.000000 0.000000 0.171548
-0.017092 0.002962
1
283.310496 212.662395
5.295000 9.953000 12.082942 24 2
0.065880 0.000000 0.000000 0.000000 0.184363
0.005224 -0.005559
5
325.782550 114.308973
5.091141 9.569807 11.617745 12 1
0.065880 0.000000 0.000000 0.000000 0.367543
0.033007 -0.014927
1
193.240752 283.525297
5.295000 9.953000 12.082942 21 2
0.065880 0.000000 0.000000 0.000000 0.170294
-0.015859 -0.021154
1
258.695893 50.389323
5.295000 9.953000 12.082942 27 2
0.065880 0.000000 0.000000 0.000000 0.440350
0.012353 -0.016299
1
290.689129 389.670849
5.295000 9.953000 12.082942 21 2
0.065880 0.000000 0.000000 0.000000 0.222328
0.000657 0.008152
1
99.589626 103.166093
5.295000 9.953000 12.082942 27 2
0.065880 0.000000 0.000000 0.000000 0.237444
-0.008201 -0.011888
1
494.637051 228.747145
5.295000 9.953000 12.082942 0 1
0.065880 0.000000 0.000000 0.000000 0.290054
0.002031 0.000235
1
294.780279 246.457852
5.295000 9.953000 12.082942 0 1
0.065880 0.000000 0.000000 0.000000 0.185992
0.001857 -0.003590
1
394.403153 59.903670
5.295000 9.953000 12.082942 0 1
0.065880 0.000000 0.000000 0.000000 0.279705
0.008743 -0.011628
2
238.209186 168.679441
5.295000 9.953000 12.082942 23 1
0.065880 0.000000 0.000000 0.000000 0.198811
0.004116 -0.003503
1
178.789620 329.686743
5.295000 9.953000 12.082942 25 2
0.065880 0.000000 0.000000 0.000000 0.182034
0.012764 -0.068546
5
151.088721 129.483117
4.869501 9.153191 11.111974 14 1
0.065880 0.000000 0.000000 0.000000 0.193139
-0.018861 0.000007
2
476.146555 295.325152
5.295000 9.953000 12.082942 26 1
0.065880 0.000000 0.000000 0.000000 0.241401
0.006408 -0.001909
1
326.945265 306.124351
5.295000 9.953000 12.082942 20 2
0.065880 0.000000 0.000000 0.000000 0.182168
0.017428 -0.003067
1
406.846426 317.977786
5.295000 9.953000 12.082942 0 1
0.065880 0.000000 0.000000 0.000000 0.447606
-0.003841 0.026112
1
121.072309 351.942524
5.295000 9.953000 12.082942 19 2
0.065880 0.000000 0.000000 0.000000 0.176991
-0.020954 0.002686
1
240.318255 81.801555
5.295000 9.953000 12.082942 0 1
0.065880 0.000000 0.000000 0.000000 0.354698
0.004272 -0.014933
1
356.064193 97.122117
5.295000 9.953000 12.082942 23 2
0.065880 0.000000 0.000000 0.000000 0.349093
-0.011192 -0.019614
5
292.731129 119.799647
4.869501 9.153191 11.111974 14 1
0.065880 0.000000 0.000000 0.000000 0.212435
0.008455 -0.007321
5
103.963921 52.011791
4.493375 8.446188 10.253672 17 1
0.065880 0.000000 0.000000 0.000000 0.490701
-0.012561 -0.019554
5
433.695547 330.988357
4.869501 9.153191 11.111974 14 1
0.065880 0.000000 0.000000 0.000000 0.252779
0.008821 0.005141
1
98.265302 240.279283
5.295000 9.953000 12.082942 23 2
0.065880 0.000000 0.000000 0.000000 0.171644
-0.001622 0.004403
1
63.080324 231.780540
5.295000 9.953000 12.082942 23 2
0.065880 0.000000 0.000000 0.000000 0.184387
-0.010146 -0.014269
2
453.259598 270.556666
5.295000 9.953000 12.082942 27 1
0.065880 0.000000 0.000000 0.000000 0.351591
0.011571 0.002604
1
183.646425 203.150852
5.295000 9.953000 12.082942 20 2
0.065880 0.000000 0.000000 0.000000 0.169842
0.007664 -0.005047
5
288.471149 354.440304
4.493375 8.446188 10.253672 17 1
0.065880 0.000000 0.000000 0.000000 0.168404
0.024882 0.001011
1
88.651840 388.204758
5.295000 9.953000 12.082942 22 2
0.065880 0.000000 0.000000 0.000000 0.221446
-0.016689 0.026807
1
352.700437 446.356497
5.295000 9.953000 12.082942 0 1
0.065880 0.000000 0.000000 0.000000 0.189152
0.011034 0.006722
1
459.824619 137.319977
5.295000 9.953000 12.082942 0 1
0.065880 0.000000 0.000000 0.000000 0.338318
0.013329 0.008516
1
304.298838 325.382582
5.295000 9.953000 12.082942 27 2
0.065880 0.000000 0.000000 0.000000 0.190202
0.015315 -0.002289
5
140.298546 257.932661
4.352864 8.182070 9.933032 18 1
0.065880 0.000000 0.000000 0.000000 0.188098
-0.045443 0.016361
1
100.344939 130.604134
5.295000 9.953000 12.082942 0 1
0.065880 0.000000 0.000000 0.000000 0.188792
-0.006087 -0.014839
1
389.154028 450.106764
5.295000 9.953000 12.082942 20 2
0.065880 0.000000 0.000000 0.000000 0.241283
0.009987 0.007212
1
409.453423 282.648018
5.295000 9.953000 12.082942 21 2
0.065880 0.000000 0.000000 0.000000 0.297928
0.005382 0.008832
1
354.497085 214.853159
5.295000 9.953000 12.082942 0 1
0.065880 0.000000 0.000000 0.000000 0.293372
0.005686 0.000289
1
461.000229 175.568171
5.295000 9.953000 12.082942 24 2
0.065880 0.000000 0.000000 0.000000 0.398708
0.013283 0.008112
1
180.592432 371.293511
5.295000 9.953000 12.082942 0 1
0.065880 0.000000 0.000000 0.000000 0.167363
0.000745 0.019965
5
93.656733 407.797120
3.744130 7.037834 8.543930 19 1
0.065880 0.000000 0.000000 0.000000 0.358308
-0.013482 -0.000786
1
71.597850 379.211072
5.295000 9.953000 12.082942 0 1
0.065880 0.000000 0.000000 0.000000 0.209060
-0.006494 -0.001713
1
429.170883 196.593569
5.295000 9.953000 12.082942 21 2
0.065880 0.000000 0.000000 0.000000 0.229412
0.008243 -0.001998
1
266.834552 421.203340
5.295000 9.953000 12.082942 0 1
0.065880 0.000000 0.000000 0.000000 0.183309
-0.000320 -0.025301
1
247.825279 401.139782
5.295000 9.953000 12.082942 28 2
0.065880 0.000000 0.000000 0.000000 0.172863
-0.009109 0.000633
5
346.611853 112.342577
4.869501 9.153191 11.111974 14 1
0.065880 0.000000 0.000000 0.000000 0.333987
-0.001966 -0.013357
1
83.036198 315.177587
5.295000 9.953000 12.082942 19 2
0.065880 0.000000 0.000000 0.000000 0.197581
-0.028149 0.001765
1
287.204190 104.245848
5.295000 9.953000 12.082942 0 1
0.065880 0.000000 0.000000 0.000000 0.267002
0.019360 -0.016694
1
91.990984 190.360123
5.295000 9.953000 12.082942 20 2
0.065880 0.000000 0.000000 0.000000 0.170497
-0.014676 0.000192
1
225.669270 481.159367
5.295000 9.953000 12.082942 22 2
0.065880 0.000000 0.000000 0.000000 0.200964
-0.004253 0.013006
1
483.264607 213.678967
5.295000 9.953000 12.082942 22 2
0.065880 0.000000 0.000000 0.000000 0.383424
-0.005581 0.002508
5
64.933810 401.915019
3.744130 7.037834 8.543930 19 1
0.065880 0.000000 0.000000 0.000000 0.313081
-0.026615 0.023567
1
67.188726 349.818158
5.295000 9.953000 12.082942 26 2
0.065880 0.000000 0.000000 0.000000 0.206262
-0.018567 0.001778
2
340.383749 80.128913
5.295000 9.953000 12.082942 25 1
0.065880 0.000000 0.000000 0.000000 0.536787
0.000334 -0.013871
1
226.493788 181.394316
5.295000 9.953000 12.082942 21 2
0.065880 0.000000 0.000000 0.000000 0.176133
0.003892 -0.001765
1
312.544648 33.327697
5.295000 9.953000 12.082942 22 2
0.065880 0.000000 0.000000 0.000000 0.317125
0.001338 -0.006665
1
308.387860 123.186735
5.295000 9.953000 12.082942 20 2
0.065880 0.000000 0.000000 0.000000 0.231565
0.013828 -0.018252
5
427.488576 123.279290
5.091141 9.569807 11.617745 12 1
0.065880 0.000000 0.000000 0.000000 0.222996
0.010939 -0.005776
2
287.716886 325.872906
5.295000 9.953000 12.082942 24 1
0.065880 0.000000 0.000000 0.000000 0.257053
0.013118 0.003566
1
397.739180 179.134219
5.295000 9.953000 12.082942 19 2
0.065880 0.000000 0.000000 0.000000 0.180454
0.007992 -0.001165
1
201.395226 206.935124
5.295000 9.953000 12.082942 24 2
0.065880 0.000000 0.000000 0.000000 0.182000
-0.001832 -0.003332
5
170.817734 403.357868
4.493375 8.446188 10.253672 17 1
0.065880 0.000000 0.000000 0.000000 0.169012
-0.035773 0.015908
1
126.704338 438.679908
5.295000 9.953000 12.082942 20 2
0.065880 0.000000 0.000000 0.000000 0.211466
-0.009249 0.022076
1
427.531119 105.018421
5.295000 9.953000 12.082942 22 2
0.065880 0.000000 0.000000 0.000000 0.275732
0.005265 -0.007515
1
193.789370 113.671249
5.295000 9.953000 12.082942 21 2
0.065880 0.000000 0.000000 0.000000 0.172475
0.003124 -0.009628
5
310.335995 464.500994
4.869501 9.153191 11.111974 14 1
0.065880 0.000000 0.000000 0.000000 0.198823
0.004490 0.013843
1
21.007646 162.151867
5.295000 9.953000 12.082942 23 2
0.065880 0.000000 0.000000 0.000000 0.397178
-0.013860 0.000630
5
329.303320 160.541593
5.195070 9.765163 11.854907 11 1
0.065880 0.000000 0.000000 0.000000 0.235271
0.012297 -0.001806
1
236.041037 214.410784
5.295000 9.953000 12.082942 0 1
0.065880 0.000000 0.000000 0.000000 0.182805
0.004716 0.001467
1
317.563289 67.340396
5.295000 9.953000 12.082942 21 2
0.065880 0.000000 0.000000 0.000000 0.533300
0.009094 -0.018651
1
413.612150 207.789130
5.295000 9.953000 12.082942 0 1
0.065880 0.000000 0.000000 0.000000 0.253716
0.008993 0.000473
1
207.213855 386.624541
5.295000 9.953000 12.082942 0 1
0.065880 0.000000 0.000000 0.000000 0.193369
-0.007709 0.005922
1
324.742556 192.693509
5.295000 9.953000 12.082942 25 2
0.065880 0.000000 0.000000 0.000000 0.275934
0.005550 -0.006926
1
150.116920 332.716690
5.295000 9.953000 12.082942 0 1
0.065880 0.000000 0.000000 0.000000 0.169373
-0.005192 0.006972
1
421.643837 231.400153
5.295000 9.953000 12.082942 0 1
0.065880 0.000000 0.000000 0.000000 0.311909
0.012594 -0.002267
1
328.627418 351.228660
5.295000 9.953000 12.082942 24 2
0.065880 0.000000 0.000000 0.000000 0.250340
0.012309 0.003026
1
321.284043 322.419253
5.295000 9.953000 12.082942 20 2
0.065880 0.000000 0.000000 0.000000 0.195858
0.015247 0.001461
4
389.882496 325.534059
5.295000 9.953000 12.082942 0 1
0.000000 0.000000 0.000000 0.000000 0.525321
-0.005599 0.007002
4
404.110233 300.751631
5.295000 9.953000 12.082942 0 1
0.000000 0.000000 0.000000 0.000000 0.394355
-0.000427 -0.008261
4
238.084170 121.339206
5.295000 9.953000 12.082942 0 1
0.000000 0.000000 0.000000 0.000000 0.346337
-0.004086 -0.005156
1
295.159761 200.306554
5.295000 9.953000 12.082942 0 1
0.065880 0.000000 0.000000 0.000000 0.195449
0.005243 -0.006364
1
356.804283 292.032949
5.295000 9.953000 12.082942 23 2
0.065880 0.000000 0.000000 0.000000 0.224269
0.019256 -0.018047
4
430.132857 215.095848
5.295000 9.953000 12.082942 0 1
0.000000 0.000000 0.000000 0.000000 0.401528
0.011292 -0.002396
4
177.239485 474.536713
5.295000 9.953000 12.082942 0 1
0.000000 0.000000 0.000000 0.000000 0.337263
-0.004224 0.017534
4
405.306664 224.213470
5.295000 9.953000 12.082942 0 1
0.000000 0.000000 0.000000 0.000000 0.535542
0.009729 0.001005
4
145.176216 444.709733
5.295000 9.953000 12.082942 0 1
0.000000 0.000000 0.000000 0.000000 0.325935
-0.006376 0.025730
4
117.112659 263.451173
5.295000 9.953000 12.082942 0 1
0.000000 0.000000 0.000000 0.000000 0.263989
-0.020587 0.015804
4
271.070366 326.819407
5.295000 9.953000 12.082942 0 1
0.000000 0.000000 0.000000 0.000000 0.361740
0.007762 0.002121
4
479.989502 157.763388
5.295000 9.953000 12.082942 0 1
0.000000 0.000000 0.000000 0.000000 0.735276
0.005483 -0.002897
4
412.881089 358.240601
5.295000 9.953000 12.082942 0 1
0.000000 0.000000 0.000000 0.000000 0.473447
0.004566 -0.004625
1
366.593072 258.207346
5.295000 9.953000 12.082942 19 2
0.065880 0.000000 0.000000 0.000000 0.483772
-0.036055 -0.116038
1
161.975214 288.982446
5.295000 9.953000 12.082942 19 2
0.065880 0.000000 0.000000 0.000000 0.163557
0.005758 0.030455
1
232.510195 151.278832
5.295000 9.953000 12.082942 19 2
0.065880 0.000000 0.000000 0.000000 0.242593
0.002558 -0.001122
1
281.975519 295.221710
5.295000 9.953000 12.082942 19 2
0.065880 0.000000 0.000000 0.000000 0.200038
0.011950 0.002019
1
62.763649 161.287300
5.295000 9.953000 12.082942 19 2
0.065880 0.000000 0.000000 0.000000 0.176807
0.002765 -0.000930
1
92.299961 301.322156
5.295000 9.953000 12.082942 19 2
0.065880 0.000000 0.000000 0.000000 0.179733
-0.024691 0.005074
1
69.367603 248.319177
5.295000 9.953000 12.082942 19 2
0.065880 0.000000 0.000000 0.000000 0.171825
-0.021123 -0.016112
1
387.096908 307.035694
5.295000 9.953000 12.082942 19 2
0.065880 0.000000 0.000000 0.000000 0.282453
0.019569 -0.002523
1
335.698194 224.137494
5.295000 9.953000 12.082942 19 2
0.065880 0.000000 0.000000 0.000000 0.343960
0.004015 0.006248
1
250.121920 461.128827
5.295000 9.953000 12.082942 19 2
0.065880 0.000000 0.000000 0.000000 0.184300
-0.001847 0.015766
1
221.576955 24.223958
5.295000 9.953000 12.082942 19 2
0.065880 0.000000 0.000000 0.000000 0.243788
0.007394 -0.014025
1
17.593314 211.799380
5.295000 9.953000 12.082942 19 2
0.065880 0.000000 0.000000 0.000000 0.258720
-0.019105 -0.001818
1
376.244866 54.885572
5.295000 9.953000 12.082942 19 2
0.065880 0.000000 0.000000 0.000000 0.277832
0.004578 -0.004742
1
274.103960 388.649329
5.295000 9.953000 12.082942 19 2
0.065880 0.000000 0.000000 0.000000 0.174737
0.002129 0.008321
1
327.111262 281.355390
5.295000 9.953000 12.082942 19 2
0.065880 0.000000 0.000000 0.000000 0.190953
-0.001862 -0.006201
1
168.646663 418.146992
5.295000 9.953000 12.082942 19 2
0.065880 0.000000 0.000000 0.000000 0.183848
0.005678 0.022003
1
341.498949 190.001181
5.295000 9.953000 12.082942 19 2
0.065880 0.000000 0.000000 0.000000 0.217135
0.007793 0.009555
1
104.353232 290.176577
5.295000 9.953000 12.082942 19 2
0.065880 0.000000 0.000000 0.000000 0.174552
-0.018801 0.010742
4
176.614213 278.469540
5.295000 9.953000 12.082942 27 1
0.000000 0.000000 0.000000 0.000000 0.147813
0.006857 0.007766
2
272.503368 177.997991
5.295000 9.953000 12.082942 23 1
0.065880 0.000000 0.000000 0.000000 0.176715
0.004443 -0.004549
1
185.910788 415.506134
5.295000 9.953000 12.082942 19 2
0.065880 0.000000 0.000000 0.000000 0.180469
0.002939 0.026803
2
22.255510 293.609444
5.295000 9.953000 12.082942 21 1
0.065880 0.000000 0.000000 0.000000 0.300170
-0.009740 0.007700
1
161.314302 18.950348
5.295000 9.953000 12.082942 19 2
0.065880 0.000000 0.000000 0.000000 0.549102
-0.000566 -0.015696
1
248.538274 202.370600
5.295000 9.953000 12.082942 19 2
0.065880 0.000000 0.000000 0.000000 0.175855
0.004248 -0.000224
1
325.775650 472.787879
5.295000 9.953000 12.082942 19 2
0.065880 0.000000 0.000000 0.000000 0.210915
0.008541 0.007392
1
185.000991 61.635507
5.295000 9.953000 12.082942 19 2
0.065880 0.000000 0.000000 0.000000 0.211772
0.001364 -0.012817
2
376.731394 363.504214
5.295000 9.953000 12.082942 21 1
0.065880 0.000000 0.000000 0.000000 0.503565
0.012117 -0.002858
1
338.595101 318.701986
5.295000 9.953000 12.082942 19 2
0.065880 0.000000 0.000000 0.000000 0.205430
0.013454 -0.002130
1
312.621512 250.569749
5.295000 9.953000 12.082942 19 2
0.065880 0.000000 0.000000 0.000000 0.188638
-0.000240 -0.004256
1
228.472420 288.481509
5.295000 9.953000 12.082942 19 2
0.065880 0.000000 0.000000 0.000000 0.161559
0.019163 -0.013538
2
395.472661 270.702524
5.295000 9.953000 12.082942 22 1
0.065880 0.000000 0.000000 0.000000 0.259244
0.007628 -0.000905
2
52.436433 175.913698
5.295000 9.953000 12.082942 23 1
0.065880 0.000000 0.000000 0.000000 0.188386
-0.008500 -0.006431
1
343.812209 478.151997
5.295000 9.953000 12.082942 19 2
0.065880 0.000000 0.000000 0.000000 0.288080
0.006515 0.016359
1
102.391531 359.360893
5.295000 9.953000 12.082942 19 2
0.065880 0.000000 0.000000 0.000000 0.166770
-0.011743 0.007277
2
66.625621 318.139921
5.295000 9.953000 12.082942 21 1
0.065880 0.000000 0.000000 0.000000 0.214693
-0.025435 0.007872
2
358.086050 79.040909
5.295000 9.953000 12.082942 23 1
0.065880 0.000000 0.000000 0.000000 0.451525
0.001164 -0.019497
1
413.371468 169.431040
5.295000 9.953000 12.082942 19 2
0.065880 0.000000 0.000000 0.000000 0.181612
0.008515 -0.003770
1
87.212102 62.567467
5.295000 9.953000 12.082942 19 2
0.065880 0.000000 0.000000 0.000000 0.615901
-0.019552 -0.011952
1
362.674720 462.445340
5.295000 9.953000 12.082942 19 2
0.065880 0.000000 0.000000 0.000000 0.322308
-0.002689 0.003764
1
324.310208 368.030262
5.295000 9.953000 12.082942 20 2
0.065880 0.000000 0.000000 0.000000 0.226635
0.015535 0.003362
1
283.956067 372.832781
5.295000 9.953000 12.082942 20 2
0.065880 0.000000 0.000000 0.000000 0.190030
-0.001449 0.011636
1
391.360131 253.200715
5.295000 9.953000 12.082942 20 2
0.065880 0.000000 0.000000 0.000000 0.254358
0.012886 0.008146
1
369.773726 311.177424
5.295000 9.953000 12.082942 20 2
0.065880 0.000000 0.000000 0.000000 0.251793
0.012507 -0.000714
1
99.317303 161.576403
5.295000 9.953000 12.082942 20 2
0.065880 0.000000 0.000000 0.000000 0.166700
-0.012148 -0.008606
1
89.442079 116.363453
5.295000 9.953000 12.082942 20 2
0.065880 0.000000 0.000000 0.000000 0.187696
-0.011826 -0.010837
1
301.058533 449.374741
5.295000 9.953000 12.082942 20 2
0.065880 0.000000 0.000000 0.000000 0.201307
0.011140 0.018400
1
446.600469 318.714262
5.295000 9.953000 12.082942 20 2
0.065880 0.000000 0.000000 0.000000 0.344870
0.006683 0.001973
2
394.664049 209.723760
5.295000 9.953000 12.082942 24 1
0.065880 0.000000 0.000000 0.000000 0.256183
0.007041 0.001717
1
64.370055 213.374565
5.295000 9.953000 12.082942 20 2
0.065880 0.000000 0.000000 0.000000 0.182678
-0.014611 0.001957
1
391.070021 234.852389
5.295000 9.953000 12.082942 20 2
0.065880 0.000000 0.000000 0.000000 0.323001
0.015946 0.003066
1
211.786863 239.483399
5.295000 9.953000 12.082942 20 2
0.065880 0.000000 0.000000 0.000000 0.202173
0.006270 0.004898
2
341.266116 243.748074
5.295000 9.953000 12.082942 21 1
0.065880 0.000000 0.000000 0.000000 0.347604
-0.008545 -0.004266
1
205.256760 268.652187
5.295000 9.953000 12.082942 20 2
0.065880 0.000000 0.000000 0.000000 0.150369
0.015242 0.021358
1
418.931102 379.713735
5.295000 9.953000 12.082942 20 2
0.065880 0.000000 0.000000 0.000000 0.339022
0.008194 0.013095
1
452.330767 392.652849
5.295000 9.953000 12.082942 20 2
0.065880 0.000000 0.000000 0.000000 0.439421
0.009676 0.002589
1
277.769236 195.523841
5.295000 9.953000 12.082942 20 2
0.065880 0.000000 0.000000 0.000000 0.181519
0.005228 -0.005243
1
313.381391 419.023450
5.295000 9.953000 12.082942 20 2
0.065880 0.000000 0.000000 0.000000 0.273968
-0.002189 0.004109
1
174.031199 90.430473
5.295000 9.953000 12.082942 20 2
0.065880 0.000000 0.000000 0.000000 0.180375
0.001110 -0.009875
1
196.495972 32.037838
5.295000 9.953000 12.082942 20 2
0.065880 0.000000 0.000000 0.000000 0.195776
-0.001836 -0.011990
1
119.911405 385.956733
5.295000 9.953000 12.082942 20 2
0.065880 0.000000 0.000000 0.000000 0.170011
-0.002176 0.012557
1
279.645214 147.341018
5.295000 9.953000 12.082942 20 2
0.065880 0.000000 0.000000 0.000000 0.181029
0.002989 0.002454
1
339.643934 295.000495
5.295000 9.953000 12.082942 20 2
0.065880 0.000000 0.000000 0.000000 0.196123
0.009146 -0.008193
2
206.659448 223.177376
5.295000 9.953000 12.082942 21 1
0.065880 0.000000 0.000000 0.000000 0.209706
-0.001113 -0.003938
1
108.439498 195.064282
5.295000 9.953000 12.082942 20 2
0.065880 0.000000 0.000000 0.000000 0.160401
-0.011690 -0.001981
1
296.529876 136.734791
5.295000 9.953000 12.082942 20 2
0.065880 0.000000 0.000000 0.000000 0.208801
0.016474 -0.011983
2
112.428941 450.459102
5.295000 9.953000 12.082942 23 1
0.065880 0.000000 0.000000 0.000000 0.337162
-0.013564 0.020121
1
315.899006 338.931081
5.295000 9.953000 12.082942 20 2
0.065880 0.000000 0.000000 0.000000 0.183138
0.014411 0.003253
1
348.749425 260.222261
5.295000 9.953000 12.082942 21 2
0.065880 0.000000 0.000000 0.000000 0.352281
0.006940 -0.006001
2
61.245858 191.728946
5.295000 9.953000 12.082942 23 1
0.065880 0.000000 0.000000 0.000000 0.171918
-0.013102 -0.005847
1
93.901854 206.744306
5.295000 9.953000 12.082942 21 2
0.065880 0.000000 0.000000 0.000000 0.156403
-0.006003 -0.000063
1
43.190030 238.456365
5.295000 9.953000 12.082942 21 2
0.065880 0.000000 0.000000 0.000000 0.180841
-0.020544 -0.002127
1
480.229637 195.244806
5.295000 9.953000 12.082942 21 2
0.065880 0.000000 0.000000 0.000000 0.437432
0.010366 -0.000034
1
85.288245 81.317661
5.295000 9.953000 12.082942 21 2
0.065880 0.000000 0.000000 0.000000 0.296621
-0.011471 -0.011975
1
211.029228 434.276508
5.295000 9.953000 12.082942 21 2
0.065880 0.000000 0.000000 0.000000 0.182666
-0.000832 0.011427
1
445.564983 353.552148
5.295000 9.953000 12.082942 21 2
0.065880 0.000000 0.000000 0.000000 0.217595
0.006425 0.003899
1
177.925001 234.199688
5.295000 9.953000 12.082942 21 2
0.065880 0.000000 0.000000 0.000000 0.160703
0.025106 0.057552
1
461.319073 156.343013
5.295000 9.953000 12.082942 21 2
0.065880 0.000000 0.000000 0.000000 0.427888
0.002981 0.012856
1
436.105290 383.812966
5.295000 9.953000 12.082942 21 2
0.065880 0.000000 0.000000 0.000000 0.239411
0.010094 0.003131
2
354.256856 176.899922
5.295000 9.953000 12.082942 25 1
0.065880 0.000000 0.000000 0.000000 0.204555
0.004598 0.011666
1
260.568072 312.718335
5.295000 9.953000 12.082942 21 2
0.065880 0.000000 0.000000 0.000000 0.197475
0.021100 0.001751
1
263.162905 296.204705
5.295000 9.953000 12.082942 21 2
0.065880 0.000000 0.000000 0.000000 0.202119
0.013485 0.000963
1
204.779345 85.929679
5.295000 9.953000 12.082942 21 2
0.065880 0.000000 0.000000 0.000000 0.240235
0.002027 -0.011530
1
134.996453 376.850573
5.295000 9.953000 12.082942 21 2
0.065880 0.000000 0.000000 0.000000 0.167552
-0.011819 0.006159
1
156.959247 84.602708
5.295000 9.953000 12.082942 21 2
0.065880 0.000000 0.000000 0.000000 0.166565
0.002626 -0.010919
1
243.409815 478.010677
5.295000 9.953000 12.082942 21 2
0.065880 0.000000 0.000000 0.000000 0.181192
-0.002798 0.017292
1
261.153208 475.256460
5.295000 9.953000 12.082942 21 2
0.065880 0.000000 0.000000 0.000000 0.195154
-0.001920 0.017741
1
143.346650 177.223645
5.295000 9.953000 12.082942 21 2
0.065880 0.000000 0.000000 0.000000 0.162882
-0.027818 -0.023461
1
154.126704 66.790615
5.295000 9.953000 12.082942 21 2
0.065880 0.000000 0.000000 0.000000 0.178733
-0.001117 -0.014060
1
250.943492 263.354830
5.295000 9.953000 12.082942 21 2
0.065880 0.000000 0.000000 0.000000 0.179510
0.005550 0.000812
1
101.082820 273.568799
5.295000 9.953000 12.082942 21 2
0.065880 0.000000 0.000000 0.000000 0.192214
-0.007526 0.007969
1
289.055821 86.853021
5.295000 9.953000 12.082942 21 2
0.065880 0.000000 0.000000 0.000000 0.422477
-0.014687 -0.027708
1
231.469424 339.628200
5.295000 9.953000 12.082942 21 2
0.065880 0.000000 0.000000 0.000000 0.169237
0.005866 0.000360
1
131.999334 123.529040
5.295000 9.953000 12.082942 21 2
0.065880 0.000000 0.000000 0.000000 0.179824
0.007709 -0.007275
1
424.458719 249.387878
5.295000 9.953000 12.082942 21 2
0.065880 0.000000 0.000000 0.000000 0.231065
0.011380 -0.002496
1
267.379046 160.274713
5.295000 9.953000 12.082942 21 2
0.065880 0.000000 0.000000 0.000000 0.177670
0.001259 -0.002535
1
193.158050 465.155781
5.295000 9.953000 12.082942 21 2
0.065880 0.000000 0.000000 0.000000 0.272303
0.000759 0.020736
1
125.263923 148.920751
5.295000 9.953000 12.082942 21 2
0.065880 0.000000 0.000000 0.000000 0.184621
-0.026740 0.000550
2
71.269085 115.180176
5.295000 9.953000 12.082942 27 1
0.065880 0.000000 0.000000 0.000000 0.194076
-0.010751 -0.011008
1
280.911315 341.140935
5.295000 9.953000 12.082942 21 2
0.065880 0.000000 0.000000 0.000000 0.184967
0.009370 0.002381
1
177.692184 295.036320
5.295000 9.953000 12.082942 21 2
0.065880 0.000000 0.000000 0.000000 0.170419
-0.016255 -0.018294
1
281.445901 405.244986
5.295000 9.953000 12.082942 21 2
0.065880 0.000000 0.000000 0.000000 0.199418
-0.014830 -0.003796
1
421.399881 298.769169
5.295000 9.953000 12.082942 21 2
0.065880 0.000000 0.000000 0.000000 0.366053
0.031875 0.000649
2
445.450902 186.120734
5.295000 9.953000 12.082942 22 1
0.065880 0.000000 0.000000 0.000000 0.339242
0.007933 -0.000817
1
243.596288 185.548236
5.295000 9.953000 12.082942 21 2
0.065880 0.000000 0.000000 0.000000 0.174166
0.002251 -0.000499
1
211.417267 122.669324
5.295000 9.953000 12.082942 21 2
0.065880 0.000000 0.000000 0.000000 0.243145
0.004088 -0.012207
1
299.725774 72.232305
5.295000 9.953000 12.082942 21 2
0.065880 0.000000 0.000000 0.000000 0.710570
0.001125 -0.026022
1
140.055413 426.900715
5.295000 9.953000 12.082942 22 2
0.065880 0.000000 0.000000 0.000000 0.232909
-0.003875 0.023532
1
300.845453 217.223463
5.295000 9.953000 12.082942 22 2
0.065880 0.000000 0.000000 0.000000 0.218743
0.004700 -0.006048
2
463.093065 213.360681
5.295000 9.953000 12.082942 27 1
0.065880 0.000000 0.000000 0.000000 0.375097
0.013224 -0.004269
1
337.062795 380.090339
5.295000 9.953000 12.082942 22 2
0.065880 0.000000 0.000000 0.000000 0.254910
0.008200 0.011148
1
42.209444 190.595701
5.295000 9.953000 12.082942 22 2
0.065880 0.000000 0.000000 0.000000 0.190074
-0.017700 -0.007651
1
214.767288 402.807995
5.295000 9.953000 12.082942 22 2
0.065880 0.000000 0.000000 0.000000 0.164172
-0.004845 0.004244
1
48.419066 317.640481
5.295000 9.953000 12.082942 22 2
0.065880 0.000000 0.000000 0.000000 0.273413
-0.024041 0.002896
1
195.897846 340.104112
5.295000 9.953000 12.082942 22 2
0.065880 0.000000 0.000000 0.000000 0.210367
0.032354 -0.008472
1
174.081668 170.403094
5.295000 9.953000 12.082942 22 2
0.065880 0.000000 0.000000 0.000000 0.149109
-0.009169 -0.004931
1
475.828865 230.974315
5.295000 9.953000 12.082942 22 2
0.065880 0.000000 0.000000 0.000000 0.367421
0.001946 0.000406
1
126.454456 219.542351
5.295000 9.953000 12.082942 22 2
0.065880 0.000000 0.000000 0.000000 0.153293
-0.001573 0.001696
1
482.369891 312.908286
5.295000 9.953000 12.082942 22 2
0.065880 0.000000 0.000000 0.000000 0.227792
-0.000170 0.000911
1
104.324081 396.018903
5.295000 9.953000 12.082942 22 2
0.065880 0.000000 0.000000 0.000000 0.190983
-0.001684 0.011513
2
208.633902 485.947791
5.295000 9.953000 12.082942 25 1
0.065880 0.000000 0.000000 0.000000 0.223179
-0.003793 0.016146
1
309.620666 51.283102
5.295000 9.953000 12.082942 22 2
0.065880 0.000000 0.000000 0.000000 0.463370
-0.018616 -0.008500
1
293.140447 309.934942
5.295000 9.953000 12.082942 22 2
0.065880 0.000000 0.000000 0.000000 0.193049
0.018171 0.001462
1
411.975725 114.926081
5.295000 9.953000 12.082942 22 2
0.065880 0.000000 0.000000 0.000000 0.229497
0.007981 -0.005504
1
429.665512 177.710292
5.295000 9.953000 12.082942 23 2
0.065880 0.000000 0.000000 0.000000 0.207606
0.009196 -0.003218
1
329.741733 144.473626
5.295000 9.953000 12.082942 23 2
0.065880 0.000000 0.000000 0.000000 0.212054
0.011191 -0.005062
1
457.859956 236.397198
5.295000 9.953000 12.082942 23 2
0.065880 0.000000 0.000000 0.000000 0.269837
0.005879 0.003251
1
285.231906 441.145661
5.295000 9.953000 12.082942 23 2
0.065880 0.000000 0.000000 0.000000 0.196444
0.008496 0.013907
1
395.945899 143.177278
5.295000 9.953000 12.082942 23 2
0.065880 0.000000 0.000000 0.000000 0.177266
0.006347 -0.003037
2
494.542215 297.847600
5.295000 9.953000 12.082942 24 1
0.065880 0.000000 0.000000 0.000000 0.326503
0.005706 0.005918
1
25.166998 241.672656
5.295000 9.953000 12.082942 23 2
0.065880 0.000000 0.000000 0.000000 0.185469
-0.019401 0.001722
1
58.367527 302.768853
5.295000 9.953000 12.082942 23 2
0.065880 0.000000 0.000000 0.000000 0.204870
-0.020158 0.004862
1
162.787232 358.728734
5.295000 9.953000 12.082942 23 2
0.065880 0.000000 0.000000 0.000000 0.172652
-0.075109 0.011965
1
103.838174 377.731175
5.295000 9.953000 12.082942 23 2
0.065880 0.000000 0.000000 0.000000 0.168391
-0.006720 0.016588
1
172.601874 218.606470
5.295000 9.953000 12.082942 23 2
0.065880 0.000000 0.000000 0.000000 0.164329
-0.077340 -0.126671
1
181.917376 185.630419
5.295000 9.953000 12.082942 23 2
0.065880 0.000000 0.000000 0.000000 0.148729
-0.069095 0.023175
1
378.535492 139.148042
5.295000 9.953000 12.082942 23 2
0.065880 0.000000 0.000000 0.000000 0.216149
0.005947 -0.014065
1
245.910510 246.953014
5.295000 9.953000 12.082942 23 2
0.065880 0.000000 0.000000 0.000000 0.171101
0.003916 0.005518
1
142.709272 226.154222
5.295000 9.953000 12.082942 23 2
0.065880 0.000000 0.000000 0.000000 0.150434
-0.027465 0.029265
1
195.843887 130.081779
5.295000 9.953000 12.082942 23 2
0.065880 0.000000 0.000000 0.000000 0.177566
0.005563 -0.006474
1
165.825955 246.040618
5.295000 9.953000 12.082942 23 2
0.065880 0.000000 0.000000 0.000000 0.149351
0.012123 -0.006119
1
219.914678 450.340917
5.295000 9.953000 12.082942 23 2
0.065880 0.000000 0.000000 0.000000 0.189130
-0.000302 0.011711
2
358.865772 366.085536
5.295000 9.953000 12.082942 26 1
0.065880 0.000000 0.000000 0.000000 0.430545
0.016404 -0.007742
1
372.762144 88.690357
5.295000 9.953000 12.082942 23 2
0.065880 0.000000 0.000000 0.000000 0.260767
-0.003977 -0.012082
2
96.187891 223.767656
5.295000 9.953000 12.082942 25 1
0.065880 0.000000 0.000000 0.000000 0.162951
-0.006192 -0.004227
1
53.077798 252.718783
5.295000 9.953000 12.082942 23 2
0.065880 0.000000 0.000000 0.000000 0.164102
-0.019074 -0.002488
1
352.405435 309.064896
5.295000 9.953000 12.082942 23 2
0.065880 0.000000 0.000000 0.000000 0.212288
0.010425 -0.003560
1
59.868203 334.027858
5.295000 9.953000 12.082942 24 2
0.065880 0.000000 0.000000 0.000000 0.215098
-0.027243 0.005963
1
131.686229 289.691466
5.295000 9.953000 12.082942 24 2
0.065880 0.000000 0.000000 0.000000 0.186455
0.000473 0.001052
1
72.266082 145.445289
5.295000 9.953000 12.082942 24 2
0.065880 0.000000 0.000000 0.000000 0.180142
-0.017531 -0.004068
1
306.506348 279.125226
5.295000 9.953000 12.082942 24 2
0.065880 0.000000 0.000000 0.000000 0.177951
0.010183 -0.001489
1
386.710862 379.749304
5.295000 9.953000 12.082942 24 2
0.065880 0.000000 0.000000 0.000000 0.287529
0.012178 -0.000230
1
192.956803 173.493594
5.295000 9.953000 12.082942 24 2
0.065880 0.000000 0.000000 0.000000 0.150872
0.015179 -0.032134
1
4.054828 245.362254
5.295000 9.953000 12.082942 24 2
0.065880 0.000000 0.000000 0.000000 0.193520
-0.019192 0.001419
1
272.817582 281.879023
5.295000 9.953000 12.082942 24 2
0.065880 0.000000 0.000000 0.000000 0.204731
0.011262 0.002912
1
25.950213 311.305007
5.295000 9.953000 12.082942 24 2
0.065880 0.000000 0.000000 0.000000 0.504245
-0.011089 0.013623
1
146.779561 242.922395
5.295000 9.953000 12.082942 24 2
0.065880 0.000000 0.000000 0.000000 0.155980
-0.012308 -0.016498
1
265.963311 207.720856
5.295000 9.953000 12.082942 24 2
0.065880 0.000000 0.000000 0.000000 0.179303
0.004773 -0.004198
1
479.328276 176.558753
5.295000 9.953000 12.082942 24 2
0.065880 0.000000 0.000000 0.000000 0.554343
0.016165 -0.001522
1
218.803905 210.536913
5.295000 9.953000 12.082942 24 2
0.065880 0.000000 0.000000 0.000000 0.217004
0.004032 0.001136
1
311.047152 355.789300
5.295000 9.953000 12.082942 24 2
0.065880 0.000000 0.000000 0.000000 0.207234
0.004149 0.004545
1
354.901772 25.769470
5.295000 9.953000 12.082942 25 2
0.065880 0.000000 0.000000 0.000000 0.447943
-0.004554 -0.006327
1
247.530260 342.634556
5.295000 9.953000 12.082942 25 2
0.065880 0.000000 0.000000 0.000000 0.171642
-0.000341 -0.000474
1
156.879321 396.950118
5.295000 9.953000 12.082942 25 2
0.065880 0.000000 0.000000 0.000000 0.167212
-0.028161 0.004655
1
381.228862 220.152301
5.295000 9.953000 12.082942 25 2
0.065880 0.000000 0.000000 0.000000 0.301747
0.009556 0.008015
1
132.525642 271.157774
5.295000 9.953000 12.082942 25 2
0.065880 0.000000 0.000000 0.000000 0.219057
-0.014409 0.002131
1
380.455365 173.941986
5.295000 9.953000 12.082942 25 2
0.065880 0.000000 0.000000 0.000000 0.175316
0.009071 -0.007608
1
398.602999 433.973474
5.295000 9.953000 12.082942 25 2
0.065880 0.000000 0.000000 0.000000 0.214462
0.007330 0.006416
1
120.442828 403.026199
5.295000 9.953000 12.082942 25 2
0.065880 0.000000 0.000000 0.000000 0.172931
0.001194 0.016693
1
123.511705 202.353892
5.295000 9.953000 12.082942 25 2
0.065880 0.000000 0.000000 0.000000 0.164751
0.002893 -0.006865
1
101.370817 257.111653
5.295000 9.953000 12.082942 25 2
0.065880 0.000000 0.000000 0.000000 0.178339
-0.020210 -0.002942
1
228.536677 434.718292
5.295000 9.953000 12.082942 25 2
0.065880 0.000000 0.000000 0.000000 0.174450
0.001220 0.003684
1
354.090741 413.043901
5.295000 9.953000 12.082942 25 2
0.065880 0.000000 0.000000 0.000000 0.181405
0.016785 0.005790
1
146.835753 113.396292
5.295000 9.953000 12.082942 25 2
0.065880 0.000000 0.000000 0.000000 0.186600
0.000031 -0.010920
1
14.386508 179.584794
5.295000 9.953000 12.082942 25 2
0.065880 0.000000 0.000000 0.000000 0.515220
-0.021588 -0.000167
1
234.278745 259.221814
5.295000 9.953000 12.082942 25 2
0.065880 0.000000 0.000000 0.000000 0.170196
0.015463 -0.008753
1
198.936160 371.072995
5.295000 9.953000 12.082942 25 2
0.065880 0.000000 0.000000 0.000000 0.180818
-0.013052 0.030783
1
283.071635 12.753471
5.295000 9.953000 12.082942 25 2
0.065880 0.000000 0.000000 0.000000 0.369255
-0.001496 -0.000410
1
165.345130 341.233091
5.295000 9.953000 12.082942 25 2
0.065880 0.000000 0.000000 0.000000 0.170627
-0.018314 0.018147
1
319.414636 175.659557
5.295000 9.953000 12.082942 25 2
0.065880 0.000000 0.000000 0.000000 0.206642
0.003841 -0.006645
1
59.721254 365.935874
5.295000 9.953000 12.082942 26 2
0.065880 0.000000 0.000000 0.000000 0.205974
-0.016504 0.004067
1
351.323084 44.253581
5.295000 9.953000 12.082942 26 2
0.065880 0.000000 0.000000 0.000000 0.392446
-0.004394 -0.011611
1
177.344350 312.896293
5.295000 9.953000 12.082942 26 2
0.065880 0.000000 0.000000 0.000000 0.182059
0.004273 0.053005
1
136.348917 192.030143
5.295000 9.953000 12.082942 26 2
0.065880 0.000000 0.000000 0.000000 0.168776
0.008024 -0.000205
1
145.673339 465.787695
5.295000 9.953000 12.082942 26 2
0.065880 0.000000 0.000000 0.000000 0.272806
-0.007202 0.016671
1
148.726233 314.869392
5.295000 9.953000 12.082942 26 2
0.065880 0.000000 0.000000 0.000000 0.176570
-0.007246 0.003087
1
379.312353 104.643092
5.295000 9.953000 12.082942 26 2
0.065880 0.000000 0.000000 0.000000 0.260775
0.006787 -0.014840
1
199.003244 50.437253
5.295000 9.953000 12.082942 26 2
0.065880 0.000000 0.000000 0.000000 0.215828
0.001831 -0.013099
1
36.361445 282.825436
5.295000 9.953000 12.082942 26 2
0.065880 0.000000 0.000000 0.000000 0.210311
-0.015836 -0.004113
1
155.606062 164.565116
5.295000 9.953000 12.082942 26 2
0.065880 0.000000 0.000000 0.000000 0.155415
-0.006442 -0.036258
1
400.465847 340.796885
5.295000 9.953000 12.082942 26 2
0.065880 0.000000 0.000000 0.000000 0.335948
0.004657 0.000199
1
219.255353 57.050071
5.295000 9.953000 12.082942 26 2
0.065880 0.000000 0.000000 0.000000 0.253754
-0.024284 -0.001417
1
214.361147 194.266461
5.295000 9.953000 12.082942 26 2
0.065880 0.000000 0.000000 0.000000 0.168222
-0.003646 -0.002209
1
345.551739 429.274716
5.295000 9.953000 12.082942 26 2
0.065880 0.000000 0.000000 0.000000 0.180186
0.011552 0.010731
1
363.704552 113.147936
5.295000 9.953000 12.082942 26 2
0.065880 0.000000 0.000000 0.000000 0.304018
-0.000771 -0.020505
1
337.024358 174.476868
5.295000 9.953000 12.082942 26 2
0.065880 0.000000 0.000000 0.000000 0.250341
0.004405 0.006764
1
83.283214 354.725797
5.295000 9.953000 12.082942 26 2
0.065880 0.000000 0.000000 0.000000 0.193140
-0.020097 0.021504
1
382.381585 343.944910
5.295000 9.953000 12.082942 27 2
0.065880 0.000000 0.000000 0.000000 0.428574
0.010822 -0.001904
1
271.482280 224.936253
5.295000 9.953000 12.082942 27 2
0.065880 0.000000 0.000000 0.000000 0.178406
0.003874 -0.005147
1
150.840462 48.916638
5.295000 9.953000 12.082942 27 2
0.065880 0.000000 0.000000 0.000000 0.231031
-0.004634 -0.014356
1
270.946290 98.167508
5.295000 9.953000 12.082942 27 2
0.065880 0.000000 0.000000 0.000000 0.283622
0.010453 -0.006812
1
333.637962 334.921418
5.295000 9.953000 12.082942 27 2
0.065880 0.000000 0.000000 0.000000 0.261905
0.016763 0.002034
1
207.070567 312.208499
5.295000 9.953000 12.082942 27 2
0.065880 0.000000 0.000000 0.000000 0.170057
0.029050 -0.122229
1
438.751227 238.038615
5.295000 9.953000 12.082942 27 2
0.065880 0.000000 0.000000 0.000000 0.302636
0.012424 -0.001499
2
241.582590 55.817880
5.295000 9.953000 12.082942 28 1
0.065880 0.000000 0.000000 0.000000 0.348745
0.014122 -0.013681
1
102.728414 85.808681
5.295000 9.953000 12.082942 27 2
0.065880 0.000000 0.000000 0.000000 0.264965
-0.009328 -0.014397
1
298.567066 342.025614
5.295000 9.953000 12.082942 27 2
0.065880 0.000000 0.000000 0.000000 0.174852
0.012571 -0.005873
1
397.402139 161.420007
5.295000 9.953000 12.082942 28 2
0.065880 0.000000 0.000000 0.000000 0.171267
0.006197 -0.002767
1
212.272149 283.114705
5.295000 9.953000 12.082942 28 2
0.065880 0.000000 0.000000 0.000000 0.163731
0.051333 -0.050982
1
290.753767 488.467883
5.295000 9.953000 12.082942 28 2
0.065880 0.000000 0.000000 0.000000 0.219113
0.003170 0.026142
1
109.069948 432.381802
5.295000 9.953000 12.082942 28 2
0.065880 0.000000 0.000000 0.000000 0.292320
-0.010860 0.016127
1
428.635895 159.442851
5.295000 9.953000 12.082942 28 2
0.065880 0.000000 0.000000 0.000000 0.190211
0.011484 -0.003322
1
277.315118 242.228450
5.295000 9.953000 12.082942 28 2
0.065880 0.000000 0.000000 0.000000 0.214158
0.002032 -0.005557
1
461.823352 118.218401
5.295000 9.953000 12.082942 28 2
0.065880 0.000000 0.000000 0.000000 0.615361
0.005160 0.005511
1
264.567030 403.765866
5.295000 9.953000 12.082942 28 2
0.065880 0.000000 0.000000 0.000000 0.180159
0.007701 0.008762
5
121.745086 334.705241
5.195070 9.765163 11.854907 11 1
0.065880 0.000000 0.000000 0.000000 0.151877
-0.012302 0.005580
5
117.927756 133.099730
5.195070 9.765163 11.854907 11 1
0.065880 0.000000 0.000000 0.000000 0.181994
-0.002133 -0.011629
5
232.210070 372.159426
5.195070 9.765163 11.854907 11 1
0.065880 0.000000 0.000000 0.000000 0.182543
-0.007462 -0.001149
5
135.227352 359.715871
5.195070 9.765163 11.854907 11 1
0.065880 0.000000 0.000000 0.000000 0.172199
-0.017254 0.003751
5
104.166316 68.574286
5.195070 9.765163 11.854907 11 1
0.065880 0.000000 0.000000 0.000000 0.331002
-0.014516 -0.018091
5
160.453171 273.031289
5.195070 9.765163 11.854907 11 1
0.065880 0.000000 0.000000 0.000000 0.151320
0.002097 -0.048077
5
215.791683 147.354567
5.195070 9.765163 11.854907 11 1
0.065880 0.000000 0.000000 0.000000 0.284275
0.002530 -0.002470
5
312.985179 159.532557
5.195070 9.765163 11.854907 11 1
0.065880 0.000000 0.000000 0.000000 0.219218
0.008623 -0.007723
5
337.469039 413.910326
5.091141 9.569807 11.617745 12 1
0.065880 0.000000 0.000000 0.000000 0.219895
0.010522 0.004975
5
278.219372 473.392707
5.091141 9.569807 11.617745 12 1
0.065880 0.000000 0.000000 0.000000 0.192584
0.000262 0.019592
5
31.529870 347.697065
5.091141 9.569807 11.617745 12 1
0.065880 0.000000 0.000000 0.000000 0.478542
-0.024063 0.008919
5
240.360598 386.883369
5.091141 9.569807 11.617745 12 1
0.065880 0.000000 0.000000 0.000000 0.176257
0.002408 0.014626
5
362.459973 145.131716
5.091141 9.569807 11.617745 12 1
0.065880 0.000000 0.000000 0.000000 0.263009
0.013649 0.015911
5
355.917919 128.411998
5.091141 9.569807 11.617745 12 1
0.065880 0.000000 0.000000 0.000000 0.352821
0.023164 0.000785
5
322.701020 130.168568
5.091141 9.569807 11.617745 12 1
0.065880 0.000000 0.000000 0.000000 0.225655
0.013994 -0.012899
5
442.897997 131.395440
5.091141 9.569807 11.617745 12 1
0.065880 0.000000 0.000000 0.000000 0.279493
0.014662 -0.005599
5
237.026537 420.464510
4.982786 9.366132 11.370484 13 1
0.065880 0.000000 0.000000 0.000000 0.173158
-0.008313 0.006561
5
249.940851 109.286431
4.982786 9.366132 11.370484 13 1
0.065880 0.000000 0.000000 0.000000 0.282306
0.004012 -0.007400
5
414.620462 79.746991
4.982786 9.366132 11.370484 13 1
0.065880 0.000000 0.000000 0.000000 0.242469
0.003881 -0.015978
5
353.123124 382.801187
4.982786 9.366132 11.370484 13 1
0.065880 0.000000 0.000000 0.000000 0.276584
0.012826 -0.007670
5
93.766521 342.853174
4.982786 9.366132 11.370484 13 1
0.065880 0.000000 0.000000 0.000000 0.175166
-0.030193 0.005191
5
50.730788 204.721933
4.869501 9.153191 11.111974 14 1
0.065880 0.000000 0.000000 0.000000 0.175321
-0.012928 -0.005600
5
401.990736 195.244960
4.869501 9.153191 11.111974 14 1
0.065880 0.000000 0.000000 0.000000 0.207255
0.008815 0.000829
5
134.045982 43.348291
4.869501 9.153191 11.111974 14 1
0.065880 0.000000 0.000000 0.000000 0.303876
-0.006825 -0.016093
5
358.372975 244.537473
4.869501 9.153191 11.111974 14 1
0.065880 0.000000 0.000000 0.000000 0.423623
0.029041 0.025984
5
323.611670 83.127409
4.869501 9.153191 11.111974 14 1
0.065880 0.000000 0.000000 0.000000 0.389958
-0.001405 -0.009406
5
163.458623 118.917920
4.869501 9.153191 11.111974 14 1
0.065880 0.000000 0.000000 0.000000 0.177734
-0.006165 -0.002886
5
304.406952 106.643784
4.869501 9.153191 11.111974 14 1
0.065880 0.000000 0.000000 0.000000 0.295914
0.015974 -0.017470
5
449.009294 336.344712
4.869501 9.153191 11.111974 14 1
0.065880 0.000000 0.000000 0.000000 0.245028
0.010987 0.002555
5
338.300184 97.850838
4.869501 9.153191 11.111974 14 1
0.065880 0.000000 0.000000 0.000000 0.360953
-0.014350 -0.011098
5
322.619131 454.552228
4.869501 9.153191 11.111974 14 1
0.065880 0.000000 0.000000 0.000000 0.181032
0.008953 0.012941
5
463.485352 361.655792
4.750685 8.929853 10.840841 15 1
0.065880 0.000000 0.000000 0.000000 0.314615
0.010204 0.002403
5
192.061038 482.685443
4.750685 8.929853 10.840841 15 1
0.065880 0.000000 0.000000 0.000000 0.241352
-0.005770 0.021782
5
254.781354 491.505268
4.750685 8.929853 10.840841 15 1
0.065880 0.000000 0.000000 0.000000 0.191961
-0.004141 0.019585
5
130.226477 90.641361
4.750685 8.929853 10.840841 15 1
0.065880 0.000000 0.000000 0.000000 0.199608
-0.006166 -0.016989
5
217.483109 75.080840
4.625609 8.694746 10.555422 16 1
0.065880 0.000000 0.000000 0.000000 0.332150
0.005759 -0.009093
5
6.648669 285.895160
4.625609 8.694746 10.555422 16 1
0.065880 0.000000 0.000000 0.000000 0.239570
-0.015700 0.009253
5
167.101906 205.915551
4.625609 8.694746 10.555422 16 1
0.065880 0.000000 0.000000 0.000000 0.150842
-0.020436 0.214331
5
442.341558 283.635550
4.625609 8.694746 10.555422 16 1
0.065880 0.000000 0.000000 0.000000 0.356841
0.004352 -0.002116
5
108.448150 343.730564
4.625609 8.694746 10.555422 16 1
0.065880 0.000000 0.000000 0.000000 0.163092
-0.023906 -0.001191
5
232.570060 309.732913
4.493375 8.446188 10.253672 17 1
0.065880 0.000000 0.000000 0.000000 0.170126
0.026505 0.008368
5
310.740087 402.920655
4.493375 8.446188 10.253672 17 1
0.065880 0.000000 0.000000 0.000000 0.272524
-0.001490 0.021242
5
398.080232 76.833908
4.493375 8.446188 10.253672 17 1
0.065880 0.000000 0.000000 0.000000 0.242018
-0.000879 -0.003172
5
151.737538 382.485930
4.493375 8.446188 10.253672 17 1
0.065880 0.000000 0.000000 0.000000 0.168965
-0.021623 0.008606
5
277.573012 117.873975
4.493375 8.446188 10.253672 17 1
0.065880 0.000000 0.000000 0.000000 0.234725
0.018057 -0.016201
5
297.505703 364.352715
4.493375 8.446188 10.253672 17 1
0.065880 0.000000 0.000000 0.000000 0.205172
-0.002110 0.018394
5
183.724670 399.086369
4.493375 8.446188 10.253672 17 1
0.065880 0.000000 0.000000 0.000000 0.176560
-0.016184 0.034434
5
56.620978 146.329591
4.352864 8.182070 9.933032 18 1
0.065880 0.000000 0.000000 0.000000 0.194664
-0.025451 0.002981
5
176.751709 356.456039
4.352864 8.182070 9.933032 18 1
0.065880 0.000000 0.000000 0.000000 0.188358
0.083577 -0.037080
5
269.163272 130.543277
4.352864 8.182070 9.933032 18 1
0.065880 0.000000 0.000000 0.000000 0.198090
-0.002787 -0.053342
5
128.478338 252.354675
4.352864 8.182070 9.933032 18 1
0.065880 0.000000 0.000000 0.000000 0.234120
0.030171 0.035451
5
382.208989 278.526057
3.744130 7.037834 8.543930 19 1
0.065880 0.000000 0.000000 0.000000 0.277037
-0.142325 -0.084202
5
30.018737 181.459926
3.744130 7.037834 8.543930 19 1
0.065880 0.000000 0.000000 0.000000 0.241936
-0.019396 -0.013381
5
286.220399 420.071132
3.744130 7.037834 8.543930 19 1
0.065880 0.000000 0.000000 0.000000 0.200262
-0.027984 0.026573
5
81.764049 404.345558
3.744130 7.037834 8.543930 19 1
0.065880 0.000000 0.000000 0.000000 0.358308
-0.019376 0.002780
5
74.772713 393.942980
3.744130 7.037834 8.543930 19 1
0.065880 0.000000 0.000000 0.000000 0.313081
-0.034404 0.007077
