500.000000 500.000000
620 72
238 620
1
380.639574 284.437993
5.295000 9.953000 12.082942 46 2
0.065880 0.000000 0.000000 0.000000 0.022083
0.002587 0.000294
4
417.715747 410.345804
5.295000 9.953000 12.082942 38 1
0.000000 0.000000 0.000000 0.000000 0.085522
0.002039 0.002409
4
355.090049 382.275102
5.295000 9.953000 12.082942 65 1
0.000000 0.000000 0.000000 0.000000 0.038753
-0.001785 0.004774
4
212.042638 353.507058
5.295000 9.953000 12.082942 58 1
0.000000 0.000000 0.000000 0.000000 0.046471
-0.001991 0.003578
4
257.251841 434.947232
5.295000 9.953000 12.082942 44 1
0.000000 0.000000 0.000000 0.000000 0.042346
-0.000776 0.003225
4
53.101556 355.067868
5.295000 9.953000 12.082942 38 1
0.000000 0.000000 0.000000 0.000000 0.098834
-0.002338 0.000834
4
338.472345 258.645722
5.295000 9.953000 12.082942 40 1
0.000000 0.000000 0.000000 0.000000 0.055445
-0.000992 0.004624
4
179.107682 317.029438
5.295000 9.953000 12.082942 41 1
0.000000 0.000000 0.000000 0.000000 0.052695
0.007875 0.002655
4
117.051326 351.144464
5.295000 9.953000 12.082942 44 1
0.000000 0.000000 0.000000 0.000000 0.049225
-0.001644 0.000621
4
239.685248 46.127790
5.295000 9.953000 12.082942 52 1
0.000000 0.000000 0.000000 0.000000 0.049980
0.000092 -0.002843
1
9.918914 205.048494
5.295000 9.953000 12.082942 32 2
0.065880 0.000000 0.000000 0.000000 0.033393
-0.002344 -0.000407
4
462.132674 155.351160
5.295000 9.953000 12.082942 57 1
0.000000 0.000000 0.000000 0.000000 0.135809
0.002389 -0.001963
4
249.283819 323.107214
5.295000 9.953000 12.082942 42 1
0.000000 0.000000 0.000000 0.000000 0.029356
0.015801 -0.002650
4
127.614443 303.197686
5.295000 9.953000 12.082942 55 1
0.000000 0.000000 0.000000 0.000000 0.046140
-0.002489 0.000542
4
89.304850 134.580347
5.295000 9.953000 12.082942 58 1
0.000000 0.000000 0.000000 0.000000 0.054987
-0.002610 -0.001245
1
152.856694 446.867231
5.295000 9.953000 12.082942 22 2
0.065880 0.000000 0.000000 0.000000 0.055731
-0.000947 0.002175
4
426.111648 120.533081
5.295000 9.953000 12.082942 49 1
0.000000 0.000000 0.000000 0.000000 0.083031
0.000893 -0.002143
4
238.383904 126.789973
5.295000 9.953000 12.082942 53 1
0.000000 0.000000 0.000000 0.000000 0.066980
-0.000937 -0.000071
4
412.618411 293.215160
5.295000 9.953000 12.082942 53 1
0.000000 0.000000 0.000000 0.000000 0.063662
0.002428 0.001330
1
260.337805 282.462199
5.295000 9.953000 12.082942 41 2
0.065880 0.000000 0.000000 0.000000 0.020999
0.000316 -0.001130
4
325.633238 129.844712
5.295000 9.953000 12.082942 37 1
0.000000 0.000000 0.000000 0.000000 0.043604
0.001503 -0.000631
4
307.267512 294.850715
5.295000 9.953000 12.082942 61 1
0.000000 0.000000 0.000000 0.000000 0.040538
-0.013443 0.011077
4
240.342912 370.248315
5.295000 9.953000 12.082942 34 1
0.000000 0.000000 0.000000 0.000000 0.062093
0.000123 0.002509
4
342.293476 446.011764
5.295000 9.953000 12.082942 64 1
0.000000 0.000000 0.000000 0.000000 0.038219
0.000837 0.002313
4
192.425070 416.967294
5.295000 9.953000 12.082942 65 1
0.000000 0.000000 0.000000 0.000000 0.028350
-0.000992 0.001746
4
431.273538 176.247164
5.295000 9.953000 12.082942 57 1
0.000000 0.000000 0.000000 0.000000 0.061465
0.001755 -0.001501
4
436.112281 364.457467
5.295000 9.953000 12.082942 50 1
0.000000 0.000000 0.000000 0.000000 0.106478
0.000140 0.000215
1
470.597826 214.420681
5.295000 9.953000 12.082942 23 2
0.065880 0.000000 0.000000 0.000000 0.050871
0.002782 -0.000886
4
360.599776 468.359387
5.295000 9.953000 12.082942 50 1
0.000000 0.000000 0.000000 0.000000 0.173002
0.002031 0.002577
1
257.015675 467.628013
5.295000 9.953000 12.082942 23 2
0.065880 0.000000 0.000000 0.000000 0.031448
-0.002973 0.003813
1
324.557671 392.541958
5.295000 9.953000 12.082942 20 2
0.065880 0.000000 0.000000 0.000000 0.024198
0.001363 0.001339
1
404.850042 262.657125
5.295000 9.953000 12.082942 37 2
0.065880 0.000000 0.000000 0.000000 0.029687
0.002668 -0.000102
1
58.197052 192.719912
5.295000 9.953000 12.082942 21 2
0.065880 0.000000 0.000000 0.000000 0.039155
-0.002626 -0.000941
4
249.399753 386.229433
5.295000 9.953000 12.082942 61 1
0.000000 0.000000 0.000000 0.000000 0.059426
0.000121 0.002614
4
58.659000 211.475678
5.295000 9.953000 12.082942 33 1
0.000000 0.000000 0.000000 0.000000 0.061851
-0.002166 -0.000650
4
312.559501 406.325274
5.295000 9.953000 12.082942 44 1
0.000000 0.000000 0.000000 0.000000 0.036849
0.001270 0.001781
4
73.276903 163.536946
5.295000 9.953000 12.082942 46 1
0.000000 0.000000 0.000000 0.000000 0.044226
-0.002569 -0.001122
1
397.263268 231.246416
5.295000 9.953000 12.082942 52 2
0.065880 0.000000 0.000000 0.000000 0.030073
0.002934 -0.000433
4
99.569302 302.365616
5.295000 9.953000 12.082942 38 1
0.000000 0.000000 0.000000 0.000000 0.040422
-0.002189 0.000194
1
204.251834 90.075827
5.295000 9.953000 12.082942 0 1
0.065880 0.000000 0.000000 0.000000 0.023905
0.001583 -0.001274
4
362.235601 287.437650
5.295000 9.953000 12.082942 45 1
0.000000 0.000000 0.000000 0.000000 0.043310
0.001042 0.007344
4
380.056830 152.717601
5.295000 9.953000 12.082942 46 1
0.000000 0.000000 0.000000 0.000000 0.052372
0.001318 -0.001313
4
295.171447 483.346556
5.295000 9.953000 12.082942 58 1
0.000000 0.000000 0.000000 0.000000 0.065561
0.001684 0.002022
4
249.916592 112.403210
5.295000 9.953000 12.082942 39 1
0.000000 0.000000 0.000000 0.000000 0.062071
-0.000374 -0.000885
4
221.611472 369.858187
5.295000 9.953000 12.082942 65 1
0.000000 0.000000 0.000000 0.000000 0.042182
-0.000865 0.002631
4
321.912556 199.121721
5.295000 9.953000 12.082942 38 1
0.000000 0.000000 0.000000 0.000000 0.059272
-0.001482 -0.002352
1
392.514591 298.675651
5.295000 9.953000 12.082942 20 2
0.065880 0.000000 0.000000 0.000000 0.027570
0.002430 0.000379
4
72.863907 144.429928
5.295000 9.953000 12.082942 48 1
0.000000 0.000000 0.000000 0.000000 0.044986
-0.002568 -0.001105
4
312.830054 246.113555
5.295000 9.953000 12.082942 72 1
0.000000 0.000000 0.000000 0.000000 0.024945
-0.008485 -0.020935
1
487.501837 273.954070
5.295000 9.953000 12.082942 40 2
0.065880 0.000000 0.000000 0.000000 0.053193
0.002025 0.002079
4
395.308401 141.834286
5.295000 9.953000 12.082942 38 1
0.000000 0.000000 0.000000 0.000000 0.047541
0.001167 -0.001597
1
148.825961 327.374161
5.295000 9.953000 12.082942 26 2
0.065880 0.000000 0.000000 0.000000 0.040435
-0.001105 0.001032
4
129.311482 205.961789
5.295000 9.953000 12.082942 34 1
0.000000 0.000000 0.000000 0.000000 0.048396
-0.000694 -0.000220
4
259.224157 370.349574
5.295000 9.953000 12.082942 32 1
0.000000 0.000000 0.000000 0.000000 0.066894
0.000575 0.003245
4
422.256124 83.159467
5.295000 9.953000 12.082942 38 1
0.000000 0.000000 0.000000 0.000000 0.251663
0.000207 -0.002245
1
150.529006 479.160488
5.295000 9.953000 12.082942 66 2
0.065880 0.000000 0.000000 0.000000 0.153124
-0.000294 0.002484
4
233.883908 305.632985
5.295000 9.953000 12.082942 47 1
0.000000 0.000000 0.000000 0.000000 0.044912
-0.000991 -0.000639
4
11.002022 224.330655
5.295000 9.953000 12.082942 39 1
0.000000 0.000000 0.000000 0.000000 0.050136
-0.002184 -0.000318
4
105.378569 105.689579
5.295000 9.953000 12.082942 70 1
0.000000 0.000000 0.000000 0.000000 0.056622
-0.002620 -0.001582
4
405.254097 375.424183
5.295000 9.953000 12.082942 47 1
0.000000 0.000000 0.000000 0.000000 0.092753
0.001677 0.001190
4
19.765439 337.897882
5.295000 9.953000 12.082942 67 1
0.000000 0.000000 0.000000 0.000000 0.249208
-0.002320 0.000385
4
136.974404 377.579585
5.295000 9.953000 12.082942 34 1
0.000000 0.000000 0.000000 0.000000 0.072780
-0.001521 0.001289
4
167.126878 115.664375
5.295000 9.953000 12.082942 42 1
0.000000 0.000000 0.000000 0.000000 0.059953
-0.002251 -0.000956
1
477.205298 310.282839
5.295000 9.953000 12.082942 40 2
0.065880 0.000000 0.000000 0.000000 0.033452
0.001974 0.001856
4
164.172998 398.531981
5.295000 9.953000 12.082942 69 1
0.000000 0.000000 0.000000 0.000000 0.039801
-0.000791 0.001822
4
83.937711 314.142173
5.295000 9.953000 12.082942 40 1
0.000000 0.000000 0.000000 0.000000 0.047552
-0.002179 0.000299
4
101.825774 64.259897
5.295000 9.953000 12.082942 42 1
0.000000 0.000000 0.000000 0.000000 0.218041
-0.001411 -0.006250
4
61.574457 249.766798
5.295000 9.953000 12.082942 39 1
0.000000 0.000000 0.000000 0.000000 0.056362
-0.001964 -0.000296
4
216.073035 75.465481
5.295000 9.953000 12.082942 70 1
0.000000 0.000000 0.000000 0.000000 0.026983
0.000673 -0.002027
4
56.891810 154.598538
5.295000 9.953000 12.082942 33 1
0.000000 0.000000 0.000000 0.000000 0.058604
-0.002718 -0.001164
4
144.786312 308.734694
5.295000 9.953000 12.082942 37 1
0.000000 0.000000 0.000000 0.000000 0.050160
0.001859 0.002115
4
13.917002 262.686270
5.295000 9.953000 12.082942 42 1
0.000000 0.000000 0.000000 0.000000 0.063577
-0.002136 -0.000133
4
169.513031 480.590063
5.295000 9.953000 12.082942 72 1
0.000000 0.000000 0.000000 0.000000 0.138081
-0.000059 0.002232
4
384.559639 189.219868
5.295000 9.953000 12.082942 45 1
0.000000 0.000000 0.000000 0.000000 0.037095
0.001647 -0.000737
4
113.811979 314.358994
5.295000 9.953000 12.082942 34 1
0.000000 0.000000 0.000000 0.000000 0.059684
-0.001490 0.000046
4
387.066708 207.365162
5.295000 9.953000 12.082942 55 1
0.000000 0.000000 0.000000 0.000000 0.057074
0.002007 -0.000407
4
196.477726 301.125547
5.295000 9.953000 12.082942 63 1
0.000000 0.000000 0.000000 0.000000 0.051626
-0.000388 0.000884
4
201.143419 433.635126
5.295000 9.953000 12.082942 57 1
0.000000 0.000000 0.000000 0.000000 0.043341
-0.001082 0.001771
4
264.522437 248.837693
5.295000 9.953000 12.082942 50 1
0.000000 0.000000 0.000000 0.000000 0.023196
-0.000151 -0.001245
4
367.609404 417.684477
5.295000 9.953000 12.082942 44 1
0.000000 0.000000 0.000000 0.000000 0.038309
0.001339 0.002480
4
173.744963 349.025833
5.295000 9.953000 12.082942 43 1
0.000000 0.000000 0.000000 0.000000 0.039000
-0.000780 0.001260
4
406.782370 94.120771
5.295000 9.953000 12.082942 40 1
0.000000 0.000000 0.000000 0.000000 0.105567
0.000403 -0.002007
4
296.357051 278.701672
5.295000 9.953000 12.082942 41 1
0.000000 0.000000 0.000000 0.000000 0.048782
-0.001308 -0.000383
4
428.009451 139.140497
5.295000 9.953000 12.082942 45 1
0.000000 0.000000 0.000000 0.000000 0.067249
0.001223 -0.001974
4
101.502963 283.228687
5.295000 9.953000 12.082942 46 1
0.000000 0.000000 0.000000 0.000000 0.049766
0.000267 0.000207
4
382.208002 170.981638
5.295000 9.953000 12.082942 68 1
0.000000 0.000000 0.000000 0.000000 0.035595
0.001476 -0.001050
4
374.417395 337.041563
5.295000 9.953000 12.082942 72 1
0.000000 0.000000 0.000000 0.000000 0.057543
0.020077 0.002507
4
109.023313 436.774710
5.295000 9.953000 12.082942 61 1
0.000000 0.000000 0.000000 0.000000 0.108041
-0.002200 0.000603
1
91.057996 429.250442
5.295000 9.953000 12.082942 25 2
0.065880 0.000000 0.000000 0.000000 0.095692
-0.001872 0.000747
1
153.453234 227.946705
5.295000 9.953000 12.082942 21 2
0.065880 0.000000 0.000000 0.000000 0.031342
-0.000436 -0.000294
4
460.660848 136.522146
5.295000 9.953000 12.082942 57 1
0.000000 0.000000 0.000000 0.000000 0.209518
0.001120 -0.002361
4
444.260922 381.397495
5.295000 9.953000 12.082942 44 1
0.000000 0.000000 0.000000 0.000000 0.132136
-0.005509 0.002338
1
270.068179 33.833772
5.295000 9.953000 12.082942 0 1
0.065880 0.000000 0.000000 0.000000 0.070537
0.000297 -0.002703
1
26.610973 213.654492
5.295000 9.953000 12.082942 20 2
0.065880 0.000000 0.000000 0.000000 0.029876
-0.002254 -0.000483
4
309.582570 228.706597
5.295000 9.953000 12.082942 71 1
0.000000 0.000000 0.000000 0.000000 0.034074
0.001682 0.009388
4
183.810131 266.391806
5.295000 9.953000 12.082942 42 1
0.000000 0.000000 0.000000 0.000000 0.067480
-0.000076 0.000034
4
258.152026 402.395679
5.295000 9.953000 12.082942 49 1
0.000000 0.000000 0.000000 0.000000 0.055914
0.000092 0.002952
1
260.029555 231.169322
5.295000 9.953000 12.082942 27 2
0.065880 0.000000 0.000000 0.000000 0.018833
-0.001074 -0.000231
1
247.783300 451.199701
5.295000 9.953000 12.082942 19 2
0.065880 0.000000 0.000000 0.000000 0.036760
-0.001758 0.003172
4
404.935541 75.437881
5.295000 9.953000 12.082942 49 1
0.000000 0.000000 0.000000 0.000000 0.131124
0.000078 -0.002042
4
324.138008 459.971753
5.295000 9.953000 12.082942 58 1
0.000000 0.000000 0.000000 0.000000 0.039673
0.002412 0.002159
4
301.010428 260.481991
5.295000 9.953000 12.082942 59 1
0.000000 0.000000 0.000000 0.000000 0.040746
-0.001367 0.000136
4
92.440567 209.434440
5.295000 9.953000 12.082942 33 1
0.000000 0.000000 0.000000 0.000000 0.062755
-0.003077 -0.000667
4
163.046040 33.083153
5.295000 9.953000 12.082942 38 1
0.000000 0.000000 0.000000 0.000000 0.116709
0.004408 -0.001064
4
399.012580 407.219286
5.295000 9.953000 12.082942 49 1
0.000000 0.000000 0.000000 0.000000 0.068902
0.001902 0.002782
4
154.472439 178.735019
5.295000 9.953000 12.082942 36 1
0.000000 0.000000 0.000000 0.000000 0.052046
-0.001068 -0.000617
4
370.029962 200.504833
5.295000 9.953000 12.082942 36 1
0.000000 0.000000 0.000000 0.000000 0.065656
0.001785 -0.000593
4
298.419274 155.956461
5.295000 9.953000 12.082942 43 1
0.000000 0.000000 0.000000 0.000000 0.029089
0.001060 -0.001526
4
254.086267 81.095185
5.295000 9.953000 12.082942 42 1
0.000000 0.000000 0.000000 0.000000 0.066939
-0.000035 -0.002526
4
214.113362 321.639306
5.295000 9.953000 12.082942 46 1
0.000000 0.000000 0.000000 0.000000 0.045141
0.015733 0.003218
4
176.090890 19.617177
5.295000 9.953000 12.082942 55 1
0.000000 0.000000 0.000000 0.000000 0.162872
0.002748 -0.004372
4
31.086464 270.922219
5.295000 9.953000 12.082942 35 1
0.000000 0.000000 0.000000 0.000000 0.068927
-0.002197 -0.000060
4
291.827668 223.520407
5.295000 9.953000 12.082942 34 1
0.000000 0.000000 0.000000 0.000000 0.040169
-0.002031 -0.002507
4
32.857577 289.724861
5.295000 9.953000 12.082942 61 1
0.000000 0.000000 0.000000 0.000000 0.058022
-0.002316 0.000126
4
287.801707 119.692982
5.295000 9.953000 12.082942 56 1
0.000000 0.000000 0.000000 0.000000 0.030303
0.000141 -0.002125
4
134.039936 273.742547
5.295000 9.953000 12.082942 59 1
0.000000 0.000000 0.000000 0.000000 0.028924
-0.000230 0.000147
4
268.177291 386.366426
5.295000 9.953000 12.082942 31 1
0.000000 0.000000 0.000000 0.000000 0.065156
0.000305 0.002870
4
206.533094 8.535318
5.295000 9.953000 12.082942 34 1
0.000000 0.000000 0.000000 0.000000 0.090746
0.000164 -0.002803
4
125.319426 152.186244
5.295000 9.953000 12.082942 48 1
0.000000 0.000000 0.000000 0.000000 0.056461
-0.001983 -0.000828
4
229.767694 418.272462
5.295000 9.953000 12.082942 39 1
0.000000 0.000000 0.000000 0.000000 0.062009
-0.000538 0.002419
4
46.433532 260.353437
5.295000 9.953000 12.082942 38 1
0.000000 0.000000 0.000000 0.000000 0.082115
-0.002113 -0.000185
4
172.491237 133.331536
5.295000 9.953000 12.082942 44 1
0.000000 0.000000 0.000000 0.000000 0.065389
-0.001661 -0.001211
4
259.002522 338.591403
5.295000 9.953000 12.082942 54 1
0.000000 0.000000 0.000000 0.000000 0.043182
0.001190 0.000907
4
220.254687 125.426012
5.295000 9.953000 12.082942 50 1
0.000000 0.000000 0.000000 0.000000 0.057631
-0.001503 -0.003728
4
423.965996 428.003013
5.295000 9.953000 12.082942 67 1
0.000000 0.000000 0.000000 0.000000 0.153174
0.001284 0.003087
4
373.066826 218.629537
5.295000 9.953000 12.082942 40 1
0.000000 0.000000 0.000000 0.000000 0.069221
0.001805 -0.000258
4
223.904283 222.055106
5.295000 9.953000 12.082942 35 1
0.000000 0.000000 0.000000 0.000000 0.047571
-0.003689 0.002191
1
325.525216 292.802983
5.295000 9.953000 12.082942 38 2
0.065880 0.000000 0.000000 0.000000 0.024204
0.024389 0.030190
4
282.257778 312.707067
5.295000 9.953000 12.082942 53 1
0.000000 0.000000 0.000000 0.000000 0.044865
0.003428 -0.001616
4
327.365968 235.445104
5.295000 9.953000 12.082942 39 1
0.000000 0.000000 0.000000 0.000000 0.032754
-0.001716 -0.000164
4
89.574475 172.526870
5.295000 9.953000 12.082942 54 1
0.000000 0.000000 0.000000 0.000000 0.040514
-0.002352 -0.001022
4
197.213665 72.203204
5.295000 9.953000 12.082942 46 1
0.000000 0.000000 0.000000 0.000000 0.044743
0.000415 -0.001174
4
147.540410 210.324946
5.295000 9.953000 12.082942 48 1
0.000000 0.000000 0.000000 0.000000 0.048952
-0.000544 -0.000362
4
144.749926 430.010097
5.295000 9.953000 12.082942 48 1
0.000000 0.000000 0.000000 0.000000 0.062162
-0.001042 0.002105
1
212.195528 107.380880
5.295000 9.953000 12.082942 38 2
0.065880 0.000000 0.000000 0.000000 0.026633
0.001426 -0.000678
4
133.324916 358.558664
5.295000 9.953000 12.082942 50 1
0.000000 0.000000 0.000000 0.000000 0.051969
-0.001250 0.001096
4
120.878395 407.281250
5.295000 9.953000 12.082942 46 1
0.000000 0.000000 0.000000 0.000000 0.077784
-0.001610 0.000454
4
405.167075 424.922508
5.295000 9.953000 12.082942 68 1
0.000000 0.000000 0.000000 0.000000 0.068513
0.001493 0.002841
4
99.218764 324.686200
5.295000 9.953000 12.082942 36 1
0.000000 0.000000 0.000000 0.000000 0.063279
-0.002286 0.000646
4
235.084883 78.233273
5.295000 9.953000 12.082942 64 1
0.000000 0.000000 0.000000 0.000000 0.036710
0.000348 -0.002236
4
48.339063 279.123394
5.295000 9.953000 12.082942 31 1
0.000000 0.000000 0.000000 0.000000 0.078474
-0.002280 0.000012
4
212.042644 385.607987
5.295000 9.953000 12.082942 69 1
0.000000 0.000000 0.000000 0.000000 0.037144
-0.000182 0.001907
1
300.611183 431.818426
5.295000 9.953000 12.082942 0 1
0.065880 0.000000 0.000000 0.000000 0.029369
0.001268 0.000348
1
164.981458 80.007369
5.295000 9.953000 12.082942 41 2
0.065880 0.000000 0.000000 0.000000 0.032032
0.000112 -0.001053
4
338.842449 205.646129
5.295000 9.953000 12.082942 72 1
0.000000 0.000000 0.000000 0.000000 0.042535
0.002079 -0.000207
4
50.008263 297.902097
5.295000 9.953000 12.082942 43 1
0.000000 0.000000 0.000000 0.000000 0.064872
-0.002367 0.000246
4
380.112901 355.298142
5.295000 9.953000 12.082942 47 1
0.000000 0.000000 0.000000 0.000000 0.066994
-0.010247 0.005162
4
482.412132 292.107902
5.295000 9.953000 12.082942 63 1
0.000000 0.000000 0.000000 0.000000 0.056594
0.001956 0.001972
4
359.758429 231.173569
5.295000 9.953000 12.082942 41 1
0.000000 0.000000 0.000000 0.000000 0.069647
0.000673 -0.000273
4
277.972200 474.840947
5.295000 9.953000 12.082942 72 1
0.000000 0.000000 0.000000 0.000000 0.033115
0.001813 0.002827
1
458.621192 200.086623
5.295000 9.953000 12.082942 22 2
0.065880 0.000000 0.000000 0.000000 0.054426
0.002387 -0.000965
1
348.523032 364.202645
5.295000 9.953000 12.082942 46 2
0.065880 0.000000 0.000000 0.000000 0.047979
0.004772 -0.002449
4
165.529881 263.190142
5.295000 9.953000 12.082942 32 1
0.000000 0.000000 0.000000 0.000000 0.056970
-0.000312 0.000008
1
267.732994 164.513187
5.295000 9.953000 12.082942 19 2
0.065880 0.000000 0.000000 0.000000 0.028897
0.000155 -0.002636
4
318.587998 309.916309
5.295000 9.953000 12.082942 41 1
0.000000 0.000000 0.000000 0.000000 0.036847
0.015871 -0.006597
4
141.974549 192.729019
5.295000 9.953000 12.082942 29 1
0.000000 0.000000 0.000000 0.000000 0.047506
-0.000987 -0.000475
4
203.636529 336.818568
5.295000 9.953000 12.082942 39 1
0.000000 0.000000 0.000000 0.000000 0.047366
-0.001452 0.003772
4
256.866514 129.519572
5.295000 9.953000 12.082942 62 1
0.000000 0.000000 0.000000 0.000000 0.059112
-0.000646 -0.000964
4
171.942610 448.287367
5.295000 9.953000 12.082942 37 1
0.000000 0.000000 0.000000 0.000000 0.058709
-0.001193 0.001846
1
437.317313 321.701432
5.295000 9.953000 12.082942 0 1
0.065880 0.000000 0.000000 0.000000 0.034713
0.002381 0.000396
1
168.465363 51.375373
5.295000 9.953000 12.082942 0 1
0.065880 0.000000 0.000000 0.000000 0.035462
0.002088 -0.003183
4
190.927537 449.424020
5.295000 9.953000 12.082942 50 1
0.000000 0.000000 0.000000 0.000000 0.059386
-0.001456 0.001385
4
70.886920 382.744524
5.295000 9.953000 12.082942 37 1
0.000000 0.000000 0.000000 0.000000 0.114292
-0.002202 0.000955
4
93.256065 246.389709
5.295000 9.953000 12.082942 57 1
0.000000 0.000000 0.000000 0.000000 0.048391
-0.001553 -0.000085
4
429.743625 339.872133
5.295000 9.953000 12.082942 54 1
0.000000 0.000000 0.000000 0.000000 0.049739
0.002793 0.000263
4
196.318625 251.900278
5.295000 9.953000 12.082942 41 1
0.000000 0.000000 0.000000 0.000000 0.059412
0.000022 -0.000139
1
135.067113 63.055782
5.295000 9.953000 12.082942 21 2
0.065880 0.000000 0.000000 0.000000 0.052849
-0.001178 -0.000853
4
238.455804 274.764280
5.295000 9.953000 12.082942 46 1
0.000000 0.000000 0.000000 0.000000 0.054815
0.001323 0.001857
4
225.550742 10.921247
5.295000 9.953000 12.082942 62 1
0.000000 0.000000 0.000000 0.000000 0.087470
-0.000097 -0.002628
4
178.163676 150.830764
5.295000 9.953000 12.082942 38 1
0.000000 0.000000 0.000000 0.000000 0.054886
-0.001020 -0.001244
4
63.761918 268.539313
5.295000 9.953000 12.082942 35 1
0.000000 0.000000 0.000000 0.000000 0.083635
-0.002163 -0.000128
4
159.926699 146.914165
5.295000 9.953000 12.082942 45 1
0.000000 0.000000 0.000000 0.000000 0.063366
-0.001242 -0.000680
4
330.674298 410.293701
5.295000 9.953000 12.082942 62 1
0.000000 0.000000 0.000000 0.000000 0.042148
0.001357 0.001840
4
17.290914 300.347247
5.295000 9.953000 12.082942 39 1
0.000000 0.000000 0.000000 0.000000 0.115755
-0.002329 0.000175
4
237.627067 179.151092
5.295000 9.953000 12.082942 48 1
0.000000 0.000000 0.000000 0.000000 0.060522
0.003551 -0.004413
4
89.014565 96.748998
5.295000 9.953000 12.082942 52 1
0.000000 0.000000 0.000000 0.000000 0.146870
-0.003119 -0.001522
1
436.315047 413.481893
5.295000 9.953000 12.082942 20 2
0.065880 0.000000 0.000000 0.000000 0.124886
0.001936 0.003998
4
454.407110 267.246763
5.295000 9.953000 12.082942 51 1
0.000000 0.000000 0.000000 0.000000 0.060464
0.003334 -0.000033
4
278.115224 370.287005
5.295000 9.953000 12.082942 30 1
0.000000 0.000000 0.000000 0.000000 0.076566
0.000604 0.002933
4
202.132219 171.919462
5.295000 9.953000 12.082942 36 1
0.000000 0.000000 0.000000 0.000000 0.044679
0.000081 -0.001745
4
220.885759 401.901189
5.295000 9.953000 12.082942 38 1
0.000000 0.000000 0.000000 0.000000 0.061783
-0.000379 0.002238
4
156.242809 381.271258
5.295000 9.953000 12.082942 42 1
0.000000 0.000000 0.000000 0.000000 0.063684
-0.001053 0.001739
4
237.826754 467.358922
5.295000 9.953000 12.082942 34 1
0.000000 0.000000 0.000000 0.000000 0.049975
-0.002815 0.003204
4
301.218304 71.568814
5.295000 9.953000 12.082942 59 1
0.000000 0.000000 0.000000 0.000000 0.059711
-0.000072 -0.001522
4
241.913621 226.399186
5.295000 9.953000 12.082942 55 1
0.000000 0.000000 0.000000 0.000000 0.040659
-0.002513 0.000641
4
215.167037 303.481418
5.295000 9.953000 12.082942 64 1
0.000000 0.000000 0.000000 0.000000 0.043649
-0.000417 0.000489
1
449.181747 285.279973
5.295000 9.953000 12.082942 34 2
0.065880 0.000000 0.000000 0.000000 0.046857
0.003109 0.000117
1
255.602976 213.397450
5.295000 9.953000 12.082942 19 2
0.065880 0.000000 0.000000 0.000000 0.023038
-0.002952 -0.000314
4
258.271728 48.765480
5.295000 9.953000 12.082942 61 1
0.000000 0.000000 0.000000 0.000000 0.058668
0.000119 -0.002837
4
214.287741 157.773012
5.295000 9.953000 12.082942 45 1
0.000000 0.000000 0.000000 0.000000 0.051782
-0.000477 -0.002567
4
272.050595 182.477203
5.295000 9.953000 12.082942 50 1
0.000000 0.000000 0.000000 0.000000 0.027527
0.008915 0.002141
4
183.930828 217.466912
5.295000 9.953000 12.082942 72 1
0.000000 0.000000 0.000000 0.000000 0.024685
0.000237 -0.000743
4
240.488172 339.036835
5.295000 9.953000 12.082942 70 1
0.000000 0.000000 0.000000 0.000000 0.029222
-0.000824 0.009471
4
459.458592 249.313075
5.295000 9.953000 12.082942 53 1
0.000000 0.000000 0.000000 0.000000 0.055083
0.003566 -0.000121
4
203.283198 369.231761
5.295000 9.953000 12.082942 45 1
0.000000 0.000000 0.000000 0.000000 0.044725
0.000717 0.001138
4
56.496851 116.295128
5.295000 9.953000 12.082942 44 1
0.000000 0.000000 0.000000 0.000000 0.195739
-0.003115 -0.000524
1
268.860822 266.350537
5.295000 9.953000 12.082942 24 2
0.065880 0.000000 0.000000 0.000000 0.027714
0.001248 -0.000088
4
106.199495 181.606135
5.295000 9.953000 12.082942 42 1
0.000000 0.000000 0.000000 0.000000 0.049519
-0.002127 -0.000614
4
118.373242 91.750875
5.295000 9.953000 12.082942 36 1
0.000000 0.000000 0.000000 0.000000 0.064355
-0.001661 -0.000936
4
423.707332 378.264751
5.295000 9.953000 12.082942 46 1
0.000000 0.000000 0.000000 0.000000 0.111974
0.002900 0.002841
4
244.686458 143.660512
5.295000 9.953000 12.082942 71 1
0.000000 0.000000 0.000000 0.000000 0.030765
-0.000831 -0.000496
4
356.019639 335.206651
5.295000 9.953000 12.082942 45 1
0.000000 0.000000 0.000000 0.000000 0.086771
-0.047982 -0.084994
1
379.648474 453.207755
5.295000 9.953000 12.082942 26 2
0.065880 0.000000 0.000000 0.000000 0.098336
0.000743 0.002722
4
116.455349 332.767349
5.295000 9.953000 12.082942 68 1
0.000000 0.000000 0.000000 0.000000 0.045348
-0.002034 0.000472
4
443.433924 128.521145
5.295000 9.953000 12.082942 53 1
0.000000 0.000000 0.000000 0.000000 0.100966
0.001010 -0.002307
4
349.062494 413.991700
5.295000 9.953000 12.082942 41 1
0.000000 0.000000 0.000000 0.000000 0.047113
0.001351 0.002176
4
190.139902 185.948849
5.295000 9.953000 12.082942 59 1
0.000000 0.000000 0.000000 0.000000 0.029661
-0.000216 -0.001134
1
276.805369 51.219614
5.295000 9.953000 12.082942 39 2
0.065880 0.000000 0.000000 0.000000 0.056542
0.000147 -0.002466
4
266.756566 451.351531
5.295000 9.953000 12.082942 59 1
0.000000 0.000000 0.000000 0.000000 0.030528
-0.001893 0.003754
4
408.681168 112.687127
5.295000 9.953000 12.082942 41 1
0.000000 0.000000 0.000000 0.000000 0.067441
0.000724 -0.001962
1
318.802026 75.283438
5.295000 9.953000 12.082942 32 2
0.065880 0.000000 0.000000 0.000000 0.052238
0.000174 -0.001358
4
121.624541 134.019976
5.295000 9.953000 12.082942 37 1
0.000000 0.000000 0.000000 0.000000 0.045831
-0.002902 -0.000950
1
360.560070 127.352686
5.295000 9.953000 12.082942 30 2
0.065880 0.000000 0.000000 0.000000 0.038414
0.000849 -0.001652
4
125.669445 427.254203
5.295000 9.953000 12.082942 49 1
0.000000 0.000000 0.000000 0.000000 0.076913
-0.000507 0.003605
1
428.534238 240.306617
5.295000 9.953000 12.082942 21 2
0.065880 0.000000 0.000000 0.000000 0.041792
0.003148 -0.000285
1
332.358379 275.767857
5.295000 9.953000 12.082942 19 2
0.065880 0.000000 0.000000 0.000000 0.029362
-0.004819 -0.013844
4
336.503870 427.997077
5.295000 9.953000 12.082942 37 1
0.000000 0.000000 0.000000 0.000000 0.040131
0.001255 0.001969
4
132.558621 43.927928
5.295000 9.953000 12.082942 56 1
0.000000 0.000000 0.000000 0.000000 0.180332
-0.008562 -0.001131
4
227.777851 239.909837
5.295000 9.953000 12.082942 43 1
0.000000 0.000000 0.000000 0.000000 0.051059
-0.000609 0.001710
4
214.705016 254.578894
5.295000 9.953000 12.082942 42 1
0.000000 0.000000 0.000000 0.000000 0.061096
0.000338 0.000326
1
391.175015 104.938834
5.295000 9.953000 12.082942 26 2
0.065880 0.000000 0.000000 0.000000 0.050368
0.000524 -0.001796
4
170.196446 97.685774
5.295000 9.953000 12.082942 51 1
0.000000 0.000000 0.000000 0.000000 0.032245
0.000634 -0.000607
4
220.324526 271.808711
5.295000 9.953000 12.082942 31 1
0.000000 0.000000 0.000000 0.000000 0.069502
0.000426 0.000387
4
190.912999 54.260503
5.295000 9.953000 12.082942 55 1
0.000000 0.000000 0.000000 0.000000 0.048481
0.000090 -0.001535
4
315.959819 161.650659
5.295000 9.953000 12.082942 39 1
0.000000 0.000000 0.000000 0.000000 0.044465
0.000897 -0.001633
4
362.743114 145.643490
5.295000 9.953000 12.082942 36 1
0.000000 0.000000 0.000000 0.000000 0.043180
0.001276 -0.001402
4
492.592253 255.778619
5.295000 9.953000 12.082942 60 1
0.000000 0.000000 0.000000 0.000000 0.083952
0.002264 0.002175
4
282.874819 254.756644
5.295000 9.953000 12.082942 38 1
0.000000 0.000000 0.000000 0.000000 0.044361
-0.000620 -0.000575
4
436.109665 271.671497
5.295000 9.953000 12.082942 36 1
0.000000 0.000000 0.000000 0.000000 0.067571
0.003025 0.000019
4
190.195179 234.756992
5.295000 9.953000 12.082942 57 1
0.000000 0.000000 0.000000 0.000000 0.033165
0.000142 -0.000567
1
293.518009 137.890767
5.295000 9.953000 12.082942 21 2
0.065880 0.000000 0.000000 0.000000 0.024191
0.000324 -0.001937
4
124.063364 238.525164
5.295000 9.953000 12.082942 62 1
0.000000 0.000000 0.000000 0.000000 0.030952
-0.001013 -0.000069
4
196.293839 154.398517
5.295000 9.953000 12.082942 57 1
0.000000 0.000000 0.000000 0.000000 0.051380
-0.000866 -0.001982
4
307.402117 451.037215
5.295000 9.953000 12.082942 34 1
0.000000 0.000000 0.000000 0.000000 0.053260
0.001926 0.004389
4
219.904478 434.312462
5.295000 9.953000 12.082942 41 1
0.000000 0.000000 0.000000 0.000000 0.044999
-0.000952 0.002208
4
190.473693 136.984749
5.295000 9.953000 12.082942 36 1
0.000000 0.000000 0.000000 0.000000 0.063112
-0.001352 -0.001849
4
213.979519 25.714978
5.295000 9.953000 12.082942 43 1
0.000000 0.000000 0.000000 0.000000 0.089052
-0.000090 -0.002371
4
358.273377 109.018860
5.295000 9.953000 12.082942 51 1
0.000000 0.000000 0.000000 0.000000 0.042110
0.000383 -0.001835
4
177.920736 248.958224
5.295000 9.953000 12.082942 41 1
0.000000 0.000000 0.000000 0.000000 0.047978
-0.000134 -0.000220
4
207.189501 483.202470
5.295000 9.953000 12.082942 37 1
0.000000 0.000000 0.000000 0.000000 0.084017
0.001884 -0.001685
4
154.595892 129.207518
5.295000 9.953000 12.082942 35 1
0.000000 0.000000 0.000000 0.000000 0.070302
-0.001939 -0.000538
4
141.494619 142.704156
5.295000 9.953000 12.082942 48 1
0.000000 0.000000 0.000000 0.000000 0.063781
-0.001406 -0.000080
1
185.354977 334.575128
5.295000 9.953000 12.082942 22 2
0.065880 0.000000 0.000000 0.000000 0.028829
0.000257 -0.000690
4
137.036134 175.294979
5.295000 9.953000 12.082942 44 1
0.000000 0.000000 0.000000 0.000000 0.054769
-0.001525 -0.000392
4
57.480731 173.730039
5.295000 9.953000 12.082942 72 1
0.000000 0.000000 0.000000 0.000000 0.036901
-0.002686 -0.001104
4
199.429871 466.170082
5.295000 9.953000 12.082942 65 1
0.000000 0.000000 0.000000 0.000000 0.067049
-0.001821 0.000847
1
185.332806 368.266865
5.295000 9.953000 12.082942 25 2
0.065880 0.000000 0.000000 0.000000 0.033086
-0.001225 0.001659
4
281.983782 19.046220
5.295000 9.953000 12.082942 62 1
0.000000 0.000000 0.000000 0.000000 0.116922
0.000591 -0.002447
4
392.362847 439.105932
5.295000 9.953000 12.082942 46 1
0.000000 0.000000 0.000000 0.000000 0.086786
0.001071 0.002823
4
103.570967 380.611294
5.295000 9.953000 12.082942 39 1
0.000000 0.000000 0.000000 0.000000 0.063061
-0.002018 0.000729
4
261.743505 98.324173
5.295000 9.953000 12.082942 60 1
0.000000 0.000000 0.000000 0.000000 0.065047
-0.000708 -0.001776
4
83.973096 334.604955
5.295000 9.953000 12.082942 47 1
0.000000 0.000000 0.000000 0.000000 0.057364
-0.002098 0.000827
4
135.060976 82.178956
5.295000 9.953000 12.082942 51 1
0.000000 0.000000 0.000000 0.000000 0.047269
-0.001022 -0.000989
1
59.771345 230.647153
5.295000 9.953000 12.082942 0 1
0.065880 0.000000 0.000000 0.000000 0.052399
-0.001900 -0.000514
1
68.637107 344.768816
5.295000 9.953000 12.082942 31 2
0.065880 0.000000 0.000000 0.000000 0.054136
-0.002274 0.000880
4
106.994922 234.135955
5.295000 9.953000 12.082942 70 1
0.000000 0.000000 0.000000 0.000000 0.039466
-0.001356 -0.000244
4
147.115859 259.811219
5.295000 9.953000 12.082942 32 1
0.000000 0.000000 0.000000 0.000000 0.037477
-0.000496 -0.000032
4
380.240326 403.779603
5.295000 9.953000 12.082942 44 1
0.000000 0.000000 0.000000 0.000000 0.058744
0.001251 0.000872
4
51.311264 316.791794
5.295000 9.953000 12.082942 42 1
0.000000 0.000000 0.000000 0.000000 0.057466
-0.002303 0.000453
4
183.311868 400.254877
5.295000 9.953000 12.082942 72 1
0.000000 0.000000 0.000000 0.000000 0.019591
-0.000719 0.001628
4
268.694836 354.339522
5.295000 9.953000 12.082942 58 1
0.000000 0.000000 0.000000 0.000000 0.066233
0.001171 0.003248
1
302.297410 174.258085
5.295000 9.953000 12.082942 41 2
0.065880 0.000000 0.000000 0.000000 0.027636
0.001200 -0.003161
1
312.030036 143.056658
5.295000 9.953000 12.082942 20 2
0.065880 0.000000 0.000000 0.000000 0.028725
0.000789 -0.001457
4
104.616749 162.196190
5.295000 9.953000 12.082942 36 1
0.000000 0.000000 0.000000 0.000000 0.039274
-0.002080 -0.000941
4
287.774604 205.602490
5.295000 9.953000 12.082942 66 1
0.000000 0.000000 0.000000 0.000000 0.036020
-0.001963 -0.000508
1
332.792136 86.468086
5.295000 9.953000 12.082942 30 2
0.065880 0.000000 0.000000 0.000000 0.032340
0.002037 -0.003132
4
189.848336 283.832884
5.295000 9.953000 12.082942 46 1
0.000000 0.000000 0.000000 0.000000 0.070498
-0.000133 0.000154
4
294.793142 403.317118
5.295000 9.953000 12.082942 70 1
0.000000 0.000000 0.000000 0.000000 0.041067
0.000745 0.003185
4
72.534854 87.714639
5.295000 9.953000 12.082942 38 1
0.000000 0.000000 0.000000 0.000000 0.306017
-0.004234 -0.000549
4
295.655575 241.656100
5.295000 9.953000 12.082942 50 1
0.000000 0.000000 0.000000 0.000000 0.044178
0.006670 -0.001000
4
250.062796 160.763337
5.295000 9.953000 12.082942 43 1
0.000000 0.000000 0.000000 0.000000 0.039032
0.000809 0.001449
4
167.032420 331.517548
5.295000 9.953000 12.082942 65 1
0.000000 0.000000 0.000000 0.000000 0.031300
-0.000999 0.001912
4
137.116733 124.372073
5.295000 9.953000 12.082942 33 1
0.000000 0.000000 0.000000 0.000000 0.057586
-0.002336 -0.000094
4
336.206437 306.634408
5.295000 9.953000 12.082942 72 1
0.000000 0.000000 0.000000 0.000000 0.023823
-0.045935 -0.051467
1
418.893072 324.897221
5.295000 9.953000 12.082942 0 1
0.065880 0.000000 0.000000 0.000000 0.049143
0.003290 0.000659
4
102.027575 361.931128
5.295000 9.953000 12.082942 61 1
0.000000 0.000000 0.000000 0.000000 0.054435
-0.001913 0.000707
4
246.666688 63.635960
5.295000 9.953000 12.082942 49 1
0.000000 0.000000 0.000000 0.000000 0.061666
0.000053 -0.002720
4
379.867672 70.344627
5.295000 9.953000 12.082942 70 1
0.000000 0.000000 0.000000 0.000000 0.038878
0.002629 -0.003108
4
301.070672 106.868958
5.295000 9.953000 12.082942 60 1
0.000000 0.000000 0.000000 0.000000 0.030401
0.002129 -0.000793
4
453.004127 331.856992
5.295000 9.953000 12.082942 62 1
0.000000 0.000000 0.000000 0.000000 0.044920
0.001814 0.001685
4
76.329061 238.928987
5.295000 9.953000 12.082942 43 1
0.000000 0.000000 0.000000 0.000000 0.051364
-0.001775 -0.000340
4
43.237557 222.173067
5.295000 9.953000 12.082942 32 1
0.000000 0.000000 0.000000 0.000000 0.049845
-0.002122 -0.000489
4
469.120366 278.701074
5.295000 9.953000 12.082942 50 1
0.000000 0.000000 0.000000 0.000000 0.067842
0.001880 0.001926
4
177.962147 199.989003
5.295000 9.953000 12.082942 59 1
0.000000 0.000000 0.000000 0.000000 0.025014
-0.000062 -0.000802
4
297.113069 370.771695
5.295000 9.953000 12.082942 39 1
0.000000 0.000000 0.000000 0.000000 0.071260
0.001056 0.002888
4
72.171458 401.797105
5.295000 9.953000 12.082942 48 1
0.000000 0.000000 0.000000 0.000000 0.158759
-0.002102 0.001001
4
311.223489 326.980020
5.295000 9.953000 12.082942 32 1
0.000000 0.000000 0.000000 0.000000 0.056301
0.001157 0.003695
4
128.881446 256.199735
5.295000 9.953000 12.082942 61 1
0.000000 0.000000 0.000000 0.000000 0.021622
-0.000901 -0.000075
4
89.274632 115.710287
5.295000 9.953000 12.082942 40 1
0.000000 0.000000 0.000000 0.000000 0.085930
-0.003076 -0.001360
4
430.884381 289.498094
5.295000 9.953000 12.082942 64 1
0.000000 0.000000 0.000000 0.000000 0.060479
0.002977 0.000120
4
355.944272 212.433822
5.295000 9.953000 12.082942 58 1
0.000000 0.000000 0.000000 0.000000 0.055756
0.000933 -0.000555
4
174.889899 383.544012
5.295000 9.953000 12.082942 50 1
0.000000 0.000000 0.000000 0.000000 0.040084
-0.000700 0.001395
1
73.899502 420.847895
5.295000 9.953000 12.082942 37 2
0.065880 0.000000 0.000000 0.000000 0.232755
-0.001970 0.001032
4
55.237662 393.136861
5.295000 9.953000 12.082942 44 1
0.000000 0.000000 0.000000 0.000000 0.253236
-0.002167 0.001065
4
447.173378 185.553218
5.295000 9.953000 12.082942 37 1
0.000000 0.000000 0.000000 0.000000 0.077450
0.002202 -0.001446
1
275.658864 434.832753
5.295000 9.953000 12.082942 0 1
0.065880 0.000000 0.000000 0.000000 0.031838
-0.000491 0.003902
1
248.415552 418.539703
5.295000 9.953000 12.082942 28 2
0.065880 0.000000 0.000000 0.000000 0.050411
-0.000366 0.002846
4
350.337504 92.361755
5.295000 9.953000 12.082942 63 1
0.000000 0.000000 0.000000 0.000000 0.038717
0.002184 -0.003048
4
68.094536 325.112559
5.295000 9.953000 12.082942 31 1
0.000000 0.000000 0.000000 0.000000 0.060797
-0.002185 0.000524
1
295.471067 89.178056
5.295000 9.953000 12.082942 0 1
0.065880 0.000000 0.000000 0.000000 0.045130
0.001607 -0.000589
4
73.940375 182.560866
5.295000 9.953000 12.082942 54 1
0.000000 0.000000 0.000000 0.000000 0.033062
-0.002593 -0.001094
4
37.255561 365.244574
5.295000 9.953000 12.082942 39 1
0.000000 0.000000 0.000000 0.000000 0.273491
-0.002378 0.000723
4
360.949324 61.161872
5.295000 9.953000 12.082942 66 1
0.000000 0.000000 0.000000 0.000000 0.052266
0.001271 -0.004397
4
219.999463 175.506891
5.295000 9.953000 12.082942 35 1
0.000000 0.000000 0.000000 0.000000 0.063963
-0.001408 -0.002996
4
314.273151 8.700706
5.295000 9.953000 12.082942 66 1
0.000000 0.000000 0.000000 0.000000 0.079609
0.000499 -0.002300
4
319.227487 111.750635
5.295000 9.953000 12.082942 61 1
0.000000 0.000000 0.000000 0.000000 0.035676
0.002322 -0.000855
4
441.569145 109.750813
5.295000 9.953000 12.082942 64 1
0.000000 0.000000 0.000000 0.000000 0.177288
0.000737 -0.002450
4
292.523636 327.970754
5.295000 9.953000 12.082942 62 1
0.000000 0.000000 0.000000 0.000000 0.049081
-0.000741 0.000690
4
399.336781 178.312189
5.295000 9.953000 12.082942 70 1
0.000000 0.000000 0.000000 0.000000 0.032561
0.001571 -0.001254
4
196.025013 203.414303
5.295000 9.953000 12.082942 32 1
0.000000 0.000000 0.000000 0.000000 0.035361
0.000370 -0.001069
4
155.754336 414.841902
5.295000 9.953000 12.082942 45 1
0.000000 0.000000 0.000000 0.000000 0.050616
-0.001479 0.001651
1
439.573760 90.965892
5.295000 9.953000 12.082942 22 2
0.065880 0.000000 0.000000 0.000000 0.197089
0.000346 -0.002492
4
189.547778 101.850869
5.295000 9.953000 12.082942 48 1
0.000000 0.000000 0.000000 0.000000 0.041250
0.002424 -0.000318
4
312.997301 490.643499
5.295000 9.953000 12.082942 42 1
0.000000 0.000000 0.000000 0.000000 0.126847
0.001435 0.001610
4
347.650244 156.941521
5.295000 9.953000 12.082942 49 1
0.000000 0.000000 0.000000 0.000000 0.054034
0.001377 -0.001355
4
237.282960 208.502669
5.295000 9.953000 12.082942 47 1
0.000000 0.000000 0.000000 0.000000 0.055666
-0.003887 0.000971
4
326.764968 44.223005
5.295000 9.953000 12.082942 55 1
0.000000 0.000000 0.000000 0.000000 0.074068
-0.000074 -0.001811
4
439.606552 203.315583
5.295000 9.953000 12.082942 62 1
0.000000 0.000000 0.000000 0.000000 0.058877
0.003169 -0.000471
4
202.170715 401.292258
5.295000 9.953000 12.082942 34 1
0.000000 0.000000 0.000000 0.000000 0.043636
-0.000666 0.001929
4
336.089121 187.089811
5.295000 9.953000 12.082942 47 1
0.000000 0.000000 0.000000 0.000000 0.046312
0.001686 -0.001320
4
134.461631 339.881203
5.295000 9.953000 12.082942 54 1
0.000000 0.000000 0.000000 0.000000 0.039397
-0.002618 0.000832
4
446.417760 235.701043
5.295000 9.953000 12.082942 67 1
0.000000 0.000000 0.000000 0.000000 0.060288
0.003434 -0.000142
4
329.948804 360.672387
5.295000 9.953000 12.082942 46 1
0.000000 0.000000 0.000000 0.000000 0.064178
0.000228 0.000819
4
329.560351 325.250619
5.295000 9.953000 12.082942 71 1
0.000000 0.000000 0.000000 0.000000 0.047528
-0.006779 0.003203
4
400.679638 326.673171
5.295000 9.953000 12.082942 0 1
0.000000 0.000000 0.000000 0.000000 0.063066
-0.000451 0.004669
4
425.301943 307.265728
5.295000 9.953000 12.082942 0 1
0.000000 0.000000 0.000000 0.000000 0.068304
0.002222 0.000314
4
230.817041 109.921598
5.295000 9.953000 12.082942 0 1
0.000000 0.000000 0.000000 0.000000 0.062783
0.001166 -0.001706
4
305.482638 192.599167
5.295000 9.953000 12.082942 45 1
0.000000 0.000000 0.000000 0.000000 0.045019
0.007346 0.002005
4
373.860016 301.956271
5.295000 9.953000 12.082942 50 1
0.000000 0.000000 0.000000 0.000000 0.058329
-0.001557 -0.000988
4
451.967553 217.593939
5.295000 9.953000 12.082942 0 1
0.000000 0.000000 0.000000 0.000000 0.064410
0.003222 -0.000298
4
433.877442 221.864891
5.295000 9.953000 12.082942 0 1
0.000000 0.000000 0.000000 0.000000 0.077184
0.003232 -0.000178
4
142.099942 462.173046
5.295000 9.953000 12.082942 0 1
0.000000 0.000000 0.000000 0.000000 0.197461
-0.000659 0.002534
4
96.700618 264.912991
5.295000 9.953000 12.082942 0 1
0.000000 0.000000 0.000000 0.000000 0.054504
-0.001529 0.000294
4
277.359089 337.956658
5.295000 9.953000 12.082942 0 1
0.000000 0.000000 0.000000 0.000000 0.062691
0.001600 0.003272
4
417.609648 360.415609
5.295000 9.953000 12.082942 0 1
0.000000 0.000000 0.000000 0.000000 0.115001
0.000543 0.002391
1
392.260659 248.995880
5.295000 9.953000 12.082942 19 2
0.065880 0.000000 0.000000 0.000000 0.025442
0.002942 -0.000334
4
159.020938 295.177233
5.295000 9.953000 12.082942 43 1
0.000000 0.000000 0.000000 0.000000 0.050328
-0.000453 0.001046
1
226.527305 143.275589
5.295000 9.953000 12.082942 19 2
0.065880 0.000000 0.000000 0.000000 0.039607
-0.000474 -0.003913
4
289.450645 296.071358
5.295000 9.953000 12.082942 48 1
0.000000 0.000000 0.000000 0.000000 0.039386
0.007039 0.000678
4
40.389213 145.649999
5.295000 9.953000 12.082942 54 1
0.000000 0.000000 0.000000 0.000000 0.101697
-0.002818 -0.001258
4
66.975575 306.114439
5.295000 9.953000 12.082942 72 1
0.000000 0.000000 0.000000 0.000000 0.049066
-0.002354 0.000355
4
44.660956 241.368056
5.295000 9.953000 12.082942 30 1
0.000000 0.000000 0.000000 0.000000 0.059506
-0.002021 -0.000360
1
407.011071 310.147829
5.295000 9.953000 12.082942 19 2
0.065880 0.000000 0.000000 0.000000 0.045228
0.003004 -0.002155
4
341.736155 223.814529
5.295000 9.953000 12.082942 54 1
0.000000 0.000000 0.000000 0.000000 0.052748
0.001119 -0.000626
4
262.744499 485.653565
5.295000 9.953000 12.082942 41 1
0.000000 0.000000 0.000000 0.000000 0.057752
0.001824 0.002557
4
276.666356 402.761438
5.295000 9.953000 12.082942 45 1
0.000000 0.000000 0.000000 0.000000 0.065109
0.000364 0.003175
4
350.451980 272.917101
5.295000 9.953000 12.082942 44 1
0.000000 0.000000 0.000000 0.000000 0.052698
0.003429 -0.004682
1
163.626995 431.611717
5.295000 9.953000 12.082942 19 2
0.065880 0.000000 0.000000 0.000000 0.035616
-0.001211 0.001740
4
353.036451 193.881020
5.295000 9.953000 12.082942 45 1
0.000000 0.000000 0.000000 0.000000 0.057471
0.001414 -0.000667
1
82.454884 295.233325
5.295000 9.953000 12.082942 19 2
0.065880 0.000000 0.000000 0.000000 0.038149
-0.002408 0.000226
4
171.463175 280.850708
5.295000 9.953000 12.082942 27 1
0.000000 0.000000 0.000000 0.000000 0.066149
-0.000233 0.000299
4
285.099759 169.100137
5.295000 9.953000 12.082942 71 1
0.000000 0.000000 0.000000 0.000000 0.026446
0.001238 0.000101
4
182.388353 432.720369
5.295000 9.953000 12.082942 42 1
0.000000 0.000000 0.000000 0.000000 0.051778
-0.001265 0.001569
4
250.852249 195.657104
5.295000 9.953000 12.082942 72 1
0.000000 0.000000 0.000000 0.000000 0.023164
-0.004240 -0.000245
4
181.629880 37.717470
5.295000 9.953000 12.082942 54 1
0.000000 0.000000 0.000000 0.000000 0.080780
0.004766 -0.003765
4
392.849981 389.735108
5.295000 9.953000 12.082942 42 1
0.000000 0.000000 0.000000 0.000000 0.065937
0.001373 0.002364
4
347.706801 321.109985
5.295000 9.953000 12.082942 39 1
0.000000 0.000000 0.000000 0.000000 0.058151
0.057062 0.089696
1
320.667249 261.908417
5.295000 9.953000 12.082942 19 2
0.065880 0.000000 0.000000 0.000000 0.027519
0.007574 0.024189
4
226.543597 288.931444
5.295000 9.953000 12.082942 32 1
0.000000 0.000000 0.000000 0.000000 0.070079
0.000880 0.001733
4
423.109968 258.127701
5.295000 9.953000 12.082942 45 1
0.000000 0.000000 0.000000 0.000000 0.048247
0.002939 -0.000031
4
40.992049 164.917746
5.295000 9.953000 12.082942 55 1
0.000000 0.000000 0.000000 0.000000 0.064099
-0.002745 -0.001120
4
86.552227 372.347814
5.295000 9.953000 12.082942 41 1
0.000000 0.000000 0.000000 0.000000 0.075940
-0.002111 0.000842
4
35.582974 327.368210
5.295000 9.953000 12.082942 53 1
0.000000 0.000000 0.000000 0.000000 0.089131
-0.002306 0.000462
1
377.685764 51.882673
5.295000 9.953000 12.082942 41 2
0.065880 0.000000 0.000000 0.000000 0.068830
0.002385 -0.003091
4
429.851866 157.737828
5.295000 9.953000 12.082942 39 1
0.000000 0.000000 0.000000 0.000000 0.040136
0.001507 -0.001801
4
336.729110 378.447247
5.295000 9.953000 12.082942 55 1
0.000000 0.000000 0.000000 0.000000 0.043239
0.000674 0.002522
4
286.885955 386.602589
5.295000 9.953000 12.082942 48 1
0.000000 0.000000 0.000000 0.000000 0.067991
0.000698 0.003105
4
410.269654 244.710020
5.295000 9.953000 12.082942 47 1
0.000000 0.000000 0.000000 0.000000 0.049049
0.002779 -0.000249
4
385.221645 316.492754
5.295000 9.953000 12.082942 65 1
0.000000 0.000000 0.000000 0.000000 0.056806
0.003472 0.000998
4
88.951201 153.276430
5.295000 9.953000 12.082942 70 1
0.000000 0.000000 0.000000 0.000000 0.038966
-0.002420 -0.001033
4
72.968065 106.692842
5.295000 9.953000 12.082942 43 1
0.000000 0.000000 0.000000 0.000000 0.128463
-0.004045 -0.000901
4
310.323361 472.194546
5.295000 9.953000 12.082942 47 1
0.000000 0.000000 0.000000 0.000000 0.079238
0.001423 0.001343
4
471.519266 328.462011
5.295000 9.953000 12.082942 59 1
0.000000 0.000000 0.000000 0.000000 0.047445
0.001952 0.001597
4
401.795210 196.242948
5.295000 9.953000 12.082942 61 1
0.000000 0.000000 0.000000 0.000000 0.031926
0.001889 -0.001088
4
42.241967 203.025783
5.295000 9.953000 12.082942 31 1
0.000000 0.000000 0.000000 0.000000 0.053574
-0.002367 -0.000686
4
416.032085 227.051757
5.295000 9.953000 12.082942 63 1
0.000000 0.000000 0.000000 0.000000 0.050367
0.002949 -0.000523
4
208.988738 237.444815
5.295000 9.953000 12.082942 41 1
0.000000 0.000000 0.000000 0.000000 0.032433
-0.000100 -0.000268
4
356.622504 255.618366
5.295000 9.953000 12.082942 55 1
0.000000 0.000000 0.000000 0.000000 0.064036
0.003036 0.000974
4
202.090691 269.193347
5.295000 9.953000 12.082942 31 1
0.000000 0.000000 0.000000 0.000000 0.069779
0.000323 0.000150
1
430.731013 395.500926
5.295000 9.953000 12.082942 20 2
0.065880 0.000000 0.000000 0.000000 0.075890
-0.001953 0.005232
4
288.762269 187.217604
5.295000 9.953000 12.082942 43 1
0.000000 0.000000 0.000000 0.000000 0.027720
-0.005838 -0.004507
1
323.760031 441.574762
5.295000 9.953000 12.082942 20 2
0.065880 0.000000 0.000000 0.000000 0.026092
0.000840 0.002059
4
178.160618 67.162879
5.295000 9.953000 12.082942 33 1
0.000000 0.000000 0.000000 0.000000 0.035127
0.001391 0.000162
4
104.543797 399.170131
5.295000 9.953000 12.082942 33 1
0.000000 0.000000 0.000000 0.000000 0.061121
-0.001945 0.000764
1
275.245265 133.276645
5.295000 9.953000 12.082942 20 2
0.065880 0.000000 0.000000 0.000000 0.027016
-0.000016 -0.001477
4
355.517640 304.361640
5.295000 9.953000 12.082942 50 1
0.000000 0.000000 0.000000 0.000000 0.056429
0.013509 -0.018986
1
202.255365 220.670057
5.295000 9.953000 12.082942 39 2
0.065880 0.000000 0.000000 0.000000 0.024144
0.000739 -0.000862
4
90.575725 191.179171
5.295000 9.953000 12.082942 41 1
0.000000 0.000000 0.000000 0.000000 0.052648
-0.002562 -0.000935
4
306.544697 124.999521
5.295000 9.953000 12.082942 55 1
0.000000 0.000000 0.000000 0.000000 0.034926
0.001149 -0.001310
4
321.983533 342.838177
5.295000 9.953000 12.082942 34 1
0.000000 0.000000 0.000000 0.000000 0.082956
0.000212 0.000322
4
368.563429 270.196232
5.295000 9.953000 12.082942 72 1
0.000000 0.000000 0.000000 0.000000 0.036668
0.002064 -0.002440
4
41.597884 184.010685
5.295000 9.953000 12.082942 47 1
0.000000 0.000000 0.000000 0.000000 0.050759
-0.002671 -0.000953
4
74.952979 201.363872
5.295000 9.953000 12.082942 33 1
0.000000 0.000000 0.000000 0.000000 0.049534
-0.002661 -0.000956
4
27.835301 232.875074
5.295000 9.953000 12.082942 72 1
0.000000 0.000000 0.000000 0.000000 0.042813
-0.002120 -0.000346
4
218.582713 466.968556
5.295000 9.953000 12.082942 66 1
0.000000 0.000000 0.000000 0.000000 0.037598
-0.002695 0.002888
4
455.117524 365.447707
5.295000 9.953000 12.082942 44 1
0.000000 0.000000 0.000000 0.000000 0.123011
-0.000939 0.004563
4
171.774076 231.528777
5.295000 9.953000 12.082942 36 1
0.000000 0.000000 0.000000 0.000000 0.038948
-0.000133 -0.000436
4
449.294177 399.622802
5.295000 9.953000 12.082942 63 1
0.000000 0.000000 0.000000 0.000000 0.125092
-0.001244 0.001162
4
367.441016 182.224392
5.295000 9.953000 12.082942 59 1
0.000000 0.000000 0.000000 0.000000 0.051178
0.001592 -0.000798
4
267.027169 321.968724
5.295000 9.953000 12.082942 47 1
0.000000 0.000000 0.000000 0.000000 0.051523
-0.004981 0.005227
4
271.056490 297.940888
5.295000 9.953000 12.082942 60 1
0.000000 0.000000 0.000000 0.000000 0.028922
-0.000746 -0.001099
1
209.363786 57.922157
5.295000 9.953000 12.082942 21 2
0.065880 0.000000 0.000000 0.000000 0.044819
0.000086 -0.002004
4
120.934658 388.602960
5.295000 9.953000 12.082942 33 1
0.000000 0.000000 0.000000 0.000000 0.077905
-0.002009 0.000615
4
154.028040 65.038357
5.295000 9.953000 12.082942 31 1
0.000000 0.000000 0.000000 0.000000 0.038552
-0.000315 -0.002809
4
120.401563 169.979718
5.295000 9.953000 12.082942 38 1
0.000000 0.000000 0.000000 0.000000 0.055572
-0.001915 -0.000507
1
150.576896 46.857115
5.295000 9.953000 12.082942 21 2
0.065880 0.000000 0.000000 0.000000 0.063416
-0.001240 -0.002840
4
251.194966 261.850841
5.295000 9.953000 12.082942 48 1
0.000000 0.000000 0.000000 0.000000 0.032031
0.000068 0.000549
4
81.448877 276.419413
5.295000 9.953000 12.082942 43 1
0.000000 0.000000 0.000000 0.000000 0.066624
-0.002444 -0.000053
1
283.390040 68.553784
5.295000 9.953000 12.082942 21 2
0.065880 0.000000 0.000000 0.000000 0.047739
-0.000141 -0.002131
4
230.983310 354.366007
5.295000 9.953000 12.082942 34 1
0.000000 0.000000 0.000000 0.000000 0.050136
0.002134 0.000700
4
121.434463 114.879576
5.295000 9.953000 12.082942 58 1
0.000000 0.000000 0.000000 0.000000 0.048123
-0.002129 -0.001315
4
441.326673 253.788704
5.295000 9.953000 12.082942 68 1
0.000000 0.000000 0.000000 0.000000 0.041852
0.003264 -0.000115
4
262.694921 146.955385
5.295000 9.953000 12.082942 32 1
0.000000 0.000000 0.000000 0.000000 0.034385
0.000437 -0.000116
4
188.441926 481.877659
5.295000 9.953000 12.082942 60 1
0.000000 0.000000 0.000000 0.000000 0.104442
0.000585 0.001665
4
105.688409 143.720057
5.295000 9.953000 12.082942 43 1
0.000000 0.000000 0.000000 0.000000 0.037435
-0.002887 -0.001203
4
287.501882 354.070583
5.295000 9.953000 12.082942 36 1
0.000000 0.000000 0.000000 0.000000 0.078587
0.000935 0.003170
4
177.729220 298.419741
5.295000 9.953000 12.082942 36 1
0.000000 0.000000 0.000000 0.000000 0.064654
-0.000371 -0.000063
4
285.996486 419.471140
5.295000 9.953000 12.082942 32 1
0.000000 0.000000 0.000000 0.000000 0.059428
-0.000403 0.003182
1
443.634512 303.447091
5.295000 9.953000 12.082942 21 2
0.065880 0.000000 0.000000 0.000000 0.031480
0.002833 0.000248
4
484.865146 180.266985
5.295000 9.953000 12.082942 64 1
0.000000 0.000000 0.000000 0.000000 0.142457
0.002141 -0.001850
4
255.106430 177.979137
5.295000 9.953000 12.082942 70 1
0.000000 0.000000 0.000000 0.000000 0.033120
-0.005137 -0.000020
4
202.357147 122.797956
5.295000 9.953000 12.082942 51 1
0.000000 0.000000 0.000000 0.000000 0.054939
-0.001849 -0.002509
4
313.695869 57.480626
5.295000 9.953000 12.082942 63 1
0.000000 0.000000 0.000000 0.000000 0.066745
0.000122 -0.001516
4
117.125598 453.944821
5.295000 9.953000 12.082942 45 1
0.000000 0.000000 0.000000 0.000000 0.297080
-0.001979 0.000441
4
306.177023 210.749196
5.295000 9.953000 12.082942 62 1
0.000000 0.000000 0.000000 0.000000 0.036385
-0.001325 -0.005539
4
477.508869 197.348316
5.295000 9.953000 12.082942 58 1
0.000000 0.000000 0.000000 0.000000 0.083589
0.002314 -0.001289
4
342.925464 396.233897
5.295000 9.953000 12.082942 39 1
0.000000 0.000000 0.000000 0.000000 0.044638
0.001999 0.000698
4
9.064352 185.911213
5.295000 9.953000 12.082942 65 1
0.000000 0.000000 0.000000 0.000000 0.086309
-0.002579 -0.000473
4
211.088673 417.769378
5.295000 9.953000 12.082942 43 1
0.000000 0.000000 0.000000 0.000000 0.052307
-0.000748 0.002038
4
193.041374 351.770360
5.295000 9.953000 12.082942 34 1
0.000000 0.000000 0.000000 0.000000 0.043148
0.000065 0.000550
4
165.961207 164.574363
5.295000 9.953000 12.082942 44 1
0.000000 0.000000 0.000000 0.000000 0.051289
-0.000760 -0.000752
4
494.079134 230.785657
5.295000 9.953000 12.082942 59 1
0.000000 0.000000 0.000000 0.000000 0.084036
0.000244 -0.001102
4
116.454473 218.667271
5.295000 9.953000 12.082942 51 1
0.000000 0.000000 0.000000 0.000000 0.058363
-0.001217 -0.000514
4
89.233456 410.083437
5.295000 9.953000 12.082942 49 1
0.000000 0.000000 0.000000 0.000000 0.114832
-0.002043 0.000835
1
307.870674 39.660421
5.295000 9.953000 12.082942 47 2
0.065880 0.000000 0.000000 0.000000 0.061979
0.000168 -0.001690
4
300.353422 311.535465
5.295000 9.953000 12.082942 61 1
0.000000 0.000000 0.000000 0.000000 0.041172
-0.003816 -0.004381
4
424.170973 101.897813
5.295000 9.953000 12.082942 38 1
0.000000 0.000000 0.000000 0.000000 0.137249
0.000560 -0.002214
4
446.942020 166.321946
5.295000 9.953000 12.082942 44 1
0.000000 0.000000 0.000000 0.000000 0.070300
0.001716 -0.002030
4
345.336371 138.820309
5.295000 9.953000 12.082942 57 1
0.000000 0.000000 0.000000 0.000000 0.047179
0.001206 -0.001577
4
479.277140 242.588132
5.295000 9.953000 12.082942 53 1
0.000000 0.000000 0.000000 0.000000 0.076165
0.002335 0.001917
4
293.557785 464.557930
5.295000 9.953000 12.082942 49 1
0.000000 0.000000 0.000000 0.000000 0.052235
0.000954 0.001919
4
410.679233 131.209401
5.295000 9.953000 12.082942 54 1
0.000000 0.000000 0.000000 0.000000 0.061391
0.001036 -0.001874
4
12.345190 243.587170
5.295000 9.953000 12.082942 40 1
0.000000 0.000000 0.000000 0.000000 0.061701
-0.002111 -0.000234
4
34.374495 308.520197
5.295000 9.953000 12.082942 70 1
0.000000 0.000000 0.000000 0.000000 0.066082
-0.002341 0.000310
4
150.125509 363.786946
5.295000 9.953000 12.082942 41 1
0.000000 0.000000 0.000000 0.000000 0.058515
-0.001446 0.001438
1
87.741951 391.121770
5.295000 9.953000 12.082942 23 2
0.065880 0.000000 0.000000 0.000000 0.074773
-0.002084 0.000873
4
165.730233 214.018445
5.295000 9.953000 12.082942 40 1
0.000000 0.000000 0.000000 0.000000 0.033969
-0.000223 -0.000522
1
172.203949 182.376845
5.295000 9.953000 12.082942 23 2
0.065880 0.000000 0.000000 0.000000 0.023055
-0.000537 -0.000841
4
393.240857 123.426395
5.295000 9.953000 12.082942 46 1
0.000000 0.000000 0.000000 0.000000 0.054942
0.000854 -0.001735
4
246.272695 244.153389
5.295000 9.953000 12.082942 69 1
0.000000 0.000000 0.000000 0.000000 0.029241
-0.000526 0.000535
4
135.021294 223.909216
5.295000 9.953000 12.082942 44 1
0.000000 0.000000 0.000000 0.000000 0.043711
-0.000766 -0.000169
4
184.704140 119.454646
5.295000 9.953000 12.082942 38 1
0.000000 0.000000 0.000000 0.000000 0.051236
-0.002164 -0.001783
4
159.658827 245.657435
5.295000 9.953000 12.082942 51 1
0.000000 0.000000 0.000000 0.000000 0.036662
-0.000369 -0.000184
4
225.765670 484.273965
5.295000 9.953000 12.082942 33 1
0.000000 0.000000 0.000000 0.000000 0.076785
0.002001 0.000726
4
367.927814 369.116782
5.295000 9.953000 12.082942 56 1
0.000000 0.000000 0.000000 0.000000 0.057585
0.000049 -0.023295
4
395.092493 59.336546
5.295000 9.953000 12.082942 68 1
0.000000 0.000000 0.000000 0.000000 0.193562
0.002452 -0.003514
4
90.733469 227.705287
5.295000 9.953000 12.082942 44 1
0.000000 0.000000 0.000000 0.000000 0.063357
-0.001595 -0.000299
4
29.346603 251.991496
5.295000 9.953000 12.082942 39 1
0.000000 0.000000 0.000000 0.000000 0.066529
-0.002097 -0.000223
4
366.498133 319.679752
5.295000 9.953000 12.082942 38 1
0.000000 0.000000 0.000000 0.000000 0.077714
-0.005673 0.006083
4
36.594366 346.264905
5.295000 9.953000 12.082942 61 1
0.000000 0.000000 0.000000 0.000000 0.131381
-0.002328 0.000596
1
120.162453 286.832492
5.295000 9.953000 12.082942 24 2
0.065880 0.000000 0.000000 0.000000 0.023154
0.000365 0.000084
1
56.595701 135.458190
5.295000 9.953000 12.082942 24 2
0.065880 0.000000 0.000000 0.000000 0.066258
-0.002762 -0.001024
4
314.238578 278.083668
5.295000 9.953000 12.082942 31 1
0.000000 0.000000 0.000000 0.000000 0.038036
0.006854 -0.023628
4
411.635145 392.847970
5.295000 9.953000 12.082942 44 1
0.000000 0.000000 0.000000 0.000000 0.090211
0.001304 0.002648
1
184.095180 168.350385
5.295000 9.953000 12.082942 24 2
0.065880 0.000000 0.000000 0.000000 0.035870
-0.000704 -0.001259
4
278.624802 281.323146
5.295000 9.953000 12.082942 50 1
0.000000 0.000000 0.000000 0.000000 0.026639
0.000208 -0.002317
4
141.667413 242.090015
5.295000 9.953000 12.082942 45 1
0.000000 0.000000 0.000000 0.000000 0.035568
-0.000714 -0.000149
4
269.332621 200.603028
5.295000 9.953000 12.082942 47 1
0.000000 0.000000 0.000000 0.000000 0.021825
-0.003307 -0.001493
4
226.441757 193.398749
5.295000 9.953000 12.082942 39 1
0.000000 0.000000 0.000000 0.000000 0.065584
0.000310 -0.002138
1
318.436775 375.266619
5.295000 9.953000 12.082942 24 2
0.065880 0.000000 0.000000 0.000000 0.043084
0.000615 0.001497
4
249.894340 354.577503
5.295000 9.953000 12.082942 38 1
0.000000 0.000000 0.000000 0.000000 0.054432
-0.000992 0.001396
4
137.863363 412.851490
5.295000 9.953000 12.082942 52 1
0.000000 0.000000 0.000000 0.000000 0.068031
-0.001831 0.002150
4
403.697214 214.162351
5.295000 9.953000 12.082942 62 1
0.000000 0.000000 0.000000 0.000000 0.042252
0.002809 -0.000921
1
115.195334 269.523627
5.295000 9.953000 12.082942 25 2
0.065880 0.000000 0.000000 0.000000 0.025126
-0.000915 -0.000115
4
397.336410 160.135938
5.295000 9.953000 12.082942 36 1
0.000000 0.000000 0.000000 0.000000 0.044861
0.001394 -0.001416
4
106.140983 418.250490
5.295000 9.953000 12.082942 32 1
0.000000 0.000000 0.000000 0.000000 0.083365
-0.001918 0.000504
4
109.540992 200.805752
5.295000 9.953000 12.082942 39 1
0.000000 0.000000 0.000000 0.000000 0.063001
-0.002585 -0.000456
4
78.852775 257.792182
5.295000 9.953000 12.082942 54 1
0.000000 0.000000 0.000000 0.000000 0.069655
-0.001858 -0.000169
4
228.813787 450.870675
5.295000 9.953000 12.082942 53 1
0.000000 0.000000 0.000000 0.000000 0.035725
-0.001656 0.002710
1
373.663474 435.387824
5.295000 9.953000 12.082942 25 2
0.065880 0.000000 0.000000 0.000000 0.034790
0.001104 0.002486
4
134.276156 101.026389
5.295000 9.953000 12.082942 31 1
0.000000 0.000000 0.000000 0.000000 0.062079
-0.001288 -0.001054
4
232.982187 257.439334
5.295000 9.953000 12.082942 72 1
0.000000 0.000000 0.000000 0.000000 0.032464
0.000393 0.001574
4
193.481320 384.880343
5.295000 9.953000 12.082942 31 1
0.000000 0.000000 0.000000 0.000000 0.038206
-0.000791 0.002026
4
154.525835 345.459955
5.295000 9.953000 12.082942 35 1
0.000000 0.000000 0.000000 0.000000 0.041005
-0.000027 0.001384
1
333.170062 168.274933
5.295000 9.953000 12.082942 25 2
0.065880 0.000000 0.000000 0.000000 0.041062
0.001554 -0.001455
4
161.725140 313.617685
5.295000 9.953000 12.082942 47 1
0.000000 0.000000 0.000000 0.000000 0.051873
-0.006549 -0.000772
1
123.653813 188.347188
5.295000 9.953000 12.082942 26 2
0.065880 0.000000 0.000000 0.000000 0.042330
-0.001761 -0.000185
4
131.179916 321.468927
5.295000 9.953000 12.082942 32 1
0.000000 0.000000 0.000000 0.000000 0.047391
-0.001847 0.000979
4
389.436302 86.415822
5.295000 9.953000 12.082942 47 1
0.000000 0.000000 0.000000 0.000000 0.048457
0.000289 -0.001778
4
194.632450 23.425426
5.295000 9.953000 12.082942 40 1
0.000000 0.000000 0.000000 0.000000 0.086589
0.001780 -0.002831
4
15.641538 281.586247
5.295000 9.953000 12.082942 72 1
0.000000 0.000000 0.000000 0.000000 0.046145
-0.002245 0.000012
4
147.686855 160.566114
5.295000 9.953000 12.082942 49 1
0.000000 0.000000 0.000000 0.000000 0.056244
-0.000964 -0.000216
4
410.826360 342.625526
5.295000 9.953000 12.082942 50 1
0.000000 0.000000 0.000000 0.000000 0.089232
0.002590 0.001087
1
232.684283 28.529909
5.295000 9.953000 12.082942 26 2
0.065880 0.000000 0.000000 0.000000 0.058284
0.000032 -0.002782
4
208.205770 189.493411
5.295000 9.953000 12.082942 32 1
0.000000 0.000000 0.000000 0.000000 0.046782
0.000467 -0.001874
4
361.015553 449.511868
5.295000 9.953000 12.082942 46 1
0.000000 0.000000 0.000000 0.000000 0.049711
0.000806 0.002462
4
373.583151 97.168735
5.295000 9.953000 12.082942 54 1
0.000000 0.000000 0.000000 0.000000 0.044150
0.000267 -0.001932
4
350.313558 175.352711
5.295000 9.953000 12.082942 48 1
0.000000 0.000000 0.000000 0.000000 0.052714
0.001363 -0.001033
4
53.990368 374.136706
5.295000 9.953000 12.082942 45 1
0.000000 0.000000 0.000000 0.000000 0.161806
-0.002356 0.000972
4
399.087732 358.242176
5.295000 9.953000 12.082942 54 1
0.000000 0.000000 0.000000 0.000000 0.068517
0.003973 0.004888
4
273.846467 218.437141
5.295000 9.953000 12.082942 38 1
0.000000 0.000000 0.000000 0.000000 0.031901
-0.001381 -0.000732
2
144.355429 28.996250
5.295000 9.953000 12.082942 69 1
0.065880 0.000000 0.000000 0.000000 0.297790
0.002510 0.000998
4
273.106559 83.893069
5.295000 9.953000 12.082942 46 1
0.000000 0.000000 0.000000 0.000000 0.074889
-0.000792 -0.002292
4
340.938045 345.979084
5.295000 9.953000 12.082942 47 1
0.000000 0.000000 0.000000 0.000000 0.082805
-0.000944 0.001198
4
196.460777 319.597290
5.295000 9.953000 12.082942 34 1
0.000000 0.000000 0.000000 0.000000 0.049009
-0.011619 -0.001130
4
464.411659 231.578590
5.295000 9.953000 12.082942 54 1
0.000000 0.000000 0.000000 0.000000 0.069291
0.003658 -0.000287
1
244.344711 13.716467
5.295000 9.953000 12.082942 46 2
0.065880 0.000000 0.000000 0.000000 0.065927
0.000109 -0.002925
2
85.427675 73.779643
5.295000 9.953000 12.082942 65 1
0.065880 0.000000 0.000000 0.000000 0.243841
-0.000107 0.000834
4
311.470858 358.620283
5.295000 9.953000 12.082942 34 1
0.000000 0.000000 0.000000 0.000000 0.085087
0.000348 0.001459
4
412.659891 149.716187
5.295000 9.953000 12.082942 71 1
0.000000 0.000000 0.000000 0.000000 0.043234
0.001301 -0.001751
4
208.231185 286.435778
5.295000 9.953000 12.082942 29 1
0.000000 0.000000 0.000000 0.000000 0.070563
0.000048 0.000399
4
445.193278 147.297145
5.295000 9.953000 12.082942 65 1
0.000000 0.000000 0.000000 0.000000 0.071901
0.001592 -0.002019
4
278.059610 236.418584
5.295000 9.953000 12.082942 55 1
0.000000 0.000000 0.000000 0.000000 0.029409
-0.002438 -0.001931
4
267.044179 418.649265
5.295000 9.953000 12.082942 32 1
0.000000 0.000000 0.000000 0.000000 0.052763
-0.000194 0.003298
4
100.608537 343.101291
5.295000 9.953000 12.082942 38 1
0.000000 0.000000 0.000000 0.000000 0.053003
-0.001959 0.000729
1
105.490589 124.792373
5.295000 9.953000 12.082942 29 2
0.065880 0.000000 0.000000 0.000000 0.034727
-0.002610 -0.001581
4
230.667102 386.020709
5.295000 9.953000 12.082942 34 1
0.000000 0.000000 0.000000 0.000000 0.055486
-0.000210 0.002294
4
119.049888 370.087557
5.295000 9.953000 12.082942 37 1
0.000000 0.000000 0.000000 0.000000 0.063686
-0.001840 0.000701
4
153.162536 277.210570
5.295000 9.953000 12.082942 55 1
0.000000 0.000000 0.000000 0.000000 0.046858
-0.000651 0.000381
4
208.533894 140.211120
5.295000 9.953000 12.082942 49 1
0.000000 0.000000 0.000000 0.000000 0.059622
-0.001111 -0.002778
4
329.970466 149.332686
5.295000 9.953000 12.082942 42 1
0.000000 0.000000 0.000000 0.000000 0.041646
0.001184 -0.001700
1
354.984715 431.779052
5.295000 9.953000 12.082942 30 2
0.065880 0.000000 0.000000 0.000000 0.028723
0.001147 0.002185
4
279.574630 493.827531
5.295000 9.953000 12.082942 40 1
0.000000 0.000000 0.000000 0.000000 0.072606
0.001881 0.002686
4
239.544878 402.225430
5.295000 9.953000 12.082942 32 1
0.000000 0.000000 0.000000 0.000000 0.065781
-0.000165 0.002590
1
377.939314 134.368579
5.295000 9.953000 12.082942 30 2
0.065880 0.000000 0.000000 0.000000 0.031022
0.001023 -0.001555
4
375.784359 115.876213
5.295000 9.953000 12.082942 44 1
0.000000 0.000000 0.000000 0.000000 0.052701
0.000617 -0.001745
4
343.004156 120.894942
5.295000 9.953000 12.082942 57 1
0.000000 0.000000 0.000000 0.000000 0.042722
0.000578 -0.001772
1
458.851762 117.685824
5.295000 9.953000 12.082942 30 2
0.065880 0.000000 0.000000 0.000000 0.216042
0.000857 -0.002556
4
238.631063 434.730317
5.295000 9.953000 12.082942 32 1
0.000000 0.000000 0.000000 0.000000 0.055758
-0.000917 0.002754
1
242.400399 95.437202
5.295000 9.953000 12.082942 31 2
0.065880 0.000000 0.000000 0.000000 0.038700
0.000670 -0.001957
1
361.450673 399.974971
5.295000 9.953000 12.082942 31 2
0.065880 0.000000 0.000000 0.000000 0.035676
0.001993 0.001056
4
69.726300 363.822812
5.295000 9.953000 12.082942 53 1
0.000000 0.000000 0.000000 0.000000 0.099902
-0.002269 0.000927
4
25.715606 194.458421
5.295000 9.953000 12.082942 46 1
0.000000 0.000000 0.000000 0.000000 0.054937
-0.002475 -0.000670
4
418.878187 189.691946
5.295000 9.953000 12.082942 67 1
0.000000 0.000000 0.000000 0.000000 0.027901
0.002516 -0.000284
1
374.439473 252.985667
5.295000 9.953000 12.082942 32 2
0.065880 0.000000 0.000000 0.000000 0.028367
0.001273 0.000751
1
331.987826 62.303772
5.295000 9.953000 12.082942 57 2
0.065880 0.000000 0.000000 0.000000 0.053209
0.000207 -0.001568
4
149.689531 110.924027
5.295000 9.953000 12.082942 44 1
0.000000 0.000000 0.000000 0.000000 0.066558
-0.002224 -0.000241
1
314.326217 93.462533
5.295000 9.953000 12.082942 32 2
0.065880 0.000000 0.000000 0.000000 0.028180
0.001979 -0.000927
4
464.889339 346.471389
5.295000 9.953000 12.082942 69 1
0.000000 0.000000 0.000000 0.000000 0.058790
0.002469 0.001135
1
346.781005 73.848255
5.295000 9.953000 12.082942 32 2
0.065880 0.000000 0.000000 0.000000 0.039289
0.001981 -0.003336
4
328.089668 478.462914
5.295000 9.953000 12.082942 53 1
0.000000 0.000000 0.000000 0.000000 0.089591
0.001380 0.002178
1
118.602679 72.919029
5.295000 9.953000 12.082942 33 2
0.065880 0.000000 0.000000 0.000000 0.082833
-0.002374 -0.001009
4
221.122520 43.311463
5.295000 9.953000 12.082942 62 1
0.000000 0.000000 0.000000 0.000000 0.056798
-0.000059 -0.002500
1
159.959025 196.433042
5.295000 9.953000 12.082942 34 2
0.065880 0.000000 0.000000 0.000000 0.027372
-0.000581 -0.000591
1
464.055881 296.615622
5.295000 9.953000 12.082942 34 2
0.065880 0.000000 0.000000 0.000000 0.035156
0.001879 0.001869
4
85.250137 353.499365
5.295000 9.953000 12.082942 42 1
0.000000 0.000000 0.000000 0.000000 0.050534
-0.002124 0.000863
1
231.485357 323.187761
5.295000 9.953000 12.082942 35 2
0.065880 0.000000 0.000000 0.000000 0.025046
-0.016815 0.003396
4
317.821624 424.060229
5.295000 9.953000 12.082942 65 1
0.000000 0.000000 0.000000 0.000000 0.035501
0.001631 0.001659
4
144.539862 395.439350
5.295000 9.953000 12.082942 40 1
0.000000 0.000000 0.000000 0.000000 0.068757
-0.001446 0.001752
1
281.257539 101.448669
5.295000 9.953000 12.082942 35 2
0.065880 0.000000 0.000000 0.000000 0.031103
-0.000920 -0.002461
1
305.653450 388.361307
5.295000 9.953000 12.082942 35 2
0.065880 0.000000 0.000000 0.000000 0.038258
0.000859 0.002463
4
173.929542 415.975678
5.295000 9.953000 12.082942 65 1
0.000000 0.000000 0.000000 0.000000 0.027942
-0.001287 0.001551
1
40.246438 126.454132
5.295000 9.953000 12.082942 36 2
0.065880 0.000000 0.000000 0.000000 0.195143
-0.002894 -0.001221
4
167.641995 366.443768
5.295000 9.953000 12.082942 57 1
0.000000 0.000000 0.000000 0.000000 0.051258
-0.000392 0.001371
4
269.077410 115.557404
5.295000 9.953000 12.082942 47 1
0.000000 0.000000 0.000000 0.000000 0.052652
-0.000446 -0.001535
1
110.805046 251.973000
5.295000 9.953000 12.082942 36 2
0.065880 0.000000 0.000000 0.000000 0.020923
-0.001274 -0.000007
4
399.108013 280.683705
5.295000 9.953000 12.082942 70 1
0.000000 0.000000 0.000000 0.000000 0.025750
0.002198 0.000089
4
289.307203 446.752166
5.295000 9.953000 12.082942 50 1
0.000000 0.000000 0.000000 0.000000 0.032065
0.002520 0.001161
4
343.861952 290.201837
5.295000 9.953000 12.082942 59 1
0.000000 0.000000 0.000000 0.000000 0.038108
-0.001999 0.013746
4
223.397747 92.684886
5.295000 9.953000 12.082942 55 1
0.000000 0.000000 0.000000 0.000000 0.038446
0.000776 -0.001644
4
386.378494 421.358057
5.295000 9.953000 12.082942 49 1
0.000000 0.000000 0.000000 0.000000 0.053102
0.001565 0.002997
4
265.183756 66.262599
5.295000 9.953000 12.082942 52 1
0.000000 0.000000 0.000000 0.000000 0.077816
-0.000071 -0.002680
1
386.622325 372.402101
5.295000 9.953000 12.082942 39 2
0.065880 0.000000 0.000000 0.000000 0.049266
0.003697 0.002366
4
52.354541 335.788101
5.295000 9.953000 12.082942 56 1
0.000000 0.000000 0.000000 0.000000 0.069993
-0.002253 0.000618
4
344.735914 241.669941
5.295000 9.953000 12.082942 52 1
0.000000 0.000000 0.000000 0.000000 0.068326
0.001410 -0.002423
4
214.178999 206.816381
5.295000 9.953000 12.082942 64 1
0.000000 0.000000 0.000000 0.000000 0.051566
0.001311 -0.001768
4
140.830325 290.710159
5.295000 9.953000 12.082942 50 1
0.000000 0.000000 0.000000 0.000000 0.043627
-0.000690 -0.000161
4
458.835172 314.373837
5.295000 9.953000 12.082942 50 1
0.000000 0.000000 0.000000 0.000000 0.036968
0.001850 0.001751
1
183.416947 84.652390
5.295000 9.953000 12.082942 40 2
0.065880 0.000000 0.000000 0.000000 0.029569
0.000999 -0.000129
4
133.726932 444.989813
5.295000 9.953000 12.082942 57 1
0.000000 0.000000 0.000000 0.000000 0.115117
-0.000719 0.002625
4
72.914019 125.549844
5.295000 9.953000 12.082942 46 1
0.000000 0.000000 0.000000 0.000000 0.079254
-0.002728 -0.000993
4
417.796898 275.814523
5.295000 9.953000 12.082942 48 1
0.000000 0.000000 0.000000 0.000000 0.052173
0.002888 -0.000368
4
465.854414 182.511460
5.295000 9.953000 12.082942 64 1
0.000000 0.000000 0.000000 0.000000 0.081635
0.002343 -0.001099
4
255.172344 306.407991
5.295000 9.953000 12.082942 61 1
0.000000 0.000000 0.000000 0.000000 0.036073
0.001719 0.005619
1
227.975860 60.884188
5.295000 9.953000 12.082942 41 2
0.065880 0.000000 0.000000 0.000000 0.028240
0.000221 -0.002515
4
151.146284 92.374736
5.295000 9.953000 12.082942 57 1
0.000000 0.000000 0.000000 0.000000 0.049669
-0.000455 -0.000487
4
65.584363 287.175689
5.295000 9.953000 12.082942 43 1
0.000000 0.000000 0.000000 0.000000 0.077455
-0.002402 0.000122
4
202.621779 40.279883
5.295000 9.953000 12.082942 56 1
0.000000 0.000000 0.000000 0.000000 0.063106
-0.000404 -0.001916
4
319.279367 180.382832
5.295000 9.953000 12.082942 46 1
0.000000 0.000000 0.000000 0.000000 0.042269
0.001351 -0.001058
4
232.066844 161.264832
5.295000 9.953000 12.082942 43 1
0.000000 0.000000 0.000000 0.000000 0.052541
-0.000521 -0.004095
4
280.596591 151.123395
5.295000 9.953000 12.082942 50 1
0.000000 0.000000 0.000000 0.000000 0.031444
-0.000230 -0.001599
1
24.450461 156.175295
5.295000 9.953000 12.082942 41 2
0.065880 0.000000 0.000000 0.000000 0.195377
-0.002747 -0.001083
1
362.202693 41.530117
5.295000 9.953000 12.082942 41 2
0.065880 0.000000 0.000000 0.000000 0.089426
0.000497 -0.000000
4
24.941327 175.295316
5.295000 9.953000 12.082942 57 1
0.000000 0.000000 0.000000 0.000000 0.107487
-0.002747 -0.000910
4
161.222613 463.678617
5.295000 9.953000 12.082942 46 1
0.000000 0.000000 0.000000 0.000000 0.113717
-0.000765 0.002253
1
209.866577 450.301957
5.295000 9.953000 12.082942 42 2
0.065880 0.000000 0.000000 0.000000 0.040527
-0.001327 0.001867
4
302.566879 343.094210
5.295000 9.953000 12.082942 43 1
0.000000 0.000000 0.000000 0.000000 0.079799
-0.000037 0.000110
1
421.245021 208.284057
5.295000 9.953000 12.082942 42 2
0.065880 0.000000 0.000000 0.000000 0.037564
0.003240 -0.000293
4
244.268179 485.007714
5.295000 9.953000 12.082942 52 1
0.000000 0.000000 0.000000 0.000000 0.070939
0.002011 0.001222
1
339.961383 30.949201
5.295000 9.953000 12.082942 43 2
0.065880 0.000000 0.000000 0.000000 0.078515
-0.000268 -0.002130
4
364.991725 163.910383
5.295000 9.953000 12.082942 45 1
0.000000 0.000000 0.000000 0.000000 0.056958
0.001453 -0.001141
4
74.798391 219.830803
5.295000 9.953000 12.082942 44 1
0.000000 0.000000 0.000000 0.000000 0.065374
-0.001779 -0.000722
4
221.968706 338.333418
5.295000 9.953000 12.082942 46 1
0.000000 0.000000 0.000000 0.000000 0.038998
0.002685 -0.004541
4
374.106854 386.430128
5.295000 9.953000 12.082942 47 1
0.000000 0.000000 0.000000 0.000000 0.055742
0.004013 0.009801
1
474.185642 260.681808
5.295000 9.953000 12.082942 45 2
0.065880 0.000000 0.000000 0.000000 0.051548
0.002073 0.001947
5
57.361241 97.903074
4.869501 9.153191 11.111974 58 1
0.065880 0.000000 0.000000 0.000000 0.395532
-0.005141 -0.000441
4
489.258526 212.409440
5.295000 9.953000 12.082942 49 1
0.000000 0.000000 0.000000 0.000000 0.080892
0.002712 -0.001736
4
386.763561 266.833594
5.295000 9.953000 12.082942 64 1
0.000000 0.000000 0.000000 0.000000 0.024247
0.002141 -0.000029
4
244.856306 291.494801
5.295000 9.953000 12.082942 49 1
0.000000 0.000000 0.000000 0.000000 0.046859
-0.000045 0.002513
4
362.359111 352.437453
5.295000 9.953000 12.082942 55 1
0.000000 0.000000 0.000000 0.000000 0.071816
0.021844 0.057101
1
251.363548 31.266865
5.295000 9.953000 12.082942 46 2
0.065880 0.000000 0.000000 0.000000 0.053763
0.000185 -0.002944
4
342.023097 465.129222
5.295000 9.953000 12.082942 56 1
0.000000 0.000000 0.000000 0.000000 0.091828
0.002087 0.002589
4
101.974374 83.008970
5.295000 9.953000 12.082942 50 1
0.000000 0.000000 0.000000 0.000000 0.094513
-0.001071 -0.003712
1
364.390928 80.371091
5.295000 9.953000 12.082942 47 2
0.065880 0.000000 0.000000 0.000000 0.030794
0.002120 -0.003519
1
414.528936 168.257839
5.295000 9.953000 12.082942 47 2
0.065880 0.000000 0.000000 0.000000 0.027374
0.001535 -0.001656
4
288.857427 36.535795
5.295000 9.953000 12.082942 64 1
0.000000 0.000000 0.000000 0.000000 0.076656
0.000350 -0.002231
4
180.320773 465.014077
5.295000 9.953000 12.082942 50 1
0.000000 0.000000 0.000000 0.000000 0.087319
-0.001025 0.001919
4
300.951671 22.090462
5.295000 9.953000 12.082942 66 1
0.000000 0.000000 0.000000 0.000000 0.069838
0.000750 -0.001986
4
295.352958 53.935896
5.295000 9.953000 12.082942 71 1
0.000000 0.000000 0.000000 0.000000 0.055401
0.000115 -0.001877
4
18.656471 319.088469
5.295000 9.953000 12.082942 64 1
0.000000 0.000000 0.000000 0.000000 0.156694
-0.002326 0.000309
1
336.026748 104.282873
5.295000 9.953000 12.082942 51 2
0.065880 0.000000 0.000000 0.000000 0.025680
0.001985 -0.002782
4
379.066450 235.556744
5.295000 9.953000 12.082942 69 1
0.000000 0.000000 0.000000 0.000000 0.050792
0.002796 -0.000918
1
324.132741 217.274500
5.295000 9.953000 12.082942 52 2
0.065880 0.000000 0.000000 0.000000 0.034064
0.001332 -0.001317
4
263.114299 16.373728
5.295000 9.953000 12.082942 61 1
0.000000 0.000000 0.000000 0.000000 0.125649
0.000376 -0.002842
4
446.147712 348.945582
5.295000 9.953000 12.082942 56 1
0.000000 0.000000 0.000000 0.000000 0.060315
0.002581 0.002014
1
391.898193 341.698581
5.295000 9.953000 12.082942 56 2
0.065880 0.000000 0.000000 0.000000 0.056155
0.001508 -0.006040
4
345.303091 49.322808
5.295000 9.953000 12.082942 66 1
0.000000 0.000000 0.000000 0.000000 0.076869
-0.000323 -0.002125
1
321.257316 26.252153
5.295000 9.953000 12.082942 58 2
0.065880 0.000000 0.000000 0.000000 0.074918
-0.000254 -0.001961
5
479.141769 162.652380
5.195070 9.765163 11.854907 55 1
0.065880 0.000000 0.000000 0.000000 0.143574
0.004044 -0.003236
5
115.953505 46.861928
4.352864 8.182070 9.933032 62 1
0.065880 0.000000 0.000000 0.000000 0.295784
-0.012460 0.002183
