500.000000 500.000000
468 3
0 468
2
362.867312 281.223201
5.295000 9.953000 12.082942 1 1
0.065880 0.000000 0.000000 0.000000 0.843728
0.000324 -0.000440
1
393.330906 395.829268
5.295000 9.953000 12.082942 0 1
0.065880 0.000000 0.000000 0.000000 0.827432
0.001344 0.000630
2
311.020402 362.113395
5.295000 9.953000 12.082942 2 1
0.065880 0.000000 0.000000 0.000000 0.840522
0.000122 0.000731
1
57.291644 373.474218
5.295000 9.953000 12.082942 0 1
0.065880 0.000000 0.000000 0.000000 0.837222
-0.001151 0.000164
1
211.322302 327.033026
5.295000 9.953000 12.082942 0 1
0.065880 0.000000 0.000000 0.000000 0.829109
0.003876 -0.004307
1
234.582362 413.907650
5.295000 9.953000 12.082942 0 1
0.065880 0.000000 0.000000 0.000000 0.831821
-0.005338 0.009869
1
355.935769 26.259916
5.295000 9.953000 12.082942 0 1
0.065880 0.000000 0.000000 0.000000 0.885705
-0.000011 -0.000413
1
82.807537 335.917775
5.295000 9.953000 12.082942 0 1
0.065880 0.000000 0.000000 0.000000 0.846342
0.001072 -0.000259
2
323.973242 267.634324
5.295000 9.953000 12.082942 3 1
0.065880 0.000000 0.000000 0.000000 0.840448
0.000369 0.000055
1
187.335766 304.317664
5.295000 9.953000 12.082942 0 1
0.065880 0.000000 0.000000 0.000000 0.844026
0.000576 0.001438
1
133.369772 333.993503
5.295000 9.953000 12.082942 0 1
0.065880 0.000000 0.000000 0.000000 0.828168
0.007201 0.005941
1
266.835157 469.567343
5.295000 9.953000 12.082942 0 1
0.065880 0.000000 0.000000 0.000000 0.834804
0.000173 0.000067
1
205.860610 77.616904
5.295000 9.953000 12.082942 0 1
0.065880 0.000000 0.000000 0.000000 0.907580
0.001420 0.006627
1
56.127280 220.915517
5.295000 9.953000 12.082942 0 1
0.065880 0.000000 0.000000 0.000000 0.836679
-0.000101 -0.000051
1
425.483467 175.268474
5.295000 9.953000 12.082942 0 1
0.065880 0.000000 0.000000 0.000000 0.851622
-0.001233 0.000726
1
237.154237 299.474864
5.295000 9.953000 12.082942 0 1
0.065880 0.000000 0.000000 0.000000 0.827080
0.031309 -0.000284
2
157.767575 284.724618
5.295000 9.953000 12.082942 1 1
0.065880 0.000000 0.000000 0.000000 0.854690
-0.002276 -0.008697
1
127.077111 154.181694
5.295000 9.953000 12.082942 0 1
0.065880 0.000000 0.000000 0.000000 0.850157
0.000603 -0.000595
1
152.882086 413.433996
5.295000 9.953000 12.082942 0 1
0.065880 0.000000 0.000000 0.000000 0.832696
-0.000251 0.000269
1
405.275754 136.849422
5.295000 9.953000 12.082942 0 1
0.065880 0.000000 0.000000 0.000000 0.831367
0.000410 -0.000289
1
237.526480 491.000994
5.295000 9.953000 12.082942 0 1
0.065880 0.000000 0.000000 0.000000 0.841174
-0.000164 -0.000467
1
69.795079 151.694124
5.295000 9.953000 12.082942 0 1
0.065880 0.000000 0.000000 0.000000 0.824853
-0.000622 -0.000732
1
367.831491 72.284912
5.295000 9.953000 12.082942 0 1
0.065880 0.000000 0.000000 0.000000 0.895845
0.000094 0.000239
2
241.631365 152.195884
5.295000 9.953000 12.082942 1 1
0.065880 0.000000 0.000000 0.000000 0.835744
-0.000343 -0.000224
1
377.363442 293.302701
5.295000 9.953000 12.082942 0 1
0.065880 0.000000 0.000000 0.000000 0.828931
0.000028 0.000076
1
97.091073 416.704203
5.295000 9.953000 12.082942 0 1
0.065880 0.000000 0.000000 0.000000 0.903133
-0.000558 -0.000913
1
250.287244 285.685789
5.295000 9.953000 12.082942 0 1
0.065880 0.000000 0.000000 0.000000 0.842707
0.003129 0.020972
1
321.240097 149.828652
5.295000 9.953000 12.082942 0 1
0.065880 0.000000 0.000000 0.000000 0.837411
-0.000834 -0.000188
2
281.423789 294.706182
5.295000 9.953000 12.082942 1 1
0.065880 0.000000 0.000000 0.000000 0.836262
-0.000501 -0.000439
1
236.071732 349.024469
5.295000 9.953000 12.082942 0 1
0.065880 0.000000 0.000000 0.000000 0.832782
0.002316 0.001574
1
327.105345 418.548797
5.295000 9.953000 12.082942 0 1
0.065880 0.000000 0.000000 0.000000 0.898938
0.001742 0.002130
1
202.278525 404.432744
5.295000 9.953000 12.082942 0 1
0.065880 0.000000 0.000000 0.000000 0.833936
0.007598 -0.005370
1
408.481988 183.704664
5.295000 9.953000 12.082942 0 1
0.065880 0.000000 0.000000 0.000000 0.829672
-0.001215 0.000515
1
422.700013 344.015886
5.295000 9.953000 12.082942 0 1
0.065880 0.000000 0.000000 0.000000 0.839390
-0.001489 -0.000930
1
447.679652 230.458072
5.295000 9.953000 12.082942 0 1
0.065880 0.000000 0.000000 0.000000 0.864653
-0.000161 -0.000265
1
70.508209 350.235960
5.295000 9.953000 12.082942 0 1
0.065880 0.000000 0.000000 0.000000 0.837737
-0.000883 0.001256
1
329.173403 437.245707
5.295000 9.953000 12.082942 0 1
0.065880 0.000000 0.000000 0.000000 0.828687
-0.004167 -0.004727
1
22.282939 259.961163
5.295000 9.953000 12.082942 0 1
0.065880 0.000000 0.000000 0.000000 0.851625
-0.000040 -0.000123
1
266.750449 437.021275
5.295000 9.953000 12.082942 0 1
0.065880 0.000000 0.000000 0.000000 0.827556
0.000541 -0.000549
2
284.874083 368.635903
5.295000 9.953000 12.082942 2 1
0.065880 0.000000 0.000000 0.000000 0.857665
-0.001623 -0.000500
1
380.701307 274.458889
5.295000 9.953000 12.082942 0 1
0.065880 0.000000 0.000000 0.000000 0.850839
0.000455 0.000651
2
85.320721 198.532827
5.295000 9.953000 12.082942 3 1
0.065880 0.000000 0.000000 0.000000 0.828444
0.000925 0.000973
1
249.876540 362.056940
5.295000 9.953000 12.082942 0 1
0.065880 0.000000 0.000000 0.000000 0.866026
0.009359 -0.007512
1
28.997306 277.683203
5.295000 9.953000 12.082942 0 1
0.065880 0.000000 0.000000 0.000000 0.833815
0.000610 -0.000330
2
96.394649 213.493812
5.295000 9.953000 12.082942 3 1
0.065880 0.000000 0.000000 0.000000 0.834730
0.001478 0.000154
1
291.794997 386.350032
5.295000 9.953000 12.082942 0 1
0.065880 0.000000 0.000000 0.000000 0.848346
-0.000470 0.000844
1
169.794035 468.941101
5.295000 9.953000 12.082942 0 1
0.065880 0.000000 0.000000 0.000000 0.834551
-0.003136 0.001435
1
92.859524 181.272943
5.295000 9.953000 12.082942 0 1
0.065880 0.000000 0.000000 0.000000 0.825210
-0.000002 -0.000480
2
386.382536 242.862674
5.295000 9.953000 12.082942 2 1
0.065880 0.000000 0.000000 0.000000 0.862738
-0.000551 0.000225
1
123.390907 286.375035
5.295000 9.953000 12.082942 0 1
0.065880 0.000000 0.000000 0.000000 0.851039
0.010554 -0.071605
1
204.866801 115.971870
5.295000 9.953000 12.082942 0 1
0.065880 0.000000 0.000000 0.000000 0.831056
0.000623 -0.001508
1
331.915106 284.756134
5.295000 9.953000 12.082942 0 1
0.065880 0.000000 0.000000 0.000000 0.838377
0.000464 -0.000346
1
362.282192 163.327724
5.295000 9.953000 12.082942 0 1
0.065880 0.000000 0.000000 0.000000 0.838010
0.001303 0.000538
1
276.328842 453.267714
5.295000 9.953000 12.082942 0 1
0.065880 0.000000 0.000000 0.000000 0.827734
0.000217 0.000098
1
246.154309 133.807784
5.295000 9.953000 12.082942 0 1
0.065880 0.000000 0.000000 0.000000 0.868868
-0.000005 0.000764
1
217.434283 344.917712
5.295000 9.953000 12.082942 0 1
0.065880 0.000000 0.000000 0.000000 0.867011
0.000640 0.002559
1
307.340243 218.850778
5.295000 9.953000 12.082942 0 1
0.065880 0.000000 0.000000 0.000000 0.921239
-0.000823 0.002120
2
359.385758 299.942964
5.295000 9.953000 12.082942 2 1
0.065880 0.000000 0.000000 0.000000 0.925903
0.000155 -0.000417
2
100.201544 163.983307
5.295000 9.953000 12.082942 2 1
0.065880 0.000000 0.000000 0.000000 0.827471
-0.000671 -0.000192
1
302.893979 237.582516
5.295000 9.953000 12.082942 0 1
0.065880 0.000000 0.000000 0.000000 0.829418
0.001375 -0.000530
1
476.030902 277.634206
5.295000 9.953000 12.082942 0 1
0.065880 0.000000 0.000000 0.000000 0.916303
0.000011 0.000086
1
63.847877 119.760537
5.295000 9.953000 12.082942 0 1
0.065880 0.000000 0.000000 0.000000 0.828808
0.000086 -0.000884
1
362.652638 43.962690
5.295000 9.953000 12.082942 0 1
0.065880 0.000000 0.000000 0.000000 0.840240
-0.000343 -0.000306
1
380.817408 158.762793
5.295000 9.953000 12.082942 0 1
0.065880 0.000000 0.000000 0.000000 0.827774
0.000646 -0.000362
2
436.231014 83.940285
5.295000 9.953000 12.082942 3 1
0.065880 0.000000 0.000000 0.000000 0.867666
0.000305 -0.000020
1
168.566313 319.180173
5.295000 9.953000 12.082942 0 1
0.065880 0.000000 0.000000 0.000000 0.914464
-0.000434 0.000102
1
134.896420 209.981861
5.295000 9.953000 12.082942 0 1
0.065880 0.000000 0.000000 0.000000 0.831323
0.000453 -0.000657
1
253.231929 340.253199
5.295000 9.953000 12.082942 0 1
0.065880 0.000000 0.000000 0.000000 0.832672
-0.000700 -0.003148
1
407.098661 101.055812
5.295000 9.953000 12.082942 0 1
0.065880 0.000000 0.000000 0.000000 0.878765
-0.000613 -0.000510
1
161.066340 451.981285
5.295000 9.953000 12.082942 0 1
0.065880 0.000000 0.000000 0.000000 0.834400
-0.000639 0.000841
1
231.926638 281.375278
5.295000 9.953000 12.082942 0 1
0.065880 0.000000 0.000000 0.000000 0.830813
-0.020421 -0.003908
2
52.453313 239.458144
5.295000 9.953000 12.082942 3 1
0.065880 0.000000 0.000000 0.000000 0.860374
-0.000054 0.000006
2
109.889185 128.531164
5.295000 9.953000 12.082942 2 1
0.065880 0.000000 0.000000 0.000000 0.862870
0.000047 0.000078
2
295.162594 450.968075
5.295000 9.953000 12.082942 2 1
0.065880 0.000000 0.000000 0.000000 0.845707
-0.000251 -0.000382
1
388.060798 352.409038
5.295000 9.953000 12.082942 0 1
0.065880 0.000000 0.000000 0.000000 0.907714
-0.000039 -0.000021
2
457.535566 197.399873
5.295000 9.953000 12.082942 3 1
0.065880 0.000000 0.000000 0.000000 0.927864
0.000159 -0.000183
2
62.515040 169.088268
5.295000 9.953000 12.082942 1 1
0.065880 0.000000 0.000000 0.000000 0.826515
-0.000022 0.000258
1
57.034479 336.777040
5.295000 9.953000 12.082942 0 1
0.065880 0.000000 0.000000 0.000000 0.853285
-0.000116 0.000288
1
75.514919 368.577480
5.295000 9.953000 12.082942 0 1
0.065880 0.000000 0.000000 0.000000 0.850400
-0.000686 0.001170
1
135.784406 359.411202
5.295000 9.953000 12.082942 0 1
0.065880 0.000000 0.000000 0.000000 0.909655
0.000350 0.000524
1
123.625809 446.025998
5.295000 9.953000 12.082942 0 1
0.065880 0.000000 0.000000 0.000000 0.850153
-0.000690 0.001753
1
166.739295 434.059097
5.295000 9.953000 12.082942 0 1
0.065880 0.000000 0.000000 0.000000 0.877246
-0.001441 0.001222
1
175.570393 139.474476
5.295000 9.953000 12.082942 0 1
0.065880 0.000000 0.000000 0.000000 0.826326
0.000810 -0.000567
2
446.513993 312.475023
5.295000 9.953000 12.082942 2 1
0.065880 0.000000 0.000000 0.000000 0.882778
-0.000109 0.000104
1
161.257877 380.091925
5.295000 9.953000 12.082942 0 1
0.065880 0.000000 0.000000 0.000000 0.827776
0.000394 -0.000134
2
88.125254 97.880132
5.295000 9.953000 12.082942 3 1
0.065880 0.000000 0.000000 0.000000 0.834509
0.000553 -0.000357
2
103.251195 310.670268
5.295000 9.953000 12.082942 1 1
0.065880 0.000000 0.000000 0.000000 0.828193
0.011617 -0.002871
1
139.881524 95.097264
5.295000 9.953000 12.082942 0 1
0.065880 0.000000 0.000000 0.000000 0.841426
-0.000453 -0.000044
2
96.340097 242.810020
5.295000 9.953000 12.082942 1 1
0.065880 0.000000 0.000000 0.000000 0.846364
-0.000597 -0.000460
2
34.352529 139.448284
5.295000 9.953000 12.082942 1 1
0.065880 0.000000 0.000000 0.000000 0.917833
0.002256 0.000229
2
224.761909 12.966854
5.295000 9.953000 12.082942 1 1
0.065880 0.000000 0.000000 0.000000 0.849537
-0.000181 -0.000081
1
203.556168 97.204446
5.295000 9.953000 12.082942 0 1
0.065880 0.000000 0.000000 0.000000 0.841640
0.001148 -0.002069
1
81.419389 166.350032
5.295000 9.953000 12.082942 0 1
0.065880 0.000000 0.000000 0.000000 0.826826
-0.000244 0.000308
1
168.842111 300.180133
5.295000 9.953000 12.082942 0 1
0.065880 0.000000 0.000000 0.000000 0.885819
0.001151 0.001015
1
59.037691 257.199727
5.295000 9.953000 12.082942 0 1
0.065880 0.000000 0.000000 0.000000 0.824375
-0.001758 -0.000033
1
185.266995 435.248915
5.295000 9.953000 12.082942 0 1
0.065880 0.000000 0.000000 0.000000 0.855486
0.004209 -0.000679
2
389.856962 190.587076
5.295000 9.953000 12.082942 2 1
0.065880 0.000000 0.000000 0.000000 0.855004
0.001137 0.000017
1
140.481014 296.375054
5.295000 9.953000 12.082942 0 1
0.065880 0.000000 0.000000 0.000000 0.861414
-0.007249 0.001138
2
129.441818 464.088933
5.295000 9.953000 12.082942 1 1
0.065880 0.000000 0.000000 0.000000 0.908670
0.001834 0.001242
1
374.082589 201.343748
5.295000 9.953000 12.082942 0 1
0.065880 0.000000 0.000000 0.000000 0.842577
-0.000531 -0.001436
1
195.331421 280.110588
5.295000 9.953000 12.082942 0 1
0.065880 0.000000 0.000000 0.000000 0.834205
-0.012613 -0.002759
2
216.539823 418.420913
5.295000 9.953000 12.082942 3 1
0.065880 0.000000 0.000000 0.000000 0.836798
0.007077 -0.005533
1
173.955906 38.816767
5.295000 9.953000 12.082942 0 1
0.065880 0.000000 0.000000 0.000000 0.860504
-0.000037 0.000142
1
253.254050 250.767376
5.295000 9.953000 12.082942 0 1
0.065880 0.000000 0.000000 0.000000 0.838019
-0.000440 0.002609
2
434.089160 359.403816
5.295000 9.953000 12.082942 3 1
0.065880 0.000000 0.000000 0.000000 0.836644
-0.001599 -0.000666
1
361.427050 396.927563
5.295000 9.953000 12.082942 0 1
0.065880 0.000000 0.000000 0.000000 0.839745
-0.002521 0.008591
1
181.956985 348.319540
5.295000 9.953000 12.082942 0 1
0.065880 0.000000 0.000000 0.000000 0.886415
0.000335 0.000401
1
392.845881 122.699340
5.295000 9.953000 12.082942 0 1
0.065880 0.000000 0.000000 0.000000 0.841642
-0.000294 -0.000054
1
275.599759 276.731194
5.295000 9.953000 12.082942 0 1
0.065880 0.000000 0.000000 0.000000 0.862005
0.001109 -0.000173
2
324.002405 473.497789
5.295000 9.953000 12.082942 1 1
0.065880 0.000000 0.000000 0.000000 0.832114
0.001362 -0.001725
1
399.608106 154.624777
5.295000 9.953000 12.082942 0 1
0.065880 0.000000 0.000000 0.000000 0.828359
0.000219 -0.000470
1
129.779000 270.010082
5.295000 9.953000 12.082942 0 1
0.065880 0.000000 0.000000 0.000000 0.833887
-0.077214 0.032725
1
452.998989 357.344311
5.295000 9.953000 12.082942 0 1
0.065880 0.000000 0.000000 0.000000 0.844421
-0.001514 -0.000055
1
375.842242 177.100019
5.295000 9.953000 12.082942 0 1
0.065880 0.000000 0.000000 0.000000 0.838866
0.000757 0.000000
1
287.335522 3.632339
5.295000 9.953000 12.082942 0 1
0.065880 0.000000 0.000000 0.000000 0.870094
-0.000023 -0.000008
1
474.620824 329.407867
5.295000 9.953000 12.082942 0 1
0.065880 0.000000 0.000000 0.000000 0.832334
-0.000186 0.000091
2
374.212718 312.014228
5.295000 9.953000 12.082942 1 1
0.065880 0.000000 0.000000 0.000000 0.838529
0.000245 0.000007
1
134.108645 410.204025
5.295000 9.953000 12.082942 0 1
0.065880 0.000000 0.000000 0.000000 0.831126
-0.000156 0.001270
1
19.071539 223.608921
5.295000 9.953000 12.082942 0 1
0.065880 0.000000 0.000000 0.000000 0.905368
0.000013 0.000041
1
379.418380 427.097818
5.295000 9.953000 12.082942 0 1
0.065880 0.000000 0.000000 0.000000 0.861122
0.004104 -0.006251
1
126.157653 393.290042
5.295000 9.953000 12.082942 0 1
0.065880 0.000000 0.000000 0.000000 0.863246
0.000591 0.000656
2
162.653537 233.710675
5.295000 9.953000 12.082942 3 1
0.065880 0.000000 0.000000 0.000000 0.825504
0.002632 -0.000803
2
437.092359 152.981906
5.295000 9.953000 12.082942 3 1
0.065880 0.000000 0.000000 0.000000 0.834290
-0.000096 0.001208
2
426.516073 376.893546
5.295000 9.953000 12.082942 3 1
0.065880 0.000000 0.000000 0.000000 0.904847
-0.000068 -0.000022
1
191.696847 467.374208
5.295000 9.953000 12.082942 0 1
0.065880 0.000000 0.000000 0.000000 0.878585
0.002499 0.000314
1
499.233104 243.482612
5.295000 9.953000 12.082942 0 1
0.065880 0.000000 0.000000 0.000000 0.836940
-0.000000 0.000000
1
268.060125 74.360491
5.295000 9.953000 12.082942 0 1
0.065880 0.000000 0.000000 0.000000 0.861382
-0.000034 0.000005
2
73.199008 212.938660
5.295000 9.953000 12.082942 2 1
0.065880 0.000000 0.000000 0.000000 0.836220
-0.000163 -0.000325
2
320.904938 231.902573
5.295000 9.953000 12.082942 1 1
0.065880 0.000000 0.000000 0.000000 0.834610
0.001752 0.000282
1
184.764530 264.918588
5.295000 9.953000 12.082942 0 1
0.065880 0.000000 0.000000 0.000000 0.825100
0.053280 -0.004384
2
57.810383 137.385440
5.295000 9.953000 12.082942 1 1
0.065880 0.000000 0.000000 0.000000 0.838168
-0.000247 -0.000384
1
249.802260 381.096218
5.295000 9.953000 12.082942 0 1
0.065880 0.000000 0.000000 0.000000 0.886899
-0.017787 0.024530
1
82.497562 115.975044
5.295000 9.953000 12.082942 0 1
0.065880 0.000000 0.000000 0.000000 0.827625
0.000118 -0.000450
1
494.204868 296.925608
5.295000 9.953000 12.082942 0 1
0.065880 0.000000 0.000000 0.000000 0.881032
-0.000094 0.000088
1
252.734038 232.011757
5.295000 9.953000 12.082942 0 1
0.065880 0.000000 0.000000 0.000000 0.831670
0.000082 -0.002973
2
247.874068 436.813405
5.295000 9.953000 12.082942 1 1
0.065880 0.000000 0.000000 0.000000 0.857327
0.000197 -0.000373
1
398.379284 84.298338
5.295000 9.953000 12.082942 0 1
0.065880 0.000000 0.000000 0.000000 0.858688
0.000399 -0.000984
1
311.661521 429.956621
5.295000 9.953000 12.082942 0 1
0.065880 0.000000 0.000000 0.000000 0.833914
0.002577 -0.000387
1
300.175421 17.577422
5.295000 9.953000 12.082942 0 1
0.065880 0.000000 0.000000 0.000000 0.864688
-0.000025 -0.000009
1
294.098146 280.652117
5.295000 9.953000 12.082942 0 1
0.065880 0.000000 0.000000 0.000000 0.834274
0.000124 0.000418
1
465.459236 312.831317
5.295000 9.953000 12.082942 0 1
0.065880 0.000000 0.000000 0.000000 0.840546
-0.000136 0.000127
1
291.460880 478.331697
5.295000 9.953000 12.082942 0 1
0.065880 0.000000 0.000000 0.000000 0.885465
-0.000457 -0.000618
2
223.760758 31.888818
5.295000 9.953000 12.082942 1 1
0.065880 0.000000 0.000000 0.000000 0.828622
-0.000105 -0.000074
1
123.603462 85.424376
5.295000 9.953000 12.082942 0 1
0.065880 0.000000 0.000000 0.000000 0.868740
-0.000340 -0.000250
1
115.775838 211.014709
5.295000 9.953000 12.082942 0 1
0.065880 0.000000 0.000000 0.000000 0.833635
0.000182 0.000430
1
140.463607 57.089244
5.295000 9.953000 12.082942 0 1
0.065880 0.000000 0.000000 0.000000 0.849488
-0.000115 -0.000112
1
156.593981 66.861403
5.295000 9.953000 12.082942 0 1
0.065880 0.000000 0.000000 0.000000 0.827981
-0.000209 0.000004
1
376.965315 386.101049
5.295000 9.953000 12.082942 0 1
0.065880 0.000000 0.000000 0.000000 0.849733
0.002371 0.003475
1
167.702278 207.158445
5.295000 9.953000 12.082942 0 1
0.065880 0.000000 0.000000 0.000000 0.825106
0.000364 -0.000509
2
357.772487 181.755442
5.295000 9.953000 12.082942 3 1
0.065880 0.000000 0.000000 0.000000 0.825725
0.000989 0.000696
2
37.367084 218.906547
5.295000 9.953000 12.082942 1 1
0.065880 0.000000 0.000000 0.000000 0.831284
-0.000001 -0.000013
1
281.481769 189.179115
5.295000 9.953000 12.082942 0 1
0.065880 0.000000 0.000000 0.000000 0.829356
-0.001387 -0.000260
2
377.329138 55.882989
5.295000 9.953000 12.082942 1 1
0.065880 0.000000 0.000000 0.000000 0.842623
-0.000540 -0.000126
1
257.977362 107.868134
5.295000 9.953000 12.082942 0 1
0.065880 0.000000 0.000000 0.000000 0.853497
0.000846 -0.000258
1
224.135376 313.355509
5.295000 9.953000 12.082942 0 1
0.065880 0.000000 0.000000 0.000000 0.829220
-0.001436 0.022490
1
189.980343 49.043977
5.295000 9.953000 12.082942 0 1
0.065880 0.000000 0.000000 0.000000 0.827617
-0.000045 0.000106
1
40.271865 253.939527
5.295000 9.953000 12.082942 0 1
0.065880 0.000000 0.000000 0.000000 0.831782
-0.000104 0.000374
1
65.922654 275.365310
5.295000 9.953000 12.082942 0 1
0.065880 0.000000 0.000000 0.000000 0.830014
0.000421 0.001004
1
361.949028 434.404304
5.295000 9.953000 12.082942 0 1
0.065880 0.000000 0.000000 0.000000 0.830641
-0.009064 0.019459
1
289.413620 224.649329
5.295000 9.953000 12.082942 0 1
0.065880 0.000000 0.000000 0.000000 0.846805
-0.001847 0.001407
1
75.347190 292.266496
5.295000 9.953000 12.082942 0 1
0.065880 0.000000 0.000000 0.000000 0.849092
-0.002680 0.002489
1
51.089613 105.742403
5.295000 9.953000 12.082942 0 1
0.065880 0.000000 0.000000 0.000000 0.866373
0.000415 -0.001065
1
276.880308 139.406997
5.295000 9.953000 12.082942 0 1
0.065880 0.000000 0.000000 0.000000 0.831601
0.000337 -0.000584
1
148.688293 268.415384
5.295000 9.953000 12.082942 0 1
0.065880 0.000000 0.000000 0.000000 0.849639
0.084364 -0.006897
2
266.360903 372.178960
5.295000 9.953000 12.082942 1 1
0.065880 0.000000 0.000000 0.000000 0.831050
0.010925 -0.030179
1
206.867788 40.473452
5.295000 9.953000 12.082942 0 1
0.065880 0.000000 0.000000 0.000000 0.831465
-0.000074 0.000005
1
148.203755 180.161321
5.295000 9.953000 12.082942 0 1
0.065880 0.000000 0.000000 0.000000 0.831388
0.000796 -0.000674
1
238.513505 395.488932
5.295000 9.953000 12.082942 0 1
0.065880 0.000000 0.000000 0.000000 0.829934
0.030583 -0.019517
1
77.495158 260.224639
5.295000 9.953000 12.082942 0 1
0.065880 0.000000 0.000000 0.000000 0.831008
0.000222 0.001768
1
180.507247 157.821691
5.295000 9.953000 12.082942 0 1
0.065880 0.000000 0.000000 0.000000 0.832589
-0.001285 -0.000050
2
248.497989 321.786232
5.295000 9.953000 12.082942 3 1
0.065880 0.000000 0.000000 0.000000 0.873477
-0.000612 0.003059
2
10.261979 274.621625
5.295000 9.953000 12.082942 3 1
0.065880 0.000000 0.000000 0.000000 0.823505
0.000639 0.000233
1
213.029975 152.203511
5.295000 9.953000 12.082942 0 1
0.065880 0.000000 0.000000 0.000000 0.838692
-0.001033 -0.000480
1
394.573349 415.888545
5.295000 9.953000 12.082942 0 1
0.065880 0.000000 0.000000 0.000000 0.835460
-0.001369 -0.001253
2
374.983045 227.724062
5.295000 9.953000 12.082942 2 1
0.065880 0.000000 0.000000 0.000000 0.906495
-0.000077 -0.000102
2
209.974163 244.585721
5.295000 9.953000 12.082942 2 1
0.065880 0.000000 0.000000 0.000000 0.834590
0.000202 -0.000509
2
312.904007 282.867587
5.295000 9.953000 12.082942 1 1
0.065880 0.000000 0.000000 0.000000 0.833156
0.000445 -0.000183
1
255.356677 484.550976
5.295000 9.953000 12.082942 0 1
0.065880 0.000000 0.000000 0.000000 0.835408
-0.000024 -0.000064
2
255.231041 303.698487
5.295000 9.953000 12.082942 3 1
0.065880 0.000000 0.000000 0.000000 0.823122
-0.027247 -0.027840
2
316.750067 250.310566
5.295000 9.953000 12.082942 2 1
0.065880 0.000000 0.000000 0.000000 0.846587
0.000058 -0.000355
1
111.802317 178.964381
5.295000 9.953000 12.082942 0 1
0.065880 0.000000 0.000000 0.000000 0.859241
-0.000127 -0.000837
1
396.725667 434.877762
5.295000 9.953000 12.082942 0 1
0.065880 0.000000 0.000000 0.000000 0.828120
-0.002369 -0.003005
2
187.497254 108.287781
5.295000 9.953000 12.082942 3 1
0.065880 0.000000 0.000000 0.000000 0.845585
0.000576 -0.001077
1
152.096404 217.972231
5.295000 9.953000 12.082942 0 1
0.065880 0.000000 0.000000 0.000000 0.830591
0.000718 -0.001394
2
164.760205 398.537949
5.295000 9.953000 12.082942 1 1
0.065880 0.000000 0.000000 0.000000 0.838576
0.000102 0.000709
1
222.819500 121.544235
5.295000 9.953000 12.082942 0 1
0.065880 0.000000 0.000000 0.000000 0.845801
0.000686 -0.000898
1
148.390003 345.065392
5.295000 9.953000 12.082942 0 1
0.065880 0.000000 0.000000 0.000000 0.835268
-0.001588 -0.002760
2
142.556371 377.146429
5.295000 9.953000 12.082942 3 1
0.065880 0.000000 0.000000 0.000000 0.829023
0.000689 0.000119
1
377.858891 406.792891
5.295000 9.953000 12.082942 0 1
0.065880 0.000000 0.000000 0.000000 0.838073
-0.003655 -0.000232
1
120.831049 305.127973
5.295000 9.953000 12.082942 0 1
0.065880 0.000000 0.000000 0.000000 0.834302
-0.007883 0.070528
1
240.705497 115.565140
5.295000 9.953000 12.082942 0 1
0.065880 0.000000 0.000000 0.000000 0.852679
0.001581 0.001393
1
240.684979 472.291432
5.295000 9.953000 12.082942 0 1
0.065880 0.000000 0.000000 0.000000 0.835821
0.000323 -0.000385
1
86.092862 277.035411
5.295000 9.953000 12.082942 0 1
0.065880 0.000000 0.000000 0.000000 0.838335
-0.001608 -0.000807
1
223.025807 362.930323
5.295000 9.953000 12.082942 0 1
0.065880 0.000000 0.000000 0.000000 0.841522
0.001980 0.000335
1
427.268163 412.182092
5.295000 9.953000 12.082942 0 1
0.065880 0.000000 0.000000 0.000000 0.837713
0.000571 0.000939
1
285.258180 404.200719
5.295000 9.953000 12.082942 0 1
0.065880 0.000000 0.000000 0.000000 0.832859
0.001657 -0.002230
2
156.134934 104.946040
5.295000 9.953000 12.082942 3 1
0.065880 0.000000 0.000000 0.000000 0.836156
-0.000484 -0.000006
2
340.147565 188.252000
5.295000 9.953000 12.082942 1 1
0.065880 0.000000 0.000000 0.000000 0.841741
0.000285 -0.001070
2
105.853466 278.214169
5.295000 9.953000 12.082942 1 1
0.065880 0.000000 0.000000 0.000000 0.840411
-0.005560 0.000553
1
329.970743 362.037347
5.295000 9.953000 12.082942 0 1
0.065880 0.000000 0.000000 0.000000 0.847608
0.000254 -0.000513
1
459.238598 286.430133
5.295000 9.953000 12.082942 0 1
0.065880 0.000000 0.000000 0.000000 0.937671
-0.000031 -0.000003
1
339.540637 229.021593
5.295000 9.953000 12.082942 0 1
0.065880 0.000000 0.000000 0.000000 0.945628
0.002203 -0.000340
2
238.298257 453.371671
5.295000 9.953000 12.082942 3 1
0.065880 0.000000 0.000000 0.000000 0.888365
0.000403 -0.000425
2
257.246765 453.315590
5.295000 9.953000 12.082942 3 1
0.065880 0.000000 0.000000 0.000000 0.830871
0.000227 -0.000072
1
445.112864 211.704675
5.295000 9.953000 12.082942 0 1
0.065880 0.000000 0.000000 0.000000 0.866980
-0.000244 -0.000436
1
325.175801 335.968951
5.295000 9.953000 12.082942 0 1
0.065880 0.000000 0.000000 0.000000 0.843763
-0.000076 0.000175
2
165.920635 267.438094
5.295000 9.953000 12.082942 1 1
0.065880 0.000000 0.000000 0.000000 0.842521
-0.070764 0.008224
2
254.281175 184.949361
5.295000 9.953000 12.082942 1 1
0.065880 0.000000 0.000000 0.000000 0.852010
0.001364 -0.000918
1
303.799471 307.886205
5.295000 9.953000 12.082942 0 1
0.065880 0.000000 0.000000 0.000000 0.883722
0.001694 -0.000022
2
150.319682 199.135278
5.295000 9.953000 12.082942 3 1
0.065880 0.000000 0.000000 0.000000 0.828805
0.000246 -0.000332
1
205.689591 308.899852
5.295000 9.953000 12.082942 0 1
0.065880 0.000000 0.000000 0.000000 0.884421
-0.004713 0.005516
1
259.725662 147.325417
5.295000 9.953000 12.082942 0 1
0.065880 0.000000 0.000000 0.000000 0.835584
0.000147 -0.000412
1
52.282124 355.160464
5.295000 9.953000 12.082942 0 1
0.065880 0.000000 0.000000 0.000000 0.849343
-0.000885 0.000073
1
49.701002 183.095795
5.295000 9.953000 12.082942 0 1
0.065880 0.000000 0.000000 0.000000 0.837793
0.000104 -0.000052
1
171.799396 415.952801
5.295000 9.953000 12.082942 0 1
0.065880 0.000000 0.000000 0.000000 0.829414
-0.000451 0.000441
1
111.522525 428.603625
5.295000 9.953000 12.082942 0 1
0.065880 0.000000 0.000000 0.000000 0.834214
-0.001144 0.000038
1
421.284498 325.112224
5.295000 9.953000 12.082942 0 1
0.065880 0.000000 0.000000 0.000000 0.860006
0.000772 -0.000958
1
172.657714 76.616627
5.295000 9.953000 12.082942 0 1
0.065880 0.000000 0.000000 0.000000 0.831695
-0.000387 0.000169
1
201.060483 483.726845
5.295000 9.953000 12.082942 0 1
0.065880 0.000000 0.000000 0.000000 0.833178
-0.000040 0.002126
2
198.512030 422.704669
5.295000 9.953000 12.082942 1 1
0.065880 0.000000 0.000000 0.000000 0.882471
-0.008110 0.006073
2
24.208089 205.310491
5.295000 9.953000 12.082942 3 1
0.065880 0.000000 0.000000 0.000000 0.839966
0.000017 0.000030
1
337.065590 24.526653
5.295000 9.953000 12.082942 0 1
0.065880 0.000000 0.000000 0.000000 0.868841
-0.000041 -0.000009
1
111.963661 360.017657
5.295000 9.953000 12.082942 0 1
0.065880 0.000000 0.000000 0.000000 0.831509
-0.000305 -0.001511
1
118.425552 243.282208
5.295000 9.953000 12.082942 0 1
0.065880 0.000000 0.000000 0.000000 0.847556
0.002263 -0.000940
1
404.958260 334.611858
5.295000 9.953000 12.082942 0 1
0.065880 0.000000 0.000000 0.000000 0.861624
0.001332 0.000121
2
202.624440 262.077377
5.295000 9.953000 12.082942 2 1
0.065880 0.000000 0.000000 0.000000 0.822801
-0.036208 -0.018976
2
156.391020 85.966038
5.295000 9.953000 12.082942 3 1
0.065880 0.000000 0.000000 0.000000 0.829283
-0.000428 0.000012
2
150.616339 467.544795
5.295000 9.953000 12.082942 1 1
0.065880 0.000000 0.000000 0.000000 0.830948
-0.003138 -0.000076
2
240.004549 264.246419
5.295000 9.953000 12.082942 3 1
0.065880 0.000000 0.000000 0.000000 0.839440
-0.000114 -0.001475
1
222.767182 50.819305
5.295000 9.953000 12.082942 0 1
0.065880 0.000000 0.000000 0.000000 0.842822
-0.000037 -0.000070
1
183.561432 176.549933
5.295000 9.953000 12.082942 0 1
0.065880 0.000000 0.000000 0.000000 0.829515
-0.001130 -0.000131
1
25.931640 241.361641
5.295000 9.953000 12.082942 0 1
0.065880 0.000000 0.000000 0.000000 0.833112
0.000308 -0.000116
2
96.031618 261.545042
5.295000 9.953000 12.082942 3 1
0.065880 0.000000 0.000000 0.000000 0.830420
-0.013614 0.001398
1
477.232384 348.181664
5.295000 9.953000 12.082942 0 1
0.065880 0.000000 0.000000 0.000000 0.886206
0.000007 0.000053
1
165.497131 169.352746
5.295000 9.953000 12.082942 0 1
0.065880 0.000000 0.000000 0.000000 0.844498
-0.001584 -0.000153
1
326.838816 380.713526
5.295000 9.953000 12.082942 0 1
0.065880 0.000000 0.000000 0.000000 0.876192
-0.000097 -0.000086
2
52.968272 289.610008
5.295000 9.953000 12.082942 1 1
0.065880 0.000000 0.000000 0.000000 0.831854
0.002617 0.000363
1
16.074436 188.178891
5.295000 9.953000 12.082942 0 1
0.065880 0.000000 0.000000 0.000000 0.922209
0.000411 -0.000113
1
217.452066 194.172212
5.295000 9.953000 12.082942 0 1
0.065880 0.000000 0.000000 0.000000 0.836460
0.000411 -0.002163
1
120.283137 112.763349
5.295000 9.953000 12.082942 0 1
0.065880 0.000000 0.000000 0.000000 0.836233
0.000044 0.000044
1
455.643099 329.096877
5.295000 9.953000 12.082942 0 1
0.065880 0.000000 0.000000 0.000000 0.839250
-0.000250 0.000197
1
114.945014 409.437317
5.295000 9.953000 12.082942 0 1
0.065880 0.000000 0.000000 0.000000 0.860211
0.000140 0.000850
2
409.864813 386.115813
5.295000 9.953000 12.082942 2 1
0.065880 0.000000 0.000000 0.000000 0.840485
-0.000544 -0.000686
1
420.157693 256.570905
5.295000 9.953000 12.082942 0 1
0.065880 0.000000 0.000000 0.000000 0.849775
0.000333 0.000111
1
266.713709 353.731716
5.295000 9.953000 12.082942 0 1
0.065880 0.000000 0.000000 0.000000 0.836436
-0.009570 0.039389
2
433.996934 394.375379
5.295000 9.953000 12.082942 2 1
0.065880 0.000000 0.000000 0.000000 0.839449
-0.000945 0.000360
1
201.701294 183.229329
5.295000 9.953000 12.082942 0 1
0.065880 0.000000 0.000000 0.000000 0.832161
-0.000764 -0.000443
1
225.498907 381.701250
5.295000 9.953000 12.082942 0 1
0.065880 0.000000 0.000000 0.000000 0.839813
0.000567 -0.003327
1
45.329202 321.740595
5.295000 9.953000 12.082942 0 1
0.065880 0.000000 0.000000 0.000000 0.864515
0.000587 -0.000462
1
154.476185 362.650368
5.295000 9.953000 12.082942 0 1
0.065880 0.000000 0.000000 0.000000 0.828215
0.001269 0.001230
1
229.552488 432.157630
5.295000 9.953000 12.082942 0 1
0.065880 0.000000 0.000000 0.000000 0.828104
0.000184 -0.001741
2
294.965750 107.143900
5.295000 9.953000 12.082942 3 1
0.065880 0.000000 0.000000 0.000000 0.901004
0.000046 -0.000538
1
235.055852 225.407938
5.295000 9.953000 12.082942 0 1
0.065880 0.000000 0.000000 0.000000 0.855291
0.001238 -0.003803
1
75.204076 83.892276
5.295000 9.953000 12.082942 0 1
0.065880 0.000000 0.000000 0.000000 0.872737
0.000844 -0.000635
1
218.671952 295.118352
5.295000 9.953000 12.082942 0 1
0.065880 0.000000 0.000000 0.000000 0.879267
-0.009459 -0.031089
1
424.710292 274.984941
5.295000 9.953000 12.082942 0 1
0.065880 0.000000 0.000000 0.000000 0.848739
-0.000451 0.000181
2
157.109520 47.843998
5.295000 9.953000 12.082942 1 1
0.065880 0.000000 0.000000 0.000000 0.841601
-0.000031 0.000048
1
412.030830 423.681341
5.295000 9.953000 12.082942 0 1
0.065880 0.000000 0.000000 0.000000 0.835185
-0.000236 -0.000687
2
417.328619 85.158205
5.295000 9.953000 12.082942 3 1
0.065880 0.000000 0.000000 0.000000 0.843741
0.000348 0.000177
2
249.572873 213.410134
5.295000 9.953000 12.082942 1 1
0.065880 0.000000 0.000000 0.000000 0.835689
-0.000578 -0.000567
1
249.191106 72.511831
5.295000 9.953000 12.082942 0 1
0.065880 0.000000 0.000000 0.000000 0.901738
-0.000039 0.000082
1
216.415912 170.960113
5.295000 9.953000 12.082942 0 1
0.065880 0.000000 0.000000 0.000000 0.831629
-0.000744 -0.000452
1
7.178765 238.312812
5.295000 9.953000 12.082942 0 1
0.065880 0.000000 0.000000 0.000000 0.850309
0.000313 0.000340
2
331.387779 456.158872
5.295000 9.953000 12.082942 1 1
0.065880 0.000000 0.000000 0.000000 0.829403
-0.004035 0.006163
1
430.714311 121.617088
5.295000 9.953000 12.082942 0 1
0.065880 0.000000 0.000000 0.000000 0.838890
-0.000923 -0.000649
1
318.134837 23.635181
5.295000 9.953000 12.082942 0 1
0.065880 0.000000 0.000000 0.000000 0.844404
-0.000036 0.000005
2
264.022365 201.290348
5.295000 9.953000 12.082942 2 1
0.065880 0.000000 0.000000 0.000000 0.838191
0.001228 -0.001110
1
178.550994 223.122473
5.295000 9.953000 12.082942 0 1
0.065880 0.000000 0.000000 0.000000 0.860448
0.000386 -0.000801
2
230.296263 330.961825
5.295000 9.953000 12.082942 3 1
0.065880 0.000000 0.000000 0.000000 0.831062
-0.001547 -0.007452
1
433.857089 243.435387
5.295000 9.953000 12.082942 0 1
0.065880 0.000000 0.000000 0.000000 0.831279
0.000311 0.000286
1
200.299899 353.136490
5.295000 9.953000 12.082942 0 1
0.065880 0.000000 0.000000 0.000000 0.837441
0.000840 0.000021
1
88.820927 148.775542
5.295000 9.953000 12.082942 0 1
0.065880 0.000000 0.000000 0.000000 0.836523
-0.000813 -0.000305
1
258.511893 268.721661
5.295000 9.953000 12.082942 0 1
0.065880 0.000000 0.000000 0.000000 0.833792
0.001473 -0.006882
1
132.971249 191.425602
5.295000 9.953000 12.082942 0 1
0.065880 0.000000 0.000000 0.000000 0.835246
0.000549 -0.000438
2
128.841102 129.769627
5.295000 9.953000 12.082942 3 1
0.065880 0.000000 0.000000 0.000000 0.828284
0.000038 0.000081
2
173.209000 57.739328
5.295000 9.953000 12.082942 1 1
0.065880 0.000000 0.000000 0.000000 0.826416
-0.000073 0.000154
2
393.470880 376.763448
5.295000 9.953000 12.082942 1 1
0.065880 0.000000 0.000000 0.000000 0.882294
-0.001768 0.001007
1
254.575789 165.937566
5.295000 9.953000 12.082942 0 1
0.065880 0.000000 0.000000 0.000000 0.834194
-0.000330 -0.000758
2
380.371431 37.180464
5.295000 9.953000 12.082942 1 1
0.065880 0.000000 0.000000 0.000000 0.889658
-0.000242 -0.000072
2
328.894358 317.354675
5.295000 9.953000 12.082942 1 1
0.065880 0.000000 0.000000 0.000000 0.860678
-0.000419 0.000010
1
344.786613 425.773424
5.295000 9.953000 12.082942 0 1
0.065880 0.000000 0.000000 0.000000 0.836468
-0.000247 0.002443
1
136.129017 315.160704
5.295000 9.953000 12.082942 0 1
0.065880 0.000000 0.000000 0.000000 0.833070
-0.011220 -0.008220
1
418.542903 157.518924
5.295000 9.953000 12.082942 0 1
0.065880 0.000000 0.000000 0.000000 0.866769
-0.000128 0.000057
1
344.794486 406.593530
5.295000 9.953000 12.082942 0 1
0.065880 0.000000 0.000000 0.000000 0.858176
0.001769 0.002514
1
182.798126 195.548802
5.295000 9.953000 12.082942 0 1
0.065880 0.000000 0.000000 0.000000 0.835887
0.000774 -0.000108
1
276.123226 91.518279
5.295000 9.953000 12.082942 0 1
0.065880 0.000000 0.000000 0.000000 0.867662
-0.000004 -0.000009
1
276.916787 421.192790
5.295000 9.953000 12.082942 0 1
0.065880 0.000000 0.000000 0.000000 0.838211
0.000204 0.000389
1
386.717426 140.773358
5.295000 9.953000 12.082942 0 1
0.065880 0.000000 0.000000 0.000000 0.827461
0.000177 -0.000382
1
325.092225 94.996652
5.295000 9.953000 12.082942 0 1
0.065880 0.000000 0.000000 0.000000 0.852637
-0.000000 -0.000000
1
142.554989 143.015331
5.295000 9.953000 12.082942 0 1
0.065880 0.000000 0.000000 0.000000 0.831571
0.000630 -0.000567
1
42.641344 200.698042
5.295000 9.953000 12.082942 0 1
0.065880 0.000000 0.000000 0.000000 0.832365
-0.000039 -0.000034
1
368.064130 144.887427
5.295000 9.953000 12.082942 0 1
0.065880 0.000000 0.000000 0.000000 0.910019
0.000252 0.000171
1
145.964061 395.629950
5.295000 9.953000 12.082942 0 1
0.065880 0.000000 0.000000 0.000000 0.846966
-0.000786 0.000622
2
405.185037 244.987712
5.295000 9.953000 12.082942 3 1
0.065880 0.000000 0.000000 0.000000 0.855753
-0.000624 0.001389
2
305.047484 265.230099
5.295000 9.953000 12.082942 1 1
0.065880 0.000000 0.000000 0.000000 0.844538
0.000143 0.000176
2
327.187787 399.621782
5.295000 9.953000 12.082942 2 1
0.065880 0.000000 0.000000 0.000000 0.903116
-0.001349 -0.001411
1
140.126761 76.126662
5.295000 9.953000 12.082942 0 1
0.065880 0.000000 0.000000 0.000000 0.834896
-0.000284 -0.000104
1
228.866869 243.029977
5.295000 9.953000 12.082942 0 1
0.065880 0.000000 0.000000 0.000000 0.854850
-0.001951 0.004984
1
221.553590 260.019117
5.295000 9.953000 12.082942 0 1
0.065880 0.000000 0.000000 0.000000 0.828315
0.015303 -0.011575
1
45.017389 123.644262
5.295000 9.953000 12.082942 0 1
0.065880 0.000000 0.000000 0.000000 0.865800
0.000039 -0.001229
1
374.169484 126.756605
5.295000 9.953000 12.082942 0 1
0.065880 0.000000 0.000000 0.000000 0.885233
-0.000397 -0.000022
1
172.649730 120.382580
5.295000 9.953000 12.082942 0 1
0.065880 0.000000 0.000000 0.000000 0.834970
0.000685 -0.000626
2
213.948533 277.366330
5.295000 9.953000 12.082942 1 1
0.065880 0.000000 0.000000 0.000000 0.830236
0.031008 0.036362
2
172.820146 95.745321
5.295000 9.953000 12.082942 2 1
0.065880 0.000000 0.000000 0.000000 0.827645
-0.000681 0.000316
2
3.565239 256.896469
5.295000 9.953000 12.082942 1 1
0.065880 0.000000 0.000000 0.000000 0.857649
0.000046 0.000363
1
409.872322 404.932598
5.295000 9.953000 12.082942 0 1
0.065880 0.000000 0.000000 0.000000 0.830855
0.002198 -0.001293
1
291.856410 173.552098
5.295000 9.953000 12.082942 0 1
0.065880 0.000000 0.000000 0.000000 0.826086
-0.000873 0.000050
2
69.661527 101.918624
5.295000 9.953000 12.082942 1 1
0.065880 0.000000 0.000000 0.000000 0.856222
0.000442 -0.000643
1
343.747122 169.329280
5.295000 9.953000 12.082942 0 1
0.065880 0.000000 0.000000 0.000000 0.912085
0.002094 -0.000645
1
452.069730 248.855317
5.295000 9.953000 12.082942 0 1
0.065880 0.000000 0.000000 0.000000 0.834471
0.000120 -0.000084
2
142.270176 450.230808
5.295000 9.953000 12.082942 1 1
0.065880 0.000000 0.000000 0.000000 0.833841
-0.000596 -0.000675
1
276.887289 238.628751
5.295000 9.953000 12.082942 0 1
0.065880 0.000000 0.000000 0.000000 0.856175
-0.001101 0.002446
2
393.748377 260.342070
5.295000 9.953000 12.082942 1 1
0.065880 0.000000 0.000000 0.000000 0.845774
-0.001131 0.000399
1
274.364885 486.859950
5.295000 9.953000 12.082942 0 1
0.065880 0.000000 0.000000 0.000000 0.831215
-0.000136 0.000303
1
306.351128 466.356150
5.295000 9.953000 12.082942 0 1
0.065880 0.000000 0.000000 0.000000 0.844087
-0.000405 -0.000408
1
191.333213 247.361295
5.295000 9.953000 12.082942 0 1
0.065880 0.000000 0.000000 0.000000 0.847315
0.004503 0.010603
2
272.492108 172.636312
5.295000 9.953000 12.082942 3 1
0.065880 0.000000 0.000000 0.000000 0.839660
-0.000669 -0.000414
1
143.636325 234.909196
5.295000 9.953000 12.082942 0 1
0.065880 0.000000 0.000000 0.000000 0.837144
-0.000161 0.000979
2
60.050694 392.230189
5.295000 9.953000 12.082942 3 1
0.065880 0.000000 0.000000 0.000000 0.845952
-0.000001 -0.000008
1
61.445499 198.013174
5.295000 9.953000 12.082942 0 1
0.065880 0.000000 0.000000 0.000000 0.848293
-0.000142 -0.000021
1
198.429237 164.492291
5.295000 9.953000 12.082942 0 1
0.065880 0.000000 0.000000 0.000000 0.829517
-0.001000 -0.000314
1
292.637226 432.094953
5.295000 9.953000 12.082942 0 1
0.065880 0.000000 0.000000 0.000000 0.836262
0.000523 -0.000545
1
47.045447 271.698308
5.295000 9.953000 12.082942 0 1
0.065880 0.000000 0.000000 0.000000 0.851022
0.000594 0.000696
1
220.297338 400.089943
5.295000 9.953000 12.082942 0 1
0.065880 0.000000 0.000000 0.000000 0.825677
-0.019567 0.009031
1
195.023549 145.732164
5.295000 9.953000 12.082942 0 1
0.065880 0.000000 0.000000 0.000000 0.837415
-0.001391 -0.000253
1
188.877082 85.749049
5.295000 9.953000 12.082942 0 1
0.065880 0.000000 0.000000 0.000000 0.836380
-0.000928 0.000823
1
38.998624 368.659067
5.295000 9.953000 12.082942 0 1
0.065880 0.000000 0.000000 0.000000 0.953982
-0.001078 0.000085
1
336.923132 139.254771
5.295000 9.953000 12.082942 0 1
0.065880 0.000000 0.000000 0.000000 0.834098
-0.000861 -0.000340
1
172.822223 249.674142
5.295000 9.953000 12.082942 0 1
0.065880 0.000000 0.000000 0.000000 0.849221
0.000245 -0.009554
2
206.576323 455.438723
5.295000 9.953000 12.082942 3 1
0.065880 0.000000 0.000000 0.000000 0.891449
0.000965 -0.001019
1
191.938757 11.239610
5.295000 9.953000 12.082942 0 1
0.065880 0.000000 0.000000 0.000000 0.837248
-0.000187 0.000069
1
160.368771 150.974127
5.295000 9.953000 12.082942 0 1
0.065880 0.000000 0.000000 0.000000 0.828943
0.000582 -0.000643
1
58.192296 307.810470
5.295000 9.953000 12.082942 0 1
0.065880 0.000000 0.000000 0.000000 0.828960
0.001491 0.000424
2
144.790291 161.622714
5.295000 9.953000 12.082942 3 1
0.065880 0.000000 0.000000 0.000000 0.826844
0.000446 -0.000400
1
192.762226 322.548110
5.295000 9.953000 12.082942 0 1
0.065880 0.000000 0.000000 0.000000 0.840260
0.000579 0.000109
1
448.889705 116.101202
5.295000 9.953000 12.082942 0 1
0.065880 0.000000 0.000000 0.000000 0.916783
-0.000670 0.000204
1
97.063352 61.153914
5.295000 9.953000 12.082942 0 1
0.065880 0.000000 0.000000 0.000000 0.886477
0.000084 -0.000458
2
190.925469 30.163848
5.295000 9.953000 12.082942 2 1
0.065880 0.000000 0.000000 0.000000 0.826723
-0.000098 0.000078
1
165.535844 188.153128
5.295000 9.953000 12.082942 0 1
0.065880 0.000000 0.000000 0.000000 0.835297
0.000804 -0.000368
2
73.998975 183.759796
5.295000 9.953000 12.082942 1 1
0.065880 0.000000 0.000000 0.000000 0.824428
-0.000036 -0.000083
1
211.185096 436.859216
5.295000 9.953000 12.082942 0 1
0.065880 0.000000 0.000000 0.000000 0.830324
-0.000878 0.000503
1
480.620106 239.885362
5.295000 9.953000 12.082942 0 1
0.065880 0.000000 0.000000 0.000000 0.889891
0.000000 0.000000
1
195.266983 371.444946
5.295000 9.953000 12.082942 0 1
0.065880 0.000000 0.000000 0.000000 0.848964
-0.000482 -0.000223
1
309.122931 485.168388
5.295000 9.953000 12.082942 0 1
0.065880 0.000000 0.000000 0.000000 0.836784
-0.001312 0.000202
1
281.679160 21.726971
5.295000 9.953000 12.082942 0 1
0.065880 0.000000 0.000000 0.000000 0.846925
-0.000023 -0.000007
2
76.555939 134.029319
5.295000 9.953000 12.082942 3 1
0.065880 0.000000 0.000000 0.000000 0.828134
-0.000363 -0.000363
1
361.219802 415.682214
5.295000 9.953000 12.082942 0 1
0.065880 0.000000 0.000000 0.000000 0.823125
0.000627 -0.012359
2
124.025418 374.428134
5.295000 9.953000 12.082942 2 1
0.065880 0.000000 0.000000 0.000000 0.828627
0.001047 0.000796
1
39.789478 303.501979
5.295000 9.953000 12.082942 0 1
0.065880 0.000000 0.000000 0.000000 0.919758
0.001702 -0.000894
1
263.713595 125.963346
5.295000 9.953000 12.082942 0 1
0.065880 0.000000 0.000000 0.000000 0.841727
-0.000417 0.000175
1
118.199361 322.803464
5.295000 9.953000 12.082942 0 1
0.065880 0.000000 0.000000 0.000000 0.828746
0.003525 -0.041864
1
139.322791 113.979887
5.295000 9.953000 12.082942 0 1
0.065880 0.000000 0.000000 0.000000 0.848667
-0.000126 0.000034
1
379.596972 87.164000
5.295000 9.953000 12.082942 0 1
0.065880 0.000000 0.000000 0.000000 0.854608
0.000480 -0.000046
1
84.226370 228.304716
5.295000 9.953000 12.082942 0 1
0.065880 0.000000 0.000000 0.000000 0.838676
-0.000176 -0.000317
1
100.456307 329.284257
5.295000 9.953000 12.082942 0 1
0.065880 0.000000 0.000000 0.000000 0.823734
-0.007221 0.005092
1
175.038472 19.862713
5.295000 9.953000 12.082942 0 1
0.065880 0.000000 0.000000 0.000000 0.926302
-0.000144 0.000142
1
126.622969 226.601492
5.295000 9.953000 12.082942 0 1
0.065880 0.000000 0.000000 0.000000 0.830304
0.000808 0.001032
1
154.092555 250.692661
5.295000 9.953000 12.082942 0 1
0.065880 0.000000 0.000000 0.000000 0.828236
-0.003154 0.006279
1
359.661229 378.020444
5.295000 9.953000 12.082942 0 1
0.065880 0.000000 0.000000 0.000000 0.946131
0.001731 -0.000579
1
94.708513 293.711522
5.295000 9.953000 12.082942 0 1
0.065880 0.000000 0.000000 0.000000 0.834733
-0.002841 0.001533
1
179.978393 382.688180
5.295000 9.953000 12.082942 0 1
0.065880 0.000000 0.000000 0.000000 0.833527
0.000462 0.001169
1
50.603019 154.632259
5.295000 9.953000 12.082942 0 1
0.065880 0.000000 0.000000 0.000000 0.832400
-0.000165 -0.000590
1
207.849326 21.555481
5.295000 9.953000 12.082942 0 1
0.065880 0.000000 0.000000 0.000000 0.831417
-0.000143 -0.000005
2
272.410888 335.781164
5.295000 9.953000 12.082942 3 1
0.065880 0.000000 0.000000 0.000000 0.861922
-0.002532 -0.035913
1
300.557562 190.336648
5.295000 9.953000 12.082942 0 1
0.065880 0.000000 0.000000 0.000000 0.841419
-0.001291 0.000129
2
283.095758 157.034180
5.295000 9.953000 12.082942 2 1
0.065880 0.000000 0.000000 0.000000 0.831587
-0.000354 -0.000361
2
342.855420 471.249187
5.295000 9.953000 12.082942 1 1
0.065880 0.000000 0.000000 0.000000 0.837223
-0.001433 -0.000453
1
129.901828 172.986567
5.295000 9.953000 12.082942 0 1
0.065880 0.000000 0.000000 0.000000 0.875871
0.000200 -0.000669
1
267.471374 220.256496
5.295000 9.953000 12.082942 0 1
0.065880 0.000000 0.000000 0.000000 0.829241
-0.000387 -0.001252
1
319.801469 130.887212
5.295000 9.953000 12.082942 0 1
0.065880 0.000000 0.000000 0.000000 0.856400
-0.000871 -0.000211
2
176.807492 282.943618
5.295000 9.953000 12.082942 3 1
0.065880 0.000000 0.000000 0.000000 0.826275
0.008031 0.006874
1
241.192118 55.315490
5.295000 9.953000 12.082942 0 1
0.065880 0.000000 0.000000 0.000000 0.862083
-0.000088 0.000109
2
273.246968 389.767442
5.295000 9.953000 12.082942 3 1
0.065880 0.000000 0.000000 0.000000 0.836721
0.007459 0.008622
1
101.138440 111.728623
5.295000 9.953000 12.082942 0 1
0.065880 0.000000 0.000000 0.000000 0.836205
0.000164 -0.000046
1
493.041915 225.564658
5.295000 9.953000 12.082942 0 1
0.065880 0.000000 0.000000 0.000000 0.839524
0.000000 -0.000000
1
290.676983 252.189383
5.295000 9.953000 12.082942 0 1
0.065880 0.000000 0.000000 0.000000 0.842698
0.001707 -0.001104
1
393.171368 66.152462
5.295000 9.953000 12.082942 0 1
0.065880 0.000000 0.000000 0.000000 0.855248
-0.000226 -0.000731
1
235.650955 169.965682
5.295000 9.953000 12.082942 0 1
0.065880 0.000000 0.000000 0.000000 0.838263
-0.000586 -0.000442
1
166.049880 338.018735
5.295000 9.953000 12.082942 0 1
0.065880 0.000000 0.000000 0.000000 0.830381
-0.000673 -0.000438
1
158.001562 132.223996
5.295000 9.953000 12.082942 0 1
0.065880 0.000000 0.000000 0.000000 0.873736
0.000653 -0.000583
1
475.248435 296.580473
5.295000 9.953000 12.082942 0 1
0.065880 0.000000 0.000000 0.000000 0.830844
-0.000100 0.000098
1
484.419483 313.168770
5.295000 9.953000 12.082942 0 1
0.065880 0.000000 0.000000 0.000000 0.824055
-0.000117 0.000098
2
321.076186 300.130457
5.295000 9.953000 12.082942 2 1
0.065880 0.000000 0.000000 0.000000 0.832488
0.000108 -0.000117
1
404.879715 315.560657
5.295000 9.953000 12.082942 0 1
0.065880 0.000000 0.000000 0.000000 0.887746
0.000298 0.000150
2
115.480930 341.547380
5.295000 9.953000 12.082942 1 1
0.065880 0.000000 0.000000 0.000000 0.825589
-0.004044 0.016738
1
248.433629 91.465766
5.295000 9.953000 12.082942 0 1
0.065880 0.000000 0.000000 0.000000 0.901135
0.000195 0.000095
1
368.801234 102.766081
5.295000 9.953000 12.082942 0 1
0.065880 0.000000 0.000000 0.000000 0.850716
0.000137 -0.000255
1
301.591452 124.886012
5.295000 9.953000 12.082942 0 1
0.065880 0.000000 0.000000 0.000000 0.836784
-0.000813 -0.000246
1
121.767434 60.180025
5.295000 9.953000 12.082942 0 1
0.065880 0.000000 0.000000 0.000000 0.842261
-0.000101 -0.000088
1
441.713155 342.067012
5.295000 9.953000 12.082942 0 1
0.065880 0.000000 0.000000 0.000000 0.839102
-0.001119 -0.000447
1
107.832548 228.034126
5.295000 9.953000 12.082942 0 1
0.065880 0.000000 0.000000 0.000000 0.831593
0.001534 0.001676
1
71.184173 242.340423
5.295000 9.953000 12.082942 0 1
0.065880 0.000000 0.000000 0.000000 0.835321
0.000015 0.000264
1
457.401877 375.803446
5.295000 9.953000 12.082942 0 1
0.065880 0.000000 0.000000 0.000000 0.883470
-0.000086 -0.000360
1
438.338231 261.853444
5.295000 9.953000 12.082942 0 1
0.065880 0.000000 0.000000 0.000000 0.832539
0.000238 0.000441
2
196.888490 229.395917
5.295000 9.953000 12.082942 2 1
0.065880 0.000000 0.000000 0.000000 0.898614
0.000928 -0.003092
1
285.595845 349.643214
5.295000 9.953000 12.082942 0 1
0.065880 0.000000 0.000000 0.000000 0.832961
0.006011 0.002814
1
106.152679 380.474324
5.295000 9.953000 12.082942 0 1
0.065880 0.000000 0.000000 0.000000 0.828204
0.000037 -0.001470
1
346.519903 444.812373
5.295000 9.953000 12.082942 0 1
0.065880 0.000000 0.000000 0.000000 0.828524
0.015776 -0.004175
1
451.276602 140.328789
5.295000 9.953000 12.082942 0 1
0.065880 0.000000 0.000000 0.000000 0.848004
-0.000729 0.000649
1
290.706129 331.282814
5.295000 9.953000 12.082942 0 1
0.065880 0.000000 0.000000 0.000000 0.829471
-0.002196 -0.000112
1
135.317608 251.757474
5.295000 9.953000 12.082942 0 1
0.065880 0.000000 0.000000 0.000000 0.835140
0.008670 -0.015513
1
108.972837 147.395153
5.295000 9.953000 12.082942 0 1
0.065880 0.000000 0.000000 0.000000 0.898438
0.000654 0.000038
1
145.031925 33.229490
5.295000 9.953000 12.082942 0 1
0.065880 0.000000 0.000000 0.000000 0.867824
-0.000037 0.000062
2
381.420405 446.144414
5.295000 9.953000 12.082942 2 1
0.065880 0.000000 0.000000 0.000000 0.834472
-0.001889 -0.003226
1
4.726658 292.752522
5.295000 9.953000 12.082942 0 1
0.065880 0.000000 0.000000 0.000000 0.867795
0.000000 -0.000001
2
408.969191 285.538576
5.295000 9.953000 12.082942 3 1
0.065880 0.000000 0.000000 0.000000 0.927077
-0.000480 0.000437
1
355.009831 200.379101
5.295000 9.953000 12.082942 0 1
0.065880 0.000000 0.000000 0.000000 0.851717
-0.000881 0.000486
1
456.171552 164.777355
5.295000 9.953000 12.082942 0 1
0.065880 0.000000 0.000000 0.000000 0.880473
-0.000555 -0.000662
1
173.136698 365.111352
5.295000 9.953000 12.082942 0 1
0.065880 0.000000 0.000000 0.000000 0.851631
0.000702 0.000702
1
99.552491 398.113916
5.295000 9.953000 12.082942 0 1
0.065880 0.000000 0.000000 0.000000 0.845554
0.001625 -0.000689
1
94.116275 366.091385
5.295000 9.953000 12.082942 0 1
0.065880 0.000000 0.000000 0.000000 0.859494
-0.001639 0.000891
2
424.005436 194.296440
5.295000 9.953000 12.082942 3 1
0.065880 0.000000 0.000000 0.000000 0.830235
-0.002007 0.001130
1
257.791565 420.361929
5.295000 9.953000 12.082942 0 1
0.065880 0.000000 0.000000 0.000000 0.872063
0.000642 -0.000324
2
220.050002 483.614500
5.295000 9.953000 12.082942 1 1
0.065880 0.000000 0.000000 0.000000 0.837828
-0.000083 -0.000650
1
256.815192 399.017546
5.295000 9.953000 12.082942 0 1
0.065880 0.000000 0.000000 0.000000 0.831471
-0.007686 -0.001280
1
335.654469 120.387204
5.295000 9.953000 12.082942 0 1
0.065880 0.000000 0.000000 0.000000 0.852652
-0.000970 -0.000356
2
85.571098 317.289762
5.295000 9.953000 12.082942 1 1
0.065880 0.000000 0.000000 0.000000 0.900373
-0.002832 0.002152
1
282.628650 121.521292
5.295000 9.953000 12.082942 0 1
0.065880 0.000000 0.000000 0.000000 0.836695
-0.000653 -0.001028
2
104.137335 196.269108
5.295000 9.953000 12.082942 2 1
0.065880 0.000000 0.000000 0.000000 0.826763
0.000807 0.000006
1
223.149043 464.875685
5.295000 9.953000 12.082942 0 1
0.065880 0.000000 0.000000 0.000000 0.845332
0.000458 -0.000494
1
489.732959 206.898252
5.295000 9.953000 12.082942 0 1
0.065880 0.000000 0.000000 0.000000 0.942321
-0.000000 -0.000000
1
87.294709 383.625173
5.295000 9.953000 12.082942 0 1
0.065880 0.000000 0.000000 0.000000 0.858659
0.000426 0.000155
1
97.616355 347.701867
5.295000 9.953000 12.082942 0 1
0.065880 0.000000 0.000000 0.000000 0.835611
0.001464 -0.002033
2
351.119109 95.925611
5.295000 9.953000 12.082942 1 1
0.065880 0.000000 0.000000 0.000000 0.873564
0.000031 0.000012
2
235.656106 188.742780
5.295000 9.953000 12.082942 3 1
0.065880 0.000000 0.000000 0.000000 0.867555
0.001327 -0.000742
1
181.999754 483.612662
5.295000 9.953000 12.082942 0 1
0.065880 0.000000 0.000000 0.000000 0.835333
-0.000026 -0.000932
1
313.065162 41.901410
5.295000 9.953000 12.082942 0 1
0.065880 0.000000 0.000000 0.000000 0.855485
-0.000004 0.000013
2
295.541745 142.803106
5.295000 9.953000 12.082942 2 1
0.065880 0.000000 0.000000 0.000000 0.835396
0.000230 0.000138
1
423.993674 139.331870
5.295000 9.953000 12.082942 0 1
0.065880 0.000000 0.000000 0.000000 0.864160
0.000684 0.000165
1
285.610983 313.112172
5.295000 9.953000 12.082942 0 1
0.065880 0.000000 0.000000 0.000000 0.862339
-0.002310 0.001143
2
83.893338 430.328810
5.295000 9.953000 12.082942 1 1
0.065880 0.000000 0.000000 0.000000 0.857280
0.000142 -0.000147
2
393.853225 172.274885
5.295000 9.953000 12.082942 1 1
0.065880 0.000000 0.000000 0.000000 0.826254
0.000328 -0.000385
1
200.395996 202.259543
5.295000 9.953000 12.082942 0 1
0.065880 0.000000 0.000000 0.000000 0.834365
0.001090 -0.000495
2
128.455510 42.434985
5.295000 9.953000 12.082942 3 1
0.065880 0.000000 0.000000 0.000000 0.899597
-0.000127 -0.000100
1
183.582859 401.183590
5.295000 9.953000 12.082942 0 1
0.065880 0.000000 0.000000 0.000000 0.832036
-0.001949 0.000933
1
361.823716 471.940977
5.295000 9.953000 12.082942 0 1
0.065880 0.000000 0.000000 0.000000 0.849000
-0.000482 0.002672
2
130.109378 428.410290
5.295000 9.953000 12.082942 2 1
0.065880 0.000000 0.000000 0.000000 0.840660
-0.001089 0.001391
1
32.015749 158.305736
5.295000 9.953000 12.082942 0 1
0.065880 0.000000 0.000000 0.000000 0.852555
-0.000125 -0.000160
1
412.053846 67.006629
5.295000 9.953000 12.082942 0 1
0.065880 0.000000 0.000000 0.000000 0.881668
-0.000342 0.000447
2
93.666789 79.780959
5.295000 9.953000 12.082942 1 1
0.065880 0.000000 0.000000 0.000000 0.874317
0.000922 -0.000289
1
411.810417 119.285344
5.295000 9.953000 12.082942 0 1
0.065880 0.000000 0.000000 0.000000 0.847800
-0.000744 -0.000623
2
190.050161 127.403884
5.295000 9.953000 12.082942 3 1
0.065880 0.000000 0.000000 0.000000 0.829325
0.000771 -0.000900
1
313.984753 448.825691
5.295000 9.953000 12.082942 0 1
0.065880 0.000000 0.000000 0.000000 0.841714
0.000300 -0.000795
1
31.620467 177.292438
5.295000 9.953000 12.082942 0 1
0.065880 0.000000 0.000000 0.000000 0.849293
0.000265 -0.000218
1
307.749872 163.154480
5.295000 9.953000 12.082942 0 1
0.065880 0.000000 0.000000 0.000000 0.874317
-0.000481 0.000281
1
231.524665 207.037935
5.295000 9.953000 12.082942 0 1
0.065880 0.000000 0.000000 0.000000 0.833293
-0.000193 -0.000189
2
311.012781 82.302040
5.295000 9.953000 12.082942 3 1
0.065880 0.000000 0.000000 0.000000 0.853032
0.000000 0.000000
1
405.080139 202.088977
5.295000 9.953000 12.082942 0 1
0.065880 0.000000 0.000000 0.000000 0.839371
0.001303 0.000623
1
207.172432 386.259787
5.295000 9.953000 12.082942 0 1
0.065880 0.000000 0.000000 0.000000 0.847413
0.000828 0.002277
1
316.503144 179.974009
5.295000 9.953000 12.082942 0 1
0.065880 0.000000 0.000000 0.000000 0.844555
-0.000963 0.000550
1
151.095906 326.528461
5.295000 9.953000 12.082942 0 1
0.065880 0.000000 0.000000 0.000000 0.854076
0.003123 0.003569
1
418.889939 231.775318
5.295000 9.953000 12.082942 0 1
0.065880 0.000000 0.000000 0.000000 0.893108
-0.000623 0.001564
1
304.031678 344.539568
5.295000 9.953000 12.082942 0 1
0.065880 0.000000 0.000000 0.000000 0.828070
0.000073 0.001275
2
309.013830 326.133826
5.295000 9.953000 12.082942 2 1
0.065880 0.000000 0.000000 0.000000 0.875806
0.000567 0.000115
4
388.406045 324.862024
5.295000 9.953000 12.082942 0 1
0.000000 0.000000 0.000000 0.000000 0.933102
0.000490 0.000318
4
395.542801 298.959023
5.295000 9.953000 12.082942 0 1
0.000000 0.000000 0.000000 0.000000 0.953661
-0.000295 0.000664
4
227.661848 139.743867
5.295000 9.953000 12.082942 0 1
0.000000 0.000000 0.000000 0.000000 0.911582
-0.000549 -0.000336
2
363.682154 453.084898
5.295000 9.953000 12.082942 1 1
0.065880 0.000000 0.000000 0.000000 0.829437
-0.002566 -0.007526
1
281.640106 207.786709
5.295000 9.953000 12.082942 0 1
0.065880 0.000000 0.000000 0.000000 0.834884
0.001219 0.000105
1
340.148009 301.908061
5.295000 9.953000 12.082942 0 1
0.065880 0.000000 0.000000 0.000000 0.837101
0.000208 0.000208
4
420.565335 212.900424
5.295000 9.953000 12.082942 0 1
0.000000 0.000000 0.000000 0.000000 0.977151
0.000630 0.001626
4
179.768936 452.982359
5.295000 9.953000 12.082942 0 1
0.000000 0.000000 0.000000 0.000000 0.899440
-0.001202 0.004418
4
403.362081 220.924814
5.295000 9.953000 12.082942 0 1
0.000000 0.000000 0.000000 0.000000 0.988051
0.000145 0.000498
4
148.303765 432.084024
5.295000 9.953000 12.082942 0 1
0.000000 0.000000 0.000000 0.000000 0.913620
0.000282 -0.000184
4
114.412586 261.295859
5.295000 9.953000 12.082942 0 1
0.000000 0.000000 0.000000 0.000000 0.951302
0.013294 0.008432
4
267.432263 318.051387
5.295000 9.953000 12.082942 0 1
0.000000 0.000000 0.000000 0.000000 0.898937
0.018463 0.027524
4
475.150707 164.361805
5.295000 9.953000 12.082942 0 1
0.000000 0.000000 0.000000 0.000000 0.980475
-0.000496 0.000011
4
404.722368 361.447398
5.295000 9.953000 12.082942 0 1
0.000000 0.000000 0.000000 0.000000 0.968597
-0.000331 0.000526
