500.000000 500.000000
667 47
183 667
1
373.858449 284.201068
5.295000 9.953000 12.082942 46 2
0.065880 0.000000 0.000000 0.000000 0.072695
0.009147 -0.002795
4
413.073822 397.928154
5.295000 9.953000 12.082942 38 1
0.000000 0.000000 0.000000 0.000000 0.111096
0.003978 0.012753
1
351.162610 377.823027
5.295000 9.953000 12.082942 20 2
0.065880 0.000000 0.000000 0.000000 0.090254
0.004270 0.004885
1
213.945899 349.163104
5.295000 9.953000 12.082942 0 1
0.065880 0.000000 0.000000 0.000000 0.064401
-0.002071 0.003555
4
257.812319 427.027095
5.295000 9.953000 12.082942 44 1
0.000000 0.000000 0.000000 0.000000 0.071870
0.000410 0.007607
4
60.007248 350.320538
5.295000 9.953000 12.082942 38 1
0.000000 0.000000 0.000000 0.000000 0.086822
-0.010501 0.008767
4
334.925030 256.527639
5.295000 9.953000 12.082942 40 1
0.000000 0.000000 0.000000 0.000000 0.106874
0.006116 0.016153
4
182.547951 314.522126
5.295000 9.953000 12.082942 41 1
0.000000 0.000000 0.000000 0.000000 0.066717
-0.004065 0.002057
4
122.370864 347.938605
5.295000 9.953000 12.082942 44 1
0.000000 0.000000 0.000000 0.000000 0.054952
-0.005480 0.003430
1
239.881237 57.419373
5.295000 9.953000 12.082942 34 2
0.065880 0.000000 0.000000 0.000000 0.124314
-0.003675 -0.008075
1
16.815553 206.929150
5.295000 9.953000 12.082942 32 2
0.065880 0.000000 0.000000 0.000000 0.103599
-0.008199 -0.001186
1
455.822915 161.359095
5.295000 9.953000 12.082942 23 2
0.065880 0.000000 0.000000 0.000000 0.116467
0.008783 -0.006536
4
248.241328 318.281533
5.295000 9.953000 12.082942 42 1
0.000000 0.000000 0.000000 0.000000 0.052263
-0.000005 0.003604
1
132.960553 301.325580
5.295000 9.953000 12.082942 40 2
0.065880 0.000000 0.000000 0.000000 0.060406
-0.006777 0.002104
1
96.781869 139.294119
5.295000 9.953000 12.082942 29 2
0.065880 0.000000 0.000000 0.000000 0.063403
-0.006946 -0.005189
1
155.385304 440.994991
5.295000 9.953000 12.082942 22 2
0.065880 0.000000 0.000000 0.000000 0.119586
-0.003516 0.004292
1
420.686997 125.954827
5.295000 9.953000 12.082942 0 1
0.065880 0.000000 0.000000 0.000000 0.084973
0.007117 -0.005985
1
369.130868 36.276128
5.295000 9.953000 12.082942 0 1
0.065880 0.000000 0.000000 0.000000 0.290315
0.006701 -0.012500
1
239.457670 131.147171
5.295000 9.953000 12.082942 19 2
0.065880 0.000000 0.000000 0.000000 0.093917
-0.003309 -0.004401
1
403.482989 293.890724
5.295000 9.953000 12.082942 0 1
0.065880 0.000000 0.000000 0.000000 0.112934
0.008707 -0.000506
1
259.427273 282.542221
5.295000 9.953000 12.082942 41 2
0.065880 0.000000 0.000000 0.000000 0.048841
0.006880 0.016325
4
322.106354 135.265494
5.295000 9.953000 12.082942 37 1
0.000000 0.000000 0.000000 0.000000 0.095097
0.005952 -0.006316
1
304.820233 292.558272
5.295000 9.953000 12.082942 19 2
0.065880 0.000000 0.000000 0.000000 0.056962
0.001070 -0.002436
4
241.191228 364.415348
5.295000 9.953000 12.082942 34 1
0.000000 0.000000 0.000000 0.000000 0.096194
-0.000858 0.004908
1
339.912199 437.491103
5.295000 9.953000 12.082942 30 2
0.065880 0.000000 0.000000 0.000000 0.067332
-0.000522 0.011570
1
194.432637 410.149550
5.295000 9.953000 12.082942 0 1
0.065880 0.000000 0.000000 0.000000 0.051721
-0.001822 0.006448
1
423.929363 180.294626
5.295000 9.953000 12.082942 32 2
0.065880 0.000000 0.000000 0.000000 0.072581
0.009423 -0.003940
1
434.662498 358.386841
5.295000 9.953000 12.082942 0 1
0.065880 0.000000 0.000000 0.000000 0.109633
-0.001200 0.018950
1
461.971881 218.065600
5.295000 9.953000 12.082942 23 2
0.065880 0.000000 0.000000 0.000000 0.113093
0.011123 -0.000331
1
353.053678 458.529287
5.295000 9.953000 12.082942 0 1
0.065880 0.000000 0.000000 0.000000 0.080157
0.017263 0.015845
1
257.842742 459.337160
5.295000 9.953000 12.082942 23 2
0.065880 0.000000 0.000000 0.000000 0.069212
-0.000750 0.008363
1
321.116864 386.949203
5.295000 9.953000 12.082942 20 2
0.065880 0.000000 0.000000 0.000000 0.067236
0.002070 0.006570
1
395.964251 263.393604
5.295000 9.953000 12.082942 37 2
0.065880 0.000000 0.000000 0.000000 0.078923
0.013508 0.001319
1
67.040017 196.038385
5.295000 9.953000 12.082942 21 2
0.065880 0.000000 0.000000 0.000000 0.054716
-0.008661 -0.004470
1
249.887340 379.568940
5.295000 9.953000 12.082942 29 2
0.065880 0.000000 0.000000 0.000000 0.086095
-0.000521 0.005758
4
64.655618 213.830143
5.295000 9.953000 12.082942 33 1
0.000000 0.000000 0.000000 0.000000 0.107189
-0.006107 -0.003311
4
309.448764 399.845688
5.295000 9.953000 12.082942 44 1
0.000000 0.000000 0.000000 0.000000 0.071268
0.001703 0.009171
4
81.268058 167.489539
5.295000 9.953000 12.082942 46 1
0.000000 0.000000 0.000000 0.000000 0.061126
-0.006061 -0.004139
5
388.381260 237.932816
4.750685 8.929853 10.840841 34 1
0.065880 0.000000 0.000000 0.000000 0.096158
0.022229 -0.014682
4
108.485501 299.450470
5.295000 9.953000 12.082942 38 1
0.000000 0.000000 0.000000 0.000000 0.054401
-0.009100 0.002688
1
203.057610 99.251529
5.295000 9.953000 12.082942 0 1
0.065880 0.000000 0.000000 0.000000 0.073135
-0.005295 -0.008562
4
356.344446 286.322752
5.295000 9.953000 12.082942 45 1
0.000000 0.000000 0.000000 0.000000 0.081367
0.007190 0.000387
4
375.170498 155.487721
5.295000 9.953000 12.082942 46 1
0.000000 0.000000 0.000000 0.000000 0.069155
0.006367 -0.002393
1
291.835997 475.286900
5.295000 9.953000 12.082942 30 2
0.065880 0.000000 0.000000 0.000000 0.066819
0.001538 0.008176
4
252.053204 118.045649
5.295000 9.953000 12.082942 39 1
0.000000 0.000000 0.000000 0.000000 0.095542
-0.003153 -0.004831
1
222.930729 364.496811
5.295000 9.953000 12.082942 0 1
0.065880 0.000000 0.000000 0.000000 0.052457
-0.001452 0.004520
4
318.862815 199.826328
5.295000 9.953000 12.082942 38 1
0.000000 0.000000 0.000000 0.000000 0.097237
0.034819 0.019907
1
385.981436 297.522821
5.295000 9.953000 12.082942 20 2
0.065880 0.000000 0.000000 0.000000 0.077156
0.004781 0.005376
1
80.621801 148.725444
5.295000 9.953000 12.082942 20 2
0.065880 0.000000 0.000000 0.000000 0.053994
-0.005782 -0.003260
1
309.348429 239.132166
5.295000 9.953000 12.082942 0 1
0.065880 0.000000 0.000000 0.000000 0.069801
0.036762 0.004796
1
478.276944 271.807215
5.295000 9.953000 12.082942 40 2
0.065880 0.000000 0.000000 0.000000 0.153164
0.007446 -0.002224
4
390.249795 146.203983
5.295000 9.953000 12.082942 38 1
0.000000 0.000000 0.000000 0.000000 0.064631
0.006125 -0.006091
1
154.003292 324.463315
5.295000 9.953000 12.082942 26 2
0.065880 0.000000 0.000000 0.000000 0.066968
-0.005837 0.002511
4
134.331739 207.063960
5.295000 9.953000 12.082942 34 1
0.000000 0.000000 0.000000 0.000000 0.066821
-0.005416 -0.000486
4
259.407072 363.853974
5.295000 9.953000 12.082942 32 1
0.000000 0.000000 0.000000 0.000000 0.099214
-0.000376 0.005257
4
417.411001 89.139250
5.295000 9.953000 12.082942 38 1
0.000000 0.000000 0.000000 0.000000 0.150826
0.008686 -0.006312
1
147.488744 472.552575
5.295000 9.953000 12.082942 26 2
0.065880 0.000000 0.000000 0.000000 0.246360
-0.001152 0.004220
4
235.242433 303.391864
5.295000 9.953000 12.082942 47 1
0.000000 0.000000 0.000000 0.000000 0.057976
-0.003037 0.000907
4
17.452623 226.046112
5.295000 9.953000 12.082942 39 1
0.000000 0.000000 0.000000 0.000000 0.080789
-0.007939 -0.000281
1
111.715269 111.048464
5.295000 9.953000 12.082942 20 2
0.065880 0.000000 0.000000 0.000000 0.066544
-0.006493 -0.006392
4
295.437218 493.408159
5.295000 9.953000 12.082942 39 1
0.000000 0.000000 0.000000 0.000000 0.120514
-0.005091 0.009942
4
399.413101 361.297910
5.295000 9.953000 12.082942 47 1
0.000000 0.000000 0.000000 0.000000 0.115521
0.002201 0.006119
1
486.681824 196.106947
5.295000 9.953000 12.082942 21 2
0.065880 0.000000 0.000000 0.000000 0.204996
0.009131 -0.001779
1
25.696081 335.451771
5.295000 9.953000 12.082942 30 2
0.065880 0.000000 0.000000 0.000000 0.282685
-0.003971 0.006701
4
141.196954 373.155776
5.295000 9.953000 12.082942 34 1
0.000000 0.000000 0.000000 0.000000 0.088576
-0.003838 0.004451
4
173.306429 120.485401
5.295000 9.953000 12.082942 42 1
0.000000 0.000000 0.000000 0.000000 0.065818
-0.005095 -0.004222
1
466.067824 305.887951
5.295000 9.953000 12.082942 40 2
0.065880 0.000000 0.000000 0.000000 0.085974
0.017649 0.006636
1
167.000981 393.209981
5.295000 9.953000 12.082942 25 2
0.065880 0.000000 0.000000 0.000000 0.059959
-0.002145 0.004799
4
92.597830 311.138375
5.295000 9.953000 12.082942 40 1
0.000000 0.000000 0.000000 0.000000 0.080543
-0.009603 0.003495
4
108.662898 66.058711
5.295000 9.953000 12.082942 42 1
0.000000 0.000000 0.000000 0.000000 0.197255
-0.006241 -0.000415
4
68.051418 250.116492
5.295000 9.953000 12.082942 39 1
0.000000 0.000000 0.000000 0.000000 0.099850
-0.006446 -0.000908
1
209.878875 82.504504
5.295000 9.953000 12.082942 41 2
0.065880 0.000000 0.000000 0.000000 0.074811
0.001124 -0.007243
4
65.177973 158.825438
5.295000 9.953000 12.082942 33 1
0.000000 0.000000 0.000000 0.000000 0.064074
-0.006954 -0.003854
4
149.720015 306.485292
5.295000 9.953000 12.082942 37 1
0.000000 0.000000 0.000000 0.000000 0.072313
-0.006017 0.002166
4
21.202292 263.859266
5.295000 9.953000 12.082942 42 1
0.000000 0.000000 0.000000 0.000000 0.082452
-0.006247 -0.001342
5
174.222667 470.627324
5.195070 9.765163 11.854907 30 1
0.065880 0.000000 0.000000 0.000000 0.122477
-0.007620 0.013434
4
380.480164 190.192448
5.295000 9.953000 12.082942 45 1
0.000000 0.000000 0.000000 0.000000 0.075502
-0.000637 0.000658
4
120.463106 312.571240
5.295000 9.953000 12.082942 34 1
0.000000 0.000000 0.000000 0.000000 0.080904
-0.007881 0.002416
1
380.727993 207.594632
5.295000 9.953000 12.082942 25 2
0.065880 0.000000 0.000000 0.000000 0.081703
0.004318 -0.000501
1
198.617967 299.392488
5.295000 9.953000 12.082942 28 2
0.065880 0.000000 0.000000 0.000000 0.068739
-0.003987 0.001038
1
203.114221 425.821229
5.295000 9.953000 12.082942 42 2
0.065880 0.000000 0.000000 0.000000 0.051404
-0.001946 0.007805
1
265.306478 250.919352
5.295000 9.953000 12.082942 0 1
0.065880 0.000000 0.000000 0.000000 0.050404
-0.002538 -0.001793
1
459.235163 378.441672
5.295000 9.953000 12.082942 21 2
0.065880 0.000000 0.000000 0.000000 0.152455
0.011599 0.001128
4
364.455950 410.447769
5.295000 9.953000 12.082942 44 1
0.000000 0.000000 0.000000 0.000000 0.061518
0.003444 0.007262
4
177.602581 345.820656
5.295000 9.953000 12.082942 43 1
0.000000 0.000000 0.000000 0.000000 0.070558
-0.004066 0.002758
4
402.770114 100.246122
5.295000 9.953000 12.082942 40 1
0.000000 0.000000 0.000000 0.000000 0.115308
0.007030 -0.006971
4
293.263904 278.219275
5.295000 9.953000 12.082942 41 1
0.000000 0.000000 0.000000 0.000000 0.079372
0.006196 0.000816
4
422.434616 144.068365
5.295000 9.953000 12.082942 45 1
0.000000 0.000000 0.000000 0.000000 0.066259
0.007118 -0.005317
4
106.415197 281.416511
5.295000 9.953000 12.082942 46 1
0.000000 0.000000 0.000000 0.000000 0.060648
-0.007420 0.001820
1
470.791620 353.762861
5.295000 9.953000 12.082942 33 2
0.065880 0.000000 0.000000 0.000000 0.185391
0.005889 0.009088
1
377.607375 172.859510
5.295000 9.953000 12.082942 25 2
0.065880 0.000000 0.000000 0.000000 0.058050
0.009671 -0.004033
5
369.006032 334.036545
3.744130 7.037834 8.543930 38 1
0.065880 0.000000 0.000000 0.000000 0.137817
0.009679 -0.014322
1
115.352456 432.472165
5.295000 9.953000 12.082942 0 1
0.065880 0.000000 0.000000 0.000000 0.100244
-0.005735 0.004781
1
394.772922 448.962912
5.295000 9.953000 12.082942 25 2
0.065880 0.000000 0.000000 0.000000 0.142281
0.004644 0.004361
1
96.948684 424.221767
5.295000 9.953000 12.082942 25 2
0.065880 0.000000 0.000000 0.000000 0.136992
-0.006256 0.004313
1
156.461193 229.059576
5.295000 9.953000 12.082942 21 2
0.065880 0.000000 0.000000 0.000000 0.045936
-0.003986 -0.000923
1
454.427786 142.206748
5.295000 9.953000 12.082942 21 2
0.065880 0.000000 0.000000 0.000000 0.120866
0.005456 -0.003157
4
441.052937 375.082380
5.295000 9.953000 12.082942 44 1
0.000000 0.000000 0.000000 0.000000 0.110597
0.011716 0.014490
1
271.644002 42.910608
5.295000 9.953000 12.082942 0 1
0.065880 0.000000 0.000000 0.000000 0.246004
-0.002081 -0.009040
1
33.134909 215.738079
5.295000 9.953000 12.082942 20 2
0.065880 0.000000 0.000000 0.000000 0.062371
-0.007606 -0.001996
1
318.034195 226.076619
5.295000 9.953000 12.082942 19 2
0.065880 0.000000 0.000000 0.000000 0.065669
-0.039455 0.078954
4
186.491736 266.029032
5.295000 9.953000 12.082942 42 1
0.000000 0.000000 0.000000 0.000000 0.076106
-0.004119 0.000198
1
258.229188 395.069375
5.295000 9.953000 12.082942 30 2
0.065880 0.000000 0.000000 0.000000 0.064601
-0.000197 0.006569
1
65.300260 82.685816
5.295000 9.953000 12.082942 0 1
0.065880 0.000000 0.000000 0.000000 0.439259
-0.010976 -0.004853
1
262.055795 233.742387
5.295000 9.953000 12.082942 27 2
0.065880 0.000000 0.000000 0.000000 0.048460
-0.001304 -0.004607
1
248.776853 443.225313
5.295000 9.953000 12.082942 19 2
0.065880 0.000000 0.000000 0.000000 0.066096
-0.000207 0.007610
1
400.529460 81.481653
5.295000 9.953000 12.082942 35 2
0.065880 0.000000 0.000000 0.000000 0.088691
0.008580 -0.006372
1
318.433811 451.404158
5.295000 9.953000 12.082942 47 2
0.065880 0.000000 0.000000 0.000000 0.066608
0.009252 0.010700
1
303.619913 10.329668
5.295000 9.953000 12.082942 0 1
0.065880 0.000000 0.000000 0.000000 0.138076
0.005318 -0.013820
1
300.054046 261.884419
5.295000 9.953000 12.082942 24 2
0.065880 0.000000 0.000000 0.000000 0.059179
-0.004670 -0.003519
5
478.517418 318.158857
4.750685 8.929853 10.840841 34 1
0.065880 0.000000 0.000000 0.000000 0.083402
0.015558 0.008775
1
241.223179 7.490247
5.295000 9.953000 12.082942 19 2
0.065880 0.000000 0.000000 0.000000 0.223684
-0.012134 -0.009142
5
114.531624 48.977324
4.750685 8.929853 10.840841 34 1
0.065880 0.000000 0.000000 0.000000 0.408745
-0.004608 -0.001645
4
102.877895 212.110515
5.295000 9.953000 12.082942 33 1
0.000000 0.000000 0.000000 0.000000 0.085369
-0.007911 -0.002310
4
162.570488 38.572826
5.295000 9.953000 12.082942 38 1
0.000000 0.000000 0.000000 0.000000 0.135334
-0.002697 -0.007867
1
394.659548 397.921560
5.295000 9.953000 12.082942 24 2
0.065880 0.000000 0.000000 0.000000 0.074611
0.004614 0.008326
4
160.096364 181.858898
5.295000 9.953000 12.082942 36 1
0.000000 0.000000 0.000000 0.000000 0.068757
-0.005066 -0.001929
4
364.995152 199.623931
5.295000 9.953000 12.082942 36 1
0.000000 0.000000 0.000000 0.000000 0.077686
-0.007721 -0.006223
1
2.166214 237.180323
5.295000 9.953000 12.082942 19 2
0.065880 0.000000 0.000000 0.000000 0.076535
-0.006490 0.003898
4
295.352641 161.098190
5.295000 9.953000 12.082942 43 1
0.000000 0.000000 0.000000 0.000000 0.059720
0.002543 -0.005960
4
257.749217 88.053115
5.295000 9.953000 12.082942 42 1
0.000000 0.000000 0.000000 0.000000 0.099952
-0.002320 -0.005835
4
215.289819 318.590778
5.295000 9.953000 12.082942 46 1
0.000000 0.000000 0.000000 0.000000 0.058555
-0.001610 0.002207
1
175.732318 24.159071
5.295000 9.953000 12.082942 26 2
0.065880 0.000000 0.000000 0.000000 0.153360
-0.003257 -0.007221
1
3.968504 256.424754
5.295000 9.953000 12.082942 23 2
0.065880 0.000000 0.000000 0.000000 0.073352
-0.005997 -0.001979
4
38.628441 271.035368
5.295000 9.953000 12.082942 35 1
0.000000 0.000000 0.000000 0.000000 0.090504
-0.006701 -0.000200
4
293.619632 227.533089
5.295000 9.953000 12.082942 34 1
0.000000 0.000000 0.000000 0.000000 0.070988
0.009840 -0.002593
1
41.528873 288.897751
5.295000 9.953000 12.082942 23 2
0.065880 0.000000 0.000000 0.000000 0.083784
-0.008445 0.000895
1
287.442144 125.882176
5.295000 9.953000 12.082942 36 2
0.065880 0.000000 0.000000 0.000000 0.057547
0.000279 -0.005491
1
138.075265 273.135826
5.295000 9.953000 12.082942 29 2
0.065880 0.000000 0.000000 0.000000 0.060119
-0.005618 0.000922
4
267.908248 379.206868
5.295000 9.953000 12.082942 31 1
0.000000 0.000000 0.000000 0.000000 0.095574
-0.000066 0.005933
4
209.271101 19.080071
5.295000 9.953000 12.082942 34 1
0.000000 0.000000 0.000000 0.000000 0.109683
-0.003752 -0.014299
1
132.981195 155.588631
5.295000 9.953000 12.082942 26 2
0.065880 0.000000 0.000000 0.000000 0.059618
-0.005972 -0.002170
4
231.010945 410.863794
5.295000 9.953000 12.082942 39 1
0.000000 0.000000 0.000000 0.000000 0.080832
-0.001022 0.006704
4
53.409313 260.468278
5.295000 9.953000 12.082942 38 1
0.000000 0.000000 0.000000 0.000000 0.097227
-0.006299 -0.000257
4
176.714016 138.107529
5.295000 9.953000 12.082942 44 1
0.000000 0.000000 0.000000 0.000000 0.071721
-0.004922 -0.003528
1
258.463879 332.924092
5.295000 9.953000 12.082942 21 2
0.065880 0.000000 0.000000 0.000000 0.060908
-0.000005 0.003716
1
221.556810 127.136749
5.295000 9.953000 12.082942 29 2
0.065880 0.000000 0.000000 0.000000 0.090145
-0.004264 -0.004742
1
419.221627 421.264823
5.295000 9.953000 12.082942 0 1
0.065880 0.000000 0.000000 0.000000 0.123379
0.005554 0.004255
4
366.473034 216.561798
5.295000 9.953000 12.082942 40 1
0.000000 0.000000 0.000000 0.000000 0.115801
0.003711 0.006819
4
229.726771 222.839475
5.295000 9.953000 12.082942 35 1
0.000000 0.000000 0.000000 0.000000 0.066388
-0.003052 -0.005051
1
321.998615 289.766485
5.295000 9.953000 12.082942 38 2
0.065880 0.000000 0.000000 0.000000 0.077623
0.000019 0.004352
1
281.689687 312.456787
5.295000 9.953000 12.082942 21 2
0.065880 0.000000 0.000000 0.000000 0.063544
-0.000654 -0.000312
4
326.709848 240.718291
5.295000 9.953000 12.082942 39 1
0.000000 0.000000 0.000000 0.000000 0.077972
-0.008568 0.003735
1
97.316476 175.915788
5.295000 9.953000 12.082942 0 1
0.065880 0.000000 0.000000 0.000000 0.047161
-0.005876 -0.003601
4
193.540397 75.826525
5.295000 9.953000 12.082942 46 1
0.000000 0.000000 0.000000 0.000000 0.070066
-0.000792 -0.004107
1
151.524334 211.733155
5.295000 9.953000 12.082942 0 1
0.065880 0.000000 0.000000 0.000000 0.053274
-0.004082 -0.000494
1
148.097537 424.112167
5.295000 9.953000 12.082942 40 2
0.065880 0.000000 0.000000 0.000000 0.067210
-0.003846 0.004383
1
218.473212 108.595553
5.295000 9.953000 12.082942 38 2
0.065880 0.000000 0.000000 0.000000 0.075384
-0.005199 -0.006126
1
137.796772 354.849174
5.295000 9.953000 12.082942 23 2
0.065880 0.000000 0.000000 0.000000 0.053583
-0.004412 0.003687
4
125.532928 402.106565
5.295000 9.953000 12.082942 46 1
0.000000 0.000000 0.000000 0.000000 0.083545
-0.005063 0.004661
1
401.417779 415.599162
5.295000 9.953000 12.082942 0 1
0.065880 0.000000 0.000000 0.000000 0.075324
0.005092 0.006100
4
106.496356 322.138107
5.295000 9.953000 12.082942 36 1
0.000000 0.000000 0.000000 0.000000 0.069842
-0.008570 0.003458
1
239.702019 84.335378
5.295000 9.953000 12.082942 0 1
0.065880 0.000000 0.000000 0.000000 0.104754
-0.001810 -0.007013
4
56.326679 278.244013
5.295000 9.953000 12.082942 31 1
0.000000 0.000000 0.000000 0.000000 0.103429
-0.007444 0.001147
1
213.497323 379.611480
5.295000 9.953000 12.082942 0 1
0.065880 0.000000 0.000000 0.000000 0.059660
-0.001432 0.005137
1
297.154892 425.175685
5.295000 9.953000 12.082942 0 1
0.065880 0.000000 0.000000 0.000000 0.079433
-0.001393 0.006289
1
167.339509 86.183887
5.295000 9.953000 12.082942 41 2
0.065880 0.000000 0.000000 0.000000 0.086683
-0.001949 -0.007261
5
335.674073 202.296185
4.750685 8.929853 10.840841 34 1
0.065880 0.000000 0.000000 0.000000 0.087330
-0.064505 0.078519
4
59.049931 295.939552
5.295000 9.953000 12.082942 43 1
0.000000 0.000000 0.000000 0.000000 0.074770
-0.009215 0.002670
4
370.864455 348.784268
5.295000 9.953000 12.082942 47 1
0.000000 0.000000 0.000000 0.000000 0.136896
0.010438 -0.000044
1
475.160628 289.969078
5.295000 9.953000 12.082942 0 1
0.065880 0.000000 0.000000 0.000000 0.105227
0.007248 -0.001338
4
354.077157 227.618615
5.295000 9.953000 12.082942 41 1
0.000000 0.000000 0.000000 0.000000 0.104793
-0.007060 0.005032
4
225.414733 492.150496
5.295000 9.953000 12.082942 46 1
0.000000 0.000000 0.000000 0.000000 0.088227
-0.003255 0.011540
1
274.845056 467.220040
5.295000 9.953000 12.082942 21 2
0.065880 0.000000 0.000000 0.000000 0.061461
0.001985 0.004006
1
450.734359 203.468269
5.295000 9.953000 12.082942 22 2
0.065880 0.000000 0.000000 0.000000 0.110235
0.008882 -0.000546
1
344.090331 361.779397
5.295000 9.953000 12.082942 46 2
0.065880 0.000000 0.000000 0.000000 0.093669
0.004787 -0.000008
4
168.578351 263.149402
5.295000 9.953000 12.082942 32 1
0.000000 0.000000 0.000000 0.000000 0.080557
-0.004602 0.000321
1
265.743758 169.382774
5.295000 9.953000 12.082942 19 2
0.065880 0.000000 0.000000 0.000000 0.072563
0.001801 -0.004928
4
316.128202 306.850039
5.295000 9.953000 12.082942 41 1
0.000000 0.000000 0.000000 0.000000 0.060768
-0.000822 0.002097
4
147.709402 194.751984
5.295000 9.953000 12.082942 29 1
0.000000 0.000000 0.000000 0.000000 0.062992
-0.005572 -0.000925
4
205.757603 333.351773
5.295000 9.953000 12.082942 39 1
0.000000 0.000000 0.000000 0.000000 0.071012
-0.002452 0.002662
1
257.191295 134.880007
5.295000 9.953000 12.082942 0 1
0.065880 0.000000 0.000000 0.000000 0.078928
-0.002035 -0.004609
1
17.170647 169.348899
5.295000 9.953000 12.082942 37 2
0.065880 0.000000 0.000000 0.000000 0.366077
-0.008008 -0.002567
4
174.797220 442.432393
5.295000 9.953000 12.082942 37 1
0.000000 0.000000 0.000000 0.000000 0.111789
-0.002557 0.006817
1
429.262642 319.827116
5.295000 9.953000 12.082942 0 1
0.065880 0.000000 0.000000 0.000000 0.159285
0.009412 0.004479
1
168.702401 55.779362
5.295000 9.953000 12.082942 0 1
0.065880 0.000000 0.000000 0.000000 0.077050
-0.000201 -0.008372
1
193.698062 441.496145
5.295000 9.953000 12.082942 19 2
0.065880 0.000000 0.000000 0.000000 0.071492
-0.002977 0.009313
2
335.111689 23.162904
5.295000 9.953000 12.082942 46 1
0.065880 0.000000 0.000000 0.000000 0.207451
0.001968 -0.004872
4
77.088866 377.971541
5.295000 9.953000 12.082942 37 1
0.000000 0.000000 0.000000 0.000000 0.088560
-0.007481 0.004481
1
99.058534 246.006178
5.295000 9.953000 12.082942 25 2
0.065880 0.000000 0.000000 0.000000 0.057409
-0.006360 0.000116
1
422.904696 337.550169
5.295000 9.953000 12.082942 26 2
0.065880 0.000000 0.000000 0.000000 0.093169
0.013969 0.006928
4
198.661991 251.811215
5.295000 9.953000 12.082942 41 1
0.000000 0.000000 0.000000 0.000000 0.061790
-0.003399 -0.000303
1
138.907810 68.406712
5.295000 9.953000 12.082942 21 2
0.065880 0.000000 0.000000 0.000000 0.084909
-0.000377 -0.005637
4
238.405808 273.486617
5.295000 9.953000 12.082942 46 1
0.000000 0.000000 0.000000 0.000000 0.075933
-0.002743 -0.000522
1
227.551216 21.873975
5.295000 9.953000 12.082942 26 2
0.065880 0.000000 0.000000 0.000000 0.122354
-0.002307 -0.008633
4
181.887858 155.232190
5.295000 9.953000 12.082942 38 1
0.000000 0.000000 0.000000 0.000000 0.062653
-0.004453 -0.003211
4
71.041042 267.896547
5.295000 9.953000 12.082942 35 1
0.000000 0.000000 0.000000 0.000000 0.090608
-0.007155 0.000585
4
164.251798 150.396499
5.295000 9.953000 12.082942 45 1
0.000000 0.000000 0.000000 0.000000 0.051402
-0.005229 -0.002852
1
327.025015 404.116821
5.295000 9.953000 12.082942 22 2
0.065880 0.000000 0.000000 0.000000 0.071917
0.002145 0.008056
4
26.895477 300.321309
5.295000 9.953000 12.082942 39 1
0.000000 0.000000 0.000000 0.000000 0.160694
-0.010167 0.000443
1
237.582788 191.787210
5.295000 9.953000 12.082942 0 1
0.065880 0.000000 0.000000 0.000000 0.068099
0.005753 -0.005930
1
96.202536 102.224997
5.295000 9.953000 12.082942 47 2
0.065880 0.000000 0.000000 0.000000 0.092942
-0.007958 -0.006590
1
82.060444 435.163089
5.295000 9.953000 12.082942 28 2
0.065880 0.000000 0.000000 0.000000 0.317205
-0.006762 0.004280
1
430.342435 406.762422
5.295000 9.953000 12.082942 20 2
0.065880 0.000000 0.000000 0.000000 0.108854
0.010107 0.007538
1
445.304851 267.781585
5.295000 9.953000 12.082942 0 1
0.065880 0.000000 0.000000 0.000000 0.085822
0.003444 0.001642
4
277.503728 363.178088
5.295000 9.953000 12.082942 30 1
0.000000 0.000000 0.000000 0.000000 0.105551
-0.000120 0.005762
4
207.247970 174.715046
5.295000 9.953000 12.082942 36 1
0.000000 0.000000 0.000000 0.000000 0.055544
-0.003189 -0.001850
4
222.214606 395.150433
5.295000 9.953000 12.082942 38 1
0.000000 0.000000 0.000000 0.000000 0.079854
-0.001205 0.005976
4
159.403435 376.526359
5.295000 9.953000 12.082942 42 1
0.000000 0.000000 0.000000 0.000000 0.078019
-0.002767 0.004244
4
238.837155 459.554457
5.295000 9.953000 12.082942 34 1
0.000000 0.000000 0.000000 0.000000 0.076059
-0.000319 0.007774
1
303.495567 80.384120
5.295000 9.953000 12.082942 21 2
0.065880 0.000000 0.000000 0.000000 0.135835
-0.001069 -0.011080
1
245.531011 228.493905
5.295000 9.953000 12.082942 0 1
0.065880 0.000000 0.000000 0.000000 0.053284
-0.000123 -0.005652
1
216.788005 301.516577
5.295000 9.953000 12.082942 0 1
0.065880 0.000000 0.000000 0.000000 0.057236
-0.003652 0.000958
1
438.115450 284.262297
5.295000 9.953000 12.082942 34 2
0.065880 0.000000 0.000000 0.000000 0.109593
0.014776 0.007965
1
258.719669 216.294093
5.295000 9.953000 12.082942 19 2
0.065880 0.000000 0.000000 0.000000 0.043738
0.004321 -0.003922
1
261.545843 57.609803
5.295000 9.953000 12.082942 0 1
0.065880 0.000000 0.000000 0.000000 0.189621
-0.001663 -0.007843
4
216.647898 159.250150
5.295000 9.953000 12.082942 45 1
0.000000 0.000000 0.000000 0.000000 0.064138
-0.003075 -0.003137
1
344.719720 475.137140
5.295000 9.953000 12.082942 19 2
0.065880 0.000000 0.000000 0.000000 0.146951
-0.006461 0.005998
1
451.316647 104.727322
5.295000 9.953000 12.082942 0 1
0.065880 0.000000 0.000000 0.000000 0.416976
0.008707 -0.003926
1
268.271070 186.771049
5.295000 9.953000 12.082942 20 2
0.065880 0.000000 0.000000 0.000000 0.046947
0.004652 -0.004233
1
184.595553 219.141347
5.295000 9.953000 12.082942 23 2
0.065880 0.000000 0.000000 0.000000 0.053205
0.000544 -0.001451
1
240.932423 334.321341
5.295000 9.953000 12.082942 21 2
0.065880 0.000000 0.000000 0.000000 0.053733
-0.000785 0.003878
1
448.993799 250.201320
5.295000 9.953000 12.082942 27 2
0.065880 0.000000 0.000000 0.000000 0.079839
0.007069 -0.000104
4
204.866592 363.973100
5.295000 9.953000 12.082942 45 1
0.000000 0.000000 0.000000 0.000000 0.064831
-0.001824 0.004256
4
64.078151 120.970895
5.295000 9.953000 12.082942 44 1
0.000000 0.000000 0.000000 0.000000 0.099908
-0.004635 -0.002435
1
268.575800 267.798337
5.295000 9.953000 12.082942 24 2
0.065880 0.000000 0.000000 0.000000 0.048574
-0.009902 0.003712
4
113.703516 183.499110
5.295000 9.953000 12.082942 42 1
0.000000 0.000000 0.000000 0.000000 0.062633
-0.006266 -0.001931
4
123.376090 96.906687
5.295000 9.953000 12.082942 36 1
0.000000 0.000000 0.000000 0.000000 0.083961
-0.002444 -0.004268
1
156.748114 21.088564
5.295000 9.953000 12.082942 19 2
0.065880 0.000000 0.000000 0.000000 0.314259
-0.004469 -0.007260
4
421.890372 372.255078
5.295000 9.953000 12.082942 46 1
0.000000 0.000000 0.000000 0.000000 0.124345
0.014949 0.003918
1
244.832048 147.858902
5.295000 9.953000 12.082942 0 1
0.065880 0.000000 0.000000 0.000000 0.067742
-0.002189 -0.003713
4
354.553327 331.732868
5.295000 9.953000 12.082942 45 1
0.000000 0.000000 0.000000 0.000000 0.131174
-0.022087 -0.006909
1
376.785855 444.668641
5.295000 9.953000 12.082942 26 2
0.065880 0.000000 0.000000 0.000000 0.076685
0.003319 0.006953
1
123.119314 330.370379
5.295000 9.953000 12.082942 0 1
0.065880 0.000000 0.000000 0.000000 0.053369
-0.007452 0.002722
1
437.638859 134.044279
5.295000 9.953000 12.082942 28 2
0.065880 0.000000 0.000000 0.000000 0.074787
0.008256 -0.006170
4
345.476238 407.710383
5.295000 9.953000 12.082942 41 1
0.000000 0.000000 0.000000 0.000000 0.085388
0.004468 0.006596
1
195.375287 188.352045
5.295000 9.953000 12.082942 23 2
0.065880 0.000000 0.000000 0.000000 0.044820
-0.005326 -0.002224
1
279.414465 59.568031
5.295000 9.953000 12.082942 39 2
0.065880 0.000000 0.000000 0.000000 0.216034
-0.001021 -0.007679
1
267.311795 443.007176
5.295000 9.953000 12.082942 37 2
0.065880 0.000000 0.000000 0.000000 0.060297
0.000821 0.008243
4
403.674681 118.207417
5.295000 9.953000 12.082942 41 1
0.000000 0.000000 0.000000 0.000000 0.104125
0.005974 -0.006588
1
320.750280 81.301218
5.295000 9.953000 12.082942 32 2
0.065880 0.000000 0.000000 0.000000 0.137341
-0.000739 -0.010937
4
129.219721 137.914158
5.295000 9.953000 12.082942 37 1
0.000000 0.000000 0.000000 0.000000 0.057602
-0.007565 -0.002872
1
355.400697 130.708385
5.295000 9.953000 12.082942 30 2
0.065880 0.000000 0.000000 0.000000 0.081850
0.006452 -0.004281
1
129.358295 420.334786
5.295000 9.953000 12.082942 0 1
0.065880 0.000000 0.000000 0.000000 0.081250
-0.004951 0.004660
1
418.865667 242.323750
5.295000 9.953000 12.082942 21 2
0.065880 0.000000 0.000000 0.000000 0.099006
0.008051 -0.003042
1
327.255085 272.230609
5.295000 9.953000 12.082942 19 2
0.065880 0.000000 0.000000 0.000000 0.073202
0.016208 0.017578
4
332.651217 421.004746
5.295000 9.953000 12.082942 37 1
0.000000 0.000000 0.000000 0.000000 0.087497
0.006415 0.007223
1
132.155824 51.024660
5.295000 9.953000 12.082942 0 1
0.065880 0.000000 0.000000 0.000000 0.103313
-0.002974 -0.005467
4
229.811234 240.228713
5.295000 9.953000 12.082942 43 1
0.000000 0.000000 0.000000 0.000000 0.068771
0.001784 -0.003360
4
216.466512 253.527887
5.295000 9.953000 12.082942 42 1
0.000000 0.000000 0.000000 0.000000 0.068393
-0.001989 -0.001530
1
386.614697 110.796669
5.295000 9.953000 12.082942 26 2
0.065880 0.000000 0.000000 0.000000 0.076424
0.004661 -0.007024
1
171.029374 103.225240
5.295000 9.953000 12.082942 0 1
0.065880 0.000000 0.000000 0.000000 0.051925
-0.004094 -0.005217
4
221.288770 270.514024
5.295000 9.953000 12.082942 31 1
0.000000 0.000000 0.000000 0.000000 0.101988
-0.002876 -0.000653
1
187.925490 58.581696
5.295000 9.953000 12.082942 20 2
0.065880 0.000000 0.000000 0.000000 0.060355
0.003603 -0.007006
4
312.063896 165.436137
5.295000 9.953000 12.082942 39 1
0.000000 0.000000 0.000000 0.000000 0.078570
0.003519 -0.005803
4
357.967849 148.255291
5.295000 9.953000 12.082942 36 1
0.000000 0.000000 0.000000 0.000000 0.081693
0.005183 -0.002490
1
480.905643 253.371625
5.295000 9.953000 12.082942 0 1
0.065880 0.000000 0.000000 0.000000 0.182531
0.010015 -0.002591
4
282.532435 258.081755
5.295000 9.953000 12.082942 38 1
0.000000 0.000000 0.000000 0.000000 0.071205
-0.002083 -0.002627
4
426.031003 271.886525
5.295000 9.953000 12.082942 36 1
0.000000 0.000000 0.000000 0.000000 0.130495
0.016065 0.002817
1
190.984534 236.503490
5.295000 9.953000 12.082942 0 1
0.065880 0.000000 0.000000 0.000000 0.048170
-0.003914 -0.001017
1
291.768449 143.377741
5.295000 9.953000 12.082942 21 2
0.065880 0.000000 0.000000 0.000000 0.057974
0.001352 -0.005710
1
128.443054 238.445722
5.295000 9.953000 12.082942 23 2
0.065880 0.000000 0.000000 0.000000 0.044718
-0.005165 0.000651
1
199.698196 158.419568
5.295000 9.953000 12.082942 0 1
0.065880 0.000000 0.000000 0.000000 0.070073
-0.003730 -0.002859
4
302.885329 442.782270
5.295000 9.953000 12.082942 34 1
0.000000 0.000000 0.000000 0.000000 0.094078
0.007244 0.004956
4
6.417478 275.467791
5.295000 9.953000 12.082942 46 1
0.000000 0.000000 0.000000 0.000000 0.077022
-0.007438 -0.002849
4
221.587761 426.347942
5.295000 9.953000 12.082942 41 1
0.000000 0.000000 0.000000 0.000000 0.071986
-0.001370 0.007325
4
193.772693 142.453257
5.295000 9.953000 12.082942 36 1
0.000000 0.000000 0.000000 0.000000 0.077025
-0.004155 -0.003559
4
215.893828 36.385104
5.295000 9.953000 12.082942 43 1
0.000000 0.000000 0.000000 0.000000 0.124414
-0.001575 -0.013150
1
354.178407 112.819754
5.295000 9.953000 12.082942 30 2
0.065880 0.000000 0.000000 0.000000 0.088103
0.000425 -0.005019
4
180.128170 249.807467
5.295000 9.953000 12.082942 41 1
0.000000 0.000000 0.000000 0.000000 0.062163
-0.004047 -0.000349
4
209.043564 482.227240
5.295000 9.953000 12.082942 37 1
0.000000 0.000000 0.000000 0.000000 0.107848
-0.001415 0.008423
4
160.004698 132.442784
5.295000 9.953000 12.082942 35 1
0.000000 0.000000 0.000000 0.000000 0.083905
-0.005429 -0.003172
1
146.787311 144.372015
5.295000 9.953000 12.082942 21 2
0.065880 0.000000 0.000000 0.000000 0.070422
-0.006028 -0.002643
1
188.393156 331.505609
5.295000 9.953000 12.082942 22 2
0.065880 0.000000 0.000000 0.000000 0.053412
-0.003427 0.002486
4
143.561996 177.572117
5.295000 9.953000 12.082942 44 1
0.000000 0.000000 0.000000 0.000000 0.060903
-0.005219 -0.001187
1
66.004086 177.637528
5.295000 9.953000 12.082942 19 2
0.065880 0.000000 0.000000 0.000000 0.058406
-0.007742 -0.004651
1
203.132788 464.106748
5.295000 9.953000 12.082942 23 2
0.065880 0.000000 0.000000 0.000000 0.078089
-0.000571 0.007288
1
187.288750 362.998803
5.295000 9.953000 12.082942 25 2
0.065880 0.000000 0.000000 0.000000 0.050182
-0.002082 0.004481
5
278.054569 25.962075
5.091141 9.569807 11.617745 31 1
0.065880 0.000000 0.000000 0.000000 0.356471
0.006425 -0.005780
1
47.309880 112.537791
5.295000 9.953000 12.082942 21 2
0.065880 0.000000 0.000000 0.000000 0.385640
0.001391 -0.008872
4
389.266154 430.515655
5.295000 9.953000 12.082942 46 1
0.000000 0.000000 0.000000 0.000000 0.071141
0.003757 0.006115
4
109.016454 376.412775
5.295000 9.953000 12.082942 39 1
0.000000 0.000000 0.000000 0.000000 0.076384
-0.005289 0.004189
1
264.036811 104.886668
5.295000 9.953000 12.082942 35 2
0.065880 0.000000 0.000000 0.000000 0.081323
-0.002529 -0.004911
4
91.302292 331.026074
5.295000 9.953000 12.082942 47 1
0.000000 0.000000 0.000000 0.000000 0.057955
-0.008749 0.005118
1
138.811357 87.012492
5.295000 9.953000 12.082942 33 2
0.065880 0.000000 0.000000 0.000000 0.066813
-0.002051 -0.005082
1
392.873097 53.410398
5.295000 9.953000 12.082942 0 1
0.065880 0.000000 0.000000 0.000000 0.230289
0.006638 -0.013097
1
65.778603 232.068717
5.295000 9.953000 12.082942 0 1
0.065880 0.000000 0.000000 0.000000 0.092487
-0.006114 -0.002297
1
75.412895 340.132088
5.295000 9.953000 12.082942 31 2
0.065880 0.000000 0.000000 0.000000 0.078295
-0.008292 0.007569
1
112.037314 233.851934
5.295000 9.953000 12.082942 22 2
0.065880 0.000000 0.000000 0.000000 0.049259
-0.005436 0.000380
4
150.651300 259.780299
5.295000 9.953000 12.082942 32 1
0.000000 0.000000 0.000000 0.000000 0.062396
-0.004858 0.000297
4
376.242997 396.139965
5.295000 9.953000 12.082942 44 1
0.000000 0.000000 0.000000 0.000000 0.068668
0.005162 0.006277
4
60.593357 313.825161
5.295000 9.953000 12.082942 42 1
0.000000 0.000000 0.000000 0.000000 0.083765
-0.010719 0.004189
1
185.557265 394.253875
5.295000 9.953000 12.082942 0 1
0.065880 0.000000 0.000000 0.000000 0.049815
-0.001848 0.005488
1
268.276413 347.826278
5.295000 9.953000 12.082942 21 2
0.065880 0.000000 0.000000 0.000000 0.068768
-0.000201 0.004739
1
298.461791 178.769634
5.295000 9.953000 12.082942 41 2
0.065880 0.000000 0.000000 0.000000 0.054625
0.003932 -0.005531
1
308.719511 147.893346
5.295000 9.953000 12.082942 20 2
0.065880 0.000000 0.000000 0.000000 0.059769
0.003471 -0.007103
4
111.873433 165.423796
5.295000 9.953000 12.082942 36 1
0.000000 0.000000 0.000000 0.000000 0.071706
-0.004663 -0.003110
1
288.855750 209.600816
5.295000 9.953000 12.082942 24 2
0.065880 0.000000 0.000000 0.000000 0.052736
0.009749 -0.002781
1
328.128736 97.056012
5.295000 9.953000 12.082942 30 2
0.065880 0.000000 0.000000 0.000000 0.104588
0.003132 -0.011835
4
192.215027 282.779007
5.295000 9.953000 12.082942 46 1
0.000000 0.000000 0.000000 0.000000 0.069730
-0.004097 0.000582
5
258.459123 12.928539
4.750685 8.929853 10.840841 34 1
0.065880 0.000000 0.000000 0.000000 0.339214
-0.007493 -0.014838
1
293.109200 395.169030
5.295000 9.953000 12.082942 21 2
0.065880 0.000000 0.000000 0.000000 0.068783
0.001489 0.005955
4
81.211595 92.058576
5.295000 9.953000 12.082942 38 1
0.000000 0.000000 0.000000 0.000000 0.144545
-0.011349 -0.003434
1
294.106158 245.712306
5.295000 9.953000 12.082942 0 1
0.065880 0.000000 0.000000 0.000000 0.062008
-0.024497 0.005144
4
249.638146 164.446708
5.295000 9.953000 12.082942 43 1
0.000000 0.000000 0.000000 0.000000 0.064791
-0.000495 -0.003847
1
171.090297 328.637996
5.295000 9.953000 12.082942 25 2
0.065880 0.000000 0.000000 0.000000 0.051287
-0.004609 0.002498
4
143.274128 126.349409
5.295000 9.953000 12.082942 33 1
0.000000 0.000000 0.000000 0.000000 0.093018
-0.005978 -0.002756
1
333.151783 304.681700
5.295000 9.953000 12.082942 20 2
0.065880 0.000000 0.000000 0.000000 0.056514
-0.001974 -0.002644
1
411.197091 324.139542
5.295000 9.953000 12.082942 0 1
0.065880 0.000000 0.000000 0.000000 0.129090
0.006472 0.004102
1
107.615283 358.142233
5.295000 9.953000 12.082942 19 2
0.065880 0.000000 0.000000 0.000000 0.061239
-0.005678 0.004226
1
250.978115 71.374250
5.295000 9.953000 12.082942 0 1
0.065880 0.000000 0.000000 0.000000 0.107182
-0.002173 -0.007530
1
372.951748 83.339416
5.295000 9.953000 12.082942 47 2
0.065880 0.000000 0.000000 0.000000 0.092295
0.004346 -0.007748
1
300.110879 112.472741
5.295000 9.953000 12.082942 32 2
0.065880 0.000000 0.000000 0.000000 0.074441
0.000041 -0.006646
5
444.865260 327.683591
4.750685 8.929853 10.840841 34 1
0.065880 0.000000 0.000000 0.000000 0.083711
0.006284 0.011863
4
82.296191 239.474520
5.295000 9.953000 12.082942 43 1
0.000000 0.000000 0.000000 0.000000 0.067040
-0.006287 -0.001161
4
49.427666 224.100245
5.295000 9.953000 12.082942 32 1
0.000000 0.000000 0.000000 0.000000 0.069854
-0.006414 -0.002700
1
460.689080 278.230336
5.295000 9.953000 12.082942 45 2
0.065880 0.000000 0.000000 0.000000 0.121098
0.007164 -0.002834
1
183.173730 201.855638
5.295000 9.953000 12.082942 20 2
0.065880 0.000000 0.000000 0.000000 0.047938
-0.007625 -0.001717
4
295.750522 363.676272
5.295000 9.953000 12.082942 39 1
0.000000 0.000000 0.000000 0.000000 0.099092
0.000109 0.005879
1
78.212960 396.918259
5.295000 9.953000 12.082942 22 2
0.065880 0.000000 0.000000 0.000000 0.125262
-0.005482 0.004640
1
370.833935 462.278775
5.295000 9.953000 12.082942 0 1
0.065880 0.000000 0.000000 0.000000 0.153216
0.020382 0.013518
4
309.771554 323.577352
5.295000 9.953000 12.082942 32 1
0.000000 0.000000 0.000000 0.000000 0.073010
-0.001746 0.002116
1
133.212931 255.936570
5.295000 9.953000 12.082942 36 2
0.065880 0.000000 0.000000 0.000000 0.054377
-0.005452 0.000650
4
96.255863 120.867215
5.295000 9.953000 12.082942 40 1
0.000000 0.000000 0.000000 0.000000 0.075301
-0.006974 -0.005948
1
420.715661 289.257756
5.295000 9.953000 12.082942 21 2
0.065880 0.000000 0.000000 0.000000 0.101713
0.011861 0.003163
1
349.690028 210.900365
5.295000 9.953000 12.082942 0 1
0.065880 0.000000 0.000000 0.000000 0.087432
0.006116 0.011763
1
473.916789 166.191655
5.295000 9.953000 12.082942 24 2
0.065880 0.000000 0.000000 0.000000 0.284478
0.009634 -0.007799
1
177.377855 378.272713
5.295000 9.953000 12.082942 0 1
0.065880 0.000000 0.000000 0.000000 0.050358
-0.002154 0.004706
1
79.581240 416.074036
5.295000 9.953000 12.082942 37 2
0.065880 0.000000 0.000000 0.000000 0.228898
-0.005276 0.004595
4
61.535774 388.116197
5.295000 9.953000 12.082942 44 1
0.000000 0.000000 0.000000 0.000000 0.126447
-0.005962 0.006361
4
436.964289 191.952758
5.295000 9.953000 12.082942 37 1
0.000000 0.000000 0.000000 0.000000 0.122438
0.010827 -0.004160
1
275.586253 425.914800
5.295000 9.953000 12.082942 0 1
0.065880 0.000000 0.000000 0.000000 0.067274
0.001537 0.008353
1
249.083026 411.020238
5.295000 9.953000 12.082942 28 2
0.065880 0.000000 0.000000 0.000000 0.076081
-0.000449 0.006953
5
345.793532 97.902050
4.869501 9.153191 11.111974 33 1
0.065880 0.000000 0.000000 0.000000 0.116252
0.009194 -0.012821
4
76.592035 321.540754
5.295000 9.953000 12.082942 31 1
0.000000 0.000000 0.000000 0.000000 0.095625
-0.010226 0.005477
1
293.117464 94.905337
5.295000 9.953000 12.082942 0 1
0.065880 0.000000 0.000000 0.000000 0.107288
-0.000085 -0.007076
1
82.498341 186.135408
5.295000 9.953000 12.082942 20 2
0.065880 0.000000 0.000000 0.000000 0.047291
-0.007464 -0.004454
4
44.370749 360.587970
5.295000 9.953000 12.082942 39 1
0.000000 0.000000 0.000000 0.000000 0.154428
-0.015912 0.008923
1
348.841921 67.022622
5.295000 9.953000 12.082942 43 2
0.065880 0.000000 0.000000 0.000000 0.239702
0.008028 -0.010585
4
225.424200 178.113219
5.295000 9.953000 12.082942 35 1
0.000000 0.000000 0.000000 0.000000 0.076956
-0.003052 0.000617
2
316.493550 23.957641
5.295000 9.953000 12.082942 40 1
0.065880 0.000000 0.000000 0.000000 0.134342
-0.000099 -0.007686
1
318.744009 116.621450
5.295000 9.953000 12.082942 20 2
0.065880 0.000000 0.000000 0.000000 0.083429
-0.000408 -0.004619
1
436.015351 115.493187
5.295000 9.953000 12.082942 30 2
0.065880 0.000000 0.000000 0.000000 0.119954
0.010110 -0.004402
1
292.250348 325.937327
5.295000 9.953000 12.082942 42 2
0.065880 0.000000 0.000000 0.000000 0.064139
-0.001155 0.000601
1
396.922216 183.652849
5.295000 9.953000 12.082942 47 2
0.065880 0.000000 0.000000 0.000000 0.071266
-0.006886 -0.011802
4
201.093741 205.150341
5.295000 9.953000 12.082942 32 1
0.000000 0.000000 0.000000 0.000000 0.084732
-0.010479 -0.000555
4
159.015648 409.262908
5.295000 9.953000 12.082942 45 1
0.000000 0.000000 0.000000 0.000000 0.059905
-0.003348 0.004608
1
434.374357 96.733265
5.295000 9.953000 12.082942 22 2
0.065880 0.000000 0.000000 0.000000 0.244099
0.008545 -0.005081
1
188.258041 109.082427
5.295000 9.953000 12.082942 21 2
0.065880 0.000000 0.000000 0.000000 0.053375
-0.004075 -0.004650
4
310.701598 482.206289
5.295000 9.953000 12.082942 42 1
0.000000 0.000000 0.000000 0.000000 0.119130
-0.001301 0.012335
1
343.320790 159.362479
5.295000 9.953000 12.082942 29 2
0.065880 0.000000 0.000000 0.000000 0.073089
0.005828 -0.006950
4
241.988319 210.332178
5.295000 9.953000 12.082942 47 1
0.000000 0.000000 0.000000 0.000000 0.049996
0.002813 -0.003607
1
321.877435 49.774361
5.295000 9.953000 12.082942 21 2
0.065880 0.000000 0.000000 0.000000 0.225198
0.011068 -0.010946
1
427.073366 207.000792
5.295000 9.953000 12.082942 0 1
0.065880 0.000000 0.000000 0.000000 0.110245
0.004726 -0.006842
4
203.913416 394.823256
5.295000 9.953000 12.082942 34 1
0.000000 0.000000 0.000000 0.000000 0.085865
-0.001530 0.005811
4
331.855479 186.517796
5.295000 9.953000 12.082942 47 1
0.000000 0.000000 0.000000 0.000000 0.064841
-0.004646 -0.024406
1
140.793612 337.107253
5.295000 9.953000 12.082942 0 1
0.065880 0.000000 0.000000 0.000000 0.055219
-0.006536 0.002676
1
435.994798 237.317268
5.295000 9.953000 12.082942 0 1
0.065880 0.000000 0.000000 0.000000 0.131256
0.007251 -0.002541
4
328.391119 354.305941
5.295000 9.953000 12.082942 46 1
0.000000 0.000000 0.000000 0.000000 0.105740
0.000897 0.002419
1
327.063936 321.864174
5.295000 9.953000 12.082942 20 2
0.065880 0.000000 0.000000 0.000000 0.078790
-0.003287 0.002906
4
394.088609 328.485869
5.295000 9.953000 12.082942 0 1
0.000000 0.000000 0.000000 0.000000 0.187129
0.012697 -0.002842
4
416.093235 306.861315
5.295000 9.953000 12.082942 0 1
0.000000 0.000000 0.000000 0.000000 0.190230
0.008586 0.001332
4
234.603789 114.364440
5.295000 9.953000 12.082942 0 1
0.000000 0.000000 0.000000 0.000000 0.124940
-0.004206 -0.005154
4
301.640039 196.282595
5.295000 9.953000 12.082942 45 1
0.000000 0.000000 0.000000 0.000000 0.064358
-0.003571 -0.006608
1
368.242145 300.450943
5.295000 9.953000 12.082942 23 2
0.065880 0.000000 0.000000 0.000000 0.074046
0.007314 0.002420
4
441.053303 219.243852
5.295000 9.953000 12.082942 0 1
0.000000 0.000000 0.000000 0.000000 0.160858
0.005464 -0.002843
4
423.301842 224.698415
5.295000 9.953000 12.082942 0 1
0.000000 0.000000 0.000000 0.000000 0.191223
0.005810 -0.004692
4
142.122345 454.690710
5.295000 9.953000 12.082942 0 1
0.000000 0.000000 0.000000 0.000000 0.177353
-0.002441 0.004409
4
102.768680 263.664819
5.295000 9.953000 12.082942 0 1
0.000000 0.000000 0.000000 0.000000 0.082692
-0.006992 0.000993
4
275.943512 331.282940
5.295000 9.953000 12.082942 0 1
0.000000 0.000000 0.000000 0.000000 0.111843
0.000065 0.003958
4
416.980796 355.134597
5.295000 9.953000 12.082942 0 1
0.000000 0.000000 0.000000 0.000000 0.170686
0.000692 0.006498
1
377.882559 250.931386
5.295000 9.953000 12.082942 19 2
0.065880 0.000000 0.000000 0.000000 0.098458
0.023148 -0.015082
4
162.672281 293.401244
5.295000 9.953000 12.082942 43 1
0.000000 0.000000 0.000000 0.000000 0.062581
-0.005245 0.001708
1
227.708341 144.721963
5.295000 9.953000 12.082942 19 2
0.065880 0.000000 0.000000 0.000000 0.071577
-0.002803 -0.003260
1
287.848648 295.761233
5.295000 9.953000 12.082942 19 2
0.065880 0.000000 0.000000 0.000000 0.051564
0.000344 0.000190
1
48.928514 150.092952
5.295000 9.953000 12.082942 19 2
0.065880 0.000000 0.000000 0.000000 0.095507
-0.006995 -0.004879
1
76.104358 303.392865
5.295000 9.953000 12.082942 19 2
0.065880 0.000000 0.000000 0.000000 0.067226
-0.009776 0.003774
4
51.006454 242.423715
5.295000 9.953000 12.082942 30 1
0.000000 0.000000 0.000000 0.000000 0.097954
-0.006002 -0.001656
1
398.299453 311.078922
5.295000 9.953000 12.082942 19 2
0.065880 0.000000 0.000000 0.000000 0.132902
0.007328 0.000806
1
337.116502 225.731922
5.295000 9.953000 12.082942 19 2
0.065880 0.000000 0.000000 0.000000 0.083290
0.019472 0.021948
4
260.320598 478.049914
5.295000 9.953000 12.082942 41 1
0.000000 0.000000 0.000000 0.000000 0.074248
0.002883 0.007649
4
220.928853 4.412613
5.295000 9.953000 12.082942 41 1
0.000000 0.000000 0.000000 0.000000 0.143263
0.006230 -0.008935
4
275.928332 395.042268
5.295000 9.953000 12.082942 45 1
0.000000 0.000000 0.000000 0.000000 0.071017
0.000286 0.006287
4
344.838999 271.683475
5.295000 9.953000 12.082942 44 1
0.000000 0.000000 0.000000 0.000000 0.098102
0.012985 0.004863
1
166.470581 425.899901
5.295000 9.953000 12.082942 19 2
0.065880 0.000000 0.000000 0.000000 0.062708
-0.002809 0.005250
4
349.518200 192.732558
5.295000 9.953000 12.082942 45 1
0.000000 0.000000 0.000000 0.000000 0.071487
0.033653 -0.019992
1
91.461448 292.838780
5.295000 9.953000 12.082942 19 2
0.065880 0.000000 0.000000 0.000000 0.051456
-0.009057 0.002435
4
174.621217 279.903455
5.295000 9.953000 12.082942 27 1
0.000000 0.000000 0.000000 0.000000 0.084871
-0.004757 0.000897
1
282.040580 174.230145
5.295000 9.953000 12.082942 41 2
0.065880 0.000000 0.000000 0.000000 0.048625
0.003178 -0.005254
4
184.657799 425.938885
5.295000 9.953000 12.082942 42 1
0.000000 0.000000 0.000000 0.000000 0.066150
-0.002078 0.006869
1
254.797465 198.593534
5.295000 9.953000 12.082942 19 2
0.065880 0.000000 0.000000 0.000000 0.045956
0.005088 -0.003404
1
329.568455 486.475283
5.295000 9.953000 12.082942 19 2
0.065880 0.000000 0.000000 0.000000 0.134404
-0.001251 0.014891
1
180.806347 41.963603
5.295000 9.953000 12.082942 19 2
0.065880 0.000000 0.000000 0.000000 0.068240
-0.000770 -0.007351
4
387.269182 381.009444
5.295000 9.953000 12.082942 42 1
0.000000 0.000000 0.000000 0.000000 0.089338
0.010246 0.006447
4
344.037611 318.891330
5.295000 9.953000 12.082942 39 1
0.000000 0.000000 0.000000 0.000000 0.080968
-0.000608 -0.001380
1
316.827905 256.027507
5.295000 9.953000 12.082942 19 2
0.065880 0.000000 0.000000 0.000000 0.057427
0.009408 0.027516
4
226.974212 287.286813
5.295000 9.953000 12.082942 32 1
0.000000 0.000000 0.000000 0.000000 0.109684
-0.002813 0.000280
4
413.764827 259.435347
5.295000 9.953000 12.082942 45 1
0.000000 0.000000 0.000000 0.000000 0.083278
0.013546 0.001161
1
49.667311 168.938367
5.295000 9.953000 12.082942 41 2
0.065880 0.000000 0.000000 0.000000 0.063251
-0.008361 -0.004649
4
92.456267 367.969352
5.295000 9.953000 12.082942 41 1
0.000000 0.000000 0.000000 0.000000 0.073906
-0.006360 0.004715
1
40.903368 324.376640
5.295000 9.953000 12.082942 39 2
0.065880 0.000000 0.000000 0.000000 0.102808
-0.003058 0.005051
1
367.198627 66.505800
5.295000 9.953000 12.082942 41 2
0.065880 0.000000 0.000000 0.000000 0.151692
0.012647 -0.011853
4
424.079148 162.109160
5.295000 9.953000 12.082942 39 1
0.000000 0.000000 0.000000 0.000000 0.081758
0.006705 -0.003789
1
333.227784 374.498289
5.295000 9.953000 12.082942 20 2
0.065880 0.000000 0.000000 0.000000 0.074198
0.003823 0.006477
1
285.753131 378.987829
5.295000 9.953000 12.082942 20 2
0.065880 0.000000 0.000000 0.000000 0.083024
0.000610 0.006103
4
401.523498 247.130772
5.295000 9.953000 12.082942 47 1
0.000000 0.000000 0.000000 0.000000 0.092371
0.011437 0.000547
1
380.495999 314.041971
5.295000 9.953000 12.082942 20 2
0.065880 0.000000 0.000000 0.000000 0.108115
0.006927 0.006898
1
96.464676 157.287167
5.295000 9.953000 12.082942 20 2
0.065880 0.000000 0.000000 0.000000 0.049085
-0.004703 -0.004268
4
80.285951 111.475432
5.295000 9.953000 12.082942 43 1
0.000000 0.000000 0.000000 0.000000 0.083652
-0.008183 -0.004952
4
306.159770 464.240935
5.295000 9.953000 12.082942 47 1
0.000000 0.000000 0.000000 0.000000 0.065241
0.005565 0.010451
1
461.771908 323.775867
5.295000 9.953000 12.082942 20 2
0.065880 0.000000 0.000000 0.000000 0.076501
0.010606 0.004933
1
396.489644 201.329080
5.295000 9.953000 12.082942 42 2
0.065880 0.000000 0.000000 0.000000 0.076279
0.001065 -0.007719
4
48.945704 205.661100
5.295000 9.953000 12.082942 31 1
0.000000 0.000000 0.000000 0.000000 0.065948
-0.007323 -0.003205
1
405.837996 230.208231
5.295000 9.953000 12.082942 20 2
0.065880 0.000000 0.000000 0.000000 0.121742
0.005047 -0.003014
4
211.649005 236.428365
5.295000 9.953000 12.082942 41 1
0.000000 0.000000 0.000000 0.000000 0.064700
0.005666 -0.002967
1
353.040090 256.202551
5.295000 9.953000 12.082942 39 2
0.065880 0.000000 0.000000 0.000000 0.102763
0.004165 0.007321
4
204.021278 268.368298
5.295000 9.953000 12.082942 31 1
0.000000 0.000000 0.000000 0.000000 0.073892
-0.003478 -0.000030
1
429.002416 388.747973
5.295000 9.953000 12.082942 20 2
0.065880 0.000000 0.000000 0.000000 0.099344
0.001274 0.008422
4
285.007376 191.870472
5.295000 9.953000 12.082942 43 1
0.000000 0.000000 0.000000 0.000000 0.055957
0.007596 -0.003482
1
319.449549 433.720686
5.295000 9.953000 12.082942 20 2
0.065880 0.000000 0.000000 0.000000 0.071103
0.010041 0.009736
4
176.205409 71.777537
5.295000 9.953000 12.082942 33 1
0.000000 0.000000 0.000000 0.000000 0.082326
0.000108 -0.008165
1
192.202142 11.284421
5.295000 9.953000 12.082942 20 2
0.065880 0.000000 0.000000 0.000000 0.116170
-0.008589 -0.008040
4
109.695950 394.541933
5.295000 9.953000 12.082942 33 1
0.000000 0.000000 0.000000 0.000000 0.096314
-0.005388 0.004384
1
274.658018 139.011242
5.295000 9.953000 12.082942 20 2
0.065880 0.000000 0.000000 0.000000 0.056021
-0.000311 -0.005145
1
350.688356 302.769674
5.295000 9.953000 12.082942 20 2
0.065880 0.000000 0.000000 0.000000 0.069591
0.003669 -0.002459
1
200.368050 223.015214
5.295000 9.953000 12.082942 39 2
0.065880 0.000000 0.000000 0.000000 0.058416
0.002429 0.002065
4
99.446440 194.253478
5.295000 9.953000 12.082942 41 1
0.000000 0.000000 0.000000 0.000000 0.055999
-0.007701 -0.002668
1
304.992472 130.003607
5.295000 9.953000 12.082942 20 2
0.065880 0.000000 0.000000 0.000000 0.061241
0.002251 -0.005804
4
319.994375 338.391192
5.295000 9.953000 12.082942 34 1
0.000000 0.000000 0.000000 0.000000 0.101401
-0.004421 0.002874
1
362.546639 270.163978
5.295000 9.953000 12.082942 21 2
0.065880 0.000000 0.000000 0.000000 0.087588
0.010845 -0.001504
4
50.181678 187.511469
5.295000 9.953000 12.082942 47 1
0.000000 0.000000 0.000000 0.000000 0.054929
-0.008458 -0.004170
4
84.414015 204.231351
5.295000 9.953000 12.082942 33 1
0.000000 0.000000 0.000000 0.000000 0.070239
-0.010036 -0.004137
1
34.179358 234.412992
5.295000 9.953000 12.082942 21 2
0.065880 0.000000 0.000000 0.000000 0.066880
-0.006153 -0.001922
1
220.132283 457.123782
5.295000 9.953000 12.082942 21 2
0.065880 0.000000 0.000000 0.000000 0.066297
0.000387 0.009020
4
453.254637 360.414749
5.295000 9.953000 12.082942 44 1
0.000000 0.000000 0.000000 0.000000 0.121093
0.000271 0.001200
4
173.733927 232.956276
5.295000 9.953000 12.082942 36 1
0.000000 0.000000 0.000000 0.000000 0.064088
-0.003444 -0.001587
2
471.883363 148.007227
5.295000 9.953000 12.082942 46 1
0.065880 0.000000 0.000000 0.000000 0.361987
0.008432 -0.011827
1
447.131220 393.023654
5.295000 9.953000 12.082942 21 2
0.065880 0.000000 0.000000 0.000000 0.160972
0.004730 0.002474
1
363.295457 182.666826
5.295000 9.953000 12.082942 43 2
0.065880 0.000000 0.000000 0.000000 0.058885
-0.007041 0.011935
4
265.276077 316.355908
5.295000 9.953000 12.082942 47 1
0.000000 0.000000 0.000000 0.000000 0.061561
-0.000151 0.001777
1
270.396040 298.628681
5.295000 9.953000 12.082942 21 2
0.065880 0.000000 0.000000 0.000000 0.052631
-0.001161 -0.002130
1
207.471398 64.426812
5.295000 9.953000 12.082942 21 2
0.065880 0.000000 0.000000 0.000000 0.076547
-0.003263 -0.007209
4
126.184492 384.166365
5.295000 9.953000 12.082942 33 1
0.000000 0.000000 0.000000 0.000000 0.096512
-0.004954 0.004192
4
157.306323 70.919564
5.295000 9.953000 12.082942 31 1
0.000000 0.000000 0.000000 0.000000 0.079176
0.000457 -0.008793
4
243.072282 498.491785
5.295000 9.953000 12.082942 34 1
0.000000 0.000000 0.000000 0.000000 0.094961
-0.000936 0.007198
4
261.713452 496.710157
5.295000 9.953000 12.082942 44 1
0.000000 0.000000 0.000000 0.000000 0.081389
0.000083 0.009128
4
127.515572 172.166278
5.295000 9.953000 12.082942 38 1
0.000000 0.000000 0.000000 0.000000 0.078804
-0.005253 -0.001233
1
150.489845 53.537411
5.295000 9.953000 12.082942 21 2
0.065880 0.000000 0.000000 0.000000 0.072556
-0.001533 -0.007594
1
251.938652 263.089056
5.295000 9.953000 12.082942 21 2
0.065880 0.000000 0.000000 0.000000 0.046627
-0.005119 -0.005224
4
88.782117 275.000426
5.295000 9.953000 12.082942 43 1
0.000000 0.000000 0.000000 0.000000 0.081055
-0.007782 0.001323
1
286.495936 76.686373
5.295000 9.953000 12.082942 21 2
0.065880 0.000000 0.000000 0.000000 0.173243
-0.002773 -0.005343
4
232.137436 349.504526
5.295000 9.953000 12.082942 34 1
0.000000 0.000000 0.000000 0.000000 0.067695
-0.001313 0.004114
1
127.024100 119.748182
5.295000 9.953000 12.082942 21 2
0.065880 0.000000 0.000000 0.000000 0.057634
-0.005759 -0.004885
1
431.659683 255.065703
5.295000 9.953000 12.082942 21 2
0.065880 0.000000 0.000000 0.000000 0.076324
0.008095 -0.001533
4
262.040895 151.842199
5.295000 9.953000 12.082942 32 1
0.000000 0.000000 0.000000 0.000000 0.079466
-0.000591 -0.004692
1
190.882256 478.245114
5.295000 9.953000 12.082942 21 2
0.065880 0.000000 0.000000 0.000000 0.108715
-0.002103 0.004661
4
113.777102 147.839206
5.295000 9.953000 12.082942 43 1
0.000000 0.000000 0.000000 0.000000 0.056200
-0.010509 -0.004677
4
286.197607 347.110765
5.295000 9.953000 12.082942 36 1
0.000000 0.000000 0.000000 0.000000 0.104213
-0.000502 0.005875
4
180.464083 296.961475
5.295000 9.953000 12.082942 36 1
0.000000 0.000000 0.000000 0.000000 0.085814
-0.004471 0.001258
4
285.553105 411.063615
5.295000 9.953000 12.082942 32 1
0.000000 0.000000 0.000000 0.000000 0.102051
-0.000708 0.005793
1
433.515078 301.756377
5.295000 9.953000 12.082942 21 2
0.065880 0.000000 0.000000 0.000000 0.125109
0.010866 0.006920
1
471.833829 184.143689
5.295000 9.953000 12.082942 40 2
0.065880 0.000000 0.000000 0.000000 0.182039
0.011837 -0.004182
1
251.388579 181.292667
5.295000 9.953000 12.082942 21 2
0.065880 0.000000 0.000000 0.000000 0.050747
0.006055 -0.004051
1
205.052953 119.111424
5.295000 9.953000 12.082942 21 2
0.065880 0.000000 0.000000 0.000000 0.060475
-0.004959 -0.005438
5
313.157490 65.331094
5.091141 9.569807 11.617745 31 1
0.065880 0.000000 0.000000 0.000000 0.202810
0.003638 -0.012935
4
122.584649 450.333574
5.295000 9.953000 12.082942 45 1
0.000000 0.000000 0.000000 0.000000 0.184714
-0.004528 0.004834
1
305.954903 213.568865
5.295000 9.953000 12.082942 22 2
0.065880 0.000000 0.000000 0.000000 0.061294
0.008145 -0.007399
1
469.101170 201.787886
5.295000 9.953000 12.082942 45 2
0.065880 0.000000 0.000000 0.000000 0.119314
0.008738 -0.002421
4
339.261978 391.097176
5.295000 9.953000 12.082942 39 1
0.000000 0.000000 0.000000 0.000000 0.082016
0.003047 0.006715
1
16.966120 188.025284
5.295000 9.953000 12.082942 22 2
0.065880 0.000000 0.000000 0.000000 0.188410
-0.008754 -0.001974
4
212.763154 410.508384
5.295000 9.953000 12.082942 43 1
0.000000 0.000000 0.000000 0.000000 0.062489
-0.001536 0.006713
4
195.878012 347.886652
5.295000 9.953000 12.082942 34 1
0.000000 0.000000 0.000000 0.000000 0.070141
-0.002939 0.003258
4
170.017180 167.833546
5.295000 9.953000 12.082942 44 1
0.000000 0.000000 0.000000 0.000000 0.052793
-0.004719 -0.002618
1
488.440331 233.722496
5.295000 9.953000 12.082942 22 2
0.065880 0.000000 0.000000 0.000000 0.120765
0.009015 0.000953
1
121.181563 218.999873
5.295000 9.953000 12.082942 22 2
0.065880 0.000000 0.000000 0.000000 0.064926
-0.006351 -0.000952
1
94.896621 405.429116
5.295000 9.953000 12.082942 22 2
0.065880 0.000000 0.000000 0.000000 0.086518
-0.005454 0.004308
1
307.154901 39.870257
5.295000 9.953000 12.082942 47 2
0.065880 0.000000 0.000000 0.000000 0.196264
0.004019 -0.002712
1
298.957429 309.472317
5.295000 9.953000 12.082942 22 2
0.065880 0.000000 0.000000 0.000000 0.051190
-0.000772 -0.000345
4
419.273569 107.727018
5.295000 9.953000 12.082942 38 1
0.000000 0.000000 0.000000 0.000000 0.133886
0.008066 -0.005811
4
440.132693 171.687824
5.295000 9.953000 12.082942 44 1
0.000000 0.000000 0.000000 0.000000 0.092003
0.010175 -0.004213
1
340.719242 142.769109
5.295000 9.953000 12.082942 23 2
0.065880 0.000000 0.000000 0.000000 0.074585
0.004116 -0.004576
1
470.471433 238.151881
5.295000 9.953000 12.082942 23 2
0.065880 0.000000 0.000000 0.000000 0.110462
0.008043 -0.001823
1
289.751050 456.892426
5.295000 9.953000 12.082942 23 2
0.065880 0.000000 0.000000 0.000000 0.066491
0.006748 0.008222
1
405.352291 136.025185
5.295000 9.953000 12.082942 23 2
0.065880 0.000000 0.000000 0.000000 0.064732
0.006359 -0.005657
4
19.043410 245.139564
5.295000 9.953000 12.082942 40 1
0.000000 0.000000 0.000000 0.000000 0.073942
-0.004894 -0.000856
1
44.051686 306.689177
5.295000 9.953000 12.082942 23 2
0.065880 0.000000 0.000000 0.000000 0.090830
-0.010596 0.002193
4
153.714997 359.526427
5.295000 9.953000 12.082942 41 1
0.000000 0.000000 0.000000 0.000000 0.063707
-0.003513 0.003964
1
93.431111 386.494031
5.295000 9.953000 12.082942 23 2
0.065880 0.000000 0.000000 0.000000 0.078376
-0.005904 0.004175
4
168.253462 215.772380
5.295000 9.953000 12.082942 40 1
0.000000 0.000000 0.000000 0.000000 0.051222
-0.001930 -0.001527
1
177.364549 185.126431
5.295000 9.953000 12.082942 23 2
0.065880 0.000000 0.000000 0.000000 0.053702
-0.005019 -0.002585
4
388.219336 128.467131
5.295000 9.953000 12.082942 46 1
0.000000 0.000000 0.000000 0.000000 0.074524
0.005216 -0.006634
1
247.909002 245.763710
5.295000 9.953000 12.082942 23 2
0.065880 0.000000 0.000000 0.000000 0.050268
-0.001432 -0.005001
4
139.021808 224.550601
5.295000 9.953000 12.082942 44 1
0.000000 0.000000 0.000000 0.000000 0.050384
-0.005164 -0.000273
4
189.684015 126.224433
5.295000 9.953000 12.082942 38 1
0.000000 0.000000 0.000000 0.000000 0.064324
-0.004891 -0.004023
1
162.488340 246.383771
5.295000 9.953000 12.082942 23 2
0.065880 0.000000 0.000000 0.000000 0.047752
-0.004118 -0.000514
4
225.439389 473.820121
5.295000 9.953000 12.082942 33 1
0.000000 0.000000 0.000000 0.000000 0.102443
0.000688 0.010486
1
362.024559 363.700002
5.295000 9.953000 12.082942 44 2
0.065880 0.000000 0.000000 0.000000 0.121138
0.006445 0.002122
1
385.580598 70.329382
5.295000 9.953000 12.082942 23 2
0.065880 0.000000 0.000000 0.000000 0.098562
0.010533 -0.008193
4
96.027544 228.203757
5.295000 9.953000 12.082942 44 1
0.000000 0.000000 0.000000 0.000000 0.071242
-0.005519 -0.000645
4
36.090934 252.887664
5.295000 9.953000 12.082942 39 1
0.000000 0.000000 0.000000 0.000000 0.085721
-0.005539 -0.000977
4
362.714863 316.840122
5.295000 9.953000 12.082942 38 1
0.000000 0.000000 0.000000 0.000000 0.108824
0.000541 0.001952
1
43.139550 342.371449
5.295000 9.953000 12.082942 24 2
0.065880 0.000000 0.000000 0.000000 0.120965
-0.005969 0.006631
1
124.303194 286.120079
5.295000 9.953000 12.082942 24 2
0.065880 0.000000 0.000000 0.000000 0.058682
-0.006313 0.001096
1
64.520204 139.907414
5.295000 9.953000 12.082942 24 2
0.065880 0.000000 0.000000 0.000000 0.061618
-0.005961 -0.003195
4
310.580800 275.755245
5.295000 9.953000 12.082942 31 1
0.000000 0.000000 0.000000 0.000000 0.080256
0.006909 -0.006991
4
405.323971 380.551654
5.295000 9.953000 12.082942 44 1
0.000000 0.000000 0.000000 0.000000 0.101191
0.014526 0.003454
1
188.612085 171.837272
5.295000 9.953000 12.082942 24 2
0.065880 0.000000 0.000000 0.000000 0.048753
-0.004187 -0.002831
1
276.803644 282.479616
5.295000 9.953000 12.082942 24 2
0.065880 0.000000 0.000000 0.000000 0.050271
0.004913 -0.003652
4
145.258614 242.512821
5.295000 9.953000 12.082942 45 1
0.000000 0.000000 0.000000 0.000000 0.049240
-0.004608 -0.000114
4
271.826744 204.311615
5.295000 9.953000 12.082942 47 1
0.000000 0.000000 0.000000 0.000000 0.046555
0.006085 -0.003230
5
488.912804 177.459386
5.195070 9.765163 11.854907 30 1
0.065880 0.000000 0.000000 0.000000 0.338887
0.010943 -0.003577
4
225.667882 204.066839
5.295000 9.953000 12.082942 39 1
0.000000 0.000000 0.000000 0.000000 0.092077
0.004797 -0.008191
1
316.762044 369.439342
5.295000 9.953000 12.082942 24 2
0.065880 0.000000 0.000000 0.000000 0.090442
0.003810 0.005313
4
250.304363 348.951099
5.295000 9.953000 12.082942 38 1
0.000000 0.000000 0.000000 0.000000 0.070706
-0.000518 0.004456
1
141.913723 407.168858
5.295000 9.953000 12.082942 25 2
0.065880 0.000000 0.000000 0.000000 0.058303
-0.004303 0.004381
1
390.913010 221.244535
5.295000 9.953000 12.082942 25 2
0.065880 0.000000 0.000000 0.000000 0.108384
0.005893 -0.009404
1
120.243680 268.861577
5.295000 9.953000 12.082942 25 2
0.065880 0.000000 0.000000 0.000000 0.077242
-0.006458 0.000990
4
392.464688 164.208587
5.295000 9.953000 12.082942 36 1
0.000000 0.000000 0.000000 0.000000 0.080361
0.004828 -0.004362
1
407.169234 435.081598
5.295000 9.953000 12.082942 25 2
0.065880 0.000000 0.000000 0.000000 0.132836
0.004598 0.003753
4
111.779537 413.698014
5.295000 9.953000 12.082942 32 1
0.000000 0.000000 0.000000 0.000000 0.102377
-0.005502 0.004735
4
116.907465 201.290945
5.295000 9.953000 12.082942 39 1
0.000000 0.000000 0.000000 0.000000 0.075308
-0.006598 -0.001306
1
85.354935 257.293532
5.295000 9.953000 12.082942 25 2
0.065880 0.000000 0.000000 0.000000 0.067506
-0.006929 0.000068
1
230.526484 442.450324
5.295000 9.953000 12.082942 25 2
0.065880 0.000000 0.000000 0.000000 0.063163
-0.000893 0.007428
1
370.897737 427.282092
5.295000 9.953000 12.082942 25 2
0.065880 0.000000 0.000000 0.000000 0.054827
0.002616 0.007543
4
139.166018 106.835943
5.295000 9.953000 12.082942 31 1
0.000000 0.000000 0.000000 0.000000 0.096561
-0.002728 -0.003498
1
234.106358 257.062519
5.295000 9.953000 12.082942 25 2
0.065880 0.000000 0.000000 0.000000 0.053479
-0.002127 -0.001950
4
195.363257 379.090517
5.295000 9.953000 12.082942 31 1
0.000000 0.000000 0.000000 0.000000 0.068152
-0.001714 0.005024
1
284.844658 9.190877
5.295000 9.953000 12.082942 25 2
0.065880 0.000000 0.000000 0.000000 0.215514
0.004618 -0.008381
4
159.058443 342.264832
5.295000 9.953000 12.082942 35 1
0.000000 0.000000 0.000000 0.000000 0.060679
-0.005375 0.002633
1
328.942126 170.062543
5.295000 9.953000 12.082942 25 2
0.065880 0.000000 0.000000 0.000000 0.071514
0.005738 0.006547
1
45.045654 379.160041
5.295000 9.953000 12.082942 26 2
0.065880 0.000000 0.000000 0.000000 0.222875
-0.007752 0.010221
2
350.144489 34.194152
5.295000 9.953000 12.082942 40 1
0.065880 0.000000 0.000000 0.000000 0.206391
0.006537 -0.009002
4
166.244928 310.856550
5.295000 9.953000 12.082942 47 1
0.000000 0.000000 0.000000 0.000000 0.063348
-0.005235 0.002407
1
130.533108 189.744828
5.295000 9.953000 12.082942 26 2
0.065880 0.000000 0.000000 0.000000 0.061172
-0.005895 -0.000894
4
137.098276 319.175724
5.295000 9.953000 12.082942 32 1
0.000000 0.000000 0.000000 0.000000 0.075646
-0.006855 0.002368
4
386.666635 93.284902
5.295000 9.953000 12.082942 47 1
0.000000 0.000000 0.000000 0.000000 0.077220
0.005878 -0.007778
4
194.257939 29.762191
5.295000 9.953000 12.082942 40 1
0.000000 0.000000 0.000000 0.000000 0.094923
-0.001324 -0.008707
1
23.904483 282.237583
5.295000 9.953000 12.082942 26 2
0.065880 0.000000 0.000000 0.000000 0.080760
-0.007735 -0.000987
1
151.300241 162.115181
5.295000 9.953000 12.082942 26 2
0.065880 0.000000 0.000000 0.000000 0.046365
-0.005519 -0.002185
1
405.309151 342.094848
5.295000 9.953000 12.082942 26 2
0.065880 0.000000 0.000000 0.000000 0.128973
0.007663 -0.004852
1
233.707452 39.839045
5.295000 9.953000 12.082942 26 2
0.065880 0.000000 0.000000 0.000000 0.111365
-0.001268 -0.008641
4
213.292378 191.603495
5.295000 9.953000 12.082942 32 1
0.000000 0.000000 0.000000 0.000000 0.092999
-0.005946 0.000748
4
358.501968 441.137214
5.295000 9.953000 12.082942 46 1
0.000000 0.000000 0.000000 0.000000 0.062724
0.001639 0.009016
1
369.541534 101.717971
5.295000 9.953000 12.082942 26 2
0.065880 0.000000 0.000000 0.000000 0.090972
0.004009 -0.006129
1
346.180587 176.191508
5.295000 9.953000 12.082942 26 2
0.065880 0.000000 0.000000 0.000000 0.060702
0.005692 0.004171
4
60.864294 369.145724
5.295000 9.953000 12.082942 45 1
0.000000 0.000000 0.000000 0.000000 0.096655
-0.010734 0.006030
1
388.130568 346.367019
5.295000 9.953000 12.082942 27 2
0.065880 0.000000 0.000000 0.000000 0.139064
0.009933 0.001953
4
275.906779 221.925626
5.295000 9.953000 12.082942 38 1
0.000000 0.000000 0.000000 0.000000 0.066456
0.005854 -0.004256
1
144.121465 35.904753
5.295000 9.953000 12.082942 27 2
0.065880 0.000000 0.000000 0.000000 0.243275
-0.005100 -0.006414
4
275.641641 91.262955
5.295000 9.953000 12.082942 46 1
0.000000 0.000000 0.000000 0.000000 0.100754
-0.001995 -0.004988
4
337.775231 337.325933
5.295000 9.953000 12.082942 47 1
0.000000 0.000000 0.000000 0.000000 0.089825
-0.002599 0.008557
4
198.918170 316.868484
5.295000 9.953000 12.082942 34 1
0.000000 0.000000 0.000000 0.000000 0.069596
-0.002828 0.001972
1
453.163564 233.074366
5.295000 9.953000 12.082942 27 2
0.065880 0.000000 0.000000 0.000000 0.099293
0.007231 -0.001573
1
245.263929 25.455856
5.295000 9.953000 12.082942 46 2
0.065880 0.000000 0.000000 0.000000 0.189633
-0.001495 -0.010259
1
92.452917 76.340297
5.295000 9.953000 12.082942 27 2
0.065880 0.000000 0.000000 0.000000 0.166821
-0.007449 -0.002286
4
310.596148 353.815475
5.295000 9.953000 12.082942 34 1
0.000000 0.000000 0.000000 0.000000 0.111161
-0.000437 0.004842
1
407.183326 153.735994
5.295000 9.953000 12.082942 28 2
0.065880 0.000000 0.000000 0.000000 0.058538
0.006930 -0.004249
4
209.727051 285.050152
5.295000 9.953000 12.082942 29 1
0.000000 0.000000 0.000000 0.000000 0.078715
-0.003475 0.000327
1
99.681073 442.811797
5.295000 9.953000 12.082942 28 2
0.065880 0.000000 0.000000 0.000000 0.221772
-0.006691 0.004126
1
439.360225 152.672938
5.295000 9.953000 12.082942 28 2
0.065880 0.000000 0.000000 0.000000 0.074795
0.006211 -0.004350
1
278.721105 239.380208
5.295000 9.953000 12.082942 28 2
0.065880 0.000000 0.000000 0.000000 0.063564
0.000658 -0.002607
4
267.012582 410.639603
5.295000 9.953000 12.082942 32 1
0.000000 0.000000 0.000000 0.000000 0.079439
-0.000012 0.007484
4
106.953564 339.831771
5.295000 9.953000 12.082942 38 1
0.000000 0.000000 0.000000 0.000000 0.058597
-0.007068 0.004057
1
112.325308 129.801760
5.295000 9.953000 12.082942 29 2
0.065880 0.000000 0.000000 0.000000 0.055659
-0.006685 -0.005690
4
231.732596 379.779181
5.295000 9.953000 12.082942 34 1
0.000000 0.000000 0.000000 0.000000 0.077992
-0.001028 0.005381
4
124.038192 366.215238
5.295000 9.953000 12.082942 37 1
0.000000 0.000000 0.000000 0.000000 0.070203
-0.004711 0.003891
1
156.801650 276.331074
5.295000 9.953000 12.082942 29 2
0.065880 0.000000 0.000000 0.000000 0.060235
-0.005244 0.001067
1
210.730878 141.746543
5.295000 9.953000 12.082942 29 2
0.065880 0.000000 0.000000 0.000000 0.075182
-0.003402 -0.003496
4
325.850343 152.815649
5.295000 9.953000 12.082942 42 1
0.000000 0.000000 0.000000 0.000000 0.079731
0.003911 -0.007125
1
352.274978 424.133464
5.295000 9.953000 12.082942 30 2
0.065880 0.000000 0.000000 0.000000 0.055591
0.001112 0.008804
4
277.227800 486.320020
5.295000 9.953000 12.082942 40 1
0.000000 0.000000 0.000000 0.000000 0.084895
-0.000397 0.006306
4
240.348130 395.267484
5.295000 9.953000 12.082942 32 1
0.000000 0.000000 0.000000 0.000000 0.088971
-0.000733 0.006201
1
372.786951 137.908344
5.295000 9.953000 12.082942 30 2
0.065880 0.000000 0.000000 0.000000 0.075756
0.005921 -0.004864
4
370.935957 120.139024
5.295000 9.953000 12.082942 44 1
0.000000 0.000000 0.000000 0.000000 0.086387
0.003414 -0.006199
1
337.541432 126.555955
5.295000 9.953000 12.082942 30 2
0.065880 0.000000 0.000000 0.000000 0.084353
0.008327 -0.009731
1
452.932981 123.480937
5.295000 9.953000 12.082942 30 2
0.065880 0.000000 0.000000 0.000000 0.180006
0.013924 -0.003215
4
239.824302 426.838896
5.295000 9.953000 12.082942 32 1
0.000000 0.000000 0.000000 0.000000 0.084469
-0.000498 0.007165
1
245.911144 101.102740
5.295000 9.953000 12.082942 31 2
0.065880 0.000000 0.000000 0.000000 0.100550
-0.003203 -0.005503
1
425.521434 72.452855
5.295000 9.953000 12.082942 31 2
0.065880 0.000000 0.000000 0.000000 0.280295
0.003916 -0.009282
1
357.757241 394.051070
5.295000 9.953000 12.082942 31 2
0.065880 0.000000 0.000000 0.000000 0.075677
0.004413 0.005530
1
76.257192 359.053524
5.295000 9.953000 12.082942 31 2
0.065880 0.000000 0.000000 0.000000 0.078386
-0.008342 0.006276
4
33.066743 197.074573
5.295000 9.953000 12.082942 46 1
0.000000 0.000000 0.000000 0.000000 0.071825
-0.008303 -0.002692
1
413.135013 194.667708
5.295000 9.953000 12.082942 32 2
0.065880 0.000000 0.000000 0.000000 0.070904
0.001732 -0.008560
5
126.766973 34.630008
4.493375 8.446188 10.253672 36 1
0.065880 0.000000 0.000000 0.000000 0.450948
-0.007083 -0.004522
1
363.067279 242.100459
5.295000 9.953000 12.082942 32 2
0.065880 0.000000 0.000000 0.000000 0.104828
0.004583 0.009801
2
330.740773 65.829346
5.295000 9.953000 12.082942 39 1
0.065880 0.000000 0.000000 0.000000 0.241495
0.005768 -0.009175
4
156.399295 114.383436
5.295000 9.953000 12.082942 44 1
0.000000 0.000000 0.000000 0.000000 0.082502
-0.004895 -0.003672
1
310.699126 97.778841
5.295000 9.953000 12.082942 32 2
0.065880 0.000000 0.000000 0.000000 0.104620
0.001113 -0.008514
1
456.547937 341.587770
5.295000 9.953000 12.082942 32 2
0.065880 0.000000 0.000000 0.000000 0.080055
0.013652 0.003073
1
338.432245 82.165765
5.295000 9.953000 12.082942 32 2
0.065880 0.000000 0.000000 0.000000 0.153887
0.000062 -0.009955
1
324.008326 468.987981
5.295000 9.953000 12.082942 32 2
0.065880 0.000000 0.000000 0.000000 0.066083
0.003853 0.013269
1
122.925442 77.907516
5.295000 9.953000 12.082942 33 2
0.065880 0.000000 0.000000 0.000000 0.093919
-0.001733 -0.004987
1
222.037661 54.050073
5.295000 9.953000 12.082942 34 2
0.065880 0.000000 0.000000 0.000000 0.091982
-0.004951 -0.010955
1
165.279053 198.727367
5.295000 9.953000 12.082942 34 2
0.065880 0.000000 0.000000 0.000000 0.067076
-0.005936 -0.001638
1
452.388004 294.153880
5.295000 9.953000 12.082942 34 2
0.065880 0.000000 0.000000 0.000000 0.098702
0.019406 0.005242
4
91.540765 349.351707
5.295000 9.953000 12.082942 42 1
0.000000 0.000000 0.000000 0.000000 0.059411
-0.007118 0.005470
1
231.661799 319.666107
5.295000 9.953000 12.082942 35 2
0.065880 0.000000 0.000000 0.000000 0.048436
-0.000619 0.002826
1
313.770275 416.943389
5.295000 9.953000 12.082942 35 2
0.065880 0.000000 0.000000 0.000000 0.075264
0.002366 0.010611
1
408.233387 64.599031
5.295000 9.953000 12.082942 35 2
0.065880 0.000000 0.000000 0.000000 0.219445
0.003733 -0.009286
4
148.071108 390.386601
5.295000 9.953000 12.082942 40 1
0.000000 0.000000 0.000000 0.000000 0.081127
-0.002250 0.004741
1
281.927754 108.697076
5.295000 9.953000 12.082942 35 2
0.065880 0.000000 0.000000 0.000000 0.082698
-0.001009 -0.005599
1
303.674968 381.012366
5.295000 9.953000 12.082942 35 2
0.065880 0.000000 0.000000 0.000000 0.068556
0.001797 0.005120
1
176.466341 409.746488
5.295000 9.953000 12.082942 35 2
0.065880 0.000000 0.000000 0.000000 0.048909
-0.002454 0.005777
1
48.083486 131.303577
5.295000 9.953000 12.082942 36 2
0.065880 0.000000 0.000000 0.000000 0.191692
-0.005013 -0.006360
1
170.289452 361.850729
5.295000 9.953000 12.082942 36 2
0.065880 0.000000 0.000000 0.000000 0.050992
-0.002633 0.004189
4
269.745930 121.913906
5.295000 9.953000 12.082942 47 1
0.000000 0.000000 0.000000 0.000000 0.079706
-0.001548 -0.004979
1
116.034304 251.433621
5.295000 9.953000 12.082942 36 2
0.065880 0.000000 0.000000 0.000000 0.065477
-0.006120 0.000760
1
391.335899 280.735367
5.295000 9.953000 12.082942 37 2
0.065880 0.000000 0.000000 0.000000 0.081627
0.008441 -0.002256
1
285.425759 439.868389
5.295000 9.953000 12.082942 37 2
0.065880 0.000000 0.000000 0.000000 0.057817
0.003098 0.009206
1
62.661490 407.071082
5.295000 9.953000 12.082942 37 2
0.065880 0.000000 0.000000 0.000000 0.226763
-0.004610 0.006303
1
339.060214 288.099748
5.295000 9.953000 12.082942 38 2
0.065880 0.000000 0.000000 0.000000 0.077002
0.001914 -0.000057
1
224.457229 92.302944
5.295000 9.953000 12.082942 38 2
0.065880 0.000000 0.000000 0.000000 0.088586
-0.000345 -0.004593
1
383.045647 413.000666
5.295000 9.953000 12.082942 38 2
0.065880 0.000000 0.000000 0.000000 0.055906
0.003965 0.007048
1
268.881307 74.233191
5.295000 9.953000 12.082942 39 2
0.065880 0.000000 0.000000 0.000000 0.114869
-0.002258 -0.006593
2
129.017688 468.103996
5.295000 9.953000 12.082942 46 1
0.065880 0.000000 0.000000 0.000000 0.323687
-0.002064 0.004605
1
9.314027 294.244739
5.295000 9.953000 12.082942 39 2
0.065880 0.000000 0.000000 0.000000 0.112557
-0.009147 -0.002806
1
380.784492 363.957603
5.295000 9.953000 12.082942 39 2
0.065880 0.000000 0.000000 0.000000 0.113196
0.004668 0.005196
1
58.663120 331.822452
5.295000 9.953000 12.082942 39 2
0.065880 0.000000 0.000000 0.000000 0.080579
-0.005100 0.006322
1
344.341511 241.490238
5.295000 9.953000 12.082942 39 2
0.065880 0.000000 0.000000 0.000000 0.095416
0.002315 -0.004556
1
214.724946 216.574920
5.295000 9.953000 12.082942 39 2
0.065880 0.000000 0.000000 0.000000 0.084779
-0.001815 -0.014779
1
145.093438 289.185656
5.295000 9.953000 12.082942 40 2
0.065880 0.000000 0.000000 0.000000 0.050340
-0.005845 0.001700
1
496.811299 274.010250
5.295000 9.953000 12.082942 40 2
0.065880 0.000000 0.000000 0.000000 0.228156
0.006606 0.000775
1
32.218473 141.440144
5.295000 9.953000 12.082942 40 2
0.065880 0.000000 0.000000 0.000000 0.226943
-0.005246 -0.006499
1
448.317896 311.404387
5.295000 9.953000 12.082942 40 2
0.065880 0.000000 0.000000 0.000000 0.098271
0.012952 0.007299
1
185.225597 91.486524
5.295000 9.953000 12.082942 40 2
0.065880 0.000000 0.000000 0.000000 0.066788
-0.003493 -0.005110
1
135.880149 437.532457
5.295000 9.953000 12.082942 40 2
0.065880 0.000000 0.000000 0.000000 0.079035
-0.004273 0.004608
4
80.398627 130.217144
5.295000 9.953000 12.082942 46 1
0.000000 0.000000 0.000000 0.000000 0.059888
-0.005914 -0.003679
1
408.412851 276.408387
5.295000 9.953000 12.082942 40 2
0.065880 0.000000 0.000000 0.000000 0.082141
0.012655 0.001520
1
453.526802 184.616381
5.295000 9.953000 12.082942 40 2
0.065880 0.000000 0.000000 0.000000 0.122386
0.011479 -0.002186
1
253.897083 302.300068
5.295000 9.953000 12.082942 41 2
0.065880 0.000000 0.000000 0.000000 0.052579
-0.001923 0.001798
1
225.382155 72.584233
5.295000 9.953000 12.082942 41 2
0.065880 0.000000 0.000000 0.000000 0.099876
-0.000168 -0.010497
1
153.711470 96.778791
5.295000 9.953000 12.082942 41 2
0.065880 0.000000 0.000000 0.000000 0.065798
-0.002186 -0.005033
4
74.074957 285.561047
5.295000 9.953000 12.082942 43 1
0.000000 0.000000 0.000000 0.000000 0.087954
-0.008476 0.002147
1
201.371763 46.933088
5.295000 9.953000 12.082942 41 2
0.065880 0.000000 0.000000 0.000000 0.084953
0.002507 -0.009129
4
315.096753 182.665025
5.295000 9.953000 12.082942 46 1
0.000000 0.000000 0.000000 0.000000 0.066976
0.008400 -0.014826
4
233.208600 162.085109
5.295000 9.953000 12.082942 43 1
0.000000 0.000000 0.000000 0.000000 0.067456
-0.002306 -0.001462
1
278.735083 156.521290
5.295000 9.953000 12.082942 41 2
0.065880 0.000000 0.000000 0.000000 0.068369
0.001115 -0.005354
1
33.304057 160.085427
5.295000 9.953000 12.082942 41 2
0.065880 0.000000 0.000000 0.000000 0.126056
-0.008473 -0.005217
1
358.056922 50.946986
5.295000 9.953000 12.082942 41 2
0.065880 0.000000 0.000000 0.000000 0.187966
0.010432 -0.009692
1
33.628927 178.674884
5.295000 9.953000 12.082942 41 2
0.065880 0.000000 0.000000 0.000000 0.096556
-0.008536 -0.003768
4
160.446130 458.684604
5.295000 9.953000 12.082942 46 1
0.000000 0.000000 0.000000 0.000000 0.120100
-0.001275 0.003931
1
211.818279 441.553229
5.295000 9.953000 12.082942 42 2
0.065880 0.000000 0.000000 0.000000 0.057291
-0.001575 0.008485
4
302.061359 339.553056
5.295000 9.953000 12.082942 43 1
0.000000 0.000000 0.000000 0.000000 0.080259
-0.002024 0.003727
1
409.700511 212.868574
5.295000 9.953000 12.082942 42 2
0.065880 0.000000 0.000000 0.000000 0.103776
0.004310 -0.006138
1
242.303102 479.774744
5.295000 9.953000 12.082942 43 2
0.065880 0.000000 0.000000 0.000000 0.077066
0.002912 0.006393
1
339.944617 49.926137
5.295000 9.953000 12.082942 43 2
0.065880 0.000000 0.000000 0.000000 0.261665
0.011218 -0.005869
4
360.492755 165.478633
5.295000 9.953000 12.082942 45 1
0.000000 0.000000 0.000000 0.000000 0.079925
0.006160 -0.005827
4
80.302491 221.435202
5.295000 9.953000 12.082942 44 1
0.000000 0.000000 0.000000 0.000000 0.079740
-0.005558 -0.002262
4
223.190505 334.526842
5.295000 9.953000 12.082942 46 1
0.000000 0.000000 0.000000 0.000000 0.052992
-0.001580 0.003133
1
475.617926 335.779372
5.295000 9.953000 12.082942 44 2
0.065880 0.000000 0.000000 0.000000 0.103913
0.007854 0.008364
1
488.229463 303.291390
5.295000 9.953000 12.082942 44 2
0.065880 0.000000 0.000000 0.000000 0.102684
0.006950 0.000253
4
369.368072 379.594737
5.295000 9.953000 12.082942 47 1
0.000000 0.000000 0.000000 0.000000 0.095914
0.006685 0.005817
1
499.020652 249.276082
5.295000 9.953000 12.082942 45 2
0.065880 0.000000 0.000000 0.000000 0.131229
0.011071 0.000655
1
463.707037 260.336748
5.295000 9.953000 12.082942 45 2
0.065880 0.000000 0.000000 0.000000 0.126524
0.009184 -0.003387
1
64.579464 101.732544
5.295000 9.953000 12.082942 45 2
0.065880 0.000000 0.000000 0.000000 0.178718
-0.011618 -0.002942
1
480.531008 216.630220
5.295000 9.953000 12.082942 45 2
0.065880 0.000000 0.000000 0.000000 0.124881
0.011047 -0.001972
1
379.377003 267.849434
5.295000 9.953000 12.082942 46 2
0.065880 0.000000 0.000000 0.000000 0.097174
0.010460 -0.008359
1
244.032173 288.934955
5.295000 9.953000 12.082942 46 2
0.065880 0.000000 0.000000 0.000000 0.056296
-0.002246 -0.000095
1
353.073882 348.074239
5.295000 9.953000 12.082942 46 2
0.065880 0.000000 0.000000 0.000000 0.125558
0.008731 0.004585
1
251.589388 42.950283
5.295000 9.953000 12.082942 46 2
0.065880 0.000000 0.000000 0.000000 0.197958
0.000111 -0.010469
1
335.680980 454.957372
5.295000 9.953000 12.082942 47 2
0.065880 0.000000 0.000000 0.000000 0.061157
0.012734 0.018206
1
107.274335 87.540233
5.295000 9.953000 12.082942 47 2
0.065880 0.000000 0.000000 0.000000 0.094810
-0.003290 -0.005121
1
355.899419 84.285649
5.295000 9.953000 12.082942 47 2
0.065880 0.000000 0.000000 0.000000 0.148555
0.001128 -0.025819
1
408.889932 171.339218
5.295000 9.953000 12.082942 47 2
0.065880 0.000000 0.000000 0.000000 0.065991
0.006552 -0.001611
1
289.736491 44.322620
5.295000 9.953000 12.082942 47 2
0.065880 0.000000 0.000000 0.000000 0.270996
0.000625 -0.008197
5
186.008140 457.427420
5.195070 9.765163 11.854907 30 1
0.065880 0.000000 0.000000 0.000000 0.108753
-0.004575 0.011732
5
92.156487 57.612801
5.195070 9.765163 11.854907 30 1
0.065880 0.000000 0.000000 0.000000 0.480750
-0.004881 -0.003753
5
295.360172 26.496683
5.091141 9.569807 11.617745 31 1
0.065880 0.000000 0.000000 0.000000 0.175706
0.009299 -0.009241
5
296.703772 61.424580
5.091141 9.569807 11.617745 31 1
0.065880 0.000000 0.000000 0.000000 0.253711
-0.000365 -0.003521
5
23.565895 317.746569
4.982786 9.366132 11.370484 32 1
0.065880 0.000000 0.000000 0.000000 0.204878
-0.003023 0.004055
5
25.132650 353.270428
4.869501 9.153191 11.111974 33 1
0.065880 0.000000 0.000000 0.000000 0.424947
0.003840 0.010158
5
336.254205 110.973216
4.869501 9.153191 11.111974 33 1
0.065880 0.000000 0.000000 0.000000 0.089736
0.001944 -0.011109
5
375.123443 230.153010
4.750685 8.929853 10.840841 34 1
0.065880 0.000000 0.000000 0.000000 0.120189
0.003586 0.008931
5
327.269070 212.362762
4.750685 8.929853 10.840841 34 1
0.065880 0.000000 0.000000 0.000000 0.097426
0.018831 -0.103604
5
261.749890 29.054079
4.750685 8.929853 10.840841 34 1
0.065880 0.000000 0.000000 0.000000 0.367665
0.001360 -0.014234
5
439.120417 342.256974
4.750685 8.929853 10.840841 34 1
0.065880 0.000000 0.000000 0.000000 0.086144
0.013909 0.021340
5
379.378472 328.960069
3.744130 7.037834 8.543930 38 1
0.065880 0.000000 0.000000 0.000000 0.137817
-0.020385 0.030953
