500.000000 500.000000
613 95
248 613
4
382.906187 284.860222
5.295000 9.953000 12.082942 90 1
0.000000 0.000000 0.000000 0.000000 0.023903
0.000905 0.000152
4
418.644448 413.514423
5.295000 9.953000 12.082942 38 1
0.000000 0.000000 0.000000 0.000000 0.111401
0.000298 0.001284
4
356.304529 384.065662
5.295000 9.953000 12.082942 65 1
0.000000 0.000000 0.000000 0.000000 0.040104
0.000590 0.001188
4
212.463418 355.120207
5.295000 9.953000 12.082942 58 1
0.000000 0.000000 0.000000 0.000000 0.043615
0.000547 0.000633
4
256.822271 438.204718
5.295000 9.953000 12.082942 44 1
0.000000 0.000000 0.000000 0.000000 0.029039
0.000014 0.001249
4
50.745970 355.446850
5.295000 9.953000 12.082942 38 1
0.000000 0.000000 0.000000 0.000000 0.120839
-0.000919 0.000141
4
340.566477 258.734231
5.295000 9.953000 12.082942 40 1
0.000000 0.000000 0.000000 0.000000 0.049610
0.001040 -0.000496
4
178.984653 318.067302
5.295000 9.953000 12.082942 41 1
0.000000 0.000000 0.000000 0.000000 0.049050
0.000225 0.000625
4
115.432913 351.484239
5.295000 9.953000 12.082942 44 1
0.000000 0.000000 0.000000 0.000000 0.053473
-0.000759 0.000170
4
239.757481 43.666902
5.295000 9.953000 12.082942 52 1
0.000000 0.000000 0.000000 0.000000 0.037308
0.000083 -0.000786
1
7.425572 205.231269
5.295000 9.953000 12.082942 32 2
0.065880 0.000000 0.000000 0.000000 0.027618
-0.000945 -0.000022
4
463.930628 152.688517
5.295000 9.953000 12.082942 57 1
0.000000 0.000000 0.000000 0.000000 0.155298
0.000824 -0.001625
4
251.431166 325.359729
5.295000 9.953000 12.082942 42 1
0.000000 0.000000 0.000000 0.000000 0.039977
0.001326 0.000777
4
126.722588 303.734452
5.295000 9.953000 12.082942 55 1
0.000000 0.000000 0.000000 0.000000 0.040593
-0.000183 0.000202
4
86.088542 133.273904
5.295000 9.953000 12.082942 58 1
0.000000 0.000000 0.000000 0.000000 0.056282
-0.001430 -0.000567
1
152.088053 449.184946
5.295000 9.953000 12.082942 22 2
0.065880 0.000000 0.000000 0.000000 0.056621
-0.000332 0.000855
4
427.168376 118.161806
5.295000 9.953000 12.082942 49 1
0.000000 0.000000 0.000000 0.000000 0.110399
0.000493 -0.001179
4
237.688469 125.785868
5.295000 9.953000 12.082942 53 1
0.000000 0.000000 0.000000 0.000000 0.047591
0.000115 -0.000028
4
415.519212 293.495637
5.295000 9.953000 12.082942 53 1
0.000000 0.000000 0.000000 0.000000 0.044570
0.000863 0.000238
1
260.342015 281.959713
5.295000 9.953000 12.082942 41 2
0.065880 0.000000 0.000000 0.000000 0.017167
0.000035 -0.000168
4
327.403503 129.014214
5.295000 9.953000 12.082942 37 1
0.000000 0.000000 0.000000 0.000000 0.034495
0.000879 -0.000527
4
308.356595 294.607633
5.295000 9.953000 12.082942 61 1
0.000000 0.000000 0.000000 0.000000 0.038628
0.000286 -0.000265
4
240.721065 372.706752
5.295000 9.953000 12.082942 34 1
0.000000 0.000000 0.000000 0.000000 0.058060
0.000369 0.000958
4
343.234524 448.561579
5.295000 9.953000 12.082942 64 1
0.000000 0.000000 0.000000 0.000000 0.042799
0.000434 0.001091
4
191.649485 418.929620
5.295000 9.953000 12.082942 65 1
0.000000 0.000000 0.000000 0.000000 0.037270
-0.000167 0.000862
4
433.200341 174.484036
5.295000 9.953000 12.082942 57 1
0.000000 0.000000 0.000000 0.000000 0.051712
0.001131 -0.000933
4
436.973762 366.931476
5.295000 9.953000 12.082942 50 1
0.000000 0.000000 0.000000 0.000000 0.106686
0.000606 0.001463
1
473.697100 213.222586
5.295000 9.953000 12.082942 23 2
0.065880 0.000000 0.000000 0.000000 0.042615
0.001443 -0.000137
4
363.508067 470.899335
5.295000 9.953000 12.082942 50 1
0.000000 0.000000 0.000000 0.000000 0.279304
0.000987 0.001065
4
255.449037 470.976006
5.295000 9.953000 12.082942 79 1
0.000000 0.000000 0.000000 0.000000 0.043019
-0.000214 0.001161
1
325.515169 394.416665
5.295000 9.953000 12.082942 20 2
0.065880 0.000000 0.000000 0.000000 0.015129
0.000401 0.000916
4
407.676816 262.744816
5.295000 9.953000 12.082942 73 1
0.000000 0.000000 0.000000 0.000000 0.030467
0.001065 -0.000034
1
55.624144 192.036435
5.295000 9.953000 12.082942 21 2
0.065880 0.000000 0.000000 0.000000 0.028075
-0.001084 -0.000336
4
249.634844 389.040425
5.295000 9.953000 12.082942 61 1
0.000000 0.000000 0.000000 0.000000 0.057926
0.000267 0.001112
4
56.531111 210.971474
5.295000 9.953000 12.082942 33 1
0.000000 0.000000 0.000000 0.000000 0.045686
-0.000856 -0.000250
4
313.692456 408.625178
5.295000 9.953000 12.082942 44 1
0.000000 0.000000 0.000000 0.000000 0.024918
0.000478 0.001108
4
70.588621 162.651756
5.295000 9.953000 12.082942 46 1
0.000000 0.000000 0.000000 0.000000 0.042583
-0.001325 -0.000554
4
400.482315 230.982254
5.295000 9.953000 12.082942 75 1
0.000000 0.000000 0.000000 0.000000 0.035449
0.001229 -0.000196
4
97.412748 302.587986
5.295000 9.953000 12.082942 38 1
0.000000 0.000000 0.000000 0.000000 0.044374
-0.000855 0.000244
4
204.794857 87.832383
5.295000 9.953000 12.082942 94 1
0.000000 0.000000 0.000000 0.000000 0.019445
0.000190 -0.000491
4
364.231980 287.861411
5.295000 9.953000 12.082942 45 1
0.000000 0.000000 0.000000 0.000000 0.038959
0.000759 0.000149
4
381.598996 151.191118
5.295000 9.953000 12.082942 46 1
0.000000 0.000000 0.000000 0.000000 0.041248
0.000596 -0.000622
4
296.660364 485.233427
5.295000 9.953000 12.082942 58 1
0.000000 0.000000 0.000000 0.000000 0.070364
0.000478 0.001187
4
249.539651 111.199442
5.295000 9.953000 12.082942 39 1
0.000000 0.000000 0.000000 0.000000 0.046530
-0.000074 -0.000468
4
221.768734 371.846417
5.295000 9.953000 12.082942 65 1
0.000000 0.000000 0.000000 0.000000 0.047084
0.000271 0.000756
4
323.552588 197.803526
5.295000 9.953000 12.082942 38 1
0.000000 0.000000 0.000000 0.000000 0.043840
-0.028732 -0.013689
4
394.667056 299.490614
5.295000 9.953000 12.082942 76 1
0.000000 0.000000 0.000000 0.000000 0.029843
0.000817 0.000308
4
69.953486 143.499960
5.295000 9.953000 12.082942 48 1
0.000000 0.000000 0.000000 0.000000 0.053554
-0.001408 -0.000555
4
312.707998 245.280242
5.295000 9.953000 12.082942 72 1
0.000000 0.000000 0.000000 0.000000 0.034333
0.000143 -0.000855
4
489.036396 276.249235
5.295000 9.953000 12.082942 92 1
0.000000 0.000000 0.000000 0.000000 0.028635
0.000926 0.000853
4
396.684565 140.032575
5.295000 9.953000 12.082942 38 1
0.000000 0.000000 0.000000 0.000000 0.041806
0.000686 -0.000801
4
147.836059 328.900423
5.295000 9.953000 12.082942 82 1
0.000000 0.000000 0.000000 0.000000 0.039625
-0.000051 0.000458
4
128.525265 206.170369
5.295000 9.953000 12.082942 34 1
0.000000 0.000000 0.000000 0.000000 0.038280
-0.000847 0.000021
4
259.860540 373.288748
5.295000 9.953000 12.082942 32 1
0.000000 0.000000 0.000000 0.000000 0.063035
0.000462 0.001165
4
422.665607 80.672153
5.295000 9.953000 12.082942 38 1
0.000000 0.000000 0.000000 0.000000 0.254844
0.000257 -0.001209
4
233.590102 306.868344
5.295000 9.953000 12.082942 47 1
0.000000 0.000000 0.000000 0.000000 0.042512
0.000099 0.000293
4
8.804663 224.318266
5.295000 9.953000 12.082942 39 1
0.000000 0.000000 0.000000 0.000000 0.035408
-0.000852 -0.000054
4
102.228025 104.190351
5.295000 9.953000 12.082942 70 1
0.000000 0.000000 0.000000 0.000000 0.069961
-0.001245 -0.000390
4
406.487263 377.876521
5.295000 9.953000 12.082942 47 1
0.000000 0.000000 0.000000 0.000000 0.078135
0.000411 0.001168
4
17.314950 338.024018
5.295000 9.953000 12.082942 67 1
0.000000 0.000000 0.000000 0.000000 0.211450
-0.000968 -0.000047
4
134.393621 378.389519
5.295000 9.953000 12.082942 34 1
0.000000 0.000000 0.000000 0.000000 0.064969
-0.001076 0.000372
4
165.049894 114.081788
5.295000 9.953000 12.082942 42 1
0.000000 0.000000 0.000000 0.000000 0.055500
-0.000524 -0.000956
1
478.126591 312.493904
5.295000 9.953000 12.082942 40 2
0.065880 0.000000 0.000000 0.000000 0.025353
0.000384 0.000872
4
164.018415 400.704173
5.295000 9.953000 12.082942 69 1
0.000000 0.000000 0.000000 0.000000 0.042852
-0.000044 0.000903
4
81.637126 314.361888
5.295000 9.953000 12.082942 40 1
0.000000 0.000000 0.000000 0.000000 0.048383
-0.000918 0.000109
4
99.792917 63.852736
5.295000 9.953000 12.082942 42 1
0.000000 0.000000 0.000000 0.000000 0.298747
-0.002130 0.000139
4
59.763713 249.423906
5.295000 9.953000 12.082942 39 1
0.000000 0.000000 0.000000 0.000000 0.060222
-0.000655 -0.000203
4
216.383263 73.193017
5.295000 9.953000 12.082942 70 1
0.000000 0.000000 0.000000 0.000000 0.026619
0.000070 -0.000669
4
54.015324 153.880474
5.295000 9.953000 12.082942 33 1
0.000000 0.000000 0.000000 0.000000 0.067119
-0.001393 -0.000487
4
143.899438 309.838476
5.295000 9.953000 12.082942 37 1
0.000000 0.000000 0.000000 0.000000 0.044774
-0.000148 0.000566
4
11.825221 262.496145
5.295000 9.953000 12.082942 42 1
0.000000 0.000000 0.000000 0.000000 0.062293
-0.000794 -0.000139
4
169.225339 483.082450
5.295000 9.953000 12.082942 72 1
0.000000 0.000000 0.000000 0.000000 0.175862
-0.000302 0.000915
4
386.632824 188.274105
5.295000 9.953000 12.082942 45 1
0.000000 0.000000 0.000000 0.000000 0.043160
0.000604 -0.000390
4
112.169152 314.396823
5.295000 9.953000 12.082942 34 1
0.000000 0.000000 0.000000 0.000000 0.049460
-0.000510 -0.000001
4
389.334662 206.676775
5.295000 9.953000 12.082942 55 1
0.000000 0.000000 0.000000 0.000000 0.051118
0.000661 -0.000523
4
196.272797 301.896882
5.295000 9.953000 12.082942 63 1
0.000000 0.000000 0.000000 0.000000 0.053857
0.000047 0.000405
4
200.249184 435.706155
5.295000 9.953000 12.082942 57 1
0.000000 0.000000 0.000000 0.000000 0.044644
-0.000193 0.000946
4
263.749916 248.020050
5.295000 9.953000 12.082942 50 1
0.000000 0.000000 0.000000 0.000000 0.025221
-0.000294 -0.000311
4
368.707884 420.078999
5.295000 9.953000 12.082942 44 1
0.000000 0.000000 0.000000 0.000000 0.039272
0.000432 0.001127
4
173.798940 350.536030
5.295000 9.953000 12.082942 43 1
0.000000 0.000000 0.000000 0.000000 0.040621
0.000332 0.000814
4
407.340389 91.802994
5.295000 9.953000 12.082942 40 1
0.000000 0.000000 0.000000 0.000000 0.105973
0.000373 -0.001060
4
297.438299 278.219619
5.295000 9.953000 12.082942 41 1
0.000000 0.000000 0.000000 0.000000 0.037173
0.000275 -0.000380
4
429.391863 136.900483
5.295000 9.953000 12.082942 45 1
0.000000 0.000000 0.000000 0.000000 0.072184
0.000618 -0.001157
4
101.552667 283.446240
5.295000 9.953000 12.082942 46 1
0.000000 0.000000 0.000000 0.000000 0.039000
-0.000471 0.000098
4
384.023024 169.727800
5.295000 9.953000 12.082942 68 1
0.000000 0.000000 0.000000 0.000000 0.042483
0.000603 -0.000535
4
375.882061 338.680874
5.295000 9.953000 12.082942 72 1
0.000000 0.000000 0.000000 0.000000 0.064760
0.000485 0.000717
4
107.500032 437.474148
5.295000 9.953000 12.082942 61 1
0.000000 0.000000 0.000000 0.000000 0.127411
-0.002428 -0.000416
1
89.556995 430.516023
5.295000 9.953000 12.082942 25 2
0.065880 0.000000 0.000000 0.000000 0.197008
-0.002402 -0.003958
1
153.395943 227.694741
5.295000 9.953000 12.082942 21 2
0.065880 0.000000 0.000000 0.000000 0.023333
-0.000421 -0.000013
4
461.982931 133.763532
5.295000 9.953000 12.082942 57 1
0.000000 0.000000 0.000000 0.000000 0.222943
0.000603 -0.001569
4
443.569042 384.590654
5.295000 9.953000 12.082942 44 1
0.000000 0.000000 0.000000 0.000000 0.167065
0.000472 0.001532
4
270.412103 31.661390
5.295000 9.953000 12.082942 87 1
0.000000 0.000000 0.000000 0.000000 0.051466
0.000116 -0.000617
4
24.334212 213.421923
5.295000 9.953000 12.082942 85 1
0.000000 0.000000 0.000000 0.000000 0.028794
-0.000883 -0.000095
4
309.148794 226.981997
5.295000 9.953000 12.082942 71 1
0.000000 0.000000 0.000000 0.000000 0.035564
-0.000350 -0.001178
4
183.659178 266.615682
5.295000 9.953000 12.082942 42 1
0.000000 0.000000 0.000000 0.000000 0.061022
-0.000155 0.000171
4
258.265201 405.522070
5.295000 9.953000 12.082942 49 1
0.000000 0.000000 0.000000 0.000000 0.051781
0.000203 0.001231
4
258.241355 230.214610
5.295000 9.953000 12.082942 83 1
0.000000 0.000000 0.000000 0.000000 0.024253
-0.000547 -0.000302
4
246.734078 454.177659
5.295000 9.953000 12.082942 95 1
0.000000 0.000000 0.000000 0.000000 0.025844
-0.000165 0.001174
4
405.236049 73.069534
5.295000 9.953000 12.082942 49 1
0.000000 0.000000 0.000000 0.000000 0.184203
0.000189 -0.001099
4
326.940279 462.238628
5.295000 9.953000 12.082942 58 1
0.000000 0.000000 0.000000 0.000000 0.069642
0.000773 0.001132
4
299.942495 259.162088
5.295000 9.953000 12.082942 59 1
0.000000 0.000000 0.000000 0.000000 0.037293
-0.000076 -0.000747
4
89.371475 208.861658
5.295000 9.953000 12.082942 33 1
0.000000 0.000000 0.000000 0.000000 0.052208
-0.000998 -0.000535
4
164.726063 32.504859
5.295000 9.953000 12.082942 38 1
0.000000 0.000000 0.000000 0.000000 0.104713
0.000742 0.000490
4
399.999991 409.892278
5.295000 9.953000 12.082942 49 1
0.000000 0.000000 0.000000 0.000000 0.068613
0.000333 0.001149
4
153.505649 178.157669
5.295000 9.953000 12.082942 36 1
0.000000 0.000000 0.000000 0.000000 0.046025
-0.000788 -0.000286
4
372.089300 199.819058
5.295000 9.953000 12.082942 36 1
0.000000 0.000000 0.000000 0.000000 0.052298
0.002211 -0.000738
4
299.215013 154.360752
5.295000 9.953000 12.082942 43 1
0.000000 0.000000 0.000000 0.000000 0.022257
0.001874 -0.000724
4
253.944142 78.987044
5.295000 9.953000 12.082942 42 1
0.000000 0.000000 0.000000 0.000000 0.057531
-0.000107 -0.000710
4
215.097989 322.966446
5.295000 9.953000 12.082942 46 1
0.000000 0.000000 0.000000 0.000000 0.041471
0.000728 0.000510
4
176.560640 17.750415
5.295000 9.953000 12.082942 55 1
0.000000 0.000000 0.000000 0.000000 0.152299
0.000007 -0.000359
4
28.961301 270.744671
5.295000 9.953000 12.082942 35 1
0.000000 0.000000 0.000000 0.000000 0.063414
-0.000796 -0.000140
4
290.123436 221.964556
5.295000 9.953000 12.082942 34 1
0.000000 0.000000 0.000000 0.000000 0.035999
-0.000971 -0.000634
4
30.568088 289.663088
5.295000 9.953000 12.082942 61 1
0.000000 0.000000 0.000000 0.000000 0.066119
-0.000875 -0.000106
4
287.178939 117.673404
5.295000 9.953000 12.082942 56 1
0.000000 0.000000 0.000000 0.000000 0.032578
-0.000188 -0.000875
4
134.059998 273.828942
5.295000 9.953000 12.082942 59 1
0.000000 0.000000 0.000000 0.000000 0.028747
-0.000023 0.000358
4
268.653963 389.555350
5.295000 9.953000 12.082942 31 1
0.000000 0.000000 0.000000 0.000000 0.064190
0.000374 0.001271
4
207.064901 5.825292
5.295000 9.953000 12.082942 34 1
0.000000 0.000000 0.000000 0.000000 0.090109
0.000277 -0.000981
4
123.191599 150.972647
5.295000 9.953000 12.082942 48 1
0.000000 0.000000 0.000000 0.000000 0.050780
-0.000611 -0.000606
4
229.296127 420.760083
5.295000 9.953000 12.082942 39 1
0.000000 0.000000 0.000000 0.000000 0.049073
-0.000031 0.001039
4
44.435944 260.086076
5.295000 9.953000 12.082942 38 1
0.000000 0.000000 0.000000 0.000000 0.071465
-0.000735 -0.000163
4
170.845337 131.866104
5.295000 9.953000 12.082942 44 1
0.000000 0.000000 0.000000 0.000000 0.059917
-0.000669 -0.000787
4
260.590637 341.460663
5.295000 9.953000 12.082942 54 1
0.000000 0.000000 0.000000 0.000000 0.057816
0.000957 0.001112
4
219.233258 122.951401
5.295000 9.953000 12.082942 50 1
0.000000 0.000000 0.000000 0.000000 0.042163
-0.000359 -0.000584
4
375.030989 218.283297
5.295000 9.953000 12.082942 40 1
0.000000 0.000000 0.000000 0.000000 0.057083
0.002235 0.000011
4
221.167913 223.019699
5.295000 9.953000 12.082942 35 1
0.000000 0.000000 0.000000 0.000000 0.040816
-0.000394 -0.000286
4
326.743045 292.788245
5.295000 9.953000 12.082942 81 1
0.000000 0.000000 0.000000 0.000000 0.028788
0.000439 -0.000207
4
282.357725 312.300859
5.295000 9.953000 12.082942 53 1
0.000000 0.000000 0.000000 0.000000 0.045394
0.000032 -0.000180
4
328.172048 234.980597
5.295000 9.953000 12.082942 39 1
0.000000 0.000000 0.000000 0.000000 0.036912
0.000863 -0.000148
4
87.172687 171.441547
5.295000 9.953000 12.082942 54 1
0.000000 0.000000 0.000000 0.000000 0.040886
-0.001223 -0.000683
4
197.395265 70.521644
5.295000 9.953000 12.082942 46 1
0.000000 0.000000 0.000000 0.000000 0.029965
0.000201 -0.000603
4
147.209924 209.997872
5.295000 9.953000 12.082942 48 1
0.000000 0.000000 0.000000 0.000000 0.037875
-0.000616 -0.000107
4
143.857125 432.145119
5.295000 9.953000 12.082942 48 1
0.000000 0.000000 0.000000 0.000000 0.076022
-0.000585 0.000884
1
212.184594 105.341590
5.295000 9.953000 12.082942 38 2
0.065880 0.000000 0.000000 0.000000 0.017908
0.000042 -0.000384
4
131.890144 359.466978
5.295000 9.953000 12.082942 50 1
0.000000 0.000000 0.000000 0.000000 0.051626
-0.000614 0.000409
4
119.298589 407.848057
5.295000 9.953000 12.082942 46 1
0.000000 0.000000 0.000000 0.000000 0.077504
-0.000246 -0.000371
4
405.957150 427.777788
5.295000 9.953000 12.082942 68 1
0.000000 0.000000 0.000000 0.000000 0.115307
0.000310 0.001210
4
97.204510 324.766325
5.295000 9.953000 12.082942 36 1
0.000000 0.000000 0.000000 0.000000 0.053863
-0.000735 -0.000046
4
235.210252 76.041098
5.295000 9.953000 12.082942 64 1
0.000000 0.000000 0.000000 0.000000 0.031382
-0.000032 -0.000701
4
46.149599 278.980914
5.295000 9.953000 12.082942 31 1
0.000000 0.000000 0.000000 0.000000 0.070792
-0.000822 -0.000117
4
211.849435 387.559746
5.295000 9.953000 12.082942 69 1
0.000000 0.000000 0.000000 0.000000 0.043806
0.000076 0.000749
4
301.819397 432.185128
5.295000 9.953000 12.082942 74 1
0.000000 0.000000 0.000000 0.000000 0.034928
0.000418 0.001033
1
163.034315 78.362280
5.295000 9.953000 12.082942 41 2
0.065880 0.000000 0.000000 0.000000 0.026261
-0.001109 -0.000749
4
340.767212 204.936562
5.295000 9.953000 12.082942 72 1
0.000000 0.000000 0.000000 0.000000 0.048462
0.012938 0.005188
4
47.649764 297.937872
5.295000 9.953000 12.082942 43 1
0.000000 0.000000 0.000000 0.000000 0.065871
-0.000907 -0.000054
4
381.828766 356.845514
5.295000 9.953000 12.082942 47 1
0.000000 0.000000 0.000000 0.000000 0.061962
0.000522 0.000798
4
483.612903 294.396343
5.295000 9.953000 12.082942 63 1
0.000000 0.000000 0.000000 0.000000 0.037973
0.000678 0.000867
4
360.814045 230.328664
5.295000 9.953000 12.082942 41 1
0.000000 0.000000 0.000000 0.000000 0.055197
0.001080 -0.000101
4
279.319338 477.214572
5.295000 9.953000 12.082942 72 1
0.000000 0.000000 0.000000 0.000000 0.043322
0.000466 0.001031
4
461.185039 199.106749
5.295000 9.953000 12.082942 75 1
0.000000 0.000000 0.000000 0.000000 0.075977
0.001100 0.000081
4
349.732248 366.036903
5.295000 9.953000 12.082942 78 1
0.000000 0.000000 0.000000 0.000000 0.051268
0.001090 0.001385
4
165.305933 263.335270
5.295000 9.953000 12.082942 32 1
0.000000 0.000000 0.000000 0.000000 0.051337
-0.000173 0.000172
4
267.996278 163.936249
5.295000 9.953000 12.082942 73 1
0.000000 0.000000 0.000000 0.000000 0.030647
-0.002467 -0.007700
4
319.331750 310.163915
5.295000 9.953000 12.082942 41 1
0.000000 0.000000 0.000000 0.000000 0.043998
0.000199 -0.000117
4
141.030842 192.489058
5.295000 9.953000 12.082942 29 1
0.000000 0.000000 0.000000 0.000000 0.037228
-0.000774 -0.000152
4
204.171906 338.113104
5.295000 9.953000 12.082942 39 1
0.000000 0.000000 0.000000 0.000000 0.042185
0.000555 0.000580
4
256.286291 128.723460
5.295000 9.953000 12.082942 62 1
0.000000 0.000000 0.000000 0.000000 0.047127
-0.000374 -0.000913
4
171.017435 450.483193
5.295000 9.953000 12.082942 37 1
0.000000 0.000000 0.000000 0.000000 0.070759
-0.000292 0.000851
4
440.752738 321.595872
5.295000 9.953000 12.082942 77 1
0.000000 0.000000 0.000000 0.000000 0.039502
0.000657 0.000459
4
167.995304 51.277414
5.295000 9.953000 12.082942 79 1
0.000000 0.000000 0.000000 0.000000 0.039077
-0.001419 0.001034
4
189.942635 451.508833
5.295000 9.953000 12.082942 50 1
0.000000 0.000000 0.000000 0.000000 0.068104
-0.000247 0.000938
4
68.676928 383.299589
5.295000 9.953000 12.082942 37 1
0.000000 0.000000 0.000000 0.000000 0.175114
-0.000878 0.000530
4
92.043267 246.141979
5.295000 9.953000 12.082942 57 1
0.000000 0.000000 0.000000 0.000000 0.048011
-0.000531 -0.000258
4
433.281610 340.446164
5.295000 9.953000 12.082942 54 1
0.000000 0.000000 0.000000 0.000000 0.069173
0.002099 -0.000470
4
196.122752 251.975056
5.295000 9.953000 12.082942 41 1
0.000000 0.000000 0.000000 0.000000 0.055994
-0.000257 0.000029
4
133.730390 63.353617
5.295000 9.953000 12.082942 77 1
0.000000 0.000000 0.000000 0.000000 0.072739
-0.002324 -0.000718
4
238.930964 275.736034
5.295000 9.953000 12.082942 46 1
0.000000 0.000000 0.000000 0.000000 0.048996
-0.000119 -0.000038
4
225.857391 8.555011
5.295000 9.953000 12.082942 62 1
0.000000 0.000000 0.000000 0.000000 0.069419
0.000235 -0.000882
4
177.095817 149.402411
5.295000 9.953000 12.082942 38 1
0.000000 0.000000 0.000000 0.000000 0.057661
-0.000417 -0.000422
4
61.757437 268.291989
5.295000 9.953000 12.082942 35 1
0.000000 0.000000 0.000000 0.000000 0.071956
-0.000754 -0.000150
4
158.626752 146.071817
5.295000 9.953000 12.082942 45 1
0.000000 0.000000 0.000000 0.000000 0.060848
-0.000630 -0.000574
4
331.968195 412.264879
5.295000 9.953000 12.082942 62 1
0.000000 0.000000 0.000000 0.000000 0.033606
0.000449 0.001033
4
14.934159 300.299623
5.295000 9.953000 12.082942 39 1
0.000000 0.000000 0.000000 0.000000 0.103348
-0.000918 -0.000118
4
238.162882 175.894663
5.295000 9.953000 12.082942 48 1
0.000000 0.000000 0.000000 0.000000 0.049877
0.021307 0.001577
4
85.558864 94.985155
5.295000 9.953000 12.082942 52 1
0.000000 0.000000 0.000000 0.000000 0.142258
-0.001330 0.000046
4
457.586490 267.138166
5.295000 9.953000 12.082942 51 1
0.000000 0.000000 0.000000 0.000000 0.053563
0.001117 0.000292
4
279.081525 373.598353
5.295000 9.953000 12.082942 30 1
0.000000 0.000000 0.000000 0.000000 0.069032
0.000609 0.001336
4
201.835037 170.123374
5.295000 9.953000 12.082942 36 1
0.000000 0.000000 0.000000 0.000000 0.041783
0.002438 0.000111
4
220.581322 404.143683
5.295000 9.953000 12.082942 38 1
0.000000 0.000000 0.000000 0.000000 0.052559
0.000027 0.000913
4
155.500784 383.565224
5.295000 9.953000 12.082942 42 1
0.000000 0.000000 0.000000 0.000000 0.056609
-0.000231 0.001009
4
236.470095 470.063947
5.295000 9.953000 12.082942 34 1
0.000000 0.000000 0.000000 0.000000 0.044459
-0.000192 0.001198
4
301.406069 70.599695
5.295000 9.953000 12.082942 59 1
0.000000 0.000000 0.000000 0.000000 0.036030
0.000245 -0.000346
4
239.743089 226.367802
5.295000 9.953000 12.082942 55 1
0.000000 0.000000 0.000000 0.000000 0.039885
-0.000509 -0.000246
4
214.940063 304.446820
5.295000 9.953000 12.082942 64 1
0.000000 0.000000 0.000000 0.000000 0.049470
0.000063 0.000359
4
452.177545 285.213682
5.295000 9.953000 12.082942 76 1
0.000000 0.000000 0.000000 0.000000 0.044484
0.000917 0.000323
1
252.497554 212.261225
5.295000 9.953000 12.082942 19 2
0.065880 0.000000 0.000000 0.000000 0.018197
-0.000306 -0.000423
4
258.427640 46.429878
5.295000 9.953000 12.082942 61 1
0.000000 0.000000 0.000000 0.000000 0.040246
0.000083 -0.000697
4
213.700367 155.388496
5.295000 9.953000 12.082942 45 1
0.000000 0.000000 0.000000 0.000000 0.047224
0.000752 0.000652
4
273.777224 182.031933
5.295000 9.953000 12.082942 50 1
0.000000 0.000000 0.000000 0.000000 0.027807
0.054348 0.010333
4
184.143113 216.706353
5.295000 9.953000 12.082942 72 1
0.000000 0.000000 0.000000 0.000000 0.028296
-0.000438 -0.000224
4
241.777128 341.094645
5.295000 9.953000 12.082942 70 1
0.000000 0.000000 0.000000 0.000000 0.043668
0.000858 0.000719
4
462.921290 249.051451
5.295000 9.953000 12.082942 53 1
0.000000 0.000000 0.000000 0.000000 0.061062
0.001346 0.000242
4
203.165216 370.892189
5.295000 9.953000 12.082942 45 1
0.000000 0.000000 0.000000 0.000000 0.038386
0.000096 0.000569
4
52.982560 115.692456
5.295000 9.953000 12.082942 44 1
0.000000 0.000000 0.000000 0.000000 0.190205
-0.001500 -0.000745
1
269.013210 265.644580
5.295000 9.953000 12.082942 24 2
0.065880 0.000000 0.000000 0.000000 0.020854
-0.000017 -0.000293
4
104.008340 180.141198
5.295000 9.953000 12.082942 42 1
0.000000 0.000000 0.000000 0.000000 0.046122
-0.001142 -0.000830
4
116.444924 91.413497
5.295000 9.953000 12.082942 36 1
0.000000 0.000000 0.000000 0.000000 0.069989
-0.001294 -0.000270
4
424.884777 381.195019
5.295000 9.953000 12.082942 46 1
0.000000 0.000000 0.000000 0.000000 0.104049
0.000476 0.001421
4
244.044317 143.292881
5.295000 9.953000 12.082942 71 1
0.000000 0.000000 0.000000 0.000000 0.038635
-0.001348 -0.001944
4
357.425016 336.951624
5.295000 9.953000 12.082942 45 1
0.000000 0.000000 0.000000 0.000000 0.070201
0.000351 0.000506
1
380.435715 455.993123
5.295000 9.953000 12.082942 26 2
0.065880 0.000000 0.000000 0.000000 0.115576
0.000333 0.001236
4
114.368203 332.920356
5.295000 9.953000 12.082942 68 1
0.000000 0.000000 0.000000 0.000000 0.050130
-0.000781 0.000066
4
444.617169 125.962829
5.295000 9.953000 12.082942 53 1
0.000000 0.000000 0.000000 0.000000 0.126278
0.000529 -0.001381
4
350.269530 416.152239
5.295000 9.953000 12.082942 41 1
0.000000 0.000000 0.000000 0.000000 0.037680
0.000446 0.001075
4
190.046539 184.685322
5.295000 9.953000 12.082942 59 1
0.000000 0.000000 0.000000 0.000000 0.030095
-0.000828 -0.000144
4
277.012157 49.263090
5.295000 9.953000 12.082942 84 1
0.000000 0.000000 0.000000 0.000000 0.043617
0.000117 -0.000556
4
265.656899 454.960613
5.295000 9.953000 12.082942 59 1
0.000000 0.000000 0.000000 0.000000 0.026847
-0.000127 0.001292
4
409.587553 110.466674
5.295000 9.953000 12.082942 41 1
0.000000 0.000000 0.000000 0.000000 0.067959
0.000488 -0.001018
4
319.374824 74.194267
5.295000 9.953000 12.082942 78 1
0.000000 0.000000 0.000000 0.000000 0.037231
0.000424 -0.000440
4
118.367419 132.836664
5.295000 9.953000 12.082942 37 1
0.000000 0.000000 0.000000 0.000000 0.032807
-0.001154 -0.000541
1
361.581369 125.537567
5.295000 9.953000 12.082942 30 2
0.065880 0.000000 0.000000 0.000000 0.024762
0.000547 -0.000755
4
125.091141 430.223454
5.295000 9.953000 12.082942 49 1
0.000000 0.000000 0.000000 0.000000 0.118609
-0.000945 0.001385
4
431.748140 240.000257
5.295000 9.953000 12.082942 79 1
0.000000 0.000000 0.000000 0.000000 0.045673
0.001280 0.000011
1
334.004135 275.806009
5.295000 9.953000 12.082942 19 2
0.065880 0.000000 0.000000 0.000000 0.022211
0.000498 -0.000022
4
337.785150 430.278498
5.295000 9.953000 12.082942 37 1
0.000000 0.000000 0.000000 0.000000 0.030885
0.000454 0.001074
4
130.848392 44.718299
5.295000 9.953000 12.082942 56 1
0.000000 0.000000 0.000000 0.000000 0.154054
-0.000325 -0.001047
4
227.060352 240.613604
5.295000 9.953000 12.082942 43 1
0.000000 0.000000 0.000000 0.000000 0.046037
-0.000365 -0.000159
4
214.485264 255.011965
5.295000 9.953000 12.082942 42 1
0.000000 0.000000 0.000000 0.000000 0.054022
-0.000249 -0.000006
4
391.967736 102.859685
5.295000 9.953000 12.082942 85 1
0.000000 0.000000 0.000000 0.000000 0.058956
0.000490 -0.000871
4
169.510582 95.853578
5.295000 9.953000 12.082942 51 1
0.000000 0.000000 0.000000 0.000000 0.034113
0.000653 -0.001009
4
220.469626 272.527427
5.295000 9.953000 12.082942 31 1
0.000000 0.000000 0.000000 0.000000 0.057861
-0.000131 0.000092
4
190.449311 52.961038
5.295000 9.953000 12.082942 55 1
0.000000 0.000000 0.000000 0.000000 0.047143
-0.000000 -0.000474
4
317.245027 160.379075
5.295000 9.953000 12.082942 39 1
0.000000 0.000000 0.000000 0.000000 0.027873
-0.001502 -0.000245
4
364.145973 144.017264
5.295000 9.953000 12.082942 36 1
0.000000 0.000000 0.000000 0.000000 0.035945
0.000830 -0.000789
4
494.392851 258.070830
5.295000 9.953000 12.082942 60 1
0.000000 0.000000 0.000000 0.000000 0.064327
0.001162 0.000871
4
282.168134 252.943203
5.295000 9.953000 12.082942 38 1
0.000000 0.000000 0.000000 0.000000 0.033794
-0.000178 -0.000663
4
439.198662 271.557621
5.295000 9.953000 12.082942 36 1
0.000000 0.000000 0.000000 0.000000 0.054130
0.001055 0.000157
4
190.200306 234.327773
5.295000 9.953000 12.082942 57 1
0.000000 0.000000 0.000000 0.000000 0.035776
-0.000359 -0.000093
1
293.684703 135.970277
5.295000 9.953000 12.082942 21 2
0.065880 0.000000 0.000000 0.000000 0.017873
0.000035 -0.000932
4
123.405734 238.455492
5.295000 9.953000 12.082942 62 1
0.000000 0.000000 0.000000 0.000000 0.035023
-0.000394 0.000187
4
195.441510 152.480773
5.295000 9.953000 12.082942 57 1
0.000000 0.000000 0.000000 0.000000 0.045965
-0.000878 -0.000924
4
309.546674 454.984741
5.295000 9.953000 12.082942 34 1
0.000000 0.000000 0.000000 0.000000 0.046821
0.000635 0.001270
4
219.118881 436.612225
5.295000 9.953000 12.082942 41 1
0.000000 0.000000 0.000000 0.000000 0.044555
-0.000137 0.001036
4
189.156742 134.976138
5.295000 9.953000 12.082942 36 1
0.000000 0.000000 0.000000 0.000000 0.057927
-0.000272 -0.000384
4
214.041607 23.395784
5.295000 9.953000 12.082942 43 1
0.000000 0.000000 0.000000 0.000000 0.075415
0.000179 -0.000887
4
359.075659 107.060210
5.295000 9.953000 12.082942 51 1
0.000000 0.000000 0.000000 0.000000 0.033715
0.000535 -0.000852
4
177.788867 248.849839
5.295000 9.953000 12.082942 41 1
0.000000 0.000000 0.000000 0.000000 0.042804
-0.000269 0.000052
4
207.194747 485.099438
5.295000 9.953000 12.082942 37 1
0.000000 0.000000 0.000000 0.000000 0.084408
-0.000246 0.001081
4
152.648042 128.405365
5.295000 9.953000 12.082942 35 1
0.000000 0.000000 0.000000 0.000000 0.062085
-0.000622 -0.000666
4
140.022989 142.405078
5.295000 9.953000 12.082942 48 1
0.000000 0.000000 0.000000 0.000000 0.059456
-0.000537 -0.000491
4
185.478299 335.775180
5.295000 9.953000 12.082942 74 1
0.000000 0.000000 0.000000 0.000000 0.038723
0.000368 0.000680
4
135.564560 175.090942
5.295000 9.953000 12.082942 44 1
0.000000 0.000000 0.000000 0.000000 0.047297
-0.000804 -0.000255
4
54.771266 173.025539
5.295000 9.953000 12.082942 72 1
0.000000 0.000000 0.000000 0.000000 0.047199
-0.001255 -0.000410
4
198.545577 468.292728
5.295000 9.953000 12.082942 65 1
0.000000 0.000000 0.000000 0.000000 0.069255
-0.000246 0.001020
4
184.874305 369.704684
5.295000 9.953000 12.082942 81 1
0.000000 0.000000 0.000000 0.000000 0.036034
-0.000104 0.000599
4
282.594271 17.105943
5.295000 9.953000 12.082942 62 1
0.000000 0.000000 0.000000 0.000000 0.094683
0.000135 -0.000554
4
393.205702 441.911334
5.295000 9.953000 12.082942 46 1
0.000000 0.000000 0.000000 0.000000 0.151861
0.000344 0.001214
4
101.340573 381.078093
5.295000 9.953000 12.082942 39 1
0.000000 0.000000 0.000000 0.000000 0.068282
-0.001082 0.000148
4
261.281754 96.671489
5.295000 9.953000 12.082942 60 1
0.000000 0.000000 0.000000 0.000000 0.050771
-0.000181 -0.000656
4
81.849227 334.900153
5.295000 9.953000 12.082942 47 1
0.000000 0.000000 0.000000 0.000000 0.054892
-0.000842 0.000026
4
133.232869 82.078239
5.295000 9.953000 12.082942 51 1
0.000000 0.000000 0.000000 0.000000 0.054453
-0.001688 -0.000670
4
57.978998 230.206906
5.295000 9.953000 12.082942 75 1
0.000000 0.000000 0.000000 0.000000 0.053199
-0.000701 -0.000214
4
66.364746 345.118393
5.295000 9.953000 12.082942 75 1
0.000000 0.000000 0.000000 0.000000 0.073380
-0.000909 0.000101
4
106.112728 233.545767
5.295000 9.953000 12.082942 70 1
0.000000 0.000000 0.000000 0.000000 0.044076
-0.000406 -0.000241
4
146.848192 259.828653
5.295000 9.953000 12.082942 32 1
0.000000 0.000000 0.000000 0.000000 0.035394
-0.000226 0.000200
4
381.331455 406.151006
5.295000 9.953000 12.082942 44 1
0.000000 0.000000 0.000000 0.000000 0.056509
0.000388 0.001054
4
48.917620 316.983937
5.295000 9.953000 12.082942 42 1
0.000000 0.000000 0.000000 0.000000 0.074375
-0.000950 0.000003
4
182.890226 402.087060
5.295000 9.953000 12.082942 72 1
0.000000 0.000000 0.000000 0.000000 0.033043
-0.000047 0.000795
4
269.899950 357.489700
5.295000 9.953000 12.082942 58 1
0.000000 0.000000 0.000000 0.000000 0.063646
0.000730 0.001269
1
303.602949 172.761094
5.295000 9.953000 12.082942 41 2
0.065880 0.000000 0.000000 0.000000 0.019084
0.004978 -0.006771
4
313.490592 142.101831
5.295000 9.953000 12.082942 88 1
0.000000 0.000000 0.000000 0.000000 0.023513
0.000732 -0.000230
4
102.531308 161.042538
5.295000 9.953000 12.082942 36 1
0.000000 0.000000 0.000000 0.000000 0.043311
-0.001080 -0.000668
4
284.888399 203.957133
5.295000 9.953000 12.082942 66 1
0.000000 0.000000 0.000000 0.000000 0.033168
-0.001271 -0.000975
1
335.406828 82.854766
5.295000 9.953000 12.082942 30 2
0.065880 0.000000 0.000000 0.000000 0.015321
0.001157 -0.001515
4
189.736586 284.321017
5.295000 9.953000 12.082942 46 1
0.000000 0.000000 0.000000 0.000000 0.063800
-0.000042 0.000290
4
295.477775 406.867577
5.295000 9.953000 12.082942 70 1
0.000000 0.000000 0.000000 0.000000 0.043566
0.000386 0.001420
4
68.610414 86.548627
5.295000 9.953000 12.082942 38 1
0.000000 0.000000 0.000000 0.000000 0.401785
-0.000727 -0.000870
4
295.145448 239.889688
5.295000 9.953000 12.082942 50 1
0.000000 0.000000 0.000000 0.000000 0.036553
-0.000228 -0.000819
4
250.006236 160.964371
5.295000 9.953000 12.082942 43 1
0.000000 0.000000 0.000000 0.000000 0.035733
0.003038 0.005351
4
166.740209 332.822427
5.295000 9.953000 12.082942 65 1
0.000000 0.000000 0.000000 0.000000 0.036772
0.000169 0.000713
4
134.567016 124.089365
5.295000 9.953000 12.082942 33 1
0.000000 0.000000 0.000000 0.000000 0.055030
-0.000903 -0.000435
4
337.713867 307.412272
5.295000 9.953000 12.082942 72 1
0.000000 0.000000 0.000000 0.000000 0.034605
0.000390 0.000084
4
421.987881 325.449204
5.295000 9.953000 12.082942 80 1
0.000000 0.000000 0.000000 0.000000 0.038893
0.000797 0.000404
4
99.986232 362.246133
5.295000 9.953000 12.082942 61 1
0.000000 0.000000 0.000000 0.000000 0.059199
-0.000971 0.000109
4
246.703032 61.270572
5.295000 9.953000 12.082942 49 1
0.000000 0.000000 0.000000 0.000000 0.043070
0.000016 -0.000741
4
382.163772 66.840565
5.295000 9.953000 12.082942 70 1
0.000000 0.000000 0.000000 0.000000 0.103611
0.001319 -0.001305
4
302.511494 106.586501
5.295000 9.953000 12.082942 60 1
0.000000 0.000000 0.000000 0.000000 0.021453
0.000416 -0.000198
4
454.231356 334.645549
5.295000 9.953000 12.082942 62 1
0.000000 0.000000 0.000000 0.000000 0.055347
0.000074 0.001033
4
74.754534 238.586499
5.295000 9.953000 12.082942 43 1
0.000000 0.000000 0.000000 0.000000 0.055822
-0.000584 -0.000273
4
41.168488 221.814507
5.295000 9.953000 12.082942 32 1
0.000000 0.000000 0.000000 0.000000 0.044974
-0.000803 -0.000157
4
470.607215 280.720144
5.295000 9.953000 12.082942 50 1
0.000000 0.000000 0.000000 0.000000 0.037327
0.000909 0.000596
4
177.952197 199.094574
5.295000 9.953000 12.082942 59 1
0.000000 0.000000 0.000000 0.000000 0.024557
-0.000472 -0.000333
4
298.492448 374.012484
5.295000 9.953000 12.082942 39 1
0.000000 0.000000 0.000000 0.000000 0.061657
0.000897 0.001268
4
70.024204 402.583990
5.295000 9.953000 12.082942 48 1
0.000000 0.000000 0.000000 0.000000 0.184367
-0.000732 0.001289
4
311.382976 327.307506
5.295000 9.953000 12.082942 32 1
0.000000 0.000000 0.000000 0.000000 0.053356
-0.000060 -0.000069
4
128.297147 256.231257
5.295000 9.953000 12.082942 61 1
0.000000 0.000000 0.000000 0.000000 0.022420
-0.000368 0.000295
4
85.888624 114.161745
5.295000 9.953000 12.082942 40 1
0.000000 0.000000 0.000000 0.000000 0.090527
-0.001381 -0.000361
4
433.832239 289.535034
5.295000 9.953000 12.082942 64 1
0.000000 0.000000 0.000000 0.000000 0.052152
0.000888 0.000205
4
357.648530 211.724268
5.295000 9.953000 12.082942 58 1
0.000000 0.000000 0.000000 0.000000 0.054908
-0.003754 -0.001640
4
174.361210 385.210923
5.295000 9.953000 12.082942 50 1
0.000000 0.000000 0.000000 0.000000 0.039489
-0.000100 0.000740
4
53.057308 393.716102
5.295000 9.953000 12.082942 44 1
0.000000 0.000000 0.000000 0.000000 0.317058
-0.000700 0.000529
4
448.897720 184.818642
5.295000 9.953000 12.082942 37 1
0.000000 0.000000 0.000000 0.000000 0.067908
0.000383 0.000598
1
275.594644 438.847494
5.295000 9.953000 12.082942 0 1
0.065880 0.000000 0.000000 0.000000 0.026221
0.000151 0.001457
4
248.117711 421.499030
5.295000 9.953000 12.082942 92 1
0.000000 0.000000 0.000000 0.000000 0.035400
0.000051 0.001175
4
352.639511 89.557579
5.295000 9.953000 12.082942 63 1
0.000000 0.000000 0.000000 0.000000 0.021737
0.001068 -0.001130
4
65.776963 325.399967
5.295000 9.953000 12.082942 31 1
0.000000 0.000000 0.000000 0.000000 0.059943
-0.000942 0.000065
1
296.203135 88.845801
5.295000 9.953000 12.082942 0 1
0.065880 0.000000 0.000000 0.000000 0.026147
0.000097 -0.000236
4
71.466674 181.677764
5.295000 9.953000 12.082942 54 1
0.000000 0.000000 0.000000 0.000000 0.037362
-0.001196 -0.000520
4
34.899137 365.620098
5.295000 9.953000 12.082942 39 1
0.000000 0.000000 0.000000 0.000000 0.294201
-0.000894 0.000110
4
364.696477 59.153589
5.295000 9.953000 12.082942 66 1
0.000000 0.000000 0.000000 0.000000 0.075715
0.001345 -0.000998
4
219.845580 173.080756
5.295000 9.953000 12.082942 35 1
0.000000 0.000000 0.000000 0.000000 0.050069
-0.008412 -0.001562
4
321.267015 110.598777
5.295000 9.953000 12.082942 61 1
0.000000 0.000000 0.000000 0.000000 0.029697
0.000719 -0.000663
4
442.442778 107.100127
5.295000 9.953000 12.082942 64 1
0.000000 0.000000 0.000000 0.000000 0.185223
0.000403 -0.001352
4
292.434401 328.113008
5.295000 9.953000 12.082942 62 1
0.000000 0.000000 0.000000 0.000000 0.053119
-0.000080 0.000021
4
401.285900 176.954703
5.295000 9.953000 12.082942 70 1
0.000000 0.000000 0.000000 0.000000 0.031516
0.001099 -0.000719
4
196.416283 202.296109
5.295000 9.953000 12.082942 32 1
0.000000 0.000000 0.000000 0.000000 0.032091
-0.000721 -0.000218
4
154.540017 416.710055
5.295000 9.953000 12.082942 45 1
0.000000 0.000000 0.000000 0.000000 0.051909
-0.000502 0.000787
1
440.101091 88.278454
5.295000 9.953000 12.082942 22 2
0.065880 0.000000 0.000000 0.000000 0.327524
0.000309 -0.001340
4
193.556599 102.555044
5.295000 9.953000 12.082942 48 1
0.000000 0.000000 0.000000 0.000000 0.031184
0.000113 -0.000397
4
349.267628 155.419327
5.295000 9.953000 12.082942 49 1
0.000000 0.000000 0.000000 0.000000 0.044625
-0.000177 0.000044
4
233.630403 208.707790
5.295000 9.953000 12.082942 47 1
0.000000 0.000000 0.000000 0.000000 0.046068
-0.000888 -0.000289
4
326.551147 42.451271
5.295000 9.953000 12.082942 55 1
0.000000 0.000000 0.000000 0.000000 0.044743
0.000141 -0.000601
4
442.566252 203.056833
5.295000 9.953000 12.082942 62 1
0.000000 0.000000 0.000000 0.000000 0.057319
0.001285 0.000437
4
201.737135 403.235075
5.295000 9.953000 12.082942 34 1
0.000000 0.000000 0.000000 0.000000 0.041452
-0.000021 0.000811
4
338.002250 185.875355
5.295000 9.953000 12.082942 47 1
0.000000 0.000000 0.000000 0.000000 0.043209
0.006008 -0.002405
4
131.743446 340.738454
5.295000 9.953000 12.082942 54 1
0.000000 0.000000 0.000000 0.000000 0.045524
-0.001041 0.000428
4
449.926827 235.366363
5.295000 9.953000 12.082942 67 1
0.000000 0.000000 0.000000 0.000000 0.055156
0.001425 0.000132
4
330.812591 362.217414
5.295000 9.953000 12.082942 46 1
0.000000 0.000000 0.000000 0.000000 0.053307
0.000897 0.000892
4
330.217588 325.709345
5.295000 9.953000 12.082942 71 1
0.000000 0.000000 0.000000 0.000000 0.054216
0.000135 -0.000056
4
403.368364 327.656391
5.295000 9.953000 12.082942 0 1
0.000000 0.000000 0.000000 0.000000 0.044534
0.000690 0.000505
4
428.230096 307.532755
5.295000 9.953000 12.082942 0 1
0.000000 0.000000 0.000000 0.000000 0.042315
0.000803 0.000294
4
230.817190 108.231626
5.295000 9.953000 12.082942 0 1
0.000000 0.000000 0.000000 0.000000 0.037108
-0.000106 -0.000548
4
307.900919 191.407203
5.295000 9.953000 12.082942 45 1
0.000000 0.000000 0.000000 0.000000 0.035602
0.044562 0.011270
4
375.830072 302.703571
5.295000 9.953000 12.082942 50 1
0.000000 0.000000 0.000000 0.000000 0.048798
0.000751 0.000235
4
455.293801 217.117013
5.295000 9.953000 12.082942 0 1
0.000000 0.000000 0.000000 0.000000 0.057696
0.001479 0.000212
4
437.131579 221.628746
5.295000 9.953000 12.082942 0 1
0.000000 0.000000 0.000000 0.000000 0.046183
0.001344 0.000091
4
141.478769 464.728549
5.295000 9.953000 12.082942 0 1
0.000000 0.000000 0.000000 0.000000 0.202198
-0.000233 0.000963
4
95.500449 265.022960
5.295000 9.953000 12.082942 0 1
0.000000 0.000000 0.000000 0.000000 0.048197
-0.000518 -0.000134
4
279.442450 341.443664
5.295000 9.953000 12.082942 0 1
0.000000 0.000000 0.000000 0.000000 0.063519
0.001178 0.001474
4
418.688424 362.965714
5.295000 9.953000 12.082942 0 1
0.000000 0.000000 0.000000 0.000000 0.092965
0.000557 0.001621
4
395.112071 248.946710
5.295000 9.953000 12.082942 91 1
0.000000 0.000000 0.000000 0.000000 0.025031
0.001125 -0.000068
4
158.748401 295.898087
5.295000 9.953000 12.082942 43 1
0.000000 0.000000 0.000000 0.000000 0.048814
0.000080 0.000424
4
225.726826 140.545252
5.295000 9.953000 12.082942 82 1
0.000000 0.000000 0.000000 0.000000 0.042135
0.000568 0.000298
4
290.080023 295.625847
5.295000 9.953000 12.082942 48 1
0.000000 0.000000 0.000000 0.000000 0.039346
0.000172 -0.000243
4
37.347491 145.117148
5.295000 9.953000 12.082942 54 1
0.000000 0.000000 0.000000 0.000000 0.178776
-0.001448 -0.000404
4
64.603149 306.265902
5.295000 9.953000 12.082942 72 1
0.000000 0.000000 0.000000 0.000000 0.054605
-0.000918 0.000013
4
42.735476 241.026883
5.295000 9.953000 12.082942 30 1
0.000000 0.000000 0.000000 0.000000 0.058063
-0.000728 -0.000165
1
409.778287 310.755524
5.295000 9.953000 12.082942 19 2
0.065880 0.000000 0.000000 0.000000 0.033169
0.000824 0.000390
4
342.924036 223.209415
5.295000 9.953000 12.082942 54 1
0.000000 0.000000 0.000000 0.000000 0.050102
0.001091 -0.002809
4
263.862458 488.004945
5.295000 9.953000 12.082942 41 1
0.000000 0.000000 0.000000 0.000000 0.053320
0.000203 0.000877
4
276.979981 406.133879
5.295000 9.953000 12.082942 45 1
0.000000 0.000000 0.000000 0.000000 0.055667
0.000291 0.001354
4
352.476308 273.146217
5.295000 9.953000 12.082942 44 1
0.000000 0.000000 0.000000 0.000000 0.039544
0.000798 0.000104
4
162.666010 433.608649
5.295000 9.953000 12.082942 75 1
0.000000 0.000000 0.000000 0.000000 0.047411
-0.000402 0.000803
4
354.905441 192.965712
5.295000 9.953000 12.082942 45 1
0.000000 0.000000 0.000000 0.000000 0.052253
-0.001820 0.000254
4
80.134999 295.362047
5.295000 9.953000 12.082942 81 1
0.000000 0.000000 0.000000 0.000000 0.046050
-0.000862 0.000047
4
171.239274 281.274645
5.295000 9.953000 12.082942 27 1
0.000000 0.000000 0.000000 0.000000 0.060536
-0.000043 0.000301
4
285.918010 168.027913
5.295000 9.953000 12.082942 71 1
0.000000 0.000000 0.000000 0.000000 0.026012
-0.000674 0.009419
4
181.422859 434.706051
5.295000 9.953000 12.082942 42 1
0.000000 0.000000 0.000000 0.000000 0.047288
-0.000276 0.000862
4
245.821267 194.385120
5.295000 9.953000 12.082942 72 1
0.000000 0.000000 0.000000 0.000000 0.041080
0.001123 -0.002672
4
183.387174 35.462778
5.295000 9.953000 12.082942 54 1
0.000000 0.000000 0.000000 0.000000 0.085989
0.000738 -0.000797
4
393.965414 392.123470
5.295000 9.953000 12.082942 42 1
0.000000 0.000000 0.000000 0.000000 0.065954
0.000366 0.001054
4
348.673808 321.572439
5.295000 9.953000 12.082942 39 1
0.000000 0.000000 0.000000 0.000000 0.060083
0.000382 0.000223
4
322.334112 260.808523
5.295000 9.953000 12.082942 80 1
0.000000 0.000000 0.000000 0.000000 0.030935
0.000505 -0.000658
4
226.774396 289.856376
5.295000 9.953000 12.082942 32 1
0.000000 0.000000 0.000000 0.000000 0.057494
-0.000011 0.000189
4
426.206229 258.014664
5.295000 9.953000 12.082942 45 1
0.000000 0.000000 0.000000 0.000000 0.043824
0.001146 0.000044
4
38.140226 164.329930
5.295000 9.953000 12.082942 55 1
0.000000 0.000000 0.000000 0.000000 0.073971
-0.001303 -0.000315
4
84.354666 372.785719
5.295000 9.953000 12.082942 41 1
0.000000 0.000000 0.000000 0.000000 0.082680
-0.001005 0.000303
4
33.154367 327.559965
5.295000 9.953000 12.082942 53 1
0.000000 0.000000 0.000000 0.000000 0.112802
-0.000964 -0.000008
4
380.104434 48.095447
5.295000 9.953000 12.082942 80 1
0.000000 0.000000 0.000000 0.000000 0.254962
0.000973 -0.001386
4
431.537871 155.663513
5.295000 9.953000 12.082942 39 1
0.000000 0.000000 0.000000 0.000000 0.063174
0.000776 -0.001119
4
337.564496 380.133963
5.295000 9.953000 12.082942 55 1
0.000000 0.000000 0.000000 0.000000 0.025986
0.000486 0.000970
4
287.626267 390.022265
5.295000 9.953000 12.082942 48 1
0.000000 0.000000 0.000000 0.000000 0.061302
0.000484 0.001365
4
413.346332 244.582278
5.295000 9.953000 12.082942 47 1
0.000000 0.000000 0.000000 0.000000 0.037720
0.001183 -0.000069
4
387.297170 317.475357
5.295000 9.953000 12.082942 65 1
0.000000 0.000000 0.000000 0.000000 0.051823
0.000742 0.000318
4
86.303075 152.289097
5.295000 9.953000 12.082942 70 1
0.000000 0.000000 0.000000 0.000000 0.043054
-0.001293 -0.000586
4
69.281295 105.458499
5.295000 9.953000 12.082942 43 1
0.000000 0.000000 0.000000 0.000000 0.149892
-0.001334 -0.000627
4
312.171653 473.990699
5.295000 9.953000 12.082942 47 1
0.000000 0.000000 0.000000 0.000000 0.083587
0.000737 0.001264
4
472.695210 330.574328
5.295000 9.953000 12.082942 59 1
0.000000 0.000000 0.000000 0.000000 0.079699
0.000134 0.000832
4
404.150876 195.147736
5.295000 9.953000 12.082942 61 1
0.000000 0.000000 0.000000 0.000000 0.036828
0.001332 -0.000599
4
39.798764 202.568861
5.295000 9.953000 12.082942 31 1
0.000000 0.000000 0.000000 0.000000 0.040761
-0.000948 -0.000183
4
419.022016 226.608121
5.295000 9.953000 12.082942 63 1
0.000000 0.000000 0.000000 0.000000 0.039846
0.001169 -0.000188
4
208.624742 237.432404
5.295000 9.953000 12.082942 41 1
0.000000 0.000000 0.000000 0.000000 0.035843
-0.000372 -0.000119
4
358.743497 255.400595
5.295000 9.953000 12.082942 55 1
0.000000 0.000000 0.000000 0.000000 0.050612
0.000808 0.000086
4
202.053119 269.595957
5.295000 9.953000 12.082942 31 1
0.000000 0.000000 0.000000 0.000000 0.062736
-0.000143 0.000145
4
431.163954 399.057646
5.295000 9.953000 12.082942 74 1
0.000000 0.000000 0.000000 0.000000 0.130129
0.000365 0.001437
4
289.671738 185.949383
5.295000 9.953000 12.082942 43 1
0.000000 0.000000 0.000000 0.000000 0.028242
-0.055024 -0.016663
1
324.844874 443.882654
5.295000 9.953000 12.082942 20 2
0.065880 0.000000 0.000000 0.000000 0.025550
0.000486 0.001128
4
178.526861 67.542138
5.295000 9.953000 12.082942 33 1
0.000000 0.000000 0.000000 0.000000 0.034983
-0.000028 0.000013
4
102.579664 399.808406
5.295000 9.953000 12.082942 33 1
0.000000 0.000000 0.000000 0.000000 0.073450
-0.000741 0.000116
4
274.966671 132.051600
5.295000 9.953000 12.082942 76 1
0.000000 0.000000 0.000000 0.000000 0.031217
0.000153 -0.000340
4
357.119742 305.191810
5.295000 9.953000 12.082942 50 1
0.000000 0.000000 0.000000 0.000000 0.050047
0.000630 0.000234
4
202.628836 219.860900
5.295000 9.953000 12.082942 86 1
0.000000 0.000000 0.000000 0.000000 0.032216
-0.000502 -0.000190
4
88.335809 190.266620
5.295000 9.953000 12.082942 41 1
0.000000 0.000000 0.000000 0.000000 0.045767
-0.001173 -0.000659
4
308.533125 124.278177
5.295000 9.953000 12.082942 55 1
0.000000 0.000000 0.000000 0.000000 0.027574
0.000854 -0.000392
4
321.684560 343.333335
5.295000 9.953000 12.082942 34 1
0.000000 0.000000 0.000000 0.000000 0.069525
-0.000229 -0.000215
4
370.820435 270.333126
5.295000 9.953000 12.082942 72 1
0.000000 0.000000 0.000000 0.000000 0.028731
0.000919 0.000099
4
38.869208 183.492310
5.295000 9.953000 12.082942 47 1
0.000000 0.000000 0.000000 0.000000 0.062378
-0.001143 -0.000245
4
72.437676 200.497314
5.295000 9.953000 12.082942 33 1
0.000000 0.000000 0.000000 0.000000 0.045030
-0.001033 -0.000429
4
25.768928 232.641056
5.295000 9.953000 12.082942 72 1
0.000000 0.000000 0.000000 0.000000 0.045568
-0.000796 -0.000117
4
217.509498 469.201122
5.295000 9.953000 12.082942 66 1
0.000000 0.000000 0.000000 0.000000 0.049536
-0.000214 0.001123
4
455.603897 369.771688
5.295000 9.953000 12.082942 44 1
0.000000 0.000000 0.000000 0.000000 0.149909
0.000555 0.001557
4
171.796604 231.113803
5.295000 9.953000 12.082942 36 1
0.000000 0.000000 0.000000 0.000000 0.033379
-0.000395 -0.000058
4
369.376011 181.203137
5.295000 9.953000 12.082942 59 1
0.000000 0.000000 0.000000 0.000000 0.050564
0.001764 -0.000673
4
269.805087 325.408200
5.295000 9.953000 12.082942 47 1
0.000000 0.000000 0.000000 0.000000 0.046335
0.001560 0.001443
4
271.357246 297.269996
5.295000 9.953000 12.082942 60 1
0.000000 0.000000 0.000000 0.000000 0.027722
-0.000030 -0.000132
4
209.221051 55.750161
5.295000 9.953000 12.082942 81 1
0.000000 0.000000 0.000000 0.000000 0.044130
0.000073 -0.000730
4
118.544834 389.139426
5.295000 9.953000 12.082942 33 1
0.000000 0.000000 0.000000 0.000000 0.068646
-0.001092 -0.000079
4
152.759086 62.718444
5.295000 9.953000 12.082942 31 1
0.000000 0.000000 0.000000 0.000000 0.038831
-0.002307 -0.000295
4
118.738682 169.158915
5.295000 9.953000 12.082942 38 1
0.000000 0.000000 0.000000 0.000000 0.047084
-0.000928 -0.000598
1
149.980462 44.206266
5.295000 9.953000 12.082942 21 2
0.065880 0.000000 0.000000 0.000000 0.053583
-0.000351 -0.000792
4
251.090148 261.875694
5.295000 9.953000 12.082942 48 1
0.000000 0.000000 0.000000 0.000000 0.028980
-0.000156 -0.000179
4
79.209656 276.312850
5.295000 9.953000 12.082942 43 1
0.000000 0.000000 0.000000 0.000000 0.066790
-0.000881 -0.000048
1
283.450847 66.847714
5.295000 9.953000 12.082942 21 2
0.065880 0.000000 0.000000 0.000000 0.030825
0.000136 -0.000508
4
231.626304 356.390010
5.295000 9.953000 12.082942 34 1
0.000000 0.000000 0.000000 0.000000 0.047002
0.000580 0.000747
4
118.635268 113.815731
5.295000 9.953000 12.082942 58 1
0.000000 0.000000 0.000000 0.000000 0.045667
-0.001087 -0.000479
4
444.607714 253.539601
5.295000 9.953000 12.082942 68 1
0.000000 0.000000 0.000000 0.000000 0.050518
0.001234 0.000117
4
262.474368 146.360538
5.295000 9.953000 12.082942 32 1
0.000000 0.000000 0.000000 0.000000 0.033798
0.001556 0.001384
4
188.209556 484.141017
5.295000 9.953000 12.082942 60 1
0.000000 0.000000 0.000000 0.000000 0.113533
-0.000291 0.000984
4
102.425894 142.368278
5.295000 9.953000 12.082942 43 1
0.000000 0.000000 0.000000 0.000000 0.038210
-0.001351 -0.000684
4
289.094343 357.541623
5.295000 9.953000 12.082942 36 1
0.000000 0.000000 0.000000 0.000000 0.071699
0.000898 0.001456
4
177.537822 299.084233
5.295000 9.953000 12.082942 36 1
0.000000 0.000000 0.000000 0.000000 0.058818
0.000050 0.000436
4
285.610553 422.857697
5.295000 9.953000 12.082942 32 1
0.000000 0.000000 0.000000 0.000000 0.038689
0.000176 0.001410
4
446.622791 303.347963
5.295000 9.953000 12.082942 77 1
0.000000 0.000000 0.000000 0.000000 0.036219
0.000747 0.000353
4
486.271194 177.866357
5.295000 9.953000 12.082942 64 1
0.000000 0.000000 0.000000 0.000000 0.122365
0.000159 -0.000872
4
255.191625 178.480336
5.295000 9.953000 12.082942 70 1
0.000000 0.000000 0.000000 0.000000 0.035670
-0.034198 -0.006011
4
200.939190 120.182464
5.295000 9.953000 12.082942 51 1
0.000000 0.000000 0.000000 0.000000 0.045906
-0.000163 -0.000363
4
314.007216 56.342001
5.295000 9.953000 12.082942 63 1
0.000000 0.000000 0.000000 0.000000 0.041704
0.000264 -0.000436
4
115.584220 454.699999
5.295000 9.953000 12.082942 45 1
0.000000 0.000000 0.000000 0.000000 0.324996
-0.001174 -0.000936
4
303.501111 209.202309
5.295000 9.953000 12.082942 62 1
0.000000 0.000000 0.000000 0.000000 0.038490
-0.000980 -0.001459
4
479.941852 195.603614
5.295000 9.953000 12.082942 58 1
0.000000 0.000000 0.000000 0.000000 0.090435
0.000853 -0.000543
4
344.069373 398.084764
5.295000 9.953000 12.082942 39 1
0.000000 0.000000 0.000000 0.000000 0.033073
0.000433 0.001036
4
210.453119 419.916992
5.295000 9.953000 12.082942 43 1
0.000000 0.000000 0.000000 0.000000 0.047765
-0.000094 0.000934
4
193.226109 353.165424
5.295000 9.953000 12.082942 34 1
0.000000 0.000000 0.000000 0.000000 0.038503
0.000510 0.000742
4
165.123487 163.705716
5.295000 9.953000 12.082942 44 1
0.000000 0.000000 0.000000 0.000000 0.047163
-0.000437 -0.000401
4
492.804657 229.265062
5.295000 9.953000 12.082942 59 1
0.000000 0.000000 0.000000 0.000000 0.078365
-0.000573 -0.000994
4
112.759401 216.152094
5.295000 9.953000 12.082942 51 1
0.000000 0.000000 0.000000 0.000000 0.049379
-0.001682 -0.000877
4
87.217373 410.754492
5.295000 9.953000 12.082942 49 1
0.000000 0.000000 0.000000 0.000000 0.129138
-0.000301 0.000932
1
307.924533 38.393275
5.295000 9.953000 12.082942 47 2
0.065880 0.000000 0.000000 0.000000 0.047249
0.000102 -0.000461
4
300.822412 311.520776
5.295000 9.953000 12.082942 61 1
0.000000 0.000000 0.000000 0.000000 0.045654
0.000106 -0.000158
4
424.886470 99.445770
5.295000 9.953000 12.082942 38 1
0.000000 0.000000 0.000000 0.000000 0.179538
0.000390 -0.001199
4
448.709715 163.914508
5.295000 9.953000 12.082942 44 1
0.000000 0.000000 0.000000 0.000000 0.076565
0.000806 -0.001668
4
346.533007 137.000935
5.295000 9.953000 12.082942 57 1
0.000000 0.000000 0.000000 0.000000 0.039294
0.000481 -0.000867
4
481.338431 244.419497
5.295000 9.953000 12.082942 53 1
0.000000 0.000000 0.000000 0.000000 0.067742
0.001390 0.000543
4
294.756431 466.559887
5.295000 9.953000 12.082942 49 1
0.000000 0.000000 0.000000 0.000000 0.050835
0.000653 0.001204
4
411.901456 129.096347
5.295000 9.953000 12.082942 54 1
0.000000 0.000000 0.000000 0.000000 0.076508
0.000582 -0.000972
4
10.265806 243.443646
5.295000 9.953000 12.082942 40 1
0.000000 0.000000 0.000000 0.000000 0.055487
-0.000799 -0.000102
4
31.976254 308.594557
5.295000 9.953000 12.082942 70 1
0.000000 0.000000 0.000000 0.000000 0.078828
-0.000941 -0.000059
4
148.789870 365.872815
5.295000 9.953000 12.082942 41 1
0.000000 0.000000 0.000000 0.000000 0.056964
-0.000558 0.000965
4
85.590181 391.731888
5.295000 9.953000 12.082942 74 1
0.000000 0.000000 0.000000 0.000000 0.106856
-0.000987 0.000619
4
165.689883 213.434297
5.295000 9.953000 12.082942 40 1
0.000000 0.000000 0.000000 0.000000 0.027297
-0.000548 -0.000152
4
171.710126 181.446820
5.295000 9.953000 12.082942 80 1
0.000000 0.000000 0.000000 0.000000 0.026422
-0.000496 -0.000428
4
394.319467 121.474989
5.295000 9.953000 12.082942 46 1
0.000000 0.000000 0.000000 0.000000 0.047563
0.000575 -0.000840
4
245.444444 244.120308
5.295000 9.953000 12.082942 69 1
0.000000 0.000000 0.000000 0.000000 0.032978
-0.000353 -0.000219
4
134.942510 223.982150
5.295000 9.953000 12.082942 44 1
0.000000 0.000000 0.000000 0.000000 0.038091
-0.000451 0.000071
4
182.826765 117.532682
5.295000 9.953000 12.082942 38 1
0.000000 0.000000 0.000000 0.000000 0.047219
-0.000530 -0.000713
4
159.490397 245.523163
5.295000 9.953000 12.082942 51 1
0.000000 0.000000 0.000000 0.000000 0.031325
-0.000293 0.000081
4
226.146374 485.984713
5.295000 9.953000 12.082942 33 1
0.000000 0.000000 0.000000 0.000000 0.071697
-0.000159 0.001174
4
369.390300 370.976531
5.295000 9.953000 12.082942 56 1
0.000000 0.000000 0.000000 0.000000 0.047402
0.000306 0.000789
4
397.452850 55.796691
5.295000 9.953000 12.082942 68 1
0.000000 0.000000 0.000000 0.000000 0.243149
0.001133 -0.001590
4
89.331500 227.384580
5.295000 9.953000 12.082942 44 1
0.000000 0.000000 0.000000 0.000000 0.057297
-0.000528 -0.000387
4
27.324907 251.751659
5.295000 9.953000 12.082942 39 1
0.000000 0.000000 0.000000 0.000000 0.061447
-0.000764 -0.000141
4
368.133959 320.833517
5.295000 9.953000 12.082942 38 1
0.000000 0.000000 0.000000 0.000000 0.068134
0.000555 0.000469
4
34.153186 346.561738
5.295000 9.953000 12.082942 61 1
0.000000 0.000000 0.000000 0.000000 0.178960
-0.000963 0.000056
4
120.330144 286.699730
5.295000 9.953000 12.082942 86 1
0.000000 0.000000 0.000000 0.000000 0.025105
-0.000396 0.000088
4
53.450472 134.765427
5.295000 9.953000 12.082942 74 1
0.000000 0.000000 0.000000 0.000000 0.093123
-0.001458 -0.000567
4
315.687593 277.779211
5.295000 9.953000 12.082942 31 1
0.000000 0.000000 0.000000 0.000000 0.032467
0.000519 -0.000413
4
412.561611 395.658746
5.295000 9.953000 12.082942 44 1
0.000000 0.000000 0.000000 0.000000 0.090523
0.000361 0.001236
1
183.502134 166.996750
5.295000 9.953000 12.082942 24 2
0.065880 0.000000 0.000000 0.000000 0.029350
-0.001306 -0.000599
4
279.202936 280.638170
5.295000 9.953000 12.082942 50 1
0.000000 0.000000 0.000000 0.000000 0.020826
0.000123 -0.000230
4
141.303179 242.007701
5.295000 9.953000 12.082942 45 1
0.000000 0.000000 0.000000 0.000000 0.032411
-0.000346 0.000155
4
266.004056 199.164073
5.295000 9.953000 12.082942 47 1
0.000000 0.000000 0.000000 0.000000 0.028146
-0.001777 0.001095
4
227.024680 191.027286
5.295000 9.953000 12.082942 39 1
0.000000 0.000000 0.000000 0.000000 0.053163
-0.001827 0.001714
1
318.803354 376.985947
5.295000 9.953000 12.082942 24 2
0.065880 0.000000 0.000000 0.000000 0.036026
0.000305 0.000729
4
250.783065 357.178866
5.295000 9.953000 12.082942 38 1
0.000000 0.000000 0.000000 0.000000 0.057466
0.000613 0.000991
4
136.276702 414.804687
5.295000 9.953000 12.082942 52 1
0.000000 0.000000 0.000000 0.000000 0.072466
-0.000733 0.001024
4
406.389427 213.406507
5.295000 9.953000 12.082942 62 1
0.000000 0.000000 0.000000 0.000000 0.040475
0.001314 -0.000241
4
114.447433 269.390637
5.295000 9.953000 12.082942 87 1
0.000000 0.000000 0.000000 0.000000 0.021885
-0.000644 0.000039
4
398.989810 158.533804
5.295000 9.953000 12.082942 36 1
0.000000 0.000000 0.000000 0.000000 0.041249
0.000867 -0.000737
4
104.221063 418.830274
5.295000 9.953000 12.082942 32 1
0.000000 0.000000 0.000000 0.000000 0.087995
0.000070 -0.000366
4
105.545656 198.778203
5.295000 9.953000 12.082942 39 1
0.000000 0.000000 0.000000 0.000000 0.048709
-0.001275 -0.000917
4
77.228182 257.522731
5.295000 9.953000 12.082942 54 1
0.000000 0.000000 0.000000 0.000000 0.063763
-0.000625 -0.000177
4
227.796807 453.326630
5.295000 9.953000 12.082942 53 1
0.000000 0.000000 0.000000 0.000000 0.041004
-0.000180 0.001125
1
374.625214 438.014742
5.295000 9.953000 12.082942 25 2
0.065880 0.000000 0.000000 0.000000 0.036322
0.000395 0.001179
4
132.241619 100.646226
5.295000 9.953000 12.082942 31 1
0.000000 0.000000 0.000000 0.000000 0.056115
-0.001050 -0.000516
4
232.834870 258.223833
5.295000 9.953000 12.082942 72 1
0.000000 0.000000 0.000000 0.000000 0.041663
-0.000231 -0.000080
4
193.107367 386.548387
5.295000 9.953000 12.082942 31 1
0.000000 0.000000 0.000000 0.000000 0.034676
-0.000002 0.000672
4
154.689374 347.366089
5.295000 9.953000 12.082942 35 1
0.000000 0.000000 0.000000 0.000000 0.040094
0.000300 0.000949
4
334.889106 166.887710
5.295000 9.953000 12.082942 80 1
0.000000 0.000000 0.000000 0.000000 0.039493
0.004208 -0.002247
4
161.149742 314.899206
5.295000 9.953000 12.082942 47 1
0.000000 0.000000 0.000000 0.000000 0.046359
0.000037 0.000605
4
121.721289 188.200265
5.295000 9.953000 12.082942 93 1
0.000000 0.000000 0.000000 0.000000 0.034529
-0.001008 -0.000342
4
129.790025 322.171896
5.295000 9.953000 12.082942 32 1
0.000000 0.000000 0.000000 0.000000 0.047139
-0.000424 0.000334
4
389.821710 84.175998
5.295000 9.953000 12.082942 47 1
0.000000 0.000000 0.000000 0.000000 0.064806
0.000344 -0.000887
4
195.257983 20.651692
5.295000 9.953000 12.082942 40 1
0.000000 0.000000 0.000000 0.000000 0.091699
0.000256 -0.000982
4
13.425205 281.439197
5.295000 9.953000 12.082942 72 1
0.000000 0.000000 0.000000 0.000000 0.065287
-0.000844 -0.000145
4
146.611185 160.250107
5.295000 9.953000 12.082942 49 1
0.000000 0.000000 0.000000 0.000000 0.053585
-0.000691 -0.000355
4
413.991662 343.426223
5.295000 9.953000 12.082942 50 1
0.000000 0.000000 0.000000 0.000000 0.071774
0.002024 -0.000550
1
232.833374 26.114823
5.295000 9.953000 12.082942 26 2
0.065880 0.000000 0.000000 0.000000 0.036557
0.000148 -0.000838
4
208.490398 187.833106
5.295000 9.953000 12.082942 32 1
0.000000 0.000000 0.000000 0.000000 0.042371
0.000244 -0.001305
4
361.887168 452.098085
5.295000 9.953000 12.082942 46 1
0.000000 0.000000 0.000000 0.000000 0.098437
0.000374 0.001143
4
374.334808 95.385378
5.295000 9.953000 12.082942 54 1
0.000000 0.000000 0.000000 0.000000 0.043386
0.000482 -0.000769
4
352.118187 174.105404
5.295000 9.953000 12.082942 48 1
0.000000 0.000000 0.000000 0.000000 0.047506
-0.001180 0.000197
4
51.681617 374.625099
5.295000 9.953000 12.082942 45 1
0.000000 0.000000 0.000000 0.000000 0.195515
-0.000907 0.000326
4
400.295309 360.374998
5.295000 9.953000 12.082942 54 1
0.000000 0.000000 0.000000 0.000000 0.080077
0.000496 0.001022
4
271.457213 217.004862
5.295000 9.953000 12.082942 38 1
0.000000 0.000000 0.000000 0.000000 0.027420
-0.000933 -0.001046
1
139.988183 28.135373
5.295000 9.953000 12.082942 87 2
0.065880 0.000000 0.000000 0.000000 0.344872
-0.000140 -0.000985
4
272.633865 81.940607
5.295000 9.953000 12.082942 46 1
0.000000 0.000000 0.000000 0.000000 0.050189
-0.000157 -0.000693
4
340.611296 345.978248
5.295000 9.953000 12.082942 47 1
0.000000 0.000000 0.000000 0.000000 0.069274
-0.000362 -0.000300
4
196.993390 320.716754
5.295000 9.953000 12.082942 34 1
0.000000 0.000000 0.000000 0.000000 0.043656
0.000456 0.000559
4
468.152360 231.017506
5.295000 9.953000 12.082942 54 1
0.000000 0.000000 0.000000 0.000000 0.060280
0.001593 0.000150
4
244.698349 11.282160
5.295000 9.953000 12.082942 86 1
0.000000 0.000000 0.000000 0.000000 0.044815
0.000211 -0.000805
4
311.846372 359.835124
5.295000 9.953000 12.082942 34 1
0.000000 0.000000 0.000000 0.000000 0.069444
0.000628 0.000341
4
414.169050 147.715946
5.295000 9.953000 12.082942 71 1
0.000000 0.000000 0.000000 0.000000 0.051065
0.000704 -0.000920
4
208.248818 287.110971
5.295000 9.953000 12.082942 29 1
0.000000 0.000000 0.000000 0.000000 0.064327
-0.000030 0.000255
4
446.743164 144.847585
5.295000 9.953000 12.082942 65 1
0.000000 0.000000 0.000000 0.000000 0.096518
0.000669 -0.001439
4
276.817053 234.930906
5.295000 9.953000 12.082942 55 1
0.000000 0.000000 0.000000 0.000000 0.028389
-0.000456 -0.000524
4
266.882135 422.166497
5.295000 9.953000 12.082942 32 1
0.000000 0.000000 0.000000 0.000000 0.035339
0.000138 0.001342
4
98.640327 343.411491
5.295000 9.953000 12.082942 38 1
0.000000 0.000000 0.000000 0.000000 0.054625
-0.000833 0.000069
1
102.250435 123.303335
5.295000 9.953000 12.082942 29 2
0.065880 0.000000 0.000000 0.000000 0.030560
-0.001250 -0.000538
4
230.673752 388.371799
5.295000 9.953000 12.082942 34 1
0.000000 0.000000 0.000000 0.000000 0.053666
0.000170 0.000926
4
116.935568 370.478951
5.295000 9.953000 12.082942 37 1
0.000000 0.000000 0.000000 0.000000 0.064048
-0.000980 0.000052
4
152.866052 277.597253
5.295000 9.953000 12.082942 55 1
0.000000 0.000000 0.000000 0.000000 0.046830
-0.000046 0.000277
4
207.421022 137.758085
5.295000 9.953000 12.082942 49 1
0.000000 0.000000 0.000000 0.000000 0.052180
-0.000753 -0.000748
4
331.490076 148.070537
5.295000 9.953000 12.082942 42 1
0.000000 0.000000 0.000000 0.000000 0.040093
0.001068 -0.000469
1
356.081210 434.215804
5.295000 9.953000 12.082942 30 2
0.065880 0.000000 0.000000 0.000000 0.026921
0.000433 0.001110
4
281.051317 496.028099
5.295000 9.953000 12.082942 40 1
0.000000 0.000000 0.000000 0.000000 0.067077
0.000244 0.000982
4
239.435344 404.884398
5.295000 9.953000 12.082942 32 1
0.000000 0.000000 0.000000 0.000000 0.054288
0.000107 0.001067
4
379.161923 132.652252
5.295000 9.953000 12.082942 84 1
0.000000 0.000000 0.000000 0.000000 0.026280
0.000572 -0.000716
4
376.717610 114.070997
5.295000 9.953000 12.082942 44 1
0.000000 0.000000 0.000000 0.000000 0.039772
0.000544 -0.000770
4
343.839859 118.737136
5.295000 9.953000 12.082942 57 1
0.000000 0.000000 0.000000 0.000000 0.033422
0.000522 -0.000945
1
459.845389 114.883343
5.295000 9.953000 12.082942 30 2
0.065880 0.000000 0.000000 0.000000 0.193665
0.000458 -0.001530
4
237.991057 437.442069
5.295000 9.953000 12.082942 32 1
0.000000 0.000000 0.000000 0.000000 0.043145
-0.000080 0.001127
4
242.441862 93.637804
5.295000 9.953000 12.082942 85 1
0.000000 0.000000 0.000000 0.000000 0.039384
-0.000100 -0.000622
4
362.612900 402.085065
5.295000 9.953000 12.082942 74 1
0.000000 0.000000 0.000000 0.000000 0.041417
0.000473 0.001107
4
67.450480 364.257728
5.295000 9.953000 12.082942 53 1
0.000000 0.000000 0.000000 0.000000 0.113335
-0.000944 0.000263
4
22.942457 194.084885
5.295000 9.953000 12.082942 46 1
0.000000 0.000000 0.000000 0.000000 0.055984
-0.001018 -0.000100
4
421.968763 189.444885
5.295000 9.953000 12.082942 67 1
0.000000 0.000000 0.000000 0.000000 0.038438
0.001529 -0.000265
4
376.977586 252.850849
5.295000 9.953000 12.082942 92 1
0.000000 0.000000 0.000000 0.000000 0.026802
0.001050 -0.000012
1
332.676993 60.736413
5.295000 9.953000 12.082942 57 2
0.065880 0.000000 0.000000 0.000000 0.026542
0.000477 -0.000596
4
147.338175 110.550787
5.295000 9.953000 12.082942 44 1
0.000000 0.000000 0.000000 0.000000 0.058949
-0.000873 -0.000655
1
315.021670 92.571813
5.295000 9.953000 12.082942 32 2
0.065880 0.000000 0.000000 0.000000 0.015448
0.000059 -0.000483
4
466.952475 348.636667
5.295000 9.953000 12.082942 69 1
0.000000 0.000000 0.000000 0.000000 0.095934
0.000460 0.000841
1
349.484941 70.515393
5.295000 9.953000 12.082942 32 2
0.065880 0.000000 0.000000 0.000000 0.017865
0.001273 -0.001275
4
330.308843 480.585893
5.295000 9.953000 12.082942 53 1
0.000000 0.000000 0.000000 0.000000 0.154815
0.000938 0.001086
4
116.781600 72.512753
5.295000 9.953000 12.082942 74 1
0.000000 0.000000 0.000000 0.000000 0.105566
-0.001969 -0.000276
4
221.000315 40.945549
5.295000 9.953000 12.082942 62 1
0.000000 0.000000 0.000000 0.000000 0.045244
0.000126 -0.000817
4
159.521117 195.806057
5.295000 9.953000 12.082942 84 1
0.000000 0.000000 0.000000 0.000000 0.033787
-0.000689 -0.000218
1
465.136438 298.804429
5.295000 9.953000 12.082942 34 2
0.065880 0.000000 0.000000 0.000000 0.027861
0.000658 0.000661
4
83.086608 353.857174
5.295000 9.953000 12.082942 42 1
0.000000 0.000000 0.000000 0.000000 0.061692
-0.000935 0.000134
4
233.223436 324.886482
5.295000 9.953000 12.082942 86 1
0.000000 0.000000 0.000000 0.000000 0.031153
0.001032 0.000510
4
319.454493 426.185788
5.295000 9.953000 12.082942 65 1
0.000000 0.000000 0.000000 0.000000 0.034390
0.000472 0.001115
4
141.322154 396.244329
5.295000 9.953000 12.082942 40 1
0.000000 0.000000 0.000000 0.000000 0.063708
-0.001120 0.000476
4
280.305846 99.530672
5.295000 9.953000 12.082942 78 1
0.000000 0.000000 0.000000 0.000000 0.036213
-0.000265 -0.000730
4
306.507663 391.249994
5.295000 9.953000 12.082942 92 1
0.000000 0.000000 0.000000 0.000000 0.028713
0.000509 0.001220
4
172.978910 417.802513
5.295000 9.953000 12.082942 65 1
0.000000 0.000000 0.000000 0.000000 0.036387
-0.000295 0.000819
1
36.874148 125.987598
5.295000 9.953000 12.082942 36 2
0.065880 0.000000 0.000000 0.000000 0.289409
-0.001461 -0.000485
4
166.750996 368.072726
5.295000 9.953000 12.082942 57 1
0.000000 0.000000 0.000000 0.000000 0.047192
-0.000323 0.000752
4
268.412131 114.247000
5.295000 9.953000 12.082942 47 1
0.000000 0.000000 0.000000 0.000000 0.045034
-0.000233 -0.000648
4
109.847379 251.693116
5.295000 9.953000 12.082942 91 1
0.000000 0.000000 0.000000 0.000000 0.031638
-0.000494 -0.000079
4
401.659377 281.047493
5.295000 9.953000 12.082942 70 1
0.000000 0.000000 0.000000 0.000000 0.036853
0.000986 0.000045
4
291.903783 448.071406
5.295000 9.953000 12.082942 50 1
0.000000 0.000000 0.000000 0.000000 0.034967
0.000536 0.001147
4
345.532597 290.492721
5.295000 9.953000 12.082942 59 1
0.000000 0.000000 0.000000 0.000000 0.034352
0.000572 0.000048
4
223.650582 90.679513
5.295000 9.953000 12.082942 55 1
0.000000 0.000000 0.000000 0.000000 0.028317
0.000031 -0.000551
4
387.330127 423.976739
5.295000 9.953000 12.082942 49 1
0.000000 0.000000 0.000000 0.000000 0.057075
0.000364 0.001150
4
265.190524 64.095912
5.295000 9.953000 12.082942 52 1
0.000000 0.000000 0.000000 0.000000 0.057112
0.000049 -0.000660
4
387.901854 374.485171
5.295000 9.953000 12.082942 84 1
0.000000 0.000000 0.000000 0.000000 0.053179
0.000383 0.000938
4
49.967169 336.091812
5.295000 9.953000 12.082942 56 1
0.000000 0.000000 0.000000 0.000000 0.080845
-0.000955 0.000062
4
345.971804 241.397649
5.295000 9.953000 12.082942 52 1
0.000000 0.000000 0.000000 0.000000 0.053546
0.001389 0.000824
4
214.978160 205.445134
5.295000 9.953000 12.082942 64 1
0.000000 0.000000 0.000000 0.000000 0.044616
-0.000053 -0.000580
4
140.379525 291.355977
5.295000 9.953000 12.082942 50 1
0.000000 0.000000 0.000000 0.000000 0.041688
0.000096 0.000437
4
459.611002 316.813563
5.295000 9.953000 12.082942 50 1
0.000000 0.000000 0.000000 0.000000 0.033369
0.000337 0.000801
1
185.604648 85.358442
5.295000 9.953000 12.082942 40 2
0.065880 0.000000 0.000000 0.000000 0.018569
0.000645 -0.000433
4
133.125997 447.599865
5.295000 9.953000 12.082942 57 1
0.000000 0.000000 0.000000 0.000000 0.140301
-0.000350 0.001061
4
69.615920 124.446119
5.295000 9.953000 12.082942 46 1
0.000000 0.000000 0.000000 0.000000 0.105216
-0.001507 -0.000596
4
420.762905 275.878979
5.295000 9.953000 12.082942 48 1
0.000000 0.000000 0.000000 0.000000 0.052818
0.000989 0.000127
4
467.558655 181.254971
5.295000 9.953000 12.082942 64 1
0.000000 0.000000 0.000000 0.000000 0.090204
0.000308 -0.000163
4
256.339121 307.818815
5.295000 9.953000 12.082942 61 1
0.000000 0.000000 0.000000 0.000000 0.036083
-0.000158 0.000115
1
228.028269 58.473946
5.295000 9.953000 12.082942 41 2
0.065880 0.000000 0.000000 0.000000 0.032857
0.000034 -0.000768
4
149.674735 91.883917
5.295000 9.953000 12.082942 57 1
0.000000 0.000000 0.000000 0.000000 0.051163
-0.001687 -0.000915
4
63.283174 287.144419
5.295000 9.953000 12.082942 43 1
0.000000 0.000000 0.000000 0.000000 0.066942
-0.000865 -0.000051
4
202.216541 38.197785
5.295000 9.953000 12.082942 56 1
0.000000 0.000000 0.000000 0.000000 0.072740
0.000238 -0.000742
4
320.826274 179.065488
5.295000 9.953000 12.082942 46 1
0.000000 0.000000 0.000000 0.000000 0.035504
-0.008504 0.007265
4
231.825848 158.131051
5.295000 9.953000 12.082942 43 1
0.000000 0.000000 0.000000 0.000000 0.039223
-0.002160 -0.002672
4
280.846620 149.890764
5.295000 9.953000 12.082942 50 1
0.000000 0.000000 0.000000 0.000000 0.022432
-0.001168 -0.002194
1
21.461338 155.690770
5.295000 9.953000 12.082942 41 2
0.065880 0.000000 0.000000 0.000000 0.137326
-0.001359 -0.000171
4
362.888012 40.276890
5.295000 9.953000 12.082942 86 1
0.000000 0.000000 0.000000 0.000000 0.122293
0.000498 -0.000770
4
22.200829 174.794048
5.295000 9.953000 12.082942 57 1
0.000000 0.000000 0.000000 0.000000 0.090532
-0.001206 -0.000141
4
160.502602 466.205355
5.295000 9.953000 12.082942 46 1
0.000000 0.000000 0.000000 0.000000 0.099897
-0.000259 0.000871
4
208.866145 452.451320
5.295000 9.953000 12.082942 79 1
0.000000 0.000000 0.000000 0.000000 0.049059
-0.000207 0.001037
4
302.421327 343.879599
5.295000 9.953000 12.082942 43 1
0.000000 0.000000 0.000000 0.000000 0.070862
-0.000041 0.000300
1
424.277731 208.116674
5.295000 9.953000 12.082942 42 2
0.065880 0.000000 0.000000 0.000000 0.031375
0.001259 -0.000075
4
245.042265 486.861687
5.295000 9.953000 12.082942 52 1
0.000000 0.000000 0.000000 0.000000 0.062030
-0.000019 0.001212
4
339.087998 28.361559
5.295000 9.953000 12.082942 84 1
0.000000 0.000000 0.000000 0.000000 0.093087
-0.000100 -0.000875
4
366.724052 162.554962
5.295000 9.953000 12.082942 45 1
0.000000 0.000000 0.000000 0.000000 0.048198
0.001248 -0.000788
4
73.102395 219.222646
5.295000 9.953000 12.082942 44 1
0.000000 0.000000 0.000000 0.000000 0.052866
-0.000720 -0.000318
4
222.862714 339.972899
5.295000 9.953000 12.082942 46 1
0.000000 0.000000 0.000000 0.000000 0.036896
0.000737 0.000556
4
375.293499 388.465885
5.295000 9.953000 12.082942 47 1
0.000000 0.000000 0.000000 0.000000 0.048606
0.000384 0.000930
1
475.990014 262.590747
5.295000 9.953000 12.082942 45 2
0.065880 0.000000 0.000000 0.000000 0.034852
0.001137 0.000561
1
52.562045 96.720289
5.295000 9.953000 12.082942 76 2
0.065880 0.000000 0.000000 0.000000 0.303205
-0.001000 -0.000959
4
492.265174 210.224281
5.295000 9.953000 12.082942 49 1
0.000000 0.000000 0.000000 0.000000 0.086827
0.001345 -0.001047
4
389.301681 266.981609
5.295000 9.953000 12.082942 64 1
0.000000 0.000000 0.000000 0.000000 0.020023
0.000990 0.000007
4
245.456316 292.889063
5.295000 9.953000 12.082942 49 1
0.000000 0.000000 0.000000 0.000000 0.040600
-0.000014 -0.000009
4
363.695141 353.691288
5.295000 9.953000 12.082942 55 1
0.000000 0.000000 0.000000 0.000000 0.062043
0.000482 0.000586
4
251.629691 28.840693
5.295000 9.953000 12.082942 93 1
0.000000 0.000000 0.000000 0.000000 0.040231
0.000128 -0.000751
4
344.817516 467.730778
5.295000 9.953000 12.082942 56 1
0.000000 0.000000 0.000000 0.000000 0.113209
0.000915 0.001005
4
100.230211 82.705462
5.295000 9.953000 12.082942 50 1
0.000000 0.000000 0.000000 0.000000 0.103980
-0.001612 0.000148
4
367.066532 77.868137
5.295000 9.953000 12.082942 80 1
0.000000 0.000000 0.000000 0.000000 0.034642
0.001296 -0.001064
1
416.306134 166.333017
5.295000 9.953000 12.082942 47 2
0.065880 0.000000 0.000000 0.000000 0.027604
0.000889 -0.000842
4
289.202561 34.810912
5.295000 9.953000 12.082942 64 1
0.000000 0.000000 0.000000 0.000000 0.058231
0.000106 -0.000489
4
179.559766 467.295560
5.295000 9.953000 12.082942 50 1
0.000000 0.000000 0.000000 0.000000 0.091606
-0.000269 0.000925
4
301.590727 20.517160
5.295000 9.953000 12.082942 66 1
0.000000 0.000000 0.000000 0.000000 0.066369
0.000034 -0.000499
4
295.583713 52.577164
5.295000 9.953000 12.082942 71 1
0.000000 0.000000 0.000000 0.000000 0.042557
0.000180 -0.000429
4
16.227030 319.145660
5.295000 9.953000 12.082942 64 1
0.000000 0.000000 0.000000 0.000000 0.132873
-0.000962 -0.000078
4
337.699414 101.270450
5.295000 9.953000 12.082942 77 1
0.000000 0.000000 0.000000 0.000000 0.024128
0.000683 -0.001271
4
382.237415 235.184118
5.295000 9.953000 12.082942 69 1
0.000000 0.000000 0.000000 0.000000 0.040865
0.001042 -0.000408
4
325.187620 216.585745
5.295000 9.953000 12.082942 77 1
0.000000 0.000000 0.000000 0.000000 0.038268
0.000714 0.003474
4
263.607687 14.069461
5.295000 9.953000 12.082942 61 1
0.000000 0.000000 0.000000 0.000000 0.079057
0.000187 -0.000684
4
448.329167 352.225332
5.295000 9.953000 12.082942 56 1
0.000000 0.000000 0.000000 0.000000 0.092889
0.000661 0.001401
4
394.103654 343.101472
5.295000 9.953000 12.082942 75 1
0.000000 0.000000 0.000000 0.000000 0.063083
0.000636 0.000745
4
345.030504 46.424342
5.295000 9.953000 12.082942 66 1
0.000000 0.000000 0.000000 0.000000 0.072718
0.000246 -0.000999
1
320.456573 24.360215
5.295000 9.953000 12.082942 58 2
0.065880 0.000000 0.000000 0.000000 0.056397
-0.000072 -0.000588
1
481.532541 159.584737
5.295000 9.953000 12.082942 73 2
0.065880 0.000000 0.000000 0.000000 0.225372
0.000634 -0.001041
1
112.265515 49.268004
5.295000 9.953000 12.082942 80 2
0.065880 0.000000 0.000000 0.000000 0.275984
0.000421 0.002346
2
83.439181 74.692605
5.295000 9.953000 12.082942 91 1
0.065880 0.000000 0.000000 0.000000 0.221068
-0.000993 -0.001661
1
72.387087 422.155637
5.295000 9.953000 12.082942 92 2
0.065880 0.000000 0.000000 0.000000 0.198621
-0.003204 -0.003337
