500.000000 500.000000
693 33
118 693
2
365.224346 276.612653
5.295000 9.953000 12.082942 28 1
0.065880 0.000000 0.000000 0.000000 0.223641
0.009170 0.006529
1
405.440774 392.161631
5.295000 9.953000 12.082942 0 1
0.065880 0.000000 0.000000 0.000000 0.160420
0.019021 -0.006756
1
343.446497 365.424442
5.295000 9.953000 12.082942 20 2
0.065880 0.000000 0.000000 0.000000 0.246259
0.005154 -0.002751
1
214.432307 345.061012
5.295000 9.953000 12.082942 0 1
0.065880 0.000000 0.000000 0.000000 0.121360
-0.001195 0.013085
1
256.712215 421.229981
5.295000 9.953000 12.082942 31 2
0.065880 0.000000 0.000000 0.000000 0.134432
0.010195 0.007918
1
70.582480 335.996424
5.295000 9.953000 12.082942 24 2
0.065880 0.000000 0.000000 0.000000 0.147622
-0.016844 0.003916
1
330.836171 253.097895
5.295000 9.953000 12.082942 21 2
0.065880 0.000000 0.000000 0.000000 0.198744
0.004878 -0.002581
1
190.275698 310.062122
5.295000 9.953000 12.082942 0 1
0.065880 0.000000 0.000000 0.000000 0.124610
-0.010252 0.020296
1
131.040751 343.298056
5.295000 9.953000 12.082942 29 2
0.065880 0.000000 0.000000 0.000000 0.109787
-0.015171 0.004170
1
271.650235 496.251520
5.295000 9.953000 12.082942 0 1
0.065880 0.000000 0.000000 0.000000 0.147214
-0.003336 0.015128
5
235.074823 64.110771
5.195070 9.765163 11.854907 16 1
0.065880 0.000000 0.000000 0.000000 0.247951
0.020452 -0.000784
1
29.388797 207.661184
5.295000 9.953000 12.082942 32 2
0.065880 0.000000 0.000000 0.000000 0.150409
-0.016083 0.000093
1
448.266384 166.632060
5.295000 9.953000 12.082942 23 2
0.065880 0.000000 0.000000 0.000000 0.201518
0.007484 -0.004272
5
248.425275 313.121678
5.091141 9.569807 11.617745 17 1
0.065880 0.000000 0.000000 0.000000 0.122931
0.049112 0.028667
5
143.377210 300.696019
4.493375 8.446188 10.253672 22 1
0.065880 0.000000 0.000000 0.000000 0.127915
-0.007711 -0.002209
1
106.364549 144.870984
5.295000 9.953000 12.082942 29 2
0.065880 0.000000 0.000000 0.000000 0.125507
-0.007031 -0.000772
1
157.950281 433.814452
5.295000 9.953000 12.082942 22 2
0.065880 0.000000 0.000000 0.000000 0.229217
-0.005786 0.015328
1
413.813170 131.385126
5.295000 9.953000 12.082942 0 1
0.065880 0.000000 0.000000 0.000000 0.138132
0.007870 -0.003943
5
33.360279 138.121422
4.982786 9.366132 11.370484 18 1
0.065880 0.000000 0.000000 0.000000 0.455977
-0.011237 -0.005656
1
360.835903 51.514155
5.295000 9.953000 12.082942 0 1
0.065880 0.000000 0.000000 0.000000 0.388273
0.007846 -0.025928
1
244.073040 138.311520
5.295000 9.953000 12.082942 19 2
0.065880 0.000000 0.000000 0.000000 0.223403
-0.004734 -0.010495
1
394.946086 293.007756
5.295000 9.953000 12.082942 0 1
0.065880 0.000000 0.000000 0.000000 0.236688
0.007849 -0.000339
5
258.648095 275.224365
4.352864 8.182070 9.933032 23 1
0.065880 0.000000 0.000000 0.000000 0.119106
0.004204 0.059056
1
315.824508 138.183936
5.295000 9.953000 12.082942 23 2
0.065880 0.000000 0.000000 0.000000 0.163068
0.007449 -0.021338
1
300.378962 292.367408
5.295000 9.953000 12.082942 19 2
0.065880 0.000000 0.000000 0.000000 0.132534
0.037959 -0.024023
1
239.714652 358.420841
5.295000 9.953000 12.082942 0 1
0.065880 0.000000 0.000000 0.000000 0.119297
0.001311 0.003895
1
330.982546 428.310608
5.295000 9.953000 12.082942 30 2
0.065880 0.000000 0.000000 0.000000 0.144660
0.009403 -0.002046
1
196.641093 404.594463
5.295000 9.953000 12.082942 0 1
0.065880 0.000000 0.000000 0.000000 0.120158
0.008648 0.034655
1
417.829728 185.659002
5.295000 9.953000 12.082942 32 2
0.065880 0.000000 0.000000 0.000000 0.141895
0.003462 0.005605
1
431.831341 347.952035
5.295000 9.953000 12.082942 0 1
0.065880 0.000000 0.000000 0.000000 0.174245
0.012812 -0.001877
1
450.453442 221.408488
5.295000 9.953000 12.082942 23 2
0.065880 0.000000 0.000000 0.000000 0.259051
0.012158 -0.002608
2
43.718220 352.479121
5.295000 9.953000 12.082942 33 1
0.065880 0.000000 0.000000 0.000000 0.255188
-0.015947 0.008176
1
336.768906 445.771076
5.295000 9.953000 12.082942 0 1
0.065880 0.000000 0.000000 0.000000 0.129240
0.004672 0.006105
1
262.208129 447.403707
5.295000 9.953000 12.082942 23 2
0.065880 0.000000 0.000000 0.000000 0.137546
-0.004402 0.022257
1
312.413481 376.949200
5.295000 9.953000 12.082942 20 2
0.065880 0.000000 0.000000 0.000000 0.168500
0.013318 0.012505
5
383.349977 264.017001
4.869501 9.153191 11.111974 19 1
0.065880 0.000000 0.000000 0.000000 0.241003
0.015913 0.007499
1
75.700643 200.130750
5.295000 9.953000 12.082942 21 2
0.065880 0.000000 0.000000 0.000000 0.126668
-0.012569 -0.000045
1
248.139566 373.951118
5.295000 9.953000 12.082942 29 2
0.065880 0.000000 0.000000 0.000000 0.121398
-0.001671 0.007222
4
77.048257 217.359102
5.295000 9.953000 12.082942 33 1
0.000000 0.000000 0.000000 0.000000 0.132411
-0.014023 0.000287
5
305.982889 393.136654
5.091141 9.569807 11.617745 17 1
0.065880 0.000000 0.000000 0.000000 0.182064
0.004910 0.011146
1
86.785031 172.266000
5.295000 9.953000 12.082942 0 1
0.065880 0.000000 0.000000 0.000000 0.111278
-0.012930 -0.005540
1
378.357572 241.973111
5.295000 9.953000 12.082942 20 2
0.065880 0.000000 0.000000 0.000000 0.242278
0.002854 -0.016550
1
115.958192 300.193548
5.295000 9.953000 12.082942 24 2
0.065880 0.000000 0.000000 0.000000 0.119748
-0.006546 -0.006272
1
207.521186 103.715242
5.295000 9.953000 12.082942 0 1
0.065880 0.000000 0.000000 0.000000 0.148766
0.014592 0.006821
1
347.853893 282.739336
5.295000 9.953000 12.082942 0 1
0.065880 0.000000 0.000000 0.000000 0.177441
0.010518 0.007864
1
368.896443 166.087429
5.295000 9.953000 12.082942 0 1
0.065880 0.000000 0.000000 0.000000 0.153541
0.012987 0.001355
1
288.226613 463.608912
5.295000 9.953000 12.082942 30 2
0.065880 0.000000 0.000000 0.000000 0.143104
0.010540 0.016155
1
254.558458 124.401305
5.295000 9.953000 12.082942 31 2
0.065880 0.000000 0.000000 0.000000 0.172984
-0.006506 -0.009244
1
223.263438 359.245089
5.295000 9.953000 12.082942 0 1
0.065880 0.000000 0.000000 0.000000 0.117041
-0.002785 0.010072
1
314.054152 202.870405
5.295000 9.953000 12.082942 0 1
0.065880 0.000000 0.000000 0.000000 0.186935
-0.004688 -0.011002
1
378.148241 296.778751
5.295000 9.953000 12.082942 20 2
0.065880 0.000000 0.000000 0.000000 0.169934
0.009595 0.004228
1
89.636702 145.718866
5.295000 9.953000 12.082942 20 2
0.065880 0.000000 0.000000 0.000000 0.127358
-0.016080 -0.005151
1
306.846533 232.394463
5.295000 9.953000 12.082942 0 1
0.065880 0.000000 0.000000 0.000000 0.130436
0.010322 0.000909
5
471.410159 273.579185
4.493375 8.446188 10.253672 22 1
0.065880 0.000000 0.000000 0.000000 0.374655
0.009761 -0.006870
1
48.250060 108.989068
5.295000 9.953000 12.082942 0 1
0.065880 0.000000 0.000000 0.000000 0.500550
-0.014898 -0.014299
2
368.350777 35.301691
5.295000 9.953000 12.082942 31 1
0.065880 0.000000 0.000000 0.000000 0.306156
0.014897 -0.027585
1
383.011570 154.496650
5.295000 9.953000 12.082942 28 2
0.065880 0.000000 0.000000 0.000000 0.126975
0.010250 -0.000663
1
161.051353 323.392988
5.295000 9.953000 12.082942 26 2
0.065880 0.000000 0.000000 0.000000 0.125643
-0.007016 -0.000660
1
138.202918 208.041867
5.295000 9.953000 12.082942 26 2
0.065880 0.000000 0.000000 0.000000 0.109047
-0.005830 -0.000129
4
256.671913 358.343751
5.295000 9.953000 12.082942 32 1
0.000000 0.000000 0.000000 0.000000 0.117204
0.001737 0.001661
1
412.165228 94.038516
5.295000 9.953000 12.082942 31 2
0.065880 0.000000 0.000000 0.000000 0.186415
-0.000711 -0.005249
1
159.338981 469.041704
5.295000 9.953000 12.082942 26 2
0.065880 0.000000 0.000000 0.000000 0.210657
-0.024595 0.009565
2
245.315829 296.442771
5.295000 9.953000 12.082942 28 1
0.065880 0.000000 0.000000 0.000000 0.120216
-0.015530 0.005039
1
25.899100 225.310574
5.295000 9.953000 12.082942 21 2
0.065880 0.000000 0.000000 0.000000 0.147520
-0.009434 0.002928
1
111.284292 113.691607
5.295000 9.953000 12.082942 20 2
0.065880 0.000000 0.000000 0.000000 0.148519
-0.003136 -0.000934
1
296.781163 479.731465
5.295000 9.953000 12.082942 20 2
0.065880 0.000000 0.000000 0.000000 0.144438
0.005381 0.021705
1
398.254400 357.631268
5.295000 9.953000 12.082942 27 2
0.065880 0.000000 0.000000 0.000000 0.269698
0.005414 0.002718
1
468.972155 197.534873
5.295000 9.953000 12.082942 21 2
0.065880 0.000000 0.000000 0.000000 0.283172
0.018203 0.002581
5
29.792712 153.637251
4.493375 8.446188 10.253672 22 1
0.065880 0.000000 0.000000 0.000000 0.271922
-0.038286 -0.005144
1
35.563433 336.100594
5.295000 9.953000 12.082942 30 2
0.065880 0.000000 0.000000 0.000000 0.334055
-0.017675 0.007067
1
51.001440 385.792908
5.295000 9.953000 12.082942 0 1
0.065880 0.000000 0.000000 0.000000 0.259754
-0.012727 0.013180
1
146.411716 368.811476
5.295000 9.953000 12.082942 29 2
0.065880 0.000000 0.000000 0.000000 0.112375
-0.006988 0.006510
5
170.286099 457.979335
3.744130 7.037834 8.543930 24 1
0.065880 0.000000 0.000000 0.000000 0.212600
0.002176 0.032541
1
178.760202 123.403185
5.295000 9.953000 12.082942 0 1
0.065880 0.000000 0.000000 0.000000 0.117872
-0.000430 -0.004096
5
450.062705 300.536492
4.493375 8.446188 10.253672 22 1
0.065880 0.000000 0.000000 0.000000 0.287942
0.008821 0.009681
1
170.850583 389.575858
5.295000 9.953000 12.082942 25 2
0.065880 0.000000 0.000000 0.000000 0.117001
-0.006688 0.002459
1
99.744049 309.638276
5.295000 9.953000 12.082942 19 2
0.065880 0.000000 0.000000 0.000000 0.119366
-0.007772 -0.005327
1
115.761437 72.351034
5.295000 9.953000 12.082942 0 1
0.065880 0.000000 0.000000 0.000000 0.189925
-0.008415 -0.014770
1
80.437815 251.785005
5.295000 9.953000 12.082942 19 2
0.065880 0.000000 0.000000 0.000000 0.119586
-0.010643 -0.003699
5
223.009070 3.229040
4.625609 8.694746 10.555422 21 1
0.065880 0.000000 0.000000 0.000000 0.220781
-0.005479 -0.019684
5
214.338020 88.337606
4.352864 8.182070 9.933032 23 1
0.065880 0.000000 0.000000 0.000000 0.207843
-0.008667 -0.014897
4
77.896046 157.910814
5.295000 9.953000 12.082942 33 1
0.000000 0.000000 0.000000 0.000000 0.118256
-0.024326 -0.005396
1
158.856912 305.333350
5.295000 9.953000 12.082942 26 2
0.065880 0.000000 0.000000 0.000000 0.133308
-0.020605 0.000950
1
31.215219 259.504800
5.295000 9.953000 12.082942 0 1
0.065880 0.000000 0.000000 0.000000 0.127658
-0.011170 0.013758
2
185.045579 454.518668
5.295000 9.953000 12.082942 30 1
0.065880 0.000000 0.000000 0.000000 0.209595
0.002366 0.013220
1
387.392793 190.862306
5.295000 9.953000 12.082942 20 2
0.065880 0.000000 0.000000 0.000000 0.152066
0.014490 -0.017194
1
130.457652 308.651145
5.295000 9.953000 12.082942 0 1
0.065880 0.000000 0.000000 0.000000 0.118501
0.006824 -0.007741
1
374.218013 206.011694
5.295000 9.953000 12.082942 25 2
0.065880 0.000000 0.000000 0.000000 0.173481
0.015329 -0.008445
1
201.041543 297.321239
5.295000 9.953000 12.082942 28 2
0.065880 0.000000 0.000000 0.000000 0.126040
-0.008221 0.009994
5
200.905909 417.436885
3.744130 7.037834 8.543930 24 1
0.065880 0.000000 0.000000 0.000000 0.126885
-0.002235 -0.044437
2
178.443787 19.850654
5.295000 9.953000 12.082942 26 1
0.065880 0.000000 0.000000 0.000000 0.239862
-0.001554 -0.021775
1
264.600338 251.219047
5.295000 9.953000 12.082942 0 1
0.065880 0.000000 0.000000 0.000000 0.142670
0.001372 0.005239
1
451.780198 373.027136
5.295000 9.953000 12.082942 21 2
0.065880 0.000000 0.000000 0.000000 0.225804
0.008700 0.003710
1
363.086626 398.313740
5.295000 9.953000 12.082942 31 2
0.065880 0.000000 0.000000 0.000000 0.157215
-0.001214 0.014363
5
180.329287 345.165948
4.982786 9.366132 11.370484 18 1
0.065880 0.000000 0.000000 0.000000 0.137372
-0.004786 -0.004578
1
397.360438 105.367408
5.295000 9.953000 12.082942 26 2
0.065880 0.000000 0.000000 0.000000 0.207583
-0.002499 -0.003068
1
289.597634 276.835166
5.295000 9.953000 12.082942 0 1
0.065880 0.000000 0.000000 0.000000 0.160174
0.008541 -0.002883
1
414.523066 149.402851
5.295000 9.953000 12.082942 23 2
0.065880 0.000000 0.000000 0.000000 0.129564
0.008726 -0.001474
1
115.546811 282.223948
5.295000 9.953000 12.082942 25 2
0.065880 0.000000 0.000000 0.000000 0.136307
-0.002176 0.002179
1
468.168971 346.041956
5.295000 9.953000 12.082942 33 2
0.065880 0.000000 0.000000 0.000000 0.198500
0.012086 -0.000263
1
372.160559 183.597618
5.295000 9.953000 12.082942 25 2
0.065880 0.000000 0.000000 0.000000 0.137355
0.006571 -0.000683
1
483.838741 335.981093
5.295000 9.953000 12.082942 32 2
0.065880 0.000000 0.000000 0.000000 0.279175
0.014227 -0.002722
1
371.138004 330.332279
5.295000 9.953000 12.082942 19 2
0.065880 0.000000 0.000000 0.000000 0.319778
0.001797 0.002561
1
121.161646 425.869022
5.295000 9.953000 12.082942 0 1
0.065880 0.000000 0.000000 0.000000 0.143516
-0.007369 0.017539
1
384.672208 437.559318
5.295000 9.953000 12.082942 25 2
0.065880 0.000000 0.000000 0.000000 0.147005
0.011574 0.018534
1
104.870059 417.952546
5.295000 9.953000 12.082942 25 2
0.065880 0.000000 0.000000 0.000000 0.160432
-0.010411 0.010166
1
158.011391 230.869541
5.295000 9.953000 12.082942 21 2
0.065880 0.000000 0.000000 0.000000 0.105582
-0.000079 -0.002819
1
447.120863 147.915183
5.295000 9.953000 12.082942 21 2
0.065880 0.000000 0.000000 0.000000 0.191595
0.006774 -0.005407
1
433.135481 367.346480
5.295000 9.953000 12.082942 21 2
0.065880 0.000000 0.000000 0.000000 0.195122
0.009337 0.003075
1
273.687975 56.828950
5.295000 9.953000 12.082942 0 1
0.065880 0.000000 0.000000 0.000000 0.563423
0.001489 -0.017395
1
44.184401 219.619634
5.295000 9.953000 12.082942 20 2
0.065880 0.000000 0.000000 0.000000 0.130762
-0.009311 -0.005647
1
318.943953 219.350206
5.295000 9.953000 12.082942 19 2
0.065880 0.000000 0.000000 0.000000 0.190260
0.006013 -0.008003
1
189.925669 265.345475
5.295000 9.953000 12.082942 0 1
0.065880 0.000000 0.000000 0.000000 0.108020
-0.001245 -0.000704
5
41.113724 124.210292
4.493375 8.446188 10.253672 22 1
0.065880 0.000000 0.000000 0.000000 0.334876
-0.025639 -0.018243
1
256.573656 389.386036
5.295000 9.953000 12.082942 30 2
0.065880 0.000000 0.000000 0.000000 0.119385
0.001526 0.007737
1
79.188524 94.851020
5.295000 9.953000 12.082942 0 1
0.065880 0.000000 0.000000 0.000000 0.249178
-0.014443 -0.017305
1
259.971900 235.294316
5.295000 9.953000 12.082942 27 2
0.065880 0.000000 0.000000 0.000000 0.117563
0.003061 0.001186
1
248.105732 436.783950
5.295000 9.953000 12.082942 19 2
0.065880 0.000000 0.000000 0.000000 0.137073
0.005779 0.006245
5
391.641123 88.428250
5.091141 9.569807 11.617745 17 1
0.065880 0.000000 0.000000 0.000000 0.181954
0.000063 -0.006209
2
318.377393 441.183827
5.295000 9.953000 12.082942 29 1
0.065880 0.000000 0.000000 0.000000 0.141524
0.012748 0.010004
1
301.436193 17.633245
5.295000 9.953000 12.082942 0 1
0.065880 0.000000 0.000000 0.000000 0.267251
0.000454 -0.003047
1
300.851705 262.598030
5.295000 9.953000 12.082942 24 2
0.065880 0.000000 0.000000 0.000000 0.133013
0.004662 -0.005567
1
465.539838 307.193682
5.295000 9.953000 12.082942 0 1
0.065880 0.000000 0.000000 0.000000 0.205395
0.013769 0.000462
1
243.272869 21.908503
5.295000 9.953000 12.082942 19 2
0.065880 0.000000 0.000000 0.000000 0.371785
0.012710 -0.027748
1
116.474255 53.851622
5.295000 9.953000 12.082942 29 2
0.065880 0.000000 0.000000 0.000000 0.305389
-0.010896 -0.016722
4
108.285904 212.656705
5.295000 9.953000 12.082942 33 1
0.000000 0.000000 0.000000 0.000000 0.107899
-0.008874 0.001540
1
165.914650 49.453911
5.295000 9.953000 12.082942 27 2
0.065880 0.000000 0.000000 0.000000 0.140167
-0.011650 -0.020052
1
388.156764 395.070922
5.295000 9.953000 12.082942 24 2
0.065880 0.000000 0.000000 0.000000 0.137586
0.024521 0.008844
5
163.834689 184.309817
5.195070 9.765163 11.854907 16 1
0.065880 0.000000 0.000000 0.000000 0.106533
-0.010379 -0.009125
1
360.180799 195.886997
5.295000 9.953000 12.082942 21 2
0.065880 0.000000 0.000000 0.000000 0.155525
0.008595 -0.001081
1
7.662073 231.366194
5.295000 9.953000 12.082942 19 2
0.065880 0.000000 0.000000 0.000000 0.151287
-0.004185 0.008611
1
291.261427 181.057930
5.295000 9.953000 12.082942 0 1
0.065880 0.000000 0.000000 0.000000 0.125823
0.006244 -0.012762
1
255.990802 93.061853
5.295000 9.953000 12.082942 27 2
0.065880 0.000000 0.000000 0.000000 0.199841
0.011679 -0.000454
2
222.681446 320.267852
5.295000 9.953000 12.082942 26 1
0.065880 0.000000 0.000000 0.000000 0.113436
0.002655 0.003351
1
180.916431 37.820406
5.295000 9.953000 12.082942 26 2
0.065880 0.000000 0.000000 0.000000 0.151347
-0.007357 -0.020966
1
12.000441 258.258368
5.295000 9.953000 12.082942 23 2
0.065880 0.000000 0.000000 0.000000 0.141840
-0.010508 0.001463
1
46.917534 270.577969
5.295000 9.953000 12.082942 26 2
0.065880 0.000000 0.000000 0.000000 0.145645
-0.017601 0.002300
1
374.097057 453.079712
5.295000 9.953000 12.082942 0 1
0.065880 0.000000 0.000000 0.000000 0.203010
0.004261 0.012213
1
289.697402 228.678462
5.295000 9.953000 12.082942 22 2
0.065880 0.000000 0.000000 0.000000 0.125003
0.005170 0.001899
1
49.853375 288.986267
5.295000 9.953000 12.082942 23 2
0.065880 0.000000 0.000000 0.000000 0.131383
-0.013835 0.006837
5
285.030596 129.120275
4.982786 9.366132 11.370484 18 1
0.065880 0.000000 0.000000 0.000000 0.145743
0.002314 -0.012479
1
143.370237 278.177064
5.295000 9.953000 12.082942 29 2
0.065880 0.000000 0.000000 0.000000 0.129272
-0.002439 -0.017721
4
265.044027 373.763668
5.295000 9.953000 12.082942 31 1
0.000000 0.000000 0.000000 0.000000 0.127575
0.001253 0.001182
1
213.148505 35.271974
5.295000 9.953000 12.082942 0 1
0.065880 0.000000 0.000000 0.000000 0.163352
0.009124 -0.006435
1
138.602232 156.553637
5.295000 9.953000 12.082942 26 2
0.065880 0.000000 0.000000 0.000000 0.122474
-0.001290 0.002609
1
230.893656 405.687020
5.295000 9.953000 12.082942 0 1
0.065880 0.000000 0.000000 0.000000 0.117055
0.001664 0.010387
1
64.800113 261.602270
5.295000 9.953000 12.082942 0 1
0.065880 0.000000 0.000000 0.000000 0.117368
-0.004093 -0.008637
1
181.191775 140.908661
5.295000 9.953000 12.082942 0 1
0.065880 0.000000 0.000000 0.000000 0.114128
-0.008420 -0.000245
1
255.973791 328.527990
5.295000 9.953000 12.082942 21 2
0.065880 0.000000 0.000000 0.000000 0.146802
0.020337 -0.050217
1
224.885659 133.275776
5.295000 9.953000 12.082942 29 2
0.065880 0.000000 0.000000 0.000000 0.225780
-0.012299 -0.010180
1
409.840612 417.908731
5.295000 9.953000 12.082942 0 1
0.065880 0.000000 0.000000 0.000000 0.150048
0.010072 0.006511
1
368.572411 224.908243
5.295000 9.953000 12.082942 20 2
0.065880 0.000000 0.000000 0.000000 0.221638
0.010219 -0.007902
1
227.189733 226.925020
5.295000 9.953000 12.082942 20 2
0.065880 0.000000 0.000000 0.000000 0.139270
0.001952 -0.000718
5
316.712976 292.949821
4.750685 8.929853 10.840841 20 1
0.065880 0.000000 0.000000 0.000000 0.128337
0.009753 -0.008625
1
280.350815 311.145734
5.295000 9.953000 12.082942 21 2
0.065880 0.000000 0.000000 0.000000 0.165839
0.136740 0.001535
1
323.623168 236.163091
5.295000 9.953000 12.082942 20 2
0.065880 0.000000 0.000000 0.000000 0.166535
0.012787 -0.005323
1
103.321978 177.822004
5.295000 9.953000 12.082942 0 1
0.065880 0.000000 0.000000 0.000000 0.111450
-0.011779 -0.000075
5
190.036499 86.687143
4.493375 8.446188 10.253672 22 1
0.065880 0.000000 0.000000 0.000000 0.135877
0.002540 -0.013673
1
154.384236 213.565795
5.295000 9.953000 12.082942 0 1
0.065880 0.000000 0.000000 0.000000 0.105966
-0.004664 -0.003429
5
155.428449 416.863186
4.493375 8.446188 10.253672 22 1
0.065880 0.000000 0.000000 0.000000 0.139478
-0.003523 0.014263
5
223.916226 115.322362
4.750685 8.929853 10.840841 20 1
0.065880 0.000000 0.000000 0.000000 0.208312
-0.009849 -0.023581
1
145.636183 350.720793
5.295000 9.953000 12.082942 23 2
0.065880 0.000000 0.000000 0.000000 0.112286
-0.018761 0.004154
1
133.041093 395.527791
5.295000 9.953000 12.082942 21 2
0.065880 0.000000 0.000000 0.000000 0.126347
-0.009915 0.006516
1
392.291446 413.318793
5.295000 9.953000 12.082942 0 1
0.065880 0.000000 0.000000 0.000000 0.134288
0.007891 0.015205
1
115.982569 317.569057
5.295000 9.953000 12.082942 0 1
0.065880 0.000000 0.000000 0.000000 0.111869
-0.014186 0.000721
1
238.740953 95.038600
5.295000 9.953000 12.082942 0 1
0.065880 0.000000 0.000000 0.000000 0.270341
0.008306 -0.019740
4
63.111306 278.372190
5.295000 9.953000 12.082942 31 1
0.000000 0.000000 0.000000 0.000000 0.126082
-0.017009 -0.006926
1
214.501817 374.703579
5.295000 9.953000 12.082942 0 1
0.065880 0.000000 0.000000 0.000000 0.130599
-0.002515 0.011498
1
299.464979 410.557481
5.295000 9.953000 12.082942 0 1
0.065880 0.000000 0.000000 0.000000 0.161367
0.001450 0.011658
5
163.741738 94.933855
4.352864 8.182070 9.933032 23 1
0.065880 0.000000 0.000000 0.000000 0.130262
-0.054788 0.055468
1
331.552133 205.921335
5.295000 9.953000 12.082942 19 2
0.065880 0.000000 0.000000 0.000000 0.238734
-0.004716 -0.004201
5
76.136500 285.676732
4.352864 8.182070 9.933032 23 1
0.065880 0.000000 0.000000 0.000000 0.135112
-0.033041 0.006867
1
367.340746 347.247844
5.295000 9.953000 12.082942 0 1
0.065880 0.000000 0.000000 0.000000 0.433878
0.003090 0.002470
1
462.438878 288.349375
5.295000 9.953000 12.082942 0 1
0.065880 0.000000 0.000000 0.000000 0.249280
0.008208 -0.000692
1
351.612455 228.750832
5.295000 9.953000 12.082942 32 2
0.065880 0.000000 0.000000 0.000000 0.228783
0.011666 -0.008212
2
231.852939 468.597078
5.295000 9.953000 12.082942 25 1
0.065880 0.000000 0.000000 0.000000 0.132613
0.007272 0.015334
1
269.538212 463.699514
5.295000 9.953000 12.082942 21 2
0.065880 0.000000 0.000000 0.000000 0.134849
0.008799 0.016336
1
448.131966 203.111497
5.295000 9.953000 12.082942 22 2
0.065880 0.000000 0.000000 0.000000 0.218387
0.004068 -0.000146
2
349.082664 348.080068
5.295000 9.953000 12.082942 28 1
0.065880 0.000000 0.000000 0.000000 0.273608
0.001068 0.000714
4
172.286598 261.945812
5.295000 9.953000 12.082942 32 1
0.000000 0.000000 0.000000 0.000000 0.112949
0.002878 0.008324
1
261.078737 173.381650
5.295000 9.953000 12.082942 19 2
0.065880 0.000000 0.000000 0.000000 0.127705
0.003616 0.000232
1
312.757936 309.339553
5.295000 9.953000 12.082942 0 1
0.065880 0.000000 0.000000 0.000000 0.128624
0.043718 -0.009427
4
151.670023 196.470020
5.295000 9.953000 12.082942 29 1
0.000000 0.000000 0.000000 0.000000 0.121900
-0.007525 -0.004174
1
209.157636 330.136670
5.295000 9.953000 12.082942 27 2
0.065880 0.000000 0.000000 0.000000 0.115245
0.004634 0.009077
1
262.238162 140.566437
5.295000 9.953000 12.082942 0 1
0.065880 0.000000 0.000000 0.000000 0.141112
-0.002796 -0.009386
1
35.120455 368.851677
5.295000 9.953000 12.082942 22 2
0.065880 0.000000 0.000000 0.000000 0.441265
-0.019486 0.004868
5
30.318990 169.424388
4.869501 9.153191 11.111974 19 1
0.065880 0.000000 0.000000 0.000000 0.217009
-0.016167 0.002059
1
175.897550 438.426746
5.295000 9.953000 12.082942 0 1
0.065880 0.000000 0.000000 0.000000 0.150601
0.003309 0.008734
1
422.778614 316.771364
5.295000 9.953000 12.082942 0 1
0.065880 0.000000 0.000000 0.000000 0.302950
0.001604 0.001889
1
168.823503 67.306618
5.295000 9.953000 12.082942 0 1
0.065880 0.000000 0.000000 0.000000 0.130588
0.000909 -0.011600
1
194.379564 438.842071
5.295000 9.953000 12.082942 19 2
0.065880 0.000000 0.000000 0.000000 0.142236
0.005660 0.015724
1
331.356069 30.871720
5.295000 9.953000 12.082942 26 2
0.065880 0.000000 0.000000 0.000000 0.297360
-0.005936 -0.007475
1
86.050733 375.522175
5.295000 9.953000 12.082942 23 2
0.065880 0.000000 0.000000 0.000000 0.146378
-0.014310 0.010385
1
112.018067 246.709556
5.295000 9.953000 12.082942 25 2
0.065880 0.000000 0.000000 0.000000 0.124102
-0.010260 -0.000264
1
419.025206 334.919970
5.295000 9.953000 12.082942 26 2
0.065880 0.000000 0.000000 0.000000 0.218222
0.006357 0.004013
1
201.582479 252.468016
5.295000 9.953000 12.082942 20 2
0.065880 0.000000 0.000000 0.000000 0.111101
0.000723 -0.004544
1
139.682665 74.327498
5.295000 9.953000 12.082942 21 2
0.065880 0.000000 0.000000 0.000000 0.135979
-0.006470 -0.009652
1
242.536225 277.562285
5.295000 9.953000 12.082942 21 2
0.065880 0.000000 0.000000 0.000000 0.118355
0.000621 0.008319
1
232.040517 35.995661
5.295000 9.953000 12.082942 26 2
0.065880 0.000000 0.000000 0.000000 0.225305
0.010011 -0.025815
1
185.191032 158.037066
5.295000 9.953000 12.082942 24 2
0.065880 0.000000 0.000000 0.000000 0.106742
-0.000926 -0.002608
1
81.638246 269.340687
5.295000 9.953000 12.082942 21 2
0.065880 0.000000 0.000000 0.000000 0.116581
-0.008597 -0.004030
1
168.390511 152.426797
5.295000 9.953000 12.082942 0 1
0.065880 0.000000 0.000000 0.000000 0.108761
-0.002685 -0.001657
1
323.037418 389.752251
5.295000 9.953000 12.082942 22 2
0.065880 0.000000 0.000000 0.000000 0.174743
0.011720 0.017868
1
36.787172 300.893859
5.295000 9.953000 12.082942 19 2
0.065880 0.000000 0.000000 0.000000 0.224533
-0.024551 0.003845
1
233.126575 196.418502
5.295000 9.953000 12.082942 0 1
0.065880 0.000000 0.000000 0.000000 0.118846
0.001675 -0.002911
2
112.445160 94.735500
5.295000 9.953000 12.082942 29 1
0.065880 0.000000 0.000000 0.000000 0.188008
-0.015148 -0.004693
2
467.893654 326.399013
5.295000 9.953000 12.082942 26 1
0.065880 0.000000 0.000000 0.000000 0.167180
0.010735 0.004358
1
88.584288 427.890342
5.295000 9.953000 12.082942 28 2
0.065880 0.000000 0.000000 0.000000 0.354464
-0.013838 0.008430
1
420.521135 402.438613
5.295000 9.953000 12.082942 20 2
0.065880 0.000000 0.000000 0.000000 0.158173
0.010034 0.007416
1
433.071830 265.416605
5.295000 9.953000 12.082942 0 1
0.065880 0.000000 0.000000 0.000000 0.166302
0.034556 0.002168
4
273.761589 358.244389
5.295000 9.953000 12.082942 30 1
0.000000 0.000000 0.000000 0.000000 0.130322
-0.004768 0.010783
1
439.108986 404.312381
5.295000 9.953000 12.082942 20 2
0.065880 0.000000 0.000000 0.000000 0.218639
0.009783 0.009510
1
209.184905 177.606924
5.295000 9.953000 12.082942 26 2
0.065880 0.000000 0.000000 0.000000 0.108302
-0.002212 0.000891
1
222.621323 390.266055
5.295000 9.953000 12.082942 0 1
0.065880 0.000000 0.000000 0.000000 0.120135
-0.003793 0.009088
5
162.817097 374.807877
5.091141 9.569807 11.617745 17 1
0.065880 0.000000 0.000000 0.000000 0.113741
-0.004203 -0.001526
1
239.366662 452.210266
5.295000 9.953000 12.082942 25 2
0.065880 0.000000 0.000000 0.000000 0.132729
0.007243 0.010895
1
307.826448 83.859095
5.295000 9.953000 12.082942 21 2
0.065880 0.000000 0.000000 0.000000 0.316214
-0.000098 -0.012851
1
243.153862 230.667534
5.295000 9.953000 12.082942 0 1
0.065880 0.000000 0.000000 0.000000 0.123195
0.000782 -0.003600
1
217.867894 301.890144
5.295000 9.953000 12.082942 0 1
0.065880 0.000000 0.000000 0.000000 0.112483
0.001287 0.006336
5
427.623070 281.355320
5.195070 9.765163 11.854907 16 1
0.065880 0.000000 0.000000 0.000000 0.242686
0.002156 -0.006006
1
145.375313 26.150954
5.295000 9.953000 12.082942 19 2
0.065880 0.000000 0.000000 0.000000 0.574023
-0.011256 -0.017666
1
434.913505 85.145130
5.295000 9.953000 12.082942 21 2
0.065880 0.000000 0.000000 0.000000 0.367895
0.013087 -0.005341
1
255.008233 218.710915
5.295000 9.953000 12.082942 19 2
0.065880 0.000000 0.000000 0.000000 0.119848
0.001683 -0.000508
1
255.298692 63.005475
5.295000 9.953000 12.082942 0 1
0.065880 0.000000 0.000000 0.000000 0.268344
0.011441 -0.022648
1
219.466398 163.550760
5.295000 9.953000 12.082942 0 1
0.065880 0.000000 0.000000 0.000000 0.138265
0.004012 -0.001137
1
342.123575 464.001247
5.295000 9.953000 12.082942 19 2
0.065880 0.000000 0.000000 0.000000 0.188877
0.008163 0.007793
1
445.639105 110.793893
5.295000 9.953000 12.082942 0 1
0.065880 0.000000 0.000000 0.000000 0.304244
0.004238 -0.007531
1
320.435111 15.470467
5.295000 9.953000 12.082942 0 1
0.065880 0.000000 0.000000 0.000000 0.316073
-0.001186 -0.005781
1
262.024179 190.542124
5.295000 9.953000 12.082942 20 2
0.065880 0.000000 0.000000 0.000000 0.129088
0.017171 -0.003334
1
187.334692 219.197231
5.295000 9.953000 12.082942 23 2
0.065880 0.000000 0.000000 0.000000 0.127251
-0.004817 0.001641
1
238.470223 326.879744
5.295000 9.953000 12.082942 21 2
0.065880 0.000000 0.000000 0.000000 0.116846
-0.003127 0.012696
1
446.709798 254.030744
5.295000 9.953000 12.082942 27 2
0.065880 0.000000 0.000000 0.000000 0.171463
0.023450 -0.008828
1
206.249818 359.526179
5.295000 9.953000 12.082942 0 1
0.065880 0.000000 0.000000 0.000000 0.131799
-0.004493 0.009060
5
72.743785 121.794134
4.493375 8.446188 10.253672 22 1
0.065880 0.000000 0.000000 0.000000 0.135656
-0.021237 -0.004853
1
270.915738 266.359013
5.295000 9.953000 12.082942 24 2
0.065880 0.000000 0.000000 0.000000 0.136437
0.014718 -0.009196
1
119.474304 183.896674
5.295000 9.953000 12.082942 0 1
0.065880 0.000000 0.000000 0.000000 0.125129
-0.011067 0.002217
1
127.388418 103.990857
5.295000 9.953000 12.082942 21 2
0.065880 0.000000 0.000000 0.000000 0.155542
-0.004536 -0.002348
1
163.342649 31.498718
5.295000 9.953000 12.082942 19 2
0.065880 0.000000 0.000000 0.000000 0.207275
-0.008270 -0.022701
1
407.002424 373.572994
5.295000 9.953000 12.082942 19 2
0.065880 0.000000 0.000000 0.000000 0.229921
0.011949 -0.002031
1
250.203773 154.264100
5.295000 9.953000 12.082942 0 1
0.065880 0.000000 0.000000 0.000000 0.133348
-0.009416 -0.009673
1
353.685049 330.418307
5.295000 9.953000 12.082942 19 2
0.065880 0.000000 0.000000 0.000000 0.289051
0.000362 0.005814
1
366.341642 436.285093
5.295000 9.953000 12.082942 26 2
0.065880 0.000000 0.000000 0.000000 0.127613
0.013605 0.001191
1
131.353062 326.071951
5.295000 9.953000 12.082942 0 1
0.065880 0.000000 0.000000 0.000000 0.106270
-0.013839 0.003392
1
430.452658 139.170030
5.295000 9.953000 12.082942 28 2
0.065880 0.000000 0.000000 0.000000 0.168018
0.007097 -0.003213
1
346.741366 397.514468
5.295000 9.953000 12.082942 25 2
0.065880 0.000000 0.000000 0.000000 0.175514
-0.003002 -0.002383
1
197.788318 190.758299
5.295000 9.953000 12.082942 23 2
0.065880 0.000000 0.000000 0.000000 0.113423
-0.004256 -0.001244
5
276.913252 73.216154
4.625609 8.694746 10.555422 21 1
0.065880 0.000000 0.000000 0.000000 0.321940
-0.009573 -0.011775
5
274.596764 435.500179
4.869501 9.153191 11.111974 19 1
0.065880 0.000000 0.000000 0.000000 0.135498
-0.012487 0.010144
1
397.490996 123.679161
5.295000 9.953000 12.082942 23 2
0.065880 0.000000 0.000000 0.000000 0.161309
0.007273 -0.001854
1
321.876225 94.518461
5.295000 9.953000 12.082942 32 2
0.065880 0.000000 0.000000 0.000000 0.237320
0.011697 -0.026879
1
134.993625 138.610633
5.295000 9.953000 12.082942 25 2
0.065880 0.000000 0.000000 0.000000 0.126005
-0.005719 0.000493
1
349.734055 143.597928
5.295000 9.953000 12.082942 30 2
0.065880 0.000000 0.000000 0.000000 0.179479
0.003154 0.003883
1
134.302206 413.274040
5.295000 9.953000 12.082942 0 1
0.065880 0.000000 0.000000 0.000000 0.130250
-0.013298 0.009986
1
410.447925 243.480927
5.295000 9.953000 12.082942 21 2
0.065880 0.000000 0.000000 0.000000 0.205637
0.009153 0.007375
1
318.554694 265.257870
5.295000 9.953000 12.082942 19 2
0.065880 0.000000 0.000000 0.000000 0.127281
0.015129 -0.006758
1
331.515604 404.523351
5.295000 9.953000 12.082942 20 2
0.065880 0.000000 0.000000 0.000000 0.164764
0.005679 0.026651
1
134.657116 56.865853
5.295000 9.953000 12.082942 0 1
0.065880 0.000000 0.000000 0.000000 0.185005
-0.010029 -0.013091
1
230.017679 243.367576
5.295000 9.953000 12.082942 23 2
0.065880 0.000000 0.000000 0.000000 0.124938
0.001737 -0.000309
1
218.380823 255.786690
5.295000 9.953000 12.082942 25 2
0.065880 0.000000 0.000000 0.000000 0.111169
0.001295 -0.002374
1
379.931156 119.910568
5.295000 9.953000 12.082942 26 2
0.065880 0.000000 0.000000 0.000000 0.194111
0.007736 -0.004696
1
176.127137 105.526608
5.295000 9.953000 12.082942 0 1
0.065880 0.000000 0.000000 0.000000 0.120921
-0.001563 -0.002727
4
224.654480 272.822222
5.295000 9.953000 12.082942 31 1
0.000000 0.000000 0.000000 0.000000 0.134886
-0.001120 0.003965
1
185.340164 72.110372
5.295000 9.953000 12.082942 20 2
0.065880 0.000000 0.000000 0.000000 0.145138
-0.015047 0.000408
1
428.258709 419.528093
5.295000 9.953000 12.082942 0 1
0.065880 0.000000 0.000000 0.000000 0.192020
0.010315 0.010588
1
304.115460 167.124744
5.295000 9.953000 12.082942 0 1
0.065880 0.000000 0.000000 0.000000 0.134055
0.019876 -0.013731
2
59.259273 90.557429
5.295000 9.953000 12.082942 29 1
0.065880 0.000000 0.000000 0.000000 0.600385
-0.006798 -0.021897
1
352.147877 161.266622
5.295000 9.953000 12.082942 26 2
0.065880 0.000000 0.000000 0.000000 0.167271
0.017896 0.000225
1
465.379792 255.093033
5.295000 9.953000 12.082942 0 1
0.065880 0.000000 0.000000 0.000000 0.282442
0.015867 0.006336
5
119.403682 462.399966
4.625609 8.694746 10.555422 21 1
0.065880 0.000000 0.000000 0.000000 0.396945
-0.011637 0.019500
1
284.396324 257.915035
5.295000 9.953000 12.082942 28 2
0.065880 0.000000 0.000000 0.000000 0.157397
-0.001165 0.003067
1
415.307343 261.431671
5.295000 9.953000 12.082942 19 2
0.065880 0.000000 0.000000 0.000000 0.177639
0.028539 0.011668
1
313.226295 488.633756
5.295000 9.953000 12.082942 0 1
0.065880 0.000000 0.000000 0.000000 0.178262
0.010072 0.010710
1
194.355957 237.291845
5.295000 9.953000 12.082942 0 1
0.065880 0.000000 0.000000 0.000000 0.122515
-0.003444 -0.004188
1
288.261747 161.449252
5.295000 9.953000 12.082942 21 2
0.065880 0.000000 0.000000 0.000000 0.124330
0.010341 -0.009842
1
127.078851 236.615646
5.295000 9.953000 12.082942 23 2
0.065880 0.000000 0.000000 0.000000 0.111637
-0.003621 -0.001092
1
15.872279 195.645837
5.295000 9.953000 12.082942 22 2
0.065880 0.000000 0.000000 0.000000 0.254636
-0.018997 -0.002313
1
202.784542 161.722526
5.295000 9.953000 12.082942 0 1
0.065880 0.000000 0.000000 0.000000 0.115214
-0.004963 -0.003901
1
301.451897 435.274547
5.295000 9.953000 12.082942 0 1
0.065880 0.000000 0.000000 0.000000 0.152690
0.007689 0.024113
1
16.009093 276.173802
5.295000 9.953000 12.082942 0 1
0.065880 0.000000 0.000000 0.000000 0.159962
-0.014651 0.004523
1
222.125141 421.375434
5.295000 9.953000 12.082942 22 2
0.065880 0.000000 0.000000 0.000000 0.124217
-0.010912 0.015048
1
197.743190 146.377540
5.295000 9.953000 12.082942 23 2
0.065880 0.000000 0.000000 0.000000 0.120491
-0.000731 0.008189
5
209.927651 58.436770
4.352864 8.182070 9.933032 23 1
0.065880 0.000000 0.000000 0.000000 0.176580
0.005620 -0.024103
1
346.059511 126.592244
5.295000 9.953000 12.082942 30 2
0.065880 0.000000 0.000000 0.000000 0.222148
0.018268 -0.000631
1
183.681688 249.615958
5.295000 9.953000 12.082942 23 2
0.065880 0.000000 0.000000 0.000000 0.110182
-0.004422 -0.003099
1
212.724783 471.024681
5.295000 9.953000 12.082942 21 2
0.065880 0.000000 0.000000 0.000000 0.157828
0.007108 0.017380
1
165.090310 134.713808
5.295000 9.953000 12.082942 0 1
0.065880 0.000000 0.000000 0.000000 0.117650
-0.004496 -0.002008
1
17.966770 331.383426
5.295000 9.953000 12.082942 22 2
0.065880 0.000000 0.000000 0.000000 0.727159
-0.013790 -0.009003
1
151.795637 145.684021
5.295000 9.953000 12.082942 21 2
0.065880 0.000000 0.000000 0.000000 0.118656
-0.004911 0.000150
1
192.868872 326.490910
5.295000 9.953000 12.082942 22 2
0.065880 0.000000 0.000000 0.000000 0.126842
0.005041 0.022037
1
148.284217 178.899848
5.295000 9.953000 12.082942 22 2
0.065880 0.000000 0.000000 0.000000 0.114931
-0.014000 -0.003502
1
73.037357 182.754098
5.295000 9.953000 12.082942 19 2
0.065880 0.000000 0.000000 0.000000 0.121607
-0.009122 0.000955
1
202.970277 455.291482
5.295000 9.953000 12.082942 23 2
0.065880 0.000000 0.000000 0.000000 0.159379
0.004225 0.022059
2
487.554987 246.318693
5.295000 9.953000 12.082942 27 1
0.065880 0.000000 0.000000 0.000000 0.274725
0.004094 0.003469
1
189.978694 359.270298
5.295000 9.953000 12.082942 25 2
0.065880 0.000000 0.000000 0.000000 0.134133
-0.005953 0.004097
2
278.836722 31.391571
5.295000 9.953000 12.082942 31 1
0.065880 0.000000 0.000000 0.000000 0.568733
-0.004029 0.001648
1
57.509459 126.176095
5.295000 9.953000 12.082942 21 2
0.065880 0.000000 0.000000 0.000000 0.207832
-0.024676 -0.004083
5
376.866150 422.817896
4.750685 8.929853 10.840841 20 1
0.065880 0.000000 0.000000 0.000000 0.124447
0.030599 0.005901
1
115.972869 370.442984
5.295000 9.953000 12.082942 20 2
0.065880 0.000000 0.000000 0.000000 0.120687
-0.010269 0.005034
5
264.447107 108.364616
5.091141 9.569807 11.617745 17 1
0.065880 0.000000 0.000000 0.000000 0.187892
-0.000466 0.000675
5
102.116115 326.489462
5.195070 9.765163 11.854907 16 1
0.065880 0.000000 0.000000 0.000000 0.113858
-0.012254 -0.006949
1
143.340068 93.098419
5.295000 9.953000 12.082942 33 2
0.065880 0.000000 0.000000 0.000000 0.129858
-0.006872 -0.011480
1
383.099361 69.921620
5.295000 9.953000 12.082942 0 1
0.065880 0.000000 0.000000 0.000000 0.187212
0.008113 -0.012816
1
78.639512 234.330656
5.295000 9.953000 12.082942 0 1
0.065880 0.000000 0.000000 0.000000 0.143873
-0.008230 -0.000594
1
86.650295 330.952289
5.295000 9.953000 12.082942 31 2
0.065880 0.000000 0.000000 0.000000 0.137958
-0.014713 0.013334
1
110.353537 229.798532
5.295000 9.953000 12.082942 22 2
0.065880 0.000000 0.000000 0.000000 0.108467
-0.007192 -0.000043
4
155.923567 256.927148
5.295000 9.953000 12.082942 32 1
0.000000 0.000000 0.000000 0.000000 0.112271
-0.001703 0.024303
1
373.733903 385.336617
5.295000 9.953000 12.082942 23 2
0.065880 0.000000 0.000000 0.000000 0.179732
0.015563 0.021795
1
68.979782 299.759848
5.295000 9.953000 12.082942 0 1
0.065880 0.000000 0.000000 0.000000 0.135892
-0.011552 0.021369
1
188.081184 389.882028
5.295000 9.953000 12.082942 0 1
0.065880 0.000000 0.000000 0.000000 0.122902
-0.018728 -0.009391
1
207.086723 12.466379
5.295000 9.953000 12.082942 25 2
0.065880 0.000000 0.000000 0.000000 0.199132
0.003052 -0.013299
1
265.202731 343.058081
5.295000 9.953000 12.082942 21 2
0.065880 0.000000 0.000000 0.000000 0.133508
0.013759 0.004869
5
305.005997 190.223024
4.352864 8.182070 9.933032 23 1
0.065880 0.000000 0.000000 0.000000 0.145994
-0.000517 -0.036427
1
300.358510 149.442473
5.295000 9.953000 12.082942 20 2
0.065880 0.000000 0.000000 0.000000 0.131030
0.017608 -0.016795
1
116.470180 166.033682
5.295000 9.953000 12.082942 0 1
0.065880 0.000000 0.000000 0.000000 0.123366
-0.012376 0.001096
1
283.992213 212.592968
5.295000 9.953000 12.082942 24 2
0.065880 0.000000 0.000000 0.000000 0.128807
0.006188 0.004931
1
329.203325 109.710969
5.295000 9.953000 12.082942 30 2
0.065880 0.000000 0.000000 0.000000 0.256152
-0.002077 -0.017766
1
195.082185 281.630793
5.295000 9.953000 12.082942 21 2
0.065880 0.000000 0.000000 0.000000 0.125247
0.008865 -0.004560
1
261.951830 42.968424
5.295000 9.953000 12.082942 27 2
0.065880 0.000000 0.000000 0.000000 0.586377
0.002524 -0.022861
1
290.748510 387.859503
5.295000 9.953000 12.082942 21 2
0.065880 0.000000 0.000000 0.000000 0.162027
0.005350 0.002874
1
96.368146 100.050691
5.295000 9.953000 12.082942 27 2
0.065880 0.000000 0.000000 0.000000 0.155354
-0.017008 -0.004779
1
495.761012 229.105615
5.295000 9.953000 12.082942 0 1
0.065880 0.000000 0.000000 0.000000 0.233703
0.008901 0.003280
1
295.452805 245.258861
5.295000 9.953000 12.082942 0 1
0.065880 0.000000 0.000000 0.000000 0.129980
0.008428 -0.001076
1
396.529436 56.190723
5.295000 9.953000 12.082942 0 1
0.065880 0.000000 0.000000 0.000000 0.336466
0.011002 -0.008900
5
246.963780 169.241304
4.352864 8.182070 9.933032 23 1
0.065880 0.000000 0.000000 0.000000 0.132278
0.015185 -0.000849
1
176.534551 329.323540
5.295000 9.953000 12.082942 25 2
0.065880 0.000000 0.000000 0.000000 0.126326
-0.005480 -0.016463
4
148.504398 128.066371
5.295000 9.953000 12.082942 33 1
0.000000 0.000000 0.000000 0.000000 0.136594
-0.007723 -0.005839
2
479.848953 295.280170
5.295000 9.953000 12.082942 26 1
0.065880 0.000000 0.000000 0.000000 0.193318
0.011677 0.000608
1
328.613790 305.011300
5.295000 9.953000 12.082942 20 2
0.065880 0.000000 0.000000 0.000000 0.128696
-0.010320 0.006027
1
405.781798 322.082886
5.295000 9.953000 12.082942 0 1
0.065880 0.000000 0.000000 0.000000 0.309573
0.003291 0.005150
1
115.526839 352.953321
5.295000 9.953000 12.082942 19 2
0.065880 0.000000 0.000000 0.000000 0.118949
-0.016181 0.003483
1
244.987052 78.472825
5.295000 9.953000 12.082942 0 1
0.065880 0.000000 0.000000 0.000000 0.267830
0.020605 -0.008480
2
357.852834 95.392162
5.295000 9.953000 12.082942 29 1
0.065880 0.000000 0.000000 0.000000 0.262062
0.014089 -0.001373
1
296.137887 115.910874
5.295000 9.953000 12.082942 32 2
0.065880 0.000000 0.000000 0.000000 0.171064
0.008538 -0.016377
1
436.106091 329.355335
5.295000 9.953000 12.082942 32 2
0.065880 0.000000 0.000000 0.000000 0.222493
0.007337 -0.005886
1
95.353573 240.474454
5.295000 9.953000 12.082942 23 2
0.065880 0.000000 0.000000 0.000000 0.120007
-0.008313 0.002578
4
60.876957 227.747809
5.295000 9.953000 12.082942 32 1
0.000000 0.000000 0.000000 0.000000 0.144423
-0.002061 -0.012005
2
454.840363 270.343168
5.295000 9.953000 12.082942 27 1
0.065880 0.000000 0.000000 0.000000 0.261283
0.004346 0.004425
1
185.657207 202.988241
5.295000 9.953000 12.082942 20 2
0.065880 0.000000 0.000000 0.000000 0.119304
-0.004537 0.000694
5
291.182808 357.277408
5.091141 9.569807 11.617745 17 1
0.065880 0.000000 0.000000 0.000000 0.128676
0.008948 0.022582
1
84.576205 393.557401
5.295000 9.953000 12.082942 22 2
0.065880 0.000000 0.000000 0.000000 0.203600
-0.017132 0.011619
1
354.780030 450.474221
5.295000 9.953000 12.082942 0 1
0.065880 0.000000 0.000000 0.000000 0.166994
0.008055 0.004535
1
463.156420 137.861279
5.295000 9.953000 12.082942 0 1
0.065880 0.000000 0.000000 0.000000 0.399921
0.006191 -0.007414
4
305.743110 325.912561
5.295000 9.953000 12.082942 32 1
0.000000 0.000000 0.000000 0.000000 0.136487
0.007774 -0.002453
5
141.291865 261.656872
4.982786 9.366132 11.370484 18 1
0.065880 0.000000 0.000000 0.000000 0.128460
-0.012410 -0.015558
1
99.213078 128.313758
5.295000 9.953000 12.082942 0 1
0.065880 0.000000 0.000000 0.000000 0.135687
0.006170 -0.004565
1
393.579524 453.215246
5.295000 9.953000 12.082942 20 2
0.065880 0.000000 0.000000 0.000000 0.331889
0.011557 0.019148
1
411.325315 286.320840
5.295000 9.953000 12.082942 21 2
0.065880 0.000000 0.000000 0.000000 0.236622
0.004630 0.002412
1
354.073543 211.910694
5.295000 9.953000 12.082942 0 1
0.065880 0.000000 0.000000 0.000000 0.216320
-0.009291 -0.009440
1
465.667571 174.150455
5.295000 9.953000 12.082942 24 2
0.065880 0.000000 0.000000 0.000000 0.316306
0.011085 -0.005781
1
180.264633 374.934674
5.295000 9.953000 12.082942 0 1
0.065880 0.000000 0.000000 0.000000 0.125053
-0.003049 0.013155
5
89.875503 410.331940
4.869501 9.153191 11.111974 19 1
0.065880 0.000000 0.000000 0.000000 0.195782
-0.014058 0.008811
1
68.194618 378.051557
5.295000 9.953000 12.082942 0 1
0.065880 0.000000 0.000000 0.000000 0.163639
-0.015889 0.015933
1
429.897744 198.500972
5.295000 9.953000 12.082942 21 2
0.065880 0.000000 0.000000 0.000000 0.171292
0.005807 0.000453
1
273.580413 419.109516
5.295000 9.953000 12.082942 0 1
0.065880 0.000000 0.000000 0.000000 0.141469
0.017529 0.003403
1
248.088906 405.516041
5.295000 9.953000 12.082942 28 2
0.065880 0.000000 0.000000 0.000000 0.122137
0.003263 0.009237
2
346.726501 109.249544
5.295000 9.953000 12.082942 33 1
0.065880 0.000000 0.000000 0.000000 0.235068
0.001748 -0.002265
4
80.763199 314.693955
5.295000 9.953000 12.082942 31 1
0.000000 0.000000 0.000000 0.000000 0.152528
-0.007764 0.007229
1
289.732793 99.124932
5.295000 9.953000 12.082942 0 1
0.065880 0.000000 0.000000 0.000000 0.198301
0.011275 -0.015703
1
89.619978 189.237875
5.295000 9.953000 12.082942 20 2
0.065880 0.000000 0.000000 0.000000 0.120127
-0.009513 -0.000611
1
225.128620 485.417169
5.295000 9.953000 12.082942 22 2
0.065880 0.000000 0.000000 0.000000 0.149068
0.001965 0.019974
1
485.330704 213.430707
5.295000 9.953000 12.082942 22 2
0.065880 0.000000 0.000000 0.000000 0.298106
0.012819 -0.000533
5
57.006801 408.781788
4.869501 9.153191 11.111974 19 1
0.065880 0.000000 0.000000 0.000000 0.540571
-0.022988 0.009183
1
62.125098 351.846491
5.295000 9.953000 12.082942 26 2
0.065880 0.000000 0.000000 0.000000 0.152237
-0.016226 0.007767
2
342.288079 75.451984
5.295000 9.953000 12.082942 25 1
0.065880 0.000000 0.000000 0.000000 0.561694
0.002973 -0.005782
1
227.095182 180.102405
5.295000 9.953000 12.082942 21 2
0.065880 0.000000 0.000000 0.000000 0.122311
0.002250 -0.005897
1
312.837515 32.569092
5.295000 9.953000 12.082942 22 2
0.065880 0.000000 0.000000 0.000000 0.260217
-0.001757 -0.004412
1
313.191540 119.409203
5.295000 9.953000 12.082942 20 2
0.065880 0.000000 0.000000 0.000000 0.204432
0.011294 -0.011970
1
429.891919 121.079450
5.295000 9.953000 12.082942 30 2
0.065880 0.000000 0.000000 0.000000 0.163720
0.004988 -0.006264
5
289.576357 321.374455
3.744130 7.037834 8.543930 24 1
0.065880 0.000000 0.000000 0.000000 0.143450
-0.028785 -0.114109
2
401.481760 178.993682
5.295000 9.953000 12.082942 29 1
0.065880 0.000000 0.000000 0.000000 0.131746
0.011977 0.001070
4
203.279569 207.750111
5.295000 9.953000 12.082942 32 1
0.000000 0.000000 0.000000 0.000000 0.134329
-0.000236 -0.003047
5
164.440187 404.513189
5.091141 9.569807 11.617745 17 1
0.065880 0.000000 0.000000 0.000000 0.120482
-0.012193 0.018748
1
120.227211 445.367306
5.295000 9.953000 12.082942 20 2
0.065880 0.000000 0.000000 0.000000 0.192160
-0.022840 0.019173
1
428.818574 102.631815
5.295000 9.953000 12.082942 22 2
0.065880 0.000000 0.000000 0.000000 0.210714
0.002868 -0.007889
1
193.587748 114.671674
5.295000 9.953000 12.082942 21 2
0.065880 0.000000 0.000000 0.000000 0.123731
0.003044 0.014512
1
311.426663 470.201090
5.295000 9.953000 12.082942 32 2
0.065880 0.000000 0.000000 0.000000 0.143268
0.000897 0.010478
1
335.188661 159.144066
5.295000 9.953000 12.082942 29 2
0.065880 0.000000 0.000000 0.000000 0.168144
0.018781 -0.002650
1
238.160143 213.844369
5.295000 9.953000 12.082942 0 1
0.065880 0.000000 0.000000 0.000000 0.126722
0.003479 -0.002322
1
318.622217 60.813662
5.295000 9.953000 12.082942 21 2
0.065880 0.000000 0.000000 0.000000 0.414938
-0.002460 -0.026557
1
416.155266 209.687951
5.295000 9.953000 12.082942 0 1
0.065880 0.000000 0.000000 0.000000 0.200167
0.009982 0.003842
1
205.746694 389.940096
5.295000 9.953000 12.082942 0 1
0.065880 0.000000 0.000000 0.000000 0.140052
0.003793 0.002107
1
325.641830 188.939996
5.295000 9.953000 12.082942 25 2
0.065880 0.000000 0.000000 0.000000 0.171884
0.009066 -0.004242
1
147.034397 333.883467
5.295000 9.953000 12.082942 0 1
0.065880 0.000000 0.000000 0.000000 0.111378
-0.012020 0.007650
1
425.220043 231.282900
5.295000 9.953000 12.082942 0 1
0.065880 0.000000 0.000000 0.000000 0.247615
0.003857 0.002036
1
331.071395 352.244304
5.295000 9.953000 12.082942 24 2
0.065880 0.000000 0.000000 0.000000 0.225351
0.000069 0.000055
1
323.730491 322.706872
5.295000 9.953000 12.082942 20 2
0.065880 0.000000 0.000000 0.000000 0.139457
-0.006844 -0.008303
4
388.593710 326.076541
5.295000 9.953000 12.082942 0 1
0.000000 0.000000 0.000000 0.000000 0.344976
0.002613 0.006293
4
409.002263 304.411557
5.295000 9.953000 12.082942 0 1
0.000000 0.000000 0.000000 0.000000 0.396294
0.008661 0.002700
4
237.901718 122.406192
5.295000 9.953000 12.082942 0 1
0.000000 0.000000 0.000000 0.000000 0.260536
-0.008684 -0.008883
1
295.176757 200.494841
5.295000 9.953000 12.082942 0 1
0.065880 0.000000 0.000000 0.000000 0.130885
0.004338 0.014953
1
361.234332 294.265838
5.295000 9.953000 12.082942 23 2
0.065880 0.000000 0.000000 0.000000 0.161328
0.007328 0.010069
4
433.613577 215.661660
5.295000 9.953000 12.082942 0 1
0.000000 0.000000 0.000000 0.000000 0.348980
0.008985 0.002030
4
176.033868 477.236253
5.295000 9.953000 12.082942 0 1
0.000000 0.000000 0.000000 0.000000 0.288495
-0.009578 -0.004454
4
409.195733 225.557079
5.295000 9.953000 12.082942 0 1
0.000000 0.000000 0.000000 0.000000 0.400601
-0.000277 -0.003108
4
147.722633 450.296347
5.295000 9.953000 12.082942 0 1
0.000000 0.000000 0.000000 0.000000 0.253896
0.016089 0.020651
4
113.873722 263.543837
5.295000 9.953000 12.082942 0 1
0.000000 0.000000 0.000000 0.000000 0.208289
-0.008602 -0.001326
4
275.039099 328.175392
5.295000 9.953000 12.082942 0 1
0.000000 0.000000 0.000000 0.000000 0.246017
0.013177 0.020828
4
416.586802 357.952097
5.295000 9.953000 12.082942 0 1
0.000000 0.000000 0.000000 0.000000 0.372496
0.010169 -0.002778
1
367.434725 258.477563
5.295000 9.953000 12.082942 19 2
0.065880 0.000000 0.000000 0.000000 0.308346
0.013733 0.000824
1
167.318432 290.474281
5.295000 9.953000 12.082942 19 2
0.065880 0.000000 0.000000 0.000000 0.116562
0.007069 0.035807
1
231.885531 150.344021
5.295000 9.953000 12.082942 19 2
0.065880 0.000000 0.000000 0.000000 0.167084
-0.007675 -0.009841
1
283.938995 294.883880
5.295000 9.953000 12.082942 19 2
0.065880 0.000000 0.000000 0.000000 0.138451
0.009312 -0.000525
1
60.799076 158.851882
5.295000 9.953000 12.082942 19 2
0.065880 0.000000 0.000000 0.000000 0.126381
-0.031120 -0.027381
1
86.116939 298.648943
5.295000 9.953000 12.082942 19 2
0.065880 0.000000 0.000000 0.000000 0.122595
-0.012989 0.003070
4
64.071733 244.504053
5.295000 9.953000 12.082942 30 1
0.000000 0.000000 0.000000 0.000000 0.143432
-0.016019 -0.008625
1
391.989475 309.538399
5.295000 9.953000 12.082942 19 2
0.065880 0.000000 0.000000 0.000000 0.286926
0.009076 0.003916
1
335.905645 222.449196
5.295000 9.953000 12.082942 19 2
0.065880 0.000000 0.000000 0.000000 0.234268
0.009131 -0.004095
1
251.020696 465.463969
5.295000 9.953000 12.082942 19 2
0.065880 0.000000 0.000000 0.000000 0.133750
0.007341 0.012478
1
223.961492 20.218757
5.295000 9.953000 12.082942 19 2
0.065880 0.000000 0.000000 0.000000 0.187618
0.002906 -0.019215
1
11.589705 213.367761
5.295000 9.953000 12.082942 19 2
0.065880 0.000000 0.000000 0.000000 0.188808
-0.013756 0.003416
1
378.770998 51.752852
5.295000 9.953000 12.082942 19 2
0.065880 0.000000 0.000000 0.000000 0.229763
0.010353 -0.016433
1
273.776698 389.102006
5.295000 9.953000 12.082942 19 2
0.065880 0.000000 0.000000 0.000000 0.130755
0.002066 0.001977
1
334.431027 271.148376
5.295000 9.953000 12.082942 19 2
0.065880 0.000000 0.000000 0.000000 0.194756
0.010268 -0.001896
1
170.529623 421.031062
5.295000 9.953000 12.082942 19 2
0.065880 0.000000 0.000000 0.000000 0.139919
-0.003404 0.009994
1
343.273774 193.147168
5.295000 9.953000 12.082942 19 2
0.065880 0.000000 0.000000 0.000000 0.179242
0.006313 0.003536
1
101.717275 291.959449
5.295000 9.953000 12.082942 19 2
0.065880 0.000000 0.000000 0.000000 0.121537
-0.013499 -0.006814
4
178.074647 277.751853
5.295000 9.953000 12.082942 27 1
0.000000 0.000000 0.000000 0.000000 0.117841
0.006529 0.003058
5
274.845471 182.221725
4.352864 8.182070 9.933032 23 1
0.065880 0.000000 0.000000 0.000000 0.125083
0.014309 0.015839
1
187.290843 422.711476
5.295000 9.953000 12.082942 19 2
0.065880 0.000000 0.000000 0.000000 0.133616
0.019311 0.004286
5
6.102127 290.620643
4.625609 8.694746 10.555422 21 1
0.065880 0.000000 0.000000 0.000000 0.246211
-0.027684 -0.003001
1
249.802919 201.843516
5.295000 9.953000 12.082942 19 2
0.065880 0.000000 0.000000 0.000000 0.121281
0.002589 -0.000031
1
328.588748 477.012012
5.295000 9.953000 12.082942 19 2
0.065880 0.000000 0.000000 0.000000 0.161806
0.004132 0.008092
1
182.589816 55.101965
5.295000 9.953000 12.082942 19 2
0.065880 0.000000 0.000000 0.000000 0.140708
-0.012328 -0.026306
5
373.889624 369.813442
4.625609 8.694746 10.555422 21 1
0.065880 0.000000 0.000000 0.000000 0.341596
-0.002757 0.017930
1
340.900566 317.807162
5.295000 9.953000 12.082942 19 2
0.065880 0.000000 0.000000 0.000000 0.169659
0.003375 0.005449
1
312.534550 249.276532
5.295000 9.953000 12.082942 19 2
0.065880 0.000000 0.000000 0.000000 0.132309
0.009682 -0.001772
4
229.832024 289.600611
5.295000 9.953000 12.082942 32 1
0.000000 0.000000 0.000000 0.000000 0.125698
-0.001902 0.005747
5
399.584633 264.222821
4.493375 8.446188 10.253672 22 1
0.065880 0.000000 0.000000 0.000000 0.193492
0.023522 -0.007324
5
59.485391 175.093496
4.352864 8.182070 9.933032 23 1
0.065880 0.000000 0.000000 0.000000 0.136178
-0.004834 -0.014088
1
99.209351 362.054725
5.295000 9.953000 12.082942 19 2
0.065880 0.000000 0.000000 0.000000 0.136928
-0.013293 0.005215
5
49.010651 321.756615
4.625609 8.694746 10.555422 21 1
0.065880 0.000000 0.000000 0.000000 0.171148
-0.026410 0.008381
5
358.733701 79.561766
4.352864 8.182070 9.933032 23 1
0.065880 0.000000 0.000000 0.000000 0.333337
-0.008835 -0.010933
1
415.717671 167.462575
5.295000 9.953000 12.082942 19 2
0.065880 0.000000 0.000000 0.000000 0.128609
0.010129 0.001051
1
362.002895 467.574461
5.295000 9.953000 12.082942 19 2
0.065880 0.000000 0.000000 0.000000 0.266564
-0.003792 0.009302
1
326.859705 369.157826
5.295000 9.953000 12.082942 20 2
0.065880 0.000000 0.000000 0.000000 0.168621
0.004616 0.001676
1
281.841863 373.071527
5.295000 9.953000 12.082942 20 2
0.065880 0.000000 0.000000 0.000000 0.137162
-0.002062 0.000474
1
393.626058 250.265292
5.295000 9.953000 12.082942 20 2
0.065880 0.000000 0.000000 0.000000 0.190980
-0.001355 0.000795
1
374.922644 313.661405
5.295000 9.953000 12.082942 20 2
0.065880 0.000000 0.000000 0.000000 0.200519
0.008744 0.003265
1
99.536921 160.590388
5.295000 9.953000 12.082942 20 2
0.065880 0.000000 0.000000 0.000000 0.114257
-0.010979 -0.001642
1
87.371327 114.873859
5.295000 9.953000 12.082942 20 2
0.065880 0.000000 0.000000 0.000000 0.137611
-0.008710 0.005195
1
304.388746 453.391323
5.295000 9.953000 12.082942 20 2
0.065880 0.000000 0.000000 0.000000 0.143454
0.003657 0.011004
1
451.288502 318.726351
5.295000 9.953000 12.082942 20 2
0.065880 0.000000 0.000000 0.000000 0.205309
0.013284 -0.000529
5
390.416409 205.448191
3.744130 7.037834 8.543930 24 1
0.065880 0.000000 0.000000 0.000000 0.244625
-0.014390 -0.010429
4
60.767303 210.464004
5.295000 9.953000 12.082942 31 1
0.000000 0.000000 0.000000 0.000000 0.142337
-0.014895 -0.010643
1
394.264957 233.600528
5.295000 9.953000 12.082942 20 2
0.065880 0.000000 0.000000 0.000000 0.242744
0.008515 0.002394
1
212.561734 238.088164
5.295000 9.953000 12.082942 20 2
0.065880 0.000000 0.000000 0.000000 0.139160
0.000648 -0.001260
5
347.586722 250.598325
4.625609 8.694746 10.555422 21 1
0.065880 0.000000 0.000000 0.000000 0.238701
0.005931 0.008942
4
207.169663 268.973282
5.295000 9.953000 12.082942 31 1
0.000000 0.000000 0.000000 0.000000 0.109372
0.005003 -0.004050
1
421.646635 383.651536
5.295000 9.953000 12.082942 20 2
0.065880 0.000000 0.000000 0.000000 0.181966
0.014482 0.001345
1
279.360183 195.876723
5.295000 9.953000 12.082942 20 2
0.065880 0.000000 0.000000 0.000000 0.124038
0.004869 -0.012013
1
313.849348 422.988945
5.295000 9.953000 12.082942 20 2
0.065880 0.000000 0.000000 0.000000 0.166529
-0.000096 0.015066
4
174.556554 84.233924
5.295000 9.953000 12.082942 33 1
0.000000 0.000000 0.000000 0.000000 0.129022
0.050656 -0.052416
1
196.048324 27.490030
5.295000 9.953000 12.082942 20 2
0.065880 0.000000 0.000000 0.000000 0.180256
0.002199 -0.014495
4
117.331137 388.521191
5.295000 9.953000 12.082942 33 1
0.000000 0.000000 0.000000 0.000000 0.120317
-0.010173 0.005624
1
281.275088 145.380732
5.295000 9.953000 12.082942 20 2
0.065880 0.000000 0.000000 0.000000 0.131341
-0.003495 -0.008600
1
344.764906 299.890579
5.295000 9.953000 12.082942 20 2
0.065880 0.000000 0.000000 0.000000 0.153878
0.013985 0.006891
5
201.134486 224.330184
4.625609 8.694746 10.555422 21 1
0.065880 0.000000 0.000000 0.000000 0.142905
-0.002799 -0.005553
1
105.931959 195.264494
5.295000 9.953000 12.082942 20 2
0.065880 0.000000 0.000000 0.000000 0.112470
-0.009441 0.001993
1
300.566251 132.469764
5.295000 9.953000 12.082942 20 2
0.065880 0.000000 0.000000 0.000000 0.141588
0.007684 -0.015980
1
318.688481 339.738007
5.295000 9.953000 12.082942 20 2
0.065880 0.000000 0.000000 0.000000 0.137013
0.001644 -0.001126
1
351.213465 265.836801
5.295000 9.953000 12.082942 21 2
0.065880 0.000000 0.000000 0.000000 0.281775
0.014472 0.006189
5
61.039054 194.130564
4.352864 8.182070 9.933032 23 1
0.065880 0.000000 0.000000 0.000000 0.126696
-0.015462 -0.009581
4
91.929264 206.460245
5.295000 9.953000 12.082942 33 1
0.000000 0.000000 0.000000 0.000000 0.110117
-0.011010 0.001297
1
39.807014 237.272223
5.295000 9.953000 12.082942 21 2
0.065880 0.000000 0.000000 0.000000 0.130126
-0.001887 -0.003538
1
487.037318 194.629525
5.295000 9.953000 12.082942 21 2
0.065880 0.000000 0.000000 0.000000 0.411956
0.019143 -0.001158
1
81.807634 76.568310
5.295000 9.953000 12.082942 21 2
0.065880 0.000000 0.000000 0.000000 0.386418
-0.007350 -0.015659
1
212.223642 439.925724
5.295000 9.953000 12.082942 21 2
0.065880 0.000000 0.000000 0.000000 0.127577
0.001180 0.004728
1
448.560069 355.169168
5.295000 9.953000 12.082942 21 2
0.065880 0.000000 0.000000 0.000000 0.169353
0.010890 0.003153
1
177.623866 232.953753
5.295000 9.953000 12.082942 21 2
0.065880 0.000000 0.000000 0.000000 0.112898
-0.009992 0.001327
1
463.707821 156.155867
5.295000 9.953000 12.082942 21 2
0.065880 0.000000 0.000000 0.000000 0.342746
0.016042 -0.006364
1
439.306177 385.883520
5.295000 9.953000 12.082942 21 2
0.065880 0.000000 0.000000 0.000000 0.181205
0.012577 0.008443
2
355.711896 178.765583
5.295000 9.953000 12.082942 25 1
0.065880 0.000000 0.000000 0.000000 0.148261
0.007434 0.000007
1
263.491437 315.187361
5.295000 9.953000 12.082942 21 2
0.065880 0.000000 0.000000 0.000000 0.169940
-0.101668 0.059377
1
266.594466 298.679375
5.295000 9.953000 12.082942 21 2
0.065880 0.000000 0.000000 0.000000 0.138221
0.004085 -0.042934
1
202.839481 77.544460
5.295000 9.953000 12.082942 21 2
0.065880 0.000000 0.000000 0.000000 0.175669
0.010647 -0.037161
4
132.095370 378.392925
5.295000 9.953000 12.082942 33 1
0.000000 0.000000 0.000000 0.000000 0.115766
-0.006740 0.006376
4
156.364836 80.245911
5.295000 9.953000 12.082942 31 1
0.000000 0.000000 0.000000 0.000000 0.131071
-0.011291 -0.016594
1
243.135020 482.521687
5.295000 9.953000 12.082942 21 2
0.065880 0.000000 0.000000 0.000000 0.134581
0.003971 0.014344
1
261.110871 480.615145
5.295000 9.953000 12.082942 21 2
0.065880 0.000000 0.000000 0.000000 0.137590
0.003213 0.015723
1
132.610490 172.528476
5.295000 9.953000 12.082942 21 2
0.065880 0.000000 0.000000 0.000000 0.125553
-0.014073 -0.000334
1
152.210555 61.880654
5.295000 9.953000 12.082942 21 2
0.065880 0.000000 0.000000 0.000000 0.130174
-0.009293 -0.013404
1
251.890930 262.188208
5.295000 9.953000 12.082942 21 2
0.065880 0.000000 0.000000 0.000000 0.123950
-0.012013 -0.025669
1
100.513686 273.795647
5.295000 9.953000 12.082942 21 2
0.065880 0.000000 0.000000 0.000000 0.136059
-0.013173 0.012941
1
290.408488 81.940030
5.295000 9.953000 12.082942 21 2
0.065880 0.000000 0.000000 0.000000 0.356496
-0.002821 -0.018139
1
230.687481 342.320292
5.295000 9.953000 12.082942 21 2
0.065880 0.000000 0.000000 0.000000 0.122075
0.003657 0.010293
1
129.888009 121.593981
5.295000 9.953000 12.082942 21 2
0.065880 0.000000 0.000000 0.000000 0.130985
0.003634 -0.020637
1
428.039070 248.625642
5.295000 9.953000 12.082942 21 2
0.065880 0.000000 0.000000 0.000000 0.177174
0.016638 0.002562
4
267.660365 156.660870
5.295000 9.953000 12.082942 32 1
0.000000 0.000000 0.000000 0.000000 0.129797
-0.005191 -0.002331
1
193.713545 471.186202
5.295000 9.953000 12.082942 21 2
0.065880 0.000000 0.000000 0.000000 0.205673
0.001363 0.016656
1
122.442162 149.886537
5.295000 9.953000 12.082942 21 2
0.065880 0.000000 0.000000 0.000000 0.128114
-0.004415 0.003287
2
66.188233 107.249414
5.295000 9.953000 12.082942 27 1
0.065880 0.000000 0.000000 0.000000 0.256715
-0.013237 -0.014917
1
282.547750 343.213735
5.295000 9.953000 12.082942 21 2
0.065880 0.000000 0.000000 0.000000 0.138441
0.027190 -0.021702
1
183.318613 294.882028
5.295000 9.953000 12.082942 21 2
0.065880 0.000000 0.000000 0.000000 0.130600
0.029066 0.004552
4
283.225948 404.290924
5.295000 9.953000 12.082942 32 1
0.000000 0.000000 0.000000 0.000000 0.149662
0.006912 -0.003966
1
425.619154 298.544440
5.295000 9.953000 12.082942 21 2
0.065880 0.000000 0.000000 0.000000 0.284449
0.011253 -0.000574
5
456.021931 187.550420
4.493375 8.446188 10.253672 22 1
0.065880 0.000000 0.000000 0.000000 0.272959
0.015355 0.001563
1
245.337021 184.431132
5.295000 9.953000 12.082942 21 2
0.065880 0.000000 0.000000 0.000000 0.121730
0.006123 -0.003180
1
209.810792 122.516853
5.295000 9.953000 12.082942 21 2
0.065880 0.000000 0.000000 0.000000 0.142603
-0.002447 0.014423
2
300.670192 66.870203
5.295000 9.953000 12.082942 31 1
0.065880 0.000000 0.000000 0.000000 0.535099
0.002159 -0.011973
1
135.294471 437.655721
5.295000 9.953000 12.082942 22 2
0.065880 0.000000 0.000000 0.000000 0.161716
-0.007146 0.033970
1
301.742519 215.926200
5.295000 9.953000 12.082942 22 2
0.065880 0.000000 0.000000 0.000000 0.153897
0.005023 0.003802
2
467.092407 215.452704
5.295000 9.953000 12.082942 27 1
0.065880 0.000000 0.000000 0.000000 0.276983
0.013521 0.002718
1
338.538562 382.334505
5.295000 9.953000 12.082942 22 2
0.065880 0.000000 0.000000 0.000000 0.175181
0.007587 -0.003515
1
32.854303 187.531816
5.295000 9.953000 12.082942 22 2
0.065880 0.000000 0.000000 0.000000 0.170061
-0.025129 0.002210
1
213.466547 406.166852
5.295000 9.953000 12.082942 22 2
0.065880 0.000000 0.000000 0.000000 0.113875
-0.010663 0.008607
2
32.758899 318.373755
5.295000 9.953000 12.082942 32 1
0.065880 0.000000 0.000000 0.000000 0.282092
-0.032116 0.007122
1
197.174779 343.353783
5.295000 9.953000 12.082942 22 2
0.065880 0.000000 0.000000 0.000000 0.144950
0.000835 0.014528
1
172.786667 169.979159
5.295000 9.953000 12.082942 22 2
0.065880 0.000000 0.000000 0.000000 0.107225
0.000705 -0.000929
1
477.233241 230.753683
5.295000 9.953000 12.082942 22 2
0.065880 0.000000 0.000000 0.000000 0.282090
0.010978 0.001401
1
124.695451 219.226178
5.295000 9.953000 12.082942 22 2
0.065880 0.000000 0.000000 0.000000 0.106878
-0.005876 0.000687
1
482.530336 314.302411
5.295000 9.953000 12.082942 22 2
0.065880 0.000000 0.000000 0.000000 0.182672
0.012375 0.004368
1
102.421577 398.846138
5.295000 9.953000 12.082942 22 2
0.065880 0.000000 0.000000 0.000000 0.138718
-0.014061 0.005849
2
207.615285 489.317568
5.295000 9.953000 12.082942 25 1
0.065880 0.000000 0.000000 0.000000 0.182305
-0.007665 0.004923
2
304.514331 48.967011
5.295000 9.953000 12.082942 29 1
0.065880 0.000000 0.000000 0.000000 0.510947
-0.013343 -0.012591
1
295.744590 309.195403
5.295000 9.953000 12.082942 22 2
0.065880 0.000000 0.000000 0.000000 0.140609
-0.102805 0.069536
1
413.482081 113.083355
5.295000 9.953000 12.082942 22 2
0.065880 0.000000 0.000000 0.000000 0.166206
0.002997 -0.006303
1
431.894399 174.537162
5.295000 9.953000 12.082942 23 2
0.065880 0.000000 0.000000 0.000000 0.178424
0.008046 0.004493
1
332.408285 142.909235
5.295000 9.953000 12.082942 23 2
0.065880 0.000000 0.000000 0.000000 0.160278
0.000908 -0.005852
1
460.029754 237.380700
5.295000 9.953000 12.082942 23 2
0.065880 0.000000 0.000000 0.000000 0.205145
0.011291 0.002855
1
287.513699 446.045595
5.295000 9.953000 12.082942 23 2
0.065880 0.000000 0.000000 0.000000 0.139875
-0.006176 0.012305
1
397.752030 142.109116
5.295000 9.953000 12.082942 23 2
0.065880 0.000000 0.000000 0.000000 0.129988
0.008888 -0.000634
1
22.176777 243.124343
5.295000 9.953000 12.082942 23 2
0.065880 0.000000 0.000000 0.000000 0.134112
0.000458 0.006731
1
53.565788 306.433081
5.295000 9.953000 12.082942 23 2
0.065880 0.000000 0.000000 0.000000 0.148657
-0.023793 0.007393
1
159.496840 358.272280
5.295000 9.953000 12.082942 23 2
0.065880 0.000000 0.000000 0.000000 0.117157
-0.005281 -0.004193
1
101.899287 380.866539
5.295000 9.953000 12.082942 23 2
0.065880 0.000000 0.000000 0.000000 0.126073
-0.011114 0.004419
1
170.560678 217.625247
5.295000 9.953000 12.082942 23 2
0.065880 0.000000 0.000000 0.000000 0.113403
-0.003717 -0.006063
1
180.205776 186.938833
5.295000 9.953000 12.082942 23 2
0.065880 0.000000 0.000000 0.000000 0.105136
-0.008311 0.000186
1
380.383926 137.177223
5.295000 9.953000 12.082942 23 2
0.065880 0.000000 0.000000 0.000000 0.188849
0.009871 -0.001023
1
247.073512 246.838030
5.295000 9.953000 12.082942 23 2
0.065880 0.000000 0.000000 0.000000 0.117322
0.006116 0.019129
1
141.213928 225.814998
5.295000 9.953000 12.082942 23 2
0.065880 0.000000 0.000000 0.000000 0.105652
-0.003020 0.000149
1
195.053851 130.585117
5.295000 9.953000 12.082942 23 2
0.065880 0.000000 0.000000 0.000000 0.124648
-0.004855 -0.016933
1
166.913676 245.183099
5.295000 9.953000 12.082942 23 2
0.065880 0.000000 0.000000 0.000000 0.107179
-0.009858 0.004501
4
221.366409 454.519633
5.295000 9.953000 12.082942 33 1
0.000000 0.000000 0.000000 0.000000 0.142082
0.012125 0.021857
2
359.859791 362.743307
5.295000 9.953000 12.082942 26 1
0.065880 0.000000 0.000000 0.000000 0.302228
0.004525 0.000800
1
373.805863 85.576427
5.295000 9.953000 12.082942 23 2
0.065880 0.000000 0.000000 0.000000 0.199510
-0.001366 -0.016474
2
93.719766 223.510918
5.295000 9.953000 12.082942 25 1
0.065880 0.000000 0.000000 0.000000 0.113354
-0.010252 0.000803
1
48.431499 252.873010
5.295000 9.953000 12.082942 23 2
0.065880 0.000000 0.000000 0.000000 0.124674
-0.011872 0.003356
1
357.635866 312.282921
5.295000 9.953000 12.082942 23 2
0.065880 0.000000 0.000000 0.000000 0.178549
0.006684 0.011735
1
53.244308 337.081010
5.295000 9.953000 12.082942 24 2
0.065880 0.000000 0.000000 0.000000 0.175498
-0.017592 0.007568
1
130.911822 290.418325
5.295000 9.953000 12.082942 24 2
0.065880 0.000000 0.000000 0.000000 0.126858
0.001748 -0.003939
1
68.825232 141.927721
5.295000 9.953000 12.082942 24 2
0.065880 0.000000 0.000000 0.000000 0.128402
-0.001332 -0.023032
4
308.300932 278.396398
5.295000 9.953000 12.082942 31 1
0.000000 0.000000 0.000000 0.000000 0.131361
-0.004479 0.016290
1
389.472271 376.178632
5.295000 9.953000 12.082942 24 2
0.065880 0.000000 0.000000 0.000000 0.218719
0.007365 -0.000683
1
191.254758 174.296614
5.295000 9.953000 12.082942 24 2
0.065880 0.000000 0.000000 0.000000 0.105720
-0.005744 0.000604
1
272.495963 282.825987
5.295000 9.953000 12.082942 24 2
0.065880 0.000000 0.000000 0.000000 0.139431
-0.011169 0.011904
2
15.790902 312.448899
5.295000 9.953000 12.082942 33 1
0.065880 0.000000 0.000000 0.000000 0.484818
-0.030639 -0.007282
1
143.766953 243.756195
5.295000 9.953000 12.082942 24 2
0.065880 0.000000 0.000000 0.000000 0.110847
0.004033 0.001430
1
266.986709 207.273606
5.295000 9.953000 12.082942 24 2
0.065880 0.000000 0.000000 0.000000 0.122161
0.003836 0.002146
2
484.004301 176.072339
5.295000 9.953000 12.082942 30 1
0.065880 0.000000 0.000000 0.000000 0.622949
0.013497 -0.002122
1
221.903944 208.787173
5.295000 9.953000 12.082942 24 2
0.065880 0.000000 0.000000 0.000000 0.129886
-0.000036 -0.001064
1
312.552195 358.301910
5.295000 9.953000 12.082942 24 2
0.065880 0.000000 0.000000 0.000000 0.150974
0.008720 0.012546
1
247.480195 343.247736
5.295000 9.953000 12.082942 25 2
0.065880 0.000000 0.000000 0.000000 0.119234
-0.009528 0.022946
1
148.265422 402.530813
5.295000 9.953000 12.082942 25 2
0.065880 0.000000 0.000000 0.000000 0.122229
-0.008221 0.014405
1
385.191294 219.475972
5.295000 9.953000 12.082942 25 2
0.065880 0.000000 0.000000 0.000000 0.228843
0.014275 -0.001221
1
128.336534 271.631159
5.295000 9.953000 12.082942 25 2
0.065880 0.000000 0.000000 0.000000 0.201548
-0.008435 -0.005718
1
385.531748 172.204458
5.295000 9.953000 12.082942 25 2
0.065880 0.000000 0.000000 0.000000 0.128143
0.011291 -0.001436
1
402.941163 435.483765
5.295000 9.953000 12.082942 25 2
0.065880 0.000000 0.000000 0.000000 0.200931
0.011357 0.006199
4
118.472903 406.565020
5.295000 9.953000 12.082942 32 1
0.000000 0.000000 0.000000 0.000000 0.132505
-0.012875 0.006083
1
122.077330 201.625005
5.295000 9.953000 12.082942 25 2
0.065880 0.000000 0.000000 0.000000 0.115269
-0.008070 0.002232
1
97.038367 257.365072
5.295000 9.953000 12.082942 25 2
0.065880 0.000000 0.000000 0.000000 0.118708
-0.013260 0.001966
1
229.865756 437.292673
5.295000 9.953000 12.082942 25 2
0.065880 0.000000 0.000000 0.000000 0.124080
0.005472 0.009241
1
361.102182 416.443552
5.295000 9.953000 12.082942 25 2
0.065880 0.000000 0.000000 0.000000 0.130612
0.026021 0.021219
4
142.698361 111.826282
5.295000 9.953000 12.082942 31 1
0.000000 0.000000 0.000000 0.000000 0.142721
-0.047213 0.018235
1
235.441368 260.012629
5.295000 9.953000 12.082942 25 2
0.065880 0.000000 0.000000 0.000000 0.117129
0.011142 0.001443
4
197.386229 374.837646
5.295000 9.953000 12.082942 31 1
0.000000 0.000000 0.000000 0.000000 0.137535
-0.005945 0.008469
1
283.071036 12.828116
5.295000 9.953000 12.082942 25 2
0.065880 0.000000 0.000000 0.000000 0.320959
0.000311 0.001528
1
163.192345 341.390801
5.295000 9.953000 12.082942 25 2
0.065880 0.000000 0.000000 0.000000 0.119542
-0.003122 -0.005913
1
323.177903 170.798282
5.295000 9.953000 12.082942 25 2
0.065880 0.000000 0.000000 0.000000 0.165199
0.019037 -0.022003
1
53.622334 367.660430
5.295000 9.953000 12.082942 26 2
0.065880 0.000000 0.000000 0.000000 0.184195
-0.016287 0.010652
1
347.605160 39.364870
5.295000 9.953000 12.082942 26 2
0.065880 0.000000 0.000000 0.000000 0.431618
-0.005139 -0.015267
1
174.215474 311.752510
5.295000 9.953000 12.082942 26 2
0.065880 0.000000 0.000000 0.000000 0.124134
-0.018530 -0.022830
1
135.467872 190.421616
5.295000 9.953000 12.082942 26 2
0.065880 0.000000 0.000000 0.000000 0.117414
-0.009903 0.000571
4
145.674641 316.496588
5.295000 9.953000 12.082942 32 1
0.000000 0.000000 0.000000 0.000000 0.125833
-0.019695 0.000219
1
379.632979 102.227790
5.295000 9.953000 12.082942 26 2
0.065880 0.000000 0.000000 0.000000 0.199107
-0.006191 -0.009050
1
198.358795 45.970659
5.295000 9.953000 12.082942 26 2
0.065880 0.000000 0.000000 0.000000 0.143472
-0.003425 -0.021172
1
32.986990 282.529431
5.295000 9.953000 12.082942 26 2
0.065880 0.000000 0.000000 0.000000 0.157977
-0.012910 0.001312
1
155.308052 163.470172
5.295000 9.953000 12.082942 26 2
0.065880 0.000000 0.000000 0.000000 0.109545
0.000774 0.002684
1
402.030001 339.843285
5.295000 9.953000 12.082942 26 2
0.065880 0.000000 0.000000 0.000000 0.300624
0.003280 0.003693
1
223.382821 50.932863
5.295000 9.953000 12.082942 26 2
0.065880 0.000000 0.000000 0.000000 0.194964
0.030799 -0.009987
4
215.145280 193.545676
5.295000 9.953000 12.082942 32 1
0.000000 0.000000 0.000000 0.000000 0.121867
-0.000788 -0.003026
1
348.993375 432.627010
5.295000 9.953000 12.082942 26 2
0.065880 0.000000 0.000000 0.000000 0.125155
0.008905 0.010087
1
364.158825 112.102042
5.295000 9.953000 12.082942 26 2
0.065880 0.000000 0.000000 0.000000 0.215322
0.000530 0.006790
1
339.078668 176.188400
5.295000 9.953000 12.082942 26 2
0.065880 0.000000 0.000000 0.000000 0.167512
0.003698 -0.001447
1
75.573567 362.246421
5.295000 9.953000 12.082942 26 2
0.065880 0.000000 0.000000 0.000000 0.155064
-0.020297 0.013716
1
384.621824 342.351511
5.295000 9.953000 12.082942 27 2
0.065880 0.000000 0.000000 0.000000 0.319552
0.002044 0.009564
1
272.226346 224.247878
5.295000 9.953000 12.082942 27 2
0.065880 0.000000 0.000000 0.000000 0.126473
0.003244 0.002458
1
148.640743 44.132223
5.295000 9.953000 12.082942 27 2
0.065880 0.000000 0.000000 0.000000 0.202079
-0.012764 -0.016580
1
273.705341 91.436973
5.295000 9.953000 12.082942 27 2
0.065880 0.000000 0.000000 0.000000 0.214883
0.008700 -0.018850
1
336.412698 335.273328
5.295000 9.953000 12.082942 27 2
0.065880 0.000000 0.000000 0.000000 0.186147
-0.001137 0.001782
1
206.348778 313.943763
5.295000 9.953000 12.082942 27 2
0.065880 0.000000 0.000000 0.000000 0.113893
-0.003816 0.011276
1
441.899203 236.954709
5.295000 9.953000 12.082942 27 2
0.065880 0.000000 0.000000 0.000000 0.204422
0.009796 -0.005339
2
244.483697 48.755947
5.295000 9.953000 12.082942 28 1
0.065880 0.000000 0.000000 0.000000 0.269365
-0.000679 -0.015604
1
99.628264 81.705340
5.295000 9.953000 12.082942 27 2
0.065880 0.000000 0.000000 0.000000 0.191857
-0.008413 -0.008822
1
301.892645 344.057970
5.295000 9.953000 12.082942 27 2
0.065880 0.000000 0.000000 0.000000 0.132375
-0.016226 -0.007166
1
399.558643 160.422587
5.295000 9.953000 12.082942 28 2
0.065880 0.000000 0.000000 0.000000 0.122885
0.010359 0.000457
4
212.799317 285.132161
5.295000 9.953000 12.082942 29 1
0.000000 0.000000 0.000000 0.000000 0.139916
-0.003816 0.000897
1
290.180083 496.566111
5.295000 9.953000 12.082942 28 2
0.065880 0.000000 0.000000 0.000000 0.178694
-0.002049 0.020565
1
105.035238 436.044131
5.295000 9.953000 12.082942 28 2
0.065880 0.000000 0.000000 0.000000 0.230199
-0.015977 0.011854
1
431.245494 157.007900
5.295000 9.953000 12.082942 28 2
0.065880 0.000000 0.000000 0.000000 0.157606
0.008699 0.000398
1
277.929608 241.059506
5.295000 9.953000 12.082942 28 2
0.065880 0.000000 0.000000 0.000000 0.145314
0.004152 0.000817
1
462.383731 119.273853
5.295000 9.953000 12.082942 28 2
0.065880 0.000000 0.000000 0.000000 0.550718
0.004566 -0.007310
4
265.217446 404.466843
5.295000 9.953000 12.082942 32 1
0.000000 0.000000 0.000000 0.000000 0.129556
0.006505 0.005847
1
116.357192 335.277738
5.295000 9.953000 12.082942 29 2
0.065880 0.000000 0.000000 0.000000 0.106749
-0.019108 -0.001064
1
116.827796 131.824139
5.295000 9.953000 12.082942 29 2
0.065880 0.000000 0.000000 0.000000 0.131389
-0.006412 0.010276
1
231.389106 374.522351
5.295000 9.953000 12.082942 29 2
0.065880 0.000000 0.000000 0.000000 0.124791
-0.000308 0.010570
1
131.054586 360.821678
5.295000 9.953000 12.082942 29 2
0.065880 0.000000 0.000000 0.000000 0.117733
-0.012463 0.005835
2
99.809892 62.998115
5.295000 9.953000 12.082942 30 1
0.065880 0.000000 0.000000 0.000000 0.267749
-0.010316 -0.011943
1
159.990779 274.262523
5.295000 9.953000 12.082942 29 2
0.065880 0.000000 0.000000 0.000000 0.121047
0.013418 0.027322
1
214.491817 146.873533
5.295000 9.953000 12.082942 29 2
0.065880 0.000000 0.000000 0.000000 0.204540
-0.006153 -0.001518
1
317.353813 155.033957
5.295000 9.953000 12.082942 29 2
0.065880 0.000000 0.000000 0.000000 0.150819
0.021676 -0.018330
1
343.755877 415.865054
5.295000 9.953000 12.082942 30 2
0.065880 0.000000 0.000000 0.000000 0.135983
0.026244 0.004754
1
278.973637 479.416439
5.295000 9.953000 12.082942 30 2
0.065880 0.000000 0.000000 0.000000 0.139069
0.004939 0.016724
2
25.255371 351.520658
5.295000 9.953000 12.082942 33 1
0.065880 0.000000 0.000000 0.000000 0.609544
-0.015071 0.011125
4
239.660844 389.932392
5.295000 9.953000 12.082942 32 1
0.000000 0.000000 0.000000 0.000000 0.121083
0.001644 0.009880
1
366.237848 148.473969
5.295000 9.953000 12.082942 30 2
0.065880 0.000000 0.000000 0.000000 0.185660
0.008152 0.001702
1
363.569808 130.279849
5.295000 9.953000 12.082942 30 2
0.065880 0.000000 0.000000 0.000000 0.223152
0.011953 0.006150
1
328.806382 126.559880
5.295000 9.953000 12.082942 30 2
0.065880 0.000000 0.000000 0.000000 0.207648
0.018208 -0.013372
1
446.475274 129.453669
5.295000 9.953000 12.082942 30 2
0.065880 0.000000 0.000000 0.000000 0.222398
0.005402 -0.006518
4
239.341573 421.389756
5.295000 9.953000 12.082942 32 1
0.000000 0.000000 0.000000 0.000000 0.127339
0.004363 0.008350
1
247.729322 108.783360
5.295000 9.953000 12.082942 31 2
0.065880 0.000000 0.000000 0.000000 0.205454
-0.005808 -0.006330
1
418.662220 76.232791
5.295000 9.953000 12.082942 31 2
0.065880 0.000000 0.000000 0.000000 0.300036
0.009838 -0.002647
1
356.138735 380.669891
5.295000 9.953000 12.082942 31 2
0.065880 0.000000 0.000000 0.000000 0.195443
0.014149 0.004782
1
84.624428 348.124416
5.295000 9.953000 12.082942 31 2
0.065880 0.000000 0.000000 0.000000 0.135737
-0.019079 0.012143
1
45.778801 201.433323
5.295000 9.953000 12.082942 32 2
0.065880 0.000000 0.000000 0.000000 0.135125
-0.017299 -0.009179
1
403.823771 197.213611
5.295000 9.953000 12.082942 32 2
0.065880 0.000000 0.000000 0.000000 0.150700
0.000739 0.012913
1
130.887568 38.784698
5.295000 9.953000 12.082942 32 2
0.065880 0.000000 0.000000 0.000000 0.444064
-0.012370 -0.015028
1
361.471602 242.198712
5.295000 9.953000 12.082942 32 2
0.065880 0.000000 0.000000 0.000000 0.280905
0.002168 0.000419
1
324.856219 77.495662
5.295000 9.953000 12.082942 32 2
0.065880 0.000000 0.000000 0.000000 0.410939
-0.001851 -0.029166
1
162.504585 117.457467
5.295000 9.953000 12.082942 32 2
0.065880 0.000000 0.000000 0.000000 0.125556
0.000192 0.002888
1
306.840665 102.373205
5.295000 9.953000 12.082942 32 2
0.065880 0.000000 0.000000 0.000000 0.219449
0.014640 -0.013025
1
452.362871 337.139197
5.295000 9.953000 12.082942 32 2
0.065880 0.000000 0.000000 0.000000 0.169929
0.006987 0.001456
1
339.375322 93.089863
5.295000 9.953000 12.082942 32 2
0.065880 0.000000 0.000000 0.000000 0.271956
0.014594 -0.003738
1
324.323497 458.397091
5.295000 9.953000 12.082942 32 2
0.065880 0.000000 0.000000 0.000000 0.134067
0.006849 0.012632
1
468.167064 364.594442
5.295000 9.953000 12.082942 33 2
0.065880 0.000000 0.000000 0.000000 0.253871
0.010418 0.003131
1
189.482493 489.785897
5.295000 9.953000 12.082942 33 2
0.065880 0.000000 0.000000 0.000000 0.206430
-0.013070 0.009324
1
253.258637 497.787069
5.295000 9.953000 12.082942 33 2
0.065880 0.000000 0.000000 0.000000 0.138373
-0.004783 0.017246
1
127.205419 86.024493
5.295000 9.953000 12.082942 33 2
0.065880 0.000000 0.000000 0.000000 0.170698
-0.010410 -0.009590
5
218.977234 71.436515
5.195070 9.765163 11.854907 16 1
0.065880 0.000000 0.000000 0.000000 0.234356
0.009170 -0.020484
5
168.433089 200.849160
5.195070 9.765163 11.854907 16 1
0.065880 0.000000 0.000000 0.000000 0.117351
-0.006926 -0.006503
5
444.576801 284.876435
5.195070 9.765163 11.854907 16 1
0.065880 0.000000 0.000000 0.000000 0.257688
0.003370 0.009136
5
100.971314 343.762429
5.195070 9.765163 11.854907 16 1
0.065880 0.000000 0.000000 0.000000 0.115855
-0.018882 0.000406
5
233.027230 307.514196
5.091141 9.569807 11.617745 17 1
0.065880 0.000000 0.000000 0.000000 0.120630
-0.024097 -0.004011
5
315.586202 406.177290
5.091141 9.569807 11.617745 17 1
0.065880 0.000000 0.000000 0.000000 0.189356
0.003229 0.014207
5
400.918689 73.648964
5.091141 9.569807 11.617745 17 1
0.065880 0.000000 0.000000 0.000000 0.221365
0.007811 -0.005442
5
149.028450 385.630063
5.091141 9.569807 11.617745 17 1
0.065880 0.000000 0.000000 0.000000 0.120678
-0.001470 0.008138
5
279.895455 112.687286
5.091141 9.569807 11.617745 17 1
0.065880 0.000000 0.000000 0.000000 0.164911
0.005641 -0.013776
5
298.008891 371.410997
5.091141 9.569807 11.617745 17 1
0.065880 0.000000 0.000000 0.000000 0.143514
0.002660 0.016235
5
180.324887 406.018021
5.091141 9.569807 11.617745 17 1
0.065880 0.000000 0.000000 0.000000 0.120674
-0.011603 0.012026
5
50.737939 142.378758
4.982786 9.366132 11.370484 18 1
0.065880 0.000000 0.000000 0.000000 0.151397
-0.006082 0.004516
5
174.281088 360.028511
4.982786 9.366132 11.370484 18 1
0.065880 0.000000 0.000000 0.000000 0.129787
-0.012103 -0.002173
5
270.130433 125.643631
4.982786 9.366132 11.370484 18 1
0.065880 0.000000 0.000000 0.000000 0.147562
0.004100 -0.011977
5
127.873976 253.430621
4.982786 9.366132 11.370484 18 1
0.065880 0.000000 0.000000 0.000000 0.167671
-0.014896 -0.004648
5
381.786617 280.333059
4.869501 9.153191 11.111974 19 1
0.065880 0.000000 0.000000 0.000000 0.183119
0.006724 0.004860
5
16.760675 178.485598
4.869501 9.153191 11.111974 19 1
0.065880 0.000000 0.000000 0.000000 0.407137
-0.032350 -0.009509
5
289.040561 424.065470
4.869501 9.153191 11.111974 19 1
0.065880 0.000000 0.000000 0.000000 0.140945
0.012424 0.022588
5
73.892380 409.206679
4.869501 9.153191 11.111974 19 1
0.065880 0.000000 0.000000 0.000000 0.288984
-0.020058 0.027163
5
66.479344 394.657901
4.869501 9.153191 11.111974 19 1
0.065880 0.000000 0.000000 0.000000 0.287265
-0.011885 0.018475
5
331.629756 287.918605
4.750685 8.929853 10.840841 20 1
0.065880 0.000000 0.000000 0.000000 0.158993
0.016794 0.000065
5
223.582911 100.068631
4.750685 8.929853 10.840841 20 1
0.065880 0.000000 0.000000 0.000000 0.222839
0.005454 -0.025562
5
376.468978 407.248818
4.750685 8.929853 10.840841 20 1
0.065880 0.000000 0.000000 0.000000 0.128366
0.011984 -0.000158
5
239.698762 2.586245
4.625609 8.694746 10.555422 21 1
0.065880 0.000000 0.000000 0.000000 0.266623
-0.001854 0.003753
5
262.381889 78.095810
4.625609 8.694746 10.555422 21 1
0.065880 0.000000 0.000000 0.000000 0.259710
-0.005549 -0.009728
5
135.734271 462.680604
4.625609 8.694746 10.555422 21 1
0.065880 0.000000 0.000000 0.000000 0.281920
-0.003978 0.012341
5
21.141721 295.555547
4.625609 8.694746 10.555422 21 1
0.065880 0.000000 0.000000 0.000000 0.220484
-0.023954 -0.008769
5
381.663369 357.632499
4.625609 8.694746 10.555422 21 1
0.065880 0.000000 0.000000 0.000000 0.311419
0.001840 0.014548
5
64.849799 319.729257
4.625609 8.694746 10.555422 21 1
0.065880 0.000000 0.000000 0.000000 0.154170
-0.017940 0.000714
5
339.058957 238.639162
4.625609 8.694746 10.555422 21 1
0.065880 0.000000 0.000000 0.000000 0.194473
0.016445 -0.002617
5
213.763995 221.132861
4.625609 8.694746 10.555422 21 1
0.065880 0.000000 0.000000 0.000000 0.147374
0.001228 0.000559
5
152.501588 290.036359
4.493375 8.446188 10.253672 22 1
0.065880 0.000000 0.000000 0.000000 0.131853
0.019577 -0.020657
5
487.039441 274.973555
4.493375 8.446188 10.253672 22 1
0.065880 0.000000 0.000000 0.000000 0.438231
0.012605 0.001375
5
44.623823 157.345195
4.493375 8.446188 10.253672 22 1
0.065880 0.000000 0.000000 0.000000 0.175092
-0.036816 -0.010016
5
437.690564 309.592684
4.493375 8.446188 10.253672 22 1
0.065880 0.000000 0.000000 0.000000 0.349483
0.005094 0.010674
5
191.414474 99.939820
4.493375 8.446188 10.253672 22 1
0.065880 0.000000 0.000000 0.000000 0.135143
0.000530 -0.023586
5
144.219924 425.308499
4.493375 8.446188 10.253672 22 1
0.065880 0.000000 0.000000 0.000000 0.161712
-0.023081 0.022718
5
82.883067 131.795365
4.493375 8.446188 10.253672 22 1
0.065880 0.000000 0.000000 0.000000 0.132739
0.005109 -0.022107
5
397.203932 277.850099
4.493375 8.446188 10.253672 22 1
0.065880 0.000000 0.000000 0.000000 0.194087
0.004143 -0.005175
5
441.405881 187.321795
4.493375 8.446188 10.253672 22 1
0.065880 0.000000 0.000000 0.000000 0.233615
0.012019 0.003121
5
256.883070 287.469507
4.352864 8.182070 9.933032 23 1
0.065880 0.000000 0.000000 0.000000 0.121443
0.024210 -0.017992
5
228.492863 83.644550
4.352864 8.182070 9.933032 23 1
0.065880 0.000000 0.000000 0.000000 0.263456
0.004455 -0.016656
5
155.467911 103.749799
4.352864 8.182070 9.933032 23 1
0.065880 0.000000 0.000000 0.000000 0.128535
0.055770 -0.062661
5
89.341053 283.185051
4.352864 8.182070 9.933032 23 1
0.065880 0.000000 0.000000 0.000000 0.115422
-0.009189 -0.004370
5
197.052681 62.357182
4.352864 8.182070 9.933032 23 1
0.065880 0.000000 0.000000 0.000000 0.171655
0.012795 -0.042541
5
312.046417 180.101703
4.352864 8.182070 9.933032 23 1
0.065880 0.000000 0.000000 0.000000 0.152207
0.002448 0.015287
5
234.186995 165.917207
4.352864 8.182070 9.933032 23 1
0.065880 0.000000 0.000000 0.000000 0.137116
0.003128 -0.010486
5
276.140174 169.102435
4.352864 8.182070 9.933032 23 1
0.065880 0.000000 0.000000 0.000000 0.124575
0.020022 -0.029811
5
45.288773 172.174305
4.352864 8.182070 9.933032 23 1
0.065880 0.000000 0.000000 0.000000 0.152840
-0.007174 -0.014934
5
354.905254 65.838681
4.352864 8.182070 9.933032 23 1
0.065880 0.000000 0.000000 0.000000 0.491162
-0.002667 -0.022025
5
105.873546 453.266814
4.352864 8.182070 9.933032 23 1
0.065880 0.000000 0.000000 0.000000 0.553948
-0.024114 0.018524
5
49.338332 185.901367
4.352864 8.182070 9.933032 23 1
0.065880 0.000000 0.000000 0.000000 0.130481
-0.018103 -0.012453
5
162.905705 447.890875
3.744130 7.037834 8.543930 24 1
0.065880 0.000000 0.000000 0.000000 0.212600
0.019962 0.011511
5
208.554675 426.513158
3.744130 7.037834 8.543930 24 1
0.065880 0.000000 0.000000 0.000000 0.126885
0.010789 0.056286
5
292.524995 333.625068
3.744130 7.037834 8.543930 24 1
0.065880 0.000000 0.000000 0.000000 0.143450
0.013979 0.078216
5
400.053009 213.625292
3.744130 7.037834 8.543930 24 1
0.065880 0.000000 0.000000 0.000000 0.244625
0.010517 -0.028047
