500.000000 500.000000
616 82
244 616
1
381.858637 284.625868
5.295000 9.953000 12.082942 46 2
0.065880 0.000000 0.000000 0.000000 0.019987
0.001600 0.000366
4
418.368998 412.168697
5.295000 9.953000 12.082942 38 1
0.000000 0.000000 0.000000 0.000000 0.093595
0.000569 0.001856
4
355.766489 383.083536
5.295000 9.953000 12.082942 65 1
0.000000 0.000000 0.000000 0.000000 0.039335
0.000501 0.001254
4
212.079165 354.417096
5.295000 9.953000 12.082942 58 1
0.000000 0.000000 0.000000 0.000000 0.045363
0.000242 0.001082
4
256.880713 436.843916
5.295000 9.953000 12.082942 44 1
0.000000 0.000000 0.000000 0.000000 0.033826
-0.000242 0.001998
4
51.777370 355.394637
5.295000 9.953000 12.082942 38 1
0.000000 0.000000 0.000000 0.000000 0.106426
-0.001564 0.000190
4
339.589459 258.741625
5.295000 9.953000 12.082942 40 1
0.000000 0.000000 0.000000 0.000000 0.046185
0.001792 -0.000260
4
178.900183 317.469754
5.295000 9.953000 12.082942 41 1
0.000000 0.000000 0.000000 0.000000 0.050779
-0.000029 0.000693
4
116.173371 351.378307
5.295000 9.953000 12.082942 44 1
0.000000 0.000000 0.000000 0.000000 0.051412
-0.001017 0.000114
4
239.739069 44.660700
5.295000 9.953000 12.082942 52 1
0.000000 0.000000 0.000000 0.000000 0.044049
0.000096 -0.001609
1
8.466019 205.224381
5.295000 9.953000 12.082942 32 2
0.065880 0.000000 0.000000 0.000000 0.029194
-0.001659 0.000119
4
463.150119 154.076177
5.295000 9.953000 12.082942 57 1
0.000000 0.000000 0.000000 0.000000 0.146892
0.001057 -0.001652
4
250.183491 324.454134
5.295000 9.953000 12.082942 42 1
0.000000 0.000000 0.000000 0.000000 0.040207
0.001577 0.001426
4
127.017352 303.525446
5.295000 9.953000 12.082942 55 1
0.000000 0.000000 0.000000 0.000000 0.041759
-0.000588 0.000328
4
87.646827 133.898932
5.295000 9.953000 12.082942 58 1
0.000000 0.000000 0.000000 0.000000 0.053776
-0.002306 -0.000894
1
152.357414 448.244643
5.295000 9.953000 12.082942 22 2
0.065880 0.000000 0.000000 0.000000 0.053605
-0.000553 0.001595
4
426.666797 119.317400
5.295000 9.953000 12.082942 49 1
0.000000 0.000000 0.000000 0.000000 0.107916
0.000696 -0.001548
4
237.970434 126.411741
5.295000 9.953000 12.082942 53 1
0.000000 0.000000 0.000000 0.000000 0.056377
0.000293 0.000167
4
414.366404 293.314543
5.295000 9.953000 12.082942 53 1
0.000000 0.000000 0.000000 0.000000 0.052741
0.002212 0.000182
1
260.300075 282.127016
5.295000 9.953000 12.082942 41 2
0.065880 0.000000 0.000000 0.000000 0.018498
0.000064 -0.000236
4
326.543336 129.518009
5.295000 9.953000 12.082942 37 1
0.000000 0.000000 0.000000 0.000000 0.039326
0.001013 -0.000610
4
307.952286 294.815550
5.295000 9.953000 12.082942 61 1
0.000000 0.000000 0.000000 0.000000 0.039709
0.000294 0.000116
4
240.453352 371.639170
5.295000 9.953000 12.082942 34 1
0.000000 0.000000 0.000000 0.000000 0.059689
0.000199 0.001619
4
342.745616 447.453941
5.295000 9.953000 12.082942 64 1
0.000000 0.000000 0.000000 0.000000 0.040425
0.000617 0.001733
4
191.805975 417.963101
5.295000 9.953000 12.082942 65 1
0.000000 0.000000 0.000000 0.000000 0.033696
-0.000569 0.001336
4
432.240002 175.361396
5.295000 9.953000 12.082942 57 1
0.000000 0.000000 0.000000 0.000000 0.056096
0.001156 -0.001139
4
436.354587 365.346637
5.295000 9.953000 12.082942 50 1
0.000000 0.000000 0.000000 0.000000 0.105091
0.000667 0.001875
1
472.250558 213.633978
5.295000 9.953000 12.082942 23 2
0.065880 0.000000 0.000000 0.000000 0.044317
0.001942 -0.000919
4
362.333098 469.783569
5.295000 9.953000 12.082942 50 1
0.000000 0.000000 0.000000 0.000000 0.180349
0.002063 0.001619
4
255.722146 469.754929
5.295000 9.953000 12.082942 79 1
0.000000 0.000000 0.000000 0.000000 0.026598
-0.000464 0.001770
1
325.138197 393.499541
5.295000 9.953000 12.082942 20 2
0.065880 0.000000 0.000000 0.000000 0.018571
0.000520 0.001220
4
406.452272 262.738937
5.295000 9.953000 12.082942 73 1
0.000000 0.000000 0.000000 0.000000 0.030317
0.001930 0.000131
1
56.717236 192.313540
5.295000 9.953000 12.082942 21 2
0.065880 0.000000 0.000000 0.000000 0.032079
-0.001664 -0.000381
4
249.461627 387.812635
5.295000 9.953000 12.082942 61 1
0.000000 0.000000 0.000000 0.000000 0.059011
0.000079 0.001835
4
57.426167 211.161352
5.295000 9.953000 12.082942 33 1
0.000000 0.000000 0.000000 0.000000 0.052199
-0.001372 -0.000263
4
313.208896 407.483124
5.295000 9.953000 12.082942 44 1
0.000000 0.000000 0.000000 0.000000 0.029002
0.000678 0.001554
4
71.878953 163.113711
5.295000 9.953000 12.082942 46 1
0.000000 0.000000 0.000000 0.000000 0.041724
-0.001710 -0.000519
4
399.100390 231.128633
5.295000 9.953000 12.082942 75 1
0.000000 0.000000 0.000000 0.000000 0.033382
0.002184 -0.000128
4
98.352889 302.461603
5.295000 9.953000 12.082942 38 1
0.000000 0.000000 0.000000 0.000000 0.038998
-0.001400 0.000094
1
204.851776 88.804933
5.295000 9.953000 12.082942 0 1
0.065880 0.000000 0.000000 0.000000 0.024012
0.000539 -0.001892
4
363.315196 287.640593
5.295000 9.953000 12.082942 45 1
0.000000 0.000000 0.000000 0.000000 0.041433
0.001387 0.000525
4
380.863768 151.892980
5.295000 9.953000 12.082942 46 1
0.000000 0.000000 0.000000 0.000000 0.044154
0.000921 -0.000970
4
296.204139 484.246459
5.295000 9.953000 12.082942 58 1
0.000000 0.000000 0.000000 0.000000 0.068250
0.001014 0.001098
4
249.769457 111.855800
5.295000 9.953000 12.082942 39 1
0.000000 0.000000 0.000000 0.000000 0.053599
-0.000101 -0.000661
4
221.594265 370.996098
5.295000 9.953000 12.082942 65 1
0.000000 0.000000 0.000000 0.000000 0.044753
0.000036 0.001308
4
322.858064 198.226826
5.295000 9.953000 12.082942 38 1
0.000000 0.000000 0.000000 0.000000 0.050475
-0.045319 -0.023302
4
393.673465 299.068480
5.295000 9.953000 12.082942 76 1
0.000000 0.000000 0.000000 0.000000 0.026444
0.001490 0.000707
4
71.360447 144.027342
5.295000 9.953000 12.082942 48 1
0.000000 0.000000 0.000000 0.000000 0.047953
-0.001916 -0.000651
4
312.787442 245.901121
5.295000 9.953000 12.082942 72 1
0.000000 0.000000 0.000000 0.000000 0.030898
-0.000549 -0.001195
1
488.230390 275.206178
5.295000 9.953000 12.082942 40 2
0.065880 0.000000 0.000000 0.000000 0.037731
0.000656 0.001717
4
396.017943 140.871980
5.295000 9.953000 12.082942 38 1
0.000000 0.000000 0.000000 0.000000 0.042298
0.000935 -0.001228
4
148.150251 328.227565
5.295000 9.953000 12.082942 82 1
0.000000 0.000000 0.000000 0.000000 0.036481
-0.000690 0.001057
4
129.152572 205.888292
5.295000 9.953000 12.082942 34 1
0.000000 0.000000 0.000000 0.000000 0.042915
-0.000078 0.000106
4
259.487504 371.997160
5.295000 9.953000 12.082942 32 1
0.000000 0.000000 0.000000 0.000000 0.064895
0.000375 0.001943
4
422.416303 81.861283
5.295000 9.953000 12.082942 38 1
0.000000 0.000000 0.000000 0.000000 0.251815
0.000263 -0.001617
4
233.535293 306.440285
5.295000 9.953000 12.082942 47 1
0.000000 0.000000 0.000000 0.000000 0.043883
-0.000070 0.000834
4
9.762386 224.343247
5.295000 9.953000 12.082942 39 1
0.000000 0.000000 0.000000 0.000000 0.041087
-0.001486 0.000069
4
103.622775 104.757003
5.295000 9.953000 12.082942 70 1
0.000000 0.000000 0.000000 0.000000 0.063828
-0.002401 -0.001010
4
405.981377 376.747818
5.295000 9.953000 12.082942 47 1
0.000000 0.000000 0.000000 0.000000 0.082065
0.000574 0.001514
4
18.426758 338.042864
5.295000 9.953000 12.082942 67 1
0.000000 0.000000 0.000000 0.000000 0.225172
-0.001619 0.000071
4
135.806265 378.198035
5.295000 9.953000 12.082942 34 1
0.000000 0.000000 0.000000 0.000000 0.068469
-0.001970 0.000435
4
165.952095 115.064662
5.295000 9.953000 12.082942 42 1
0.000000 0.000000 0.000000 0.000000 0.058044
-0.001239 -0.000582
1
478.015068 311.441684
5.295000 9.953000 12.082942 40 2
0.065880 0.000000 0.000000 0.000000 0.029064
0.000252 0.001636
4
163.912145 399.703903
5.295000 9.953000 12.082942 69 1
0.000000 0.000000 0.000000 0.000000 0.042578
-0.000106 0.001534
4
82.674630 314.258513
5.295000 9.953000 12.082942 40 1
0.000000 0.000000 0.000000 0.000000 0.046688
-0.001516 0.000113
4
101.509419 63.681330
5.295000 9.953000 12.082942 42 1
0.000000 0.000000 0.000000 0.000000 0.219117
-0.001285 0.000492
4
60.511750 249.584271
5.295000 9.953000 12.082942 39 1
0.000000 0.000000 0.000000 0.000000 0.057851
-0.001175 -0.000207
4
216.371819 74.188142
5.295000 9.953000 12.082942 70 1
0.000000 0.000000 0.000000 0.000000 0.026169
0.000276 -0.001668
4
55.368896 154.292873
5.295000 9.953000 12.082942 33 1
0.000000 0.000000 0.000000 0.000000 0.061329
-0.001840 -0.000441
4
144.171346 309.312473
5.295000 9.953000 12.082942 37 1
0.000000 0.000000 0.000000 0.000000 0.047327
-0.000564 0.000711
4
12.736285 262.604007
5.295000 9.953000 12.082942 42 1
0.000000 0.000000 0.000000 0.000000 0.062784
-0.001356 -0.000076
4
169.529913 482.012382
5.295000 9.953000 12.082942 72 1
0.000000 0.000000 0.000000 0.000000 0.162081
-0.000388 0.001613
4
385.620488 188.751889
5.295000 9.953000 12.082942 45 1
0.000000 0.000000 0.000000 0.000000 0.041235
0.000757 -0.000365
4
112.812464 314.445342
5.295000 9.953000 12.082942 34 1
0.000000 0.000000 0.000000 0.000000 0.054109
-0.001073 -0.000032
4
388.237528 207.071718
5.295000 9.953000 12.082942 55 1
0.000000 0.000000 0.000000 0.000000 0.054298
0.000704 -0.000358
4
196.289846 301.461707
5.295000 9.953000 12.082942 63 1
0.000000 0.000000 0.000000 0.000000 0.053754
-0.000124 0.000546
4
200.462346 434.641565
5.295000 9.953000 12.082942 57 1
0.000000 0.000000 0.000000 0.000000 0.043792
-0.000586 0.001432
4
264.197141 248.432346
5.295000 9.953000 12.082942 50 1
0.000000 0.000000 0.000000 0.000000 0.021380
-0.000667 -0.000609
4
368.250340 418.970656
5.295000 9.953000 12.082942 44 1
0.000000 0.000000 0.000000 0.000000 0.037892
0.000625 0.001564
4
173.628541 349.741701
5.295000 9.953000 12.082942 43 1
0.000000 0.000000 0.000000 0.000000 0.038156
0.000028 0.001017
4
407.039546 92.914199
5.295000 9.953000 12.082942 40 1
0.000000 0.000000 0.000000 0.000000 0.102062
0.000306 -0.001570
4
297.025177 278.520559
5.295000 9.953000 12.082942 41 1
0.000000 0.000000 0.000000 0.000000 0.042791
0.000761 -0.000262
4
428.760272 138.008011
5.295000 9.953000 12.082942 45 1
0.000000 0.000000 0.000000 0.000000 0.069664
0.000903 -0.001454
4
101.693292 283.360386
5.295000 9.953000 12.082942 46 1
0.000000 0.000000 0.000000 0.000000 0.043072
0.000188 0.000144
4
383.148204 170.322703
5.295000 9.953000 12.082942 68 1
0.000000 0.000000 0.000000 0.000000 0.040414
0.000926 -0.000734
4
375.231698 337.942235
5.295000 9.953000 12.082942 72 1
0.000000 0.000000 0.000000 0.000000 0.064472
0.001801 0.001047
4
107.726568 437.064994
5.295000 9.953000 12.082942 61 1
0.000000 0.000000 0.000000 0.000000 0.114128
-0.001552 0.000224
1
89.919225 429.525489
5.295000 9.953000 12.082942 25 2
0.065880 0.000000 0.000000 0.000000 0.094652
-0.001424 0.000156
1
153.465133 227.728673
5.295000 9.953000 12.082942 21 2
0.065880 0.000000 0.000000 0.000000 0.027007
0.000208 -0.000263
4
461.379167 135.151315
5.295000 9.953000 12.082942 57 1
0.000000 0.000000 0.000000 0.000000 0.211087
0.000850 -0.001725
4
443.101650 382.883959
5.295000 9.953000 12.082942 44 1
0.000000 0.000000 0.000000 0.000000 0.143106
0.000405 0.001977
1
270.301353 32.450878
5.295000 9.953000 12.082942 0 1
0.065880 0.000000 0.000000 0.000000 0.050619
0.000313 -0.001393
1
25.305965 213.488865
5.295000 9.953000 12.082942 20 2
0.065880 0.000000 0.000000 0.000000 0.024132
-0.001529 -0.000049
4
309.452087 227.997623
5.295000 9.953000 12.082942 71 1
0.000000 0.000000 0.000000 0.000000 0.034802
0.000863 0.000167
4
183.774340 266.414637
5.295000 9.953000 12.082942 42 1
0.000000 0.000000 0.000000 0.000000 0.064454
-0.000118 0.000173
4
258.150783 404.170576
5.295000 9.953000 12.082942 49 1
0.000000 0.000000 0.000000 0.000000 0.054472
-0.000002 0.002014
1
258.993991 230.759189
5.295000 9.953000 12.082942 27 2
0.065880 0.000000 0.000000 0.000000 0.021082
-0.001471 -0.000905
1
246.975957 452.912144
5.295000 9.953000 12.082942 19 2
0.065880 0.000000 0.000000 0.000000 0.030920
-0.000499 0.001807
4
405.021546 74.176622
5.295000 9.953000 12.082942 49 1
0.000000 0.000000 0.000000 0.000000 0.152917
0.000217 -0.001589
4
325.999981 461.130971
5.295000 9.953000 12.082942 58 1
0.000000 0.000000 0.000000 0.000000 0.065253
0.001740 0.001396
4
300.407407 259.852698
5.295000 9.953000 12.082942 59 1
0.000000 0.000000 0.000000 0.000000 0.036074
-0.001220 -0.000819
4
90.649253 209.170166
5.295000 9.953000 12.082942 33 1
0.000000 0.000000 0.000000 0.000000 0.058949
-0.001985 -0.000282
4
163.820532 32.500202
5.295000 9.953000 12.082942 38 1
0.000000 0.000000 0.000000 0.000000 0.107508
0.000162 -0.001439
4
399.653281 408.717736
5.295000 9.953000 12.082942 49 1
0.000000 0.000000 0.000000 0.000000 0.067635
0.000558 0.001697
4
154.054269 178.409529
5.295000 9.953000 12.082942 36 1
0.000000 0.000000 0.000000 0.000000 0.049542
-0.000535 -0.000367
4
371.090097 200.179627
5.295000 9.953000 12.082942 36 1
0.000000 0.000000 0.000000 0.000000 0.059977
0.003210 -0.000963
4
298.788385 155.106117
5.295000 9.953000 12.082942 43 1
0.000000 0.000000 0.000000 0.000000 0.025053
0.003574 0.000090
4
254.067478 79.856137
5.295000 9.953000 12.082942 42 1
0.000000 0.000000 0.000000 0.000000 0.066671
-0.000020 -0.001326
4
214.468417 322.368854
5.295000 9.953000 12.082942 46 1
0.000000 0.000000 0.000000 0.000000 0.042536
0.000767 0.000931
4
176.471153 18.560153
5.295000 9.953000 12.082942 55 1
0.000000 0.000000 0.000000 0.000000 0.160438
0.000157 -0.001323
4
29.875001 270.854995
5.295000 9.953000 12.082942 35 1
0.000000 0.000000 0.000000 0.000000 0.060930
-0.001374 -0.000092
4
291.127927 222.636050
5.295000 9.953000 12.082942 34 1
0.000000 0.000000 0.000000 0.000000 0.037985
-0.001986 -0.001021
4
31.565436 289.741092
5.295000 9.953000 12.082942 61 1
0.000000 0.000000 0.000000 0.000000 0.062354
-0.001488 -0.000032
4
287.530432 118.565055
5.295000 9.953000 12.082942 56 1
0.000000 0.000000 0.000000 0.000000 0.030179
-0.000588 -0.001179
4
134.030568 273.672661
5.295000 9.953000 12.082942 59 1
0.000000 0.000000 0.000000 0.000000 0.028332
0.000085 -0.000078
4
268.371413 388.157091
5.295000 9.953000 12.082942 31 1
0.000000 0.000000 0.000000 0.000000 0.065740
0.000242 0.002087
4
206.813951 6.982752
5.295000 9.953000 12.082942 34 1
0.000000 0.000000 0.000000 0.000000 0.090997
0.000260 -0.001611
4
124.066703 151.608024
5.295000 9.953000 12.082942 48 1
0.000000 0.000000 0.000000 0.000000 0.053409
-0.001539 -0.000724
4
229.404355 419.618485
5.295000 9.953000 12.082942 39 1
0.000000 0.000000 0.000000 0.000000 0.056676
-0.000378 0.001628
4
45.279717 260.221275
5.295000 9.953000 12.082942 38 1
0.000000 0.000000 0.000000 0.000000 0.076622
-0.001292 -0.000157
4
171.595780 132.609816
5.295000 9.953000 12.082942 44 1
0.000000 0.000000 0.000000 0.000000 0.063050
-0.001307 -0.001063
4
259.713364 340.200476
5.295000 9.953000 12.082942 54 1
0.000000 0.000000 0.000000 0.000000 0.049662
0.001050 0.001895
4
219.620262 123.755674
5.295000 9.953000 12.082942 50 1
0.000000 0.000000 0.000000 0.000000 0.046532
-0.001241 -0.002164
4
374.016651 218.508150
5.295000 9.953000 12.082942 40 1
0.000000 0.000000 0.000000 0.000000 0.062800
0.003171 0.000579
4
221.707286 223.142969
5.295000 9.953000 12.082942 35 1
0.000000 0.000000 0.000000 0.000000 0.043980
-0.000986 0.000309
4
326.208815 292.867363
5.295000 9.953000 12.082942 81 1
0.000000 0.000000 0.000000 0.000000 0.022898
0.001738 0.001087
4
282.294151 312.476929
5.295000 9.953000 12.082942 53 1
0.000000 0.000000 0.000000 0.000000 0.045122
0.000158 -0.000217
4
327.514953 235.000730
5.295000 9.953000 12.082942 39 1
0.000000 0.000000 0.000000 0.000000 0.034074
-0.000658 -0.001175
4
88.343581 172.047974
5.295000 9.953000 12.082942 54 1
0.000000 0.000000 0.000000 0.000000 0.039852
-0.001474 -0.000589
4
197.217716 71.396338
5.295000 9.953000 12.082942 46 1
0.000000 0.000000 0.000000 0.000000 0.036264
-0.000345 -0.001045
4
147.500345 210.106712
5.295000 9.953000 12.082942 48 1
0.000000 0.000000 0.000000 0.000000 0.043384
0.000170 -0.000311
4
144.127432 431.322024
5.295000 9.953000 12.082942 48 1
0.000000 0.000000 0.000000 0.000000 0.072511
-0.000745 0.001549
1
212.244880 106.205102
5.295000 9.953000 12.082942 38 2
0.065880 0.000000 0.000000 0.000000 0.021673
-0.000414 -0.001601
4
132.534164 359.110144
5.295000 9.953000 12.082942 50 1
0.000000 0.000000 0.000000 0.000000 0.051514
-0.000936 0.000564
4
119.955895 407.473581
5.295000 9.953000 12.082942 46 1
0.000000 0.000000 0.000000 0.000000 0.076188
-0.001055 0.000239
4
405.647371 426.524801
5.295000 9.953000 12.082942 68 1
0.000000 0.000000 0.000000 0.000000 0.090346
0.000468 0.001794
4
98.045289 324.841470
5.295000 9.953000 12.082942 36 1
0.000000 0.000000 0.000000 0.000000 0.057861
-0.001329 -0.000011
4
235.265205 76.993559
5.295000 9.953000 12.082942 64 1
0.000000 0.000000 0.000000 0.000000 0.034105
0.000152 -0.001468
4
47.083141 279.079811
5.295000 9.953000 12.082942 31 1
0.000000 0.000000 0.000000 0.000000 0.074473
-0.001416 -0.000089
4
211.842582 386.713861
5.295000 9.953000 12.082942 69 1
0.000000 0.000000 0.000000 0.000000 0.042228
-0.000205 0.001273
4
301.320632 431.526632
5.295000 9.953000 12.082942 74 1
0.000000 0.000000 0.000000 0.000000 0.032981
0.000813 0.000179
1
164.654083 79.348870
5.295000 9.953000 12.082942 41 2
0.065880 0.000000 0.000000 0.000000 0.031520
-0.000989 -0.001025
4
339.879127 205.249016
5.295000 9.953000 12.082942 72 1
0.000000 0.000000 0.000000 0.000000 0.044094
0.021884 0.008536
4
48.681153 297.972718
5.295000 9.953000 12.082942 43 1
0.000000 0.000000 0.000000 0.000000 0.062563
-0.001536 0.000014
4
381.150974 356.121353
5.295000 9.953000 12.082942 47 1
0.000000 0.000000 0.000000 0.000000 0.061948
0.000386 0.001037
4
483.130046 293.324756
5.295000 9.953000 12.082942 63 1
0.000000 0.000000 0.000000 0.000000 0.048679
0.000158 0.001703
4
360.078163 230.694432
5.295000 9.953000 12.082942 41 1
0.000000 0.000000 0.000000 0.000000 0.061232
0.000607 -0.000039
4
278.829254 476.348068
5.295000 9.953000 12.082942 72 1
0.000000 0.000000 0.000000 0.000000 0.038360
0.000875 0.001249
4
460.022307 199.400011
5.295000 9.953000 12.082942 75 1
0.000000 0.000000 0.000000 0.000000 0.066740
0.001636 -0.000851
4
348.935476 364.885508
5.295000 9.953000 12.082942 78 1
0.000000 0.000000 0.000000 0.000000 0.047716
0.000776 0.001011
4
165.419417 263.167237
5.295000 9.953000 12.082942 32 1
0.000000 0.000000 0.000000 0.000000 0.054159
-0.000130 0.000051
4
267.824160 164.367247
5.295000 9.953000 12.082942 73 1
0.000000 0.000000 0.000000 0.000000 0.029612
-0.005091 -0.015852
4
319.019325 310.182698
5.295000 9.953000 12.082942 41 1
0.000000 0.000000 0.000000 0.000000 0.043052
0.001087 -0.000022
4
141.641912 192.505017
5.295000 9.953000 12.082942 29 1
0.000000 0.000000 0.000000 0.000000 0.041520
-0.000229 -0.000252
4
203.762040 337.494928
5.295000 9.953000 12.082942 39 1
0.000000 0.000000 0.000000 0.000000 0.043687
0.000325 0.000889
4
256.504732 129.253854
5.295000 9.953000 12.082942 62 1
0.000000 0.000000 0.000000 0.000000 0.053199
-0.001027 -0.001551
4
171.289483 449.480803
5.295000 9.953000 12.082942 37 1
0.000000 0.000000 0.000000 0.000000 0.056505
-0.000583 0.001448
4
439.113372 321.758371
5.295000 9.953000 12.082942 77 1
0.000000 0.000000 0.000000 0.000000 0.033353
0.002674 -0.000205
4
168.406982 50.669166
5.295000 9.953000 12.082942 79 1
0.000000 0.000000 0.000000 0.000000 0.034144
0.000073 -0.001145
4
190.203821 450.431272
5.295000 9.953000 12.082942 50 1
0.000000 0.000000 0.000000 0.000000 0.060983
-0.000585 0.001447
4
69.627701 383.118191
5.295000 9.953000 12.082942 37 1
0.000000 0.000000 0.000000 0.000000 0.156773
-0.001498 0.000233
4
92.496845 246.333227
5.295000 9.953000 12.082942 57 1
0.000000 0.000000 0.000000 0.000000 0.048066
-0.000740 -0.000114
4
431.612299 340.158838
5.295000 9.953000 12.082942 54 1
0.000000 0.000000 0.000000 0.000000 0.067093
0.002359 0.000232
4
196.321580 251.873921
5.295000 9.953000 12.082942 41 1
0.000000 0.000000 0.000000 0.000000 0.058183
-0.000217 0.000159
4
135.345248 63.911125
5.295000 9.953000 12.082942 77 1
0.000000 0.000000 0.000000 0.000000 0.059287
-0.001150 -0.000810
4
238.945094 275.592675
5.295000 9.953000 12.082942 46 1
0.000000 0.000000 0.000000 0.000000 0.051638
0.000267 0.000621
4
225.692407 9.545116
5.295000 9.953000 12.082942 62 1
0.000000 0.000000 0.000000 0.000000 0.079986
0.000199 -0.001489
4
177.610925 150.070417
5.295000 9.953000 12.082942 38 1
0.000000 0.000000 0.000000 0.000000 0.053510
-0.000187 -0.000562
4
62.589636 268.425582
5.295000 9.953000 12.082942 35 1
0.000000 0.000000 0.000000 0.000000 0.077994
-0.001290 -0.000158
4
159.232056 146.512262
5.295000 9.953000 12.082942 45 1
0.000000 0.000000 0.000000 0.000000 0.063045
-0.000886 -0.000548
4
331.456398 411.285197
5.295000 9.953000 12.082942 62 1
0.000000 0.000000 0.000000 0.000000 0.038361
0.000792 0.001272
4
15.978092 300.384960
5.295000 9.953000 12.082942 39 1
0.000000 0.000000 0.000000 0.000000 0.108317
-0.001539 -0.000024
4
238.124747 176.306569
5.295000 9.953000 12.082942 48 1
0.000000 0.000000 0.000000 0.000000 0.054643
0.042954 0.002579
4
87.005527 95.464296
5.295000 9.953000 12.082942 52 1
0.000000 0.000000 0.000000 0.000000 0.144635
-0.002240 -0.001987
1
437.121227 415.178872
5.295000 9.953000 12.082942 20 2
0.065880 0.000000 0.000000 0.000000 0.127136
0.000647 0.001858
4
456.370081 266.993929
5.295000 9.953000 12.082942 51 1
0.000000 0.000000 0.000000 0.000000 0.057293
0.001764 -0.000058
4
278.552094 372.124558
5.295000 9.953000 12.082942 30 1
0.000000 0.000000 0.000000 0.000000 0.072497
0.000588 0.002195
4
202.079366 170.821396
5.295000 9.953000 12.082942 36 1
0.000000 0.000000 0.000000 0.000000 0.043500
0.006460 0.000078
4
220.626399 403.131563
5.295000 9.953000 12.082942 38 1
0.000000 0.000000 0.000000 0.000000 0.056625
-0.000289 0.001473
4
155.712958 382.424377
5.295000 9.953000 12.082942 42 1
0.000000 0.000000 0.000000 0.000000 0.059374
-0.000528 0.001650
4
236.701832 468.762609
5.295000 9.953000 12.082942 34 1
0.000000 0.000000 0.000000 0.000000 0.046622
-0.000421 0.001799
4
301.231571 70.937054
5.295000 9.953000 12.082942 59 1
0.000000 0.000000 0.000000 0.000000 0.045817
0.000145 -0.000458
4
240.364288 226.599892
5.295000 9.953000 12.082942 55 1
0.000000 0.000000 0.000000 0.000000 0.035642
-0.001223 0.000240
4
214.924497 304.002427
5.295000 9.953000 12.082942 64 1
0.000000 0.000000 0.000000 0.000000 0.047659
-0.000091 0.000695
4
451.121354 285.100945
5.295000 9.953000 12.082942 76 1
0.000000 0.000000 0.000000 0.000000 0.043332
0.001728 -0.000201
1
253.540051 213.097727
5.295000 9.953000 12.082942 19 2
0.065880 0.000000 0.000000 0.000000 0.020019
-0.002382 -0.000696
4
258.370312 47.319638
5.295000 9.953000 12.082942 61 1
0.000000 0.000000 0.000000 0.000000 0.047436
0.000165 -0.001508
4
213.958476 156.172107
5.295000 9.953000 12.082942 45 1
0.000000 0.000000 0.000000 0.000000 0.048257
0.002711 0.001067
4
273.239181 182.461525
5.295000 9.953000 12.082942 50 1
0.000000 0.000000 0.000000 0.000000 0.026565
0.092386 0.022266
4
184.379679 216.968532
5.295000 9.953000 12.082942 72 1
0.000000 0.000000 0.000000 0.000000 0.027285
0.000349 -0.000629
4
241.017612 340.244797
5.295000 9.953000 12.082942 70 1
0.000000 0.000000 0.000000 0.000000 0.041867
0.000844 0.001430
4
461.488871 248.966858
5.295000 9.953000 12.082942 53 1
0.000000 0.000000 0.000000 0.000000 0.065229
0.001958 -0.000143
4
203.137403 370.214242
5.295000 9.953000 12.082942 45 1
0.000000 0.000000 0.000000 0.000000 0.038268
-0.000132 0.001070
4
54.578536 116.415175
5.295000 9.953000 12.082942 44 1
0.000000 0.000000 0.000000 0.000000 0.194407
-0.002329 -0.000806
1
269.062017 265.979503
5.295000 9.953000 12.082942 24 2
0.065880 0.000000 0.000000 0.000000 0.023913
0.000020 -0.000472
4
105.105313 181.220058
5.295000 9.953000 12.082942 42 1
0.000000 0.000000 0.000000 0.000000 0.048311
-0.001273 -0.000698
4
117.603833 91.656332
5.295000 9.953000 12.082942 36 1
0.000000 0.000000 0.000000 0.000000 0.065153
-0.001635 0.000142
4
424.387229 379.734895
5.295000 9.953000 12.082942 46 1
0.000000 0.000000 0.000000 0.000000 0.106484
0.000528 0.001754
4
244.211602 143.786680
5.295000 9.953000 12.082942 71 1
0.000000 0.000000 0.000000 0.000000 0.034991
-0.003665 -0.004646
4
356.952718 336.358603
5.295000 9.953000 12.082942 45 1
0.000000 0.000000 0.000000 0.000000 0.077175
-0.001425 -0.002894
1
380.079983 454.722663
5.295000 9.953000 12.082942 26 2
0.065880 0.000000 0.000000 0.000000 0.113400
0.000420 0.001830
4
115.261615 332.912871
5.295000 9.953000 12.082942 68 1
0.000000 0.000000 0.000000 0.000000 0.049000
-0.001396 0.000024
4
444.071711 127.236387
5.295000 9.953000 12.082942 53 1
0.000000 0.000000 0.000000 0.000000 0.114325
0.000777 -0.001629
4
349.771233 415.127170
5.295000 9.953000 12.082942 41 1
0.000000 0.000000 0.000000 0.000000 0.041794
0.000729 0.001397
4
190.328513 185.243461
5.295000 9.953000 12.082942 59 1
0.000000 0.000000 0.000000 0.000000 0.030068
-0.000245 -0.000297
1
276.925123 49.957486
5.295000 9.953000 12.082942 39 2
0.065880 0.000000 0.000000 0.000000 0.042039
0.000182 -0.001222
4
265.862727 453.561440
5.295000 9.953000 12.082942 59 1
0.000000 0.000000 0.000000 0.000000 0.028331
-0.000458 0.002072
4
409.127395 111.530648
5.295000 9.953000 12.082942 41 1
0.000000 0.000000 0.000000 0.000000 0.060607
0.000572 -0.001495
4
319.005475 74.627048
5.295000 9.953000 12.082942 78 1
0.000000 0.000000 0.000000 0.000000 0.042451
0.000424 -0.000620
4
119.843010 133.388805
5.295000 9.953000 12.082942 37 1
0.000000 0.000000 0.000000 0.000000 0.031772
-0.002329 -0.000721
1
361.064591 126.352263
5.295000 9.953000 12.082942 30 2
0.065880 0.000000 0.000000 0.000000 0.030349
0.000672 -0.001171
4
125.225924 429.290326
5.295000 9.953000 12.082942 49 1
0.000000 0.000000 0.000000 0.000000 0.082781
-0.000646 0.002201
4
430.337940 240.127960
5.295000 9.953000 12.082942 79 1
0.000000 0.000000 0.000000 0.000000 0.037058
0.002112 -0.000295
1
333.292133 275.905025
5.295000 9.953000 12.082942 19 2
0.065880 0.000000 0.000000 0.000000 0.023003
0.001064 -0.000163
4
337.229563 429.227994
5.295000 9.953000 12.082942 37 1
0.000000 0.000000 0.000000 0.000000 0.037389
0.000888 0.001447
4
130.731611 45.753923
5.295000 9.953000 12.082942 56 1
0.000000 0.000000 0.000000 0.000000 0.167506
0.000667 -0.002537
4
227.467852 240.623249
5.295000 9.953000 12.082942 43 1
0.000000 0.000000 0.000000 0.000000 0.048875
-0.000663 0.000426
4
214.707458 254.879082
5.295000 9.953000 12.082942 42 1
0.000000 0.000000 0.000000 0.000000 0.057728
-0.000257 0.000443
1
391.520111 103.843001
5.295000 9.953000 12.082942 26 2
0.065880 0.000000 0.000000 0.000000 0.044665
0.000475 -0.001474
4
169.628097 97.091402
5.295000 9.953000 12.082942 51 1
0.000000 0.000000 0.000000 0.000000 0.035237
-0.001539 -0.000877
4
220.542038 272.289594
5.295000 9.953000 12.082942 31 1
0.000000 0.000000 0.000000 0.000000 0.062671
0.000050 0.000575
4
190.894038 53.499132
5.295000 9.953000 12.082942 55 1
0.000000 0.000000 0.000000 0.000000 0.047007
-0.000378 -0.001018
4
316.608560 160.843283
5.295000 9.953000 12.082942 39 1
0.000000 0.000000 0.000000 0.000000 0.035009
-0.002879 -0.000102
4
363.491693 144.755904
5.295000 9.953000 12.082942 36 1
0.000000 0.000000 0.000000 0.000000 0.039320
0.001163 -0.001146
4
493.322580 257.024864
5.295000 9.953000 12.082942 60 1
0.000000 0.000000 0.000000 0.000000 0.073936
0.000996 0.001726
4
282.558794 253.753353
5.295000 9.953000 12.082942 38 1
0.000000 0.000000 0.000000 0.000000 0.039160
-0.000775 -0.001393
4
437.988079 271.565962
5.295000 9.953000 12.082942 36 1
0.000000 0.000000 0.000000 0.000000 0.059757
0.001933 -0.000197
4
190.439042 234.400721
5.295000 9.953000 12.082942 57 1
0.000000 0.000000 0.000000 0.000000 0.033940
-0.000082 -0.000213
1
293.656640 136.887967
5.295000 9.953000 12.082942 21 2
0.065880 0.000000 0.000000 0.000000 0.019921
0.000073 -0.001401
4
123.625893 238.404564
5.295000 9.953000 12.082942 62 1
0.000000 0.000000 0.000000 0.000000 0.033859
-0.000315 -0.000203
4
195.825899 153.252412
5.295000 9.953000 12.082942 57 1
0.000000 0.000000 0.000000 0.000000 0.049454
-0.001691 -0.002503
4
308.740977 453.695935
5.295000 9.953000 12.082942 34 1
0.000000 0.000000 0.000000 0.000000 0.048582
0.001373 0.001613
4
219.313146 435.468766
5.295000 9.953000 12.082942 41 1
0.000000 0.000000 0.000000 0.000000 0.044109
-0.000507 0.001565
4
189.725993 135.808966
5.295000 9.953000 12.082942 36 1
0.000000 0.000000 0.000000 0.000000 0.061004
-0.000240 -0.000941
4
214.001932 24.390417
5.295000 9.953000 12.082942 43 1
0.000000 0.000000 0.000000 0.000000 0.082935
0.000016 -0.001455
4
358.555729 107.932517
5.295000 9.953000 12.082942 51 1
0.000000 0.000000 0.000000 0.000000 0.037526
0.000485 -0.001256
4
177.943146 248.788611
5.295000 9.953000 12.082942 41 1
0.000000 0.000000 0.000000 0.000000 0.045383
-0.000104 -0.000062
4
207.435693 483.900410
5.295000 9.953000 12.082942 37 1
0.000000 0.000000 0.000000 0.000000 0.085221
-0.000360 0.001558
4
153.481794 128.895674
5.295000 9.953000 12.082942 35 1
0.000000 0.000000 0.000000 0.000000 0.066131
-0.001301 -0.000281
4
140.642905 142.620210
5.295000 9.953000 12.082942 48 1
0.000000 0.000000 0.000000 0.000000 0.061929
-0.001030 -0.000050
4
185.273680 335.126383
5.295000 9.953000 12.082942 74 1
0.000000 0.000000 0.000000 0.000000 0.034528
0.000065 0.000782
4
136.294898 175.151716
5.295000 9.953000 12.082942 44 1
0.000000 0.000000 0.000000 0.000000 0.051212
-0.000692 -0.000085
4
55.981334 173.346246
5.295000 9.953000 12.082942 72 1
0.000000 0.000000 0.000000 0.000000 0.043765
-0.001733 -0.000391
4
198.813567 467.141197
5.295000 9.953000 12.082942 65 1
0.000000 0.000000 0.000000 0.000000 0.066985
-0.000490 0.001518
4
185.029648 369.057828
5.295000 9.953000 12.082942 81 1
0.000000 0.000000 0.000000 0.000000 0.031122
-0.000375 0.000951
4
282.427581 17.804051
5.295000 9.953000 12.082942 62 1
0.000000 0.000000 0.000000 0.000000 0.108284
0.000543 -0.001211
4
392.851023 440.663489
5.295000 9.953000 12.082942 46 1
0.000000 0.000000 0.000000 0.000000 0.143176
0.000445 0.001791
4
102.361992 380.889590
5.295000 9.953000 12.082942 39 1
0.000000 0.000000 0.000000 0.000000 0.064402
-0.001515 0.000168
4
261.527834 97.420187
5.295000 9.953000 12.082942 60 1
0.000000 0.000000 0.000000 0.000000 0.057317
-0.000225 -0.001012
4
82.767226 334.914491
5.295000 9.953000 12.082942 47 1
0.000000 0.000000 0.000000 0.000000 0.054810
-0.001394 0.000129
4
134.427213 82.517983
5.295000 9.953000 12.082942 51 1
0.000000 0.000000 0.000000 0.000000 0.048935
-0.001232 -0.000084
4
58.747027 230.361587
5.295000 9.953000 12.082942 75 1
0.000000 0.000000 0.000000 0.000000 0.051469
-0.001156 -0.000254
4
67.360942 345.100905
5.295000 9.953000 12.082942 75 1
0.000000 0.000000 0.000000 0.000000 0.061501
-0.001500 0.000164
4
106.378383 233.929492
5.295000 9.953000 12.082942 70 1
0.000000 0.000000 0.000000 0.000000 0.042556
-0.000538 -0.000362
4
146.962848 259.706874
5.295000 9.953000 12.082942 32 1
0.000000 0.000000 0.000000 0.000000 0.036896
-0.000107 -0.000101
4
380.915875 405.094172
5.295000 9.953000 12.082942 44 1
0.000000 0.000000 0.000000 0.000000 0.057384
0.000561 0.001437
4
49.992938 316.964683
5.295000 9.953000 12.082942 42 1
0.000000 0.000000 0.000000 0.000000 0.059304
-0.001571 0.000106
4
182.914246 401.216854
5.295000 9.953000 12.082942 72 1
0.000000 0.000000 0.000000 0.000000 0.027591
-0.000336 0.001248
4
269.238181 356.081920
5.295000 9.953000 12.082942 58 1
0.000000 0.000000 0.000000 0.000000 0.065468
0.000786 0.002097
1
303.044316 173.353054
5.295000 9.953000 12.082942 41 2
0.065880 0.000000 0.000000 0.000000 0.022988
0.006666 -0.014508
1
312.601214 142.469290
5.295000 9.953000 12.082942 20 2
0.065880 0.000000 0.000000 0.000000 0.022473
0.000723 -0.000215
4
103.524593 161.688561
5.295000 9.953000 12.082942 36 1
0.000000 0.000000 0.000000 0.000000 0.042105
-0.001271 -0.000652
4
286.089831 204.786738
5.295000 9.953000 12.082942 66 1
0.000000 0.000000 0.000000 0.000000 0.034669
-0.002966 0.000967
1
334.043872 84.668358
5.295000 9.953000 12.082942 30 2
0.065880 0.000000 0.000000 0.000000 0.020364
0.001764 -0.002296
4
189.791853 283.999725
5.295000 9.953000 12.082942 46 1
0.000000 0.000000 0.000000 0.000000 0.066980
-0.000079 0.000355
4
295.134117 405.313559
5.295000 9.953000 12.082942 70 1
0.000000 0.000000 0.000000 0.000000 0.045383
0.000401 0.002314
4
69.647383 87.556555
5.295000 9.953000 12.082942 38 1
0.000000 0.000000 0.000000 0.000000 0.421212
-0.001485 -0.001956
4
295.418168 240.719820
5.295000 9.953000 12.082942 50 1
0.000000 0.000000 0.000000 0.000000 0.040438
-0.000349 -0.001228
4
249.994890 161.336022
5.295000 9.953000 12.082942 43 1
0.000000 0.000000 0.000000 0.000000 0.042187
0.007918 0.012202
4
166.751201 332.114301
5.295000 9.953000 12.082942 65 1
0.000000 0.000000 0.000000 0.000000 0.031485
-0.000223 0.000875
4
135.706322 124.227469
5.295000 9.953000 12.082942 33 1
0.000000 0.000000 0.000000 0.000000 0.057018
-0.001838 -0.000156
4
337.199987 307.278141
5.295000 9.953000 12.082942 72 1
0.000000 0.000000 0.000000 0.000000 0.025988
-0.001049 -0.001870
4
420.513984 325.165998
5.295000 9.953000 12.082942 80 1
0.000000 0.000000 0.000000 0.000000 0.034676
0.002312 0.000168
4
100.921605 362.173580
5.295000 9.953000 12.082942 61 1
0.000000 0.000000 0.000000 0.000000 0.056960
-0.001340 0.000094
4
246.718090 62.226019
5.295000 9.953000 12.082942 49 1
0.000000 0.000000 0.000000 0.000000 0.052026
0.000089 -0.001542
4
381.162079 68.502544
5.295000 9.953000 12.082942 70 1
0.000000 0.000000 0.000000 0.000000 0.071059
0.000923 -0.002547
4
302.096099 106.693721
5.295000 9.953000 12.082942 60 1
0.000000 0.000000 0.000000 0.000000 0.025298
0.000752 0.000021
4
453.943065 333.256203
5.295000 9.953000 12.082942 62 1
0.000000 0.000000 0.000000 0.000000 0.047497
0.000870 0.002214
4
75.387066 238.753490
5.295000 9.953000 12.082942 43 1
0.000000 0.000000 0.000000 0.000000 0.053748
-0.001010 -0.000179
4
42.048751 221.936743
5.295000 9.953000 12.082942 32 1
0.000000 0.000000 0.000000 0.000000 0.045837
-0.001362 -0.000167
4
469.767361 280.007573
5.295000 9.953000 12.082942 50 1
0.000000 0.000000 0.000000 0.000000 0.055519
0.000746 0.001341
4
178.231888 199.487863
5.295000 9.953000 12.082942 59 1
0.000000 0.000000 0.000000 0.000000 0.018915
0.000544 -0.000797
4
297.730339 372.581455
5.295000 9.953000 12.082942 39 1
0.000000 0.000000 0.000000 0.000000 0.066473
0.000828 0.002175
4
70.940668 402.191832
5.295000 9.953000 12.082942 48 1
0.000000 0.000000 0.000000 0.000000 0.168988
-0.001480 0.000252
4
311.361149 327.258068
5.295000 9.953000 12.082942 32 1
0.000000 0.000000 0.000000 0.000000 0.053411
0.000172 0.000368
4
128.534618 256.113710
5.295000 9.953000 12.082942 61 1
0.000000 0.000000 0.000000 0.000000 0.020581
-0.000282 -0.000129
4
87.418348 114.775631
5.295000 9.953000 12.082942 40 1
0.000000 0.000000 0.000000 0.000000 0.087318
-0.002393 -0.001275
4
432.722021 289.498182
5.295000 9.953000 12.082942 64 1
0.000000 0.000000 0.000000 0.000000 0.056474
0.002142 -0.000003
4
356.757990 212.070951
5.295000 9.953000 12.082942 58 1
0.000000 0.000000 0.000000 0.000000 0.056004
-0.006334 -0.002173
4
174.468490 384.429632
5.295000 9.953000 12.082942 50 1
0.000000 0.000000 0.000000 0.000000 0.038854
-0.000403 0.001132
2
72.713994 421.249880
5.295000 9.953000 12.082942 74 1
0.065880 0.000000 0.000000 0.000000 0.199457
-0.001462 0.000250
4
53.978148 393.548878
5.295000 9.953000 12.082942 44 1
0.000000 0.000000 0.000000 0.000000 0.289573
-0.001510 0.000263
4
448.256186 184.834097
5.295000 9.953000 12.082942 37 1
0.000000 0.000000 0.000000 0.000000 0.071320
0.001186 -0.000823
1
275.495577 437.241605
5.295000 9.953000 12.082942 0 1
0.065880 0.000000 0.000000 0.000000 0.029122
0.000009 0.002429
1
248.159572 420.212463
5.295000 9.953000 12.082942 28 2
0.065880 0.000000 0.000000 0.000000 0.037791
-0.000258 0.001885
4
351.574822 90.715570
5.295000 9.953000 12.082942 63 1
0.000000 0.000000 0.000000 0.000000 0.032947
0.001432 -0.001741
4
66.833181 325.320799
5.295000 9.953000 12.082942 31 1
0.000000 0.000000 0.000000 0.000000 0.058094
-0.001529 0.000158
1
296.116293 89.015240
5.295000 9.953000 12.082942 0 1
0.065880 0.000000 0.000000 0.000000 0.034585
0.000317 -0.000083
4
72.565941 182.083341
5.295000 9.953000 12.082942 54 1
0.000000 0.000000 0.000000 0.000000 0.035569
-0.001553 -0.000509
4
35.919066 365.547826
5.295000 9.953000 12.082942 39 1
0.000000 0.000000 0.000000 0.000000 0.292420
-0.001575 0.000201
4
362.338993 59.723402
5.295000 9.953000 12.082942 66 1
0.000000 0.000000 0.000000 0.000000 0.057174
0.003401 -0.000661
4
219.971650 173.749745
5.295000 9.953000 12.082942 35 1
0.000000 0.000000 0.000000 0.000000 0.058289
-0.018346 -0.004425
4
320.526302 111.236995
5.295000 9.953000 12.082942 61 1
0.000000 0.000000 0.000000 0.000000 0.032613
0.001252 -0.000829
4
442.022940 108.388406
5.295000 9.953000 12.082942 64 1
0.000000 0.000000 0.000000 0.000000 0.190354
0.000584 -0.001701
4
292.471153 328.061253
5.295000 9.953000 12.082942 62 1
0.000000 0.000000 0.000000 0.000000 0.051536
-0.000032 0.000138
4
400.329436 177.595005
5.295000 9.953000 12.082942 70 1
0.000000 0.000000 0.000000 0.000000 0.029865
0.001476 -0.000937
4
196.694261 202.727734
5.295000 9.953000 12.082942 32 1
0.000000 0.000000 0.000000 0.000000 0.033016
0.000046 -0.000575
4
154.862931 415.866983
5.295000 9.953000 12.082942 45 1
0.000000 0.000000 0.000000 0.000000 0.050098
-0.000923 0.001332
1
439.807194 89.569028
5.295000 9.953000 12.082942 22 2
0.065880 0.000000 0.000000 0.000000 0.314539
0.000340 -0.001726
4
191.349329 101.564013
5.295000 9.953000 12.082942 48 1
0.000000 0.000000 0.000000 0.000000 0.035143
0.003190 0.000317
4
313.927417 491.253865
5.295000 9.953000 12.082942 42 1
0.000000 0.000000 0.000000 0.000000 0.120096
0.001076 0.001185
4
348.518574 156.091417
5.295000 9.953000 12.082942 49 1
0.000000 0.000000 0.000000 0.000000 0.048983
0.000128 -0.000249
4
234.397201 208.938980
5.295000 9.953000 12.082942 47 1
0.000000 0.000000 0.000000 0.000000 0.050861
-0.002443 0.000278
4
326.660795 43.206069
5.295000 9.953000 12.082942 55 1
0.000000 0.000000 0.000000 0.000000 0.056962
-0.000297 -0.001167
4
441.223849 203.007771
5.295000 9.953000 12.082942 62 1
0.000000 0.000000 0.000000 0.000000 0.063496
0.001865 -0.000377
4
201.800650 402.336622
5.295000 9.953000 12.082942 34 1
0.000000 0.000000 0.000000 0.000000 0.041825
-0.000365 0.001294
4
337.153124 186.330150
5.295000 9.953000 12.082942 47 1
0.000000 0.000000 0.000000 0.000000 0.043174
0.008474 -0.004699
4
132.937075 340.360035
5.295000 9.953000 12.082942 54 1
0.000000 0.000000 0.000000 0.000000 0.043988
-0.001875 0.000560
4
448.364438 235.441455
5.295000 9.953000 12.082942 67 1
0.000000 0.000000 0.000000 0.000000 0.057252
0.002246 -0.000390
4
330.198613 361.393769
5.295000 9.953000 12.082942 46 1
0.000000 0.000000 0.000000 0.000000 0.056837
0.000387 0.000964
4
329.992392 325.611966
5.295000 9.953000 12.082942 71 1
0.000000 0.000000 0.000000 0.000000 0.050835
0.000184 0.000448
4
402.110716 327.111893
5.295000 9.953000 12.082942 0 1
0.000000 0.000000 0.000000 0.000000 0.048990
0.001827 0.000657
4
427.026161 307.384601
5.295000 9.953000 12.082942 0 1
0.000000 0.000000 0.000000 0.000000 0.053006
0.002381 0.000079
4
230.981701 108.990005
5.295000 9.953000 12.082942 0 1
0.000000 0.000000 0.000000 0.000000 0.040323
-0.000324 -0.001457
4
307.059357 191.993559
5.295000 9.953000 12.082942 45 1
0.000000 0.000000 0.000000 0.000000 0.039958
0.078252 0.028485
4
374.921132 302.334239
5.295000 9.953000 12.082942 50 1
0.000000 0.000000 0.000000 0.000000 0.052314
0.001217 0.000507
4
453.749728 217.194195
5.295000 9.953000 12.082942 0 1
0.000000 0.000000 0.000000 0.000000 0.060017
0.002141 -0.000478
4
435.674049 221.714907
5.295000 9.953000 12.082942 0 1
0.000000 0.000000 0.000000 0.000000 0.058368
0.002113 -0.000306
4
141.741210 463.742990
5.295000 9.953000 12.082942 0 1
0.000000 0.000000 0.000000 0.000000 0.197824
-0.000336 0.001861
4
95.968985 265.058390
5.295000 9.953000 12.082942 0 1
0.000000 0.000000 0.000000 0.000000 0.052625
-0.000702 0.000111
4
278.319849 339.833744
5.295000 9.953000 12.082942 0 1
0.000000 0.000000 0.000000 0.000000 0.059630
0.001394 0.002333
4
418.060106 361.670791
5.295000 9.953000 12.082942 0 1
0.000000 0.000000 0.000000 0.000000 0.103003
0.000647 0.001440
1
393.852836 248.993404
5.295000 9.953000 12.082942 19 2
0.065880 0.000000 0.000000 0.000000 0.023393
0.002016 0.000117
4
158.799357 295.483606
5.295000 9.953000 12.082942 43 1
0.000000 0.000000 0.000000 0.000000 0.050351
-0.000178 0.000420
4
226.030648 141.253569
5.295000 9.953000 12.082942 82 1
0.000000 0.000000 0.000000 0.000000 0.034291
0.001669 0.000258
4
289.838661 295.854737
5.295000 9.953000 12.082942 48 1
0.000000 0.000000 0.000000 0.000000 0.037881
0.000631 -0.000237
4
38.757684 145.434692
5.295000 9.953000 12.082942 54 1
0.000000 0.000000 0.000000 0.000000 0.186534
-0.001935 -0.000283
4
65.647600 306.239823
5.295000 9.953000 12.082942 72 1
0.000000 0.000000 0.000000 0.000000 0.051397
-0.001551 0.000076
4
43.563827 241.162808
5.295000 9.953000 12.082942 30 1
0.000000 0.000000 0.000000 0.000000 0.058401
-0.001254 -0.000194
1
408.561114 310.396828
5.295000 9.953000 12.082942 19 2
0.065880 0.000000 0.000000 0.000000 0.036603
0.002185 0.000202
4
342.162738 223.430237
5.295000 9.953000 12.082942 54 1
0.000000 0.000000 0.000000 0.000000 0.049702
0.001209 -0.004861
4
263.598624 487.178177
5.295000 9.953000 12.082942 41 1
0.000000 0.000000 0.000000 0.000000 0.051364
0.000496 0.001205
4
276.769038 404.664367
5.295000 9.953000 12.082942 45 1
0.000000 0.000000 0.000000 0.000000 0.060039
0.000151 0.002172
4
351.550069 273.043919
5.295000 9.953000 12.082942 44 1
0.000000 0.000000 0.000000 0.000000 0.045740
0.001502 0.000056
4
162.928577 432.694448
5.295000 9.953000 12.082942 75 1
0.000000 0.000000 0.000000 0.000000 0.041309
-0.000716 0.001378
4
354.013790 193.382695
5.295000 9.953000 12.082942 45 1
0.000000 0.000000 0.000000 0.000000 0.054510
-0.002506 0.000604
4
81.127013 295.313092
5.295000 9.953000 12.082942 81 1
0.000000 0.000000 0.000000 0.000000 0.035951
-0.001506 0.000063
4
171.314695 280.974992
5.295000 9.953000 12.082942 27 1
0.000000 0.000000 0.000000 0.000000 0.063409
-0.000143 0.000250
4
285.549649 168.565769
5.295000 9.953000 12.082942 71 1
0.000000 0.000000 0.000000 0.000000 0.026314
0.000740 0.015582
4
181.656417 433.713635
5.295000 9.953000 12.082942 42 1
0.000000 0.000000 0.000000 0.000000 0.047739
-0.000657 0.001358
4
247.578498 195.479476
5.295000 9.953000 12.082942 72 1
0.000000 0.000000 0.000000 0.000000 0.042249
-0.003757 -0.005001
4
182.568356 36.576757
5.295000 9.953000 12.082942 54 1
0.000000 0.000000 0.000000 0.000000 0.083928
0.000243 -0.001374
4
393.533029 391.065537
5.295000 9.953000 12.082942 42 1
0.000000 0.000000 0.000000 0.000000 0.067729
0.000559 0.001525
4
348.187094 321.266806
5.295000 9.953000 12.082942 39 1
0.000000 0.000000 0.000000 0.000000 0.059439
0.003107 0.004383
4
321.569204 261.417841
5.295000 9.953000 12.082942 80 1
0.000000 0.000000 0.000000 0.000000 0.025383
0.001353 -0.000201
4
226.737669 289.532539
5.295000 9.953000 12.082942 32 1
0.000000 0.000000 0.000000 0.000000 0.063315
0.000168 0.000678
4
424.906930 258.061776
5.295000 9.953000 12.082942 45 1
0.000000 0.000000 0.000000 0.000000 0.044097
0.002023 -0.000150
4
39.415927 164.572052
5.295000 9.953000 12.082942 55 1
0.000000 0.000000 0.000000 0.000000 0.075107
-0.001845 -0.000265
4
85.335454 372.663211
5.295000 9.953000 12.082942 41 1
0.000000 0.000000 0.000000 0.000000 0.077264
-0.001472 0.000168
4
34.255697 327.550401
5.295000 9.953000 12.082942 53 1
0.000000 0.000000 0.000000 0.000000 0.101854
-0.001600 0.000108
4
378.763286 49.987421
5.295000 9.953000 12.082942 80 1
0.000000 0.000000 0.000000 0.000000 0.071645
0.001699 -0.002809
4
430.769825 156.700821
5.295000 9.953000 12.082942 39 1
0.000000 0.000000 0.000000 0.000000 0.058878
0.001099 -0.001335
4
337.185022 379.241172
5.295000 9.953000 12.082942 55 1
0.000000 0.000000 0.000000 0.000000 0.038752
0.000394 0.001115
4
287.224457 388.515324
5.295000 9.953000 12.082942 48 1
0.000000 0.000000 0.000000 0.000000 0.065558
0.000419 0.002260
4
412.005326 244.674069
5.295000 9.953000 12.082942 47 1
0.000000 0.000000 0.000000 0.000000 0.040773
0.002043 -0.000058
4
386.326725 316.967569
5.295000 9.953000 12.082942 65 1
0.000000 0.000000 0.000000 0.000000 0.054905
0.001361 0.000799
4
87.595986 152.800066
5.295000 9.953000 12.082942 70 1
0.000000 0.000000 0.000000 0.000000 0.040468
-0.001758 -0.000581
4
70.761666 106.235240
5.295000 9.953000 12.082942 43 1
0.000000 0.000000 0.000000 0.000000 0.139517
-0.002326 -0.001357
4
311.284713 472.652065
5.295000 9.953000 12.082942 47 1
0.000000 0.000000 0.000000 0.000000 0.081826
0.001261 0.001207
4
472.506693 329.542224
5.295000 9.953000 12.082942 59 1
0.000000 0.000000 0.000000 0.000000 0.045544
0.000821 0.001809
4
402.991741 195.665441
5.295000 9.953000 12.082942 61 1
0.000000 0.000000 0.000000 0.000000 0.034926
0.001708 -0.000752
4
40.800890 202.708177
5.295000 9.953000 12.082942 31 1
0.000000 0.000000 0.000000 0.000000 0.046500
-0.001571 -0.000180
4
417.686778 226.813270
5.295000 9.953000 12.082942 63 1
0.000000 0.000000 0.000000 0.000000 0.044145
0.001871 -0.000400
4
208.970842 237.439266
5.295000 9.953000 12.082942 41 1
0.000000 0.000000 0.000000 0.000000 0.031354
-0.000505 0.000185
4
357.710933 255.403740
5.295000 9.953000 12.082942 55 1
0.000000 0.000000 0.000000 0.000000 0.057830
0.001225 -0.000336
4
202.157414 269.363110
5.295000 9.953000 12.082942 31 1
0.000000 0.000000 0.000000 0.000000 0.066598
-0.000067 0.000369
4
430.752105 397.454236
5.295000 9.953000 12.082942 74 1
0.000000 0.000000 0.000000 0.000000 0.103708
0.000522 0.001885
4
289.284726 186.488292
5.295000 9.953000 12.082942 43 1
0.000000 0.000000 0.000000 0.000000 0.028505
-0.093637 -0.029678
1
324.256133 442.778575
5.295000 9.953000 12.082942 20 2
0.065880 0.000000 0.000000 0.000000 0.024802
0.000912 0.001422
4
178.267053 66.749663
5.295000 9.953000 12.082942 33 1
0.000000 0.000000 0.000000 0.000000 0.032830
-0.000049 -0.000247
4
103.418899 399.488920
5.295000 9.953000 12.082942 33 1
0.000000 0.000000 0.000000 0.000000 0.066537
-0.001322 0.000258
4
275.089436 132.661836
5.295000 9.953000 12.082942 76 1
0.000000 0.000000 0.000000 0.000000 0.029186
0.000147 -0.000050
4
356.369382 304.892764
5.295000 9.953000 12.082942 50 1
0.000000 0.000000 0.000000 0.000000 0.053872
0.001593 -0.000256
1
202.975167 220.081305
5.295000 9.953000 12.082942 39 2
0.065880 0.000000 0.000000 0.000000 0.022305
-0.000132 -0.000357
4
89.289124 190.758704
5.295000 9.953000 12.082942 41 1
0.000000 0.000000 0.000000 0.000000 0.047148
-0.001366 -0.000464
4
307.613106 124.558658
5.295000 9.953000 12.082942 55 1
0.000000 0.000000 0.000000 0.000000 0.031463
0.001441 -0.000309
4
321.921067 343.313932
5.295000 9.953000 12.082942 34 1
0.000000 0.000000 0.000000 0.000000 0.075573
-0.000197 0.000449
4
369.770582 270.227140
5.295000 9.953000 12.082942 72 1
0.000000 0.000000 0.000000 0.000000 0.038881
0.001634 0.000078
4
40.030430 183.682734
5.295000 9.953000 12.082942 47 1
0.000000 0.000000 0.000000 0.000000 0.051725
-0.001778 -0.000239
4
73.492680 200.869022
5.295000 9.953000 12.082942 33 1
0.000000 0.000000 0.000000 0.000000 0.048225
-0.001617 -0.000516
4
26.666971 232.733363
5.295000 9.953000 12.082942 72 1
0.000000 0.000000 0.000000 0.000000 0.045087
-0.001374 -0.000087
4
217.753940 467.965800
5.295000 9.953000 12.082942 66 1
0.000000 0.000000 0.000000 0.000000 0.041792
-0.000457 0.001626
4
455.032778 367.968297
5.295000 9.953000 12.082942 44 1
0.000000 0.000000 0.000000 0.000000 0.138140
0.000667 0.002435
4
171.942930 231.208938
5.295000 9.953000 12.082942 36 1
0.000000 0.000000 0.000000 0.000000 0.035602
0.000110 -0.000323
4
449.401883 400.693553
5.295000 9.953000 12.082942 63 1
0.000000 0.000000 0.000000 0.000000 0.185184
0.000608 0.001850
4
368.451138 181.688028
5.295000 9.953000 12.082942 59 1
0.000000 0.000000 0.000000 0.000000 0.051835
0.002588 -0.000903
4
268.301169 323.794128
5.295000 9.953000 12.082942 47 1
0.000000 0.000000 0.000000 0.000000 0.048144
0.001829 0.002369
4
271.296914 297.469508
5.295000 9.953000 12.082942 60 1
0.000000 0.000000 0.000000 0.000000 0.028926
0.000195 -0.000378
4
209.361318 56.759642
5.295000 9.953000 12.082942 81 1
0.000000 0.000000 0.000000 0.000000 0.041072
-0.000197 -0.001380
4
119.674259 388.857494
5.295000 9.953000 12.082942 33 1
0.000000 0.000000 0.000000 0.000000 0.069777
-0.001687 0.000247
4
154.372200 63.670231
5.295000 9.953000 12.082942 31 1
0.000000 0.000000 0.000000 0.000000 0.036779
-0.000564 -0.001830
4
119.478081 169.691155
5.295000 9.953000 12.082942 38 1
0.000000 0.000000 0.000000 0.000000 0.049081
-0.001076 -0.000415
1
149.923157 45.439116
5.295000 9.953000 12.082942 21 2
0.065880 0.000000 0.000000 0.000000 0.088588
-0.000103 -0.002310
4
251.266081 262.015031
5.295000 9.953000 12.082942 48 1
0.000000 0.000000 0.000000 0.000000 0.029677
-0.000145 0.000006
4
80.149109 276.362792
5.295000 9.953000 12.082942 43 1
0.000000 0.000000 0.000000 0.000000 0.063298
-0.001413 -0.000078
1
283.370044 67.458575
5.295000 9.953000 12.082942 21 2
0.065880 0.000000 0.000000 0.000000 0.034552
0.000073 -0.001030
4
231.168882 355.539595
5.295000 9.953000 12.082942 34 1
0.000000 0.000000 0.000000 0.000000 0.047704
0.000428 0.001313
4
119.890013 114.276095
5.295000 9.953000 12.082942 58 1
0.000000 0.000000 0.000000 0.000000 0.049177
-0.002160 -0.000547
4
443.239585 253.587195
5.295000 9.953000 12.082942 68 1
0.000000 0.000000 0.000000 0.000000 0.046564
0.002004 -0.000302
4
262.498526 146.828819
5.295000 9.953000 12.082942 32 1
0.000000 0.000000 0.000000 0.000000 0.033424
0.003479 0.003970
4
188.497995 483.014783
5.295000 9.953000 12.082942 60 1
0.000000 0.000000 0.000000 0.000000 0.111142
-0.000396 0.001536
4
103.970756 143.052014
5.295000 9.953000 12.082942 43 1
0.000000 0.000000 0.000000 0.000000 0.037398
-0.002330 -0.000848
4
288.244916 355.956991
5.295000 9.953000 12.082942 36 1
0.000000 0.000000 0.000000 0.000000 0.075540
0.001042 0.002317
4
177.571295 298.664343
5.295000 9.953000 12.082942 36 1
0.000000 0.000000 0.000000 0.000000 0.061591
-0.000133 0.000423
4
285.579430 421.356515
5.295000 9.953000 12.082942 32 1
0.000000 0.000000 0.000000 0.000000 0.043378
-0.000241 0.002161
4
445.551366 303.358710
5.295000 9.953000 12.082942 77 1
0.000000 0.000000 0.000000 0.000000 0.031971
0.002686 -0.000300
4
485.796106 178.938098
5.295000 9.953000 12.082942 64 1
0.000000 0.000000 0.000000 0.000000 0.142340
0.000946 -0.001744
4
255.068132 178.718243
5.295000 9.953000 12.082942 70 1
0.000000 0.000000 0.000000 0.000000 0.034219
-0.070333 -0.012350
4
201.503459 121.212905
5.295000 9.953000 12.082942 51 1
0.000000 0.000000 0.000000 0.000000 0.050552
-0.000588 -0.001658
4
313.805206 56.780987
5.295000 9.953000 12.082942 63 1
0.000000 0.000000 0.000000 0.000000 0.053439
0.000202 -0.000606
4
116.004994 454.143856
5.295000 9.953000 12.082942 45 1
0.000000 0.000000 0.000000 0.000000 0.305244
-0.001319 0.000108
4
305.246310 210.073642
5.295000 9.953000 12.082942 62 1
0.000000 0.000000 0.000000 0.000000 0.037409
-0.001665 -0.007062
4
478.955916 196.376540
5.295000 9.953000 12.082942 58 1
0.000000 0.000000 0.000000 0.000000 0.088511
0.001590 -0.001290
4
343.616784 397.148968
5.295000 9.953000 12.082942 39 1
0.000000 0.000000 0.000000 0.000000 0.038107
0.000671 0.001130
4
210.594143 418.881678
5.295000 9.953000 12.082942 43 1
0.000000 0.000000 0.000000 0.000000 0.050158
-0.000479 0.001443
4
192.924125 352.455071
5.295000 9.953000 12.082942 34 1
0.000000 0.000000 0.000000 0.000000 0.039298
0.000106 0.000926
4
165.587720 164.127414
5.295000 9.953000 12.082942 44 1
0.000000 0.000000 0.000000 0.000000 0.049618
0.000080 -0.000507
4
493.363028 230.313108
5.295000 9.953000 12.082942 59 1
0.000000 0.000000 0.000000 0.000000 0.083236
-0.001114 -0.001165
4
115.629357 218.092603
5.295000 9.953000 12.082942 51 1
0.000000 0.000000 0.000000 0.000000 0.054185
-0.002131 -0.001662
4
88.043788 410.417918
5.295000 9.953000 12.082942 49 1
0.000000 0.000000 0.000000 0.000000 0.119113
-0.001431 0.000220
1
307.943165 38.899052
5.295000 9.953000 12.082942 47 2
0.065880 0.000000 0.000000 0.000000 0.054597
-0.000001 -0.000662
4
300.646372 311.613411
5.295000 9.953000 12.082942 61 1
0.000000 0.000000 0.000000 0.000000 0.044084
0.000222 -0.000088
4
424.520678 100.631259
5.295000 9.953000 12.082942 38 1
0.000000 0.000000 0.000000 0.000000 0.135748
0.000452 -0.001601
4
447.924957 165.251824
5.295000 9.953000 12.082942 44 1
0.000000 0.000000 0.000000 0.000000 0.073634
0.001110 -0.001378
4
345.987132 137.860727
5.295000 9.953000 12.082942 57 1
0.000000 0.000000 0.000000 0.000000 0.043679
0.000688 -0.001227
4
479.968788 243.815901
5.295000 9.953000 12.082942 53 1
0.000000 0.000000 0.000000 0.000000 0.069418
0.001462 0.001107
4
293.999419 465.526017
5.295000 9.953000 12.082942 49 1
0.000000 0.000000 0.000000 0.000000 0.051403
0.001001 0.001060
4
411.315765 130.107101
5.295000 9.953000 12.082942 54 1
0.000000 0.000000 0.000000 0.000000 0.062072
0.000794 -0.001414
4
11.175189 243.516298
5.295000 9.953000 12.082942 40 1
0.000000 0.000000 0.000000 0.000000 0.058490
-0.001371 -0.000016
4
33.045897 308.626368
5.295000 9.953000 12.082942 70 1
0.000000 0.000000 0.000000 0.000000 0.072697
-0.001569 0.000043
4
149.410873 364.804305
5.295000 9.953000 12.082942 41 1
0.000000 0.000000 0.000000 0.000000 0.059756
-0.000930 0.001473
4
86.532070 391.473175
5.295000 9.953000 12.082942 74 1
0.000000 0.000000 0.000000 0.000000 0.090572
-0.001445 0.000240
4
165.907574 213.663248
5.295000 9.953000 12.082942 40 1
0.000000 0.000000 0.000000 0.000000 0.029110
0.000229 -0.000463
4
172.091120 181.887727
5.295000 9.953000 12.082942 80 1
0.000000 0.000000 0.000000 0.000000 0.021277
0.000299 -0.000816
4
393.765351 122.383209
5.295000 9.953000 12.082942 46 1
0.000000 0.000000 0.000000 0.000000 0.050282
0.000701 -0.001343
4
245.882563 244.293928
5.295000 9.953000 12.082942 69 1
0.000000 0.000000 0.000000 0.000000 0.031165
-0.000668 0.000023
4
134.864293 223.811345
5.295000 9.953000 12.082942 44 1
0.000000 0.000000 0.000000 0.000000 0.041247
0.000354 0.000018
4
183.642001 118.314214
5.295000 9.953000 12.082942 38 1
0.000000 0.000000 0.000000 0.000000 0.049737
-0.001498 -0.001582
4
159.607016 245.471038
5.295000 9.953000 12.082942 51 1
0.000000 0.000000 0.000000 0.000000 0.033824
-0.000032 -0.000164
4
226.294503 484.708595
5.295000 9.953000 12.082942 33 1
0.000000 0.000000 0.000000 0.000000 0.074103
-0.000231 0.001678
4
368.882514 370.175131
5.295000 9.953000 12.082942 56 1
0.000000 0.000000 0.000000 0.000000 0.046167
0.000692 -0.000049
4
396.307751 57.335494
5.295000 9.953000 12.082942 68 1
0.000000 0.000000 0.000000 0.000000 0.204328
0.001341 -0.002178
4
89.882203 227.584234
5.295000 9.953000 12.082942 44 1
0.000000 0.000000 0.000000 0.000000 0.061475
-0.000895 -0.000140
4
28.200354 251.864712
5.295000 9.953000 12.082942 39 1
0.000000 0.000000 0.000000 0.000000 0.063456
-0.001313 -0.000116
4
367.435645 320.308983
5.295000 9.953000 12.082942 38 1
0.000000 0.000000 0.000000 0.000000 0.075713
0.000819 0.000914
4
35.254181 346.512087
5.295000 9.953000 12.082942 61 1
0.000000 0.000000 0.000000 0.000000 0.159491
-0.001615 0.000162
1
120.410940 286.716144
5.295000 9.953000 12.082942 24 2
0.065880 0.000000 0.000000 0.000000 0.019702
0.000287 -0.000138
4
54.911148 135.293175
5.295000 9.953000 12.082942 74 1
0.000000 0.000000 0.000000 0.000000 0.081411
-0.002027 -0.000568
4
315.077426 278.126430
5.295000 9.953000 12.082942 31 1
0.000000 0.000000 0.000000 0.000000 0.033651
0.001030 -0.000897
4
412.153837 394.395160
5.295000 9.953000 12.082942 44 1
0.000000 0.000000 0.000000 0.000000 0.088283
0.000558 0.001755
1
183.857417 167.609333
5.295000 9.953000 12.082942 24 2
0.065880 0.000000 0.000000 0.000000 0.031729
-0.001904 -0.001291
4
279.006162 280.938605
5.295000 9.953000 12.082942 50 1
0.000000 0.000000 0.000000 0.000000 0.024478
0.000389 -0.000501
4
141.441161 241.916599
5.295000 9.953000 12.082942 45 1
0.000000 0.000000 0.000000 0.000000 0.034073
-0.000120 -0.000184
4
266.936164 199.953876
5.295000 9.953000 12.082942 47 1
0.000000 0.000000 0.000000 0.000000 0.023789
-0.003050 0.000412
4
227.369330 191.538095
5.295000 9.953000 12.082942 39 1
0.000000 0.000000 0.000000 0.000000 0.059193
-0.000986 0.003823
1
318.613692 376.197830
5.295000 9.953000 12.082942 24 2
0.065880 0.000000 0.000000 0.000000 0.040197
0.000132 0.001138
4
250.263681 356.057166
5.295000 9.953000 12.082942 38 1
0.000000 0.000000 0.000000 0.000000 0.059331
0.000552 0.001708
4
136.762661 414.165808
5.295000 9.953000 12.082942 52 1
0.000000 0.000000 0.000000 0.000000 0.069623
-0.001211 0.001475
4
405.165810 213.749687
5.295000 9.953000 12.082942 62 1
0.000000 0.000000 0.000000 0.000000 0.041373
0.001939 -0.000260
1
114.846157 269.448640
5.295000 9.953000 12.082942 25 2
0.065880 0.000000 0.000000 0.000000 0.019624
-0.000306 -0.000137
4
398.192204 159.284049
5.295000 9.953000 12.082942 36 1
0.000000 0.000000 0.000000 0.000000 0.044280
0.001163 -0.001070
4
105.032949 418.460672
5.295000 9.953000 12.082942 32 1
0.000000 0.000000 0.000000 0.000000 0.083515
-0.001344 0.000146
4
107.830929 200.343305
5.295000 9.953000 12.082942 39 1
0.000000 0.000000 0.000000 0.000000 0.058101
-0.002503 -0.001107
4
77.876859 257.672943
5.295000 9.953000 12.082942 54 1
0.000000 0.000000 0.000000 0.000000 0.066300
-0.001042 -0.000165
4
228.036407 452.096326
5.295000 9.953000 12.082942 53 1
0.000000 0.000000 0.000000 0.000000 0.036411
-0.000510 0.001680
1
374.205491 436.815884
5.295000 9.953000 12.082942 25 2
0.065880 0.000000 0.000000 0.000000 0.034053
0.000546 0.001712
4
133.346674 101.026893
5.295000 9.953000 12.082942 31 1
0.000000 0.000000 0.000000 0.000000 0.058262
-0.001487 0.000101
4
233.050412 258.146360
5.295000 9.953000 12.082942 72 1
0.000000 0.000000 0.000000 0.000000 0.039712
-0.000203 0.000515
4
193.157899 385.805069
5.295000 9.953000 12.082942 31 1
0.000000 0.000000 0.000000 0.000000 0.032774
-0.000320 0.001107
4
154.546559 346.403713
5.295000 9.953000 12.082942 35 1
0.000000 0.000000 0.000000 0.000000 0.037181
0.000075 0.001293
4
334.082080 167.409781
5.295000 9.953000 12.082942 80 1
0.000000 0.000000 0.000000 0.000000 0.036951
0.005550 -0.002822
4
161.287376 314.252312
5.295000 9.953000 12.082942 47 1
0.000000 0.000000 0.000000 0.000000 0.048956
-0.000435 0.000810
1
122.752255 188.308324
5.295000 9.953000 12.082942 26 2
0.065880 0.000000 0.000000 0.000000 0.036916
-0.001057 0.000018
4
130.329708 321.869896
5.295000 9.953000 12.082942 32 1
0.000000 0.000000 0.000000 0.000000 0.044221
-0.000915 0.000444
4
389.615186 85.279443
5.295000 9.953000 12.082942 47 1
0.000000 0.000000 0.000000 0.000000 0.054524
0.000133 -0.001687
4
195.030365 21.883703
5.295000 9.953000 12.082942 40 1
0.000000 0.000000 0.000000 0.000000 0.089756
0.000166 -0.001605
4
14.390800 281.551131
5.295000 9.953000 12.082942 72 1
0.000000 0.000000 0.000000 0.000000 0.057247
-0.001439 -0.000072
4
147.166332 160.425928
5.295000 9.953000 12.082942 49 1
0.000000 0.000000 0.000000 0.000000 0.055789
-0.000620 -0.000131
4
412.433555 343.115484
5.295000 9.953000 12.082942 50 1
0.000000 0.000000 0.000000 0.000000 0.077427
0.002151 0.000378
1
232.762231 27.108654
5.295000 9.953000 12.082942 26 2
0.065880 0.000000 0.000000 0.000000 0.046281
0.000120 -0.001543
4
208.744752 188.425064
5.295000 9.953000 12.082942 32 1
0.000000 0.000000 0.000000 0.000000 0.045448
0.002057 -0.003301
4
361.479612 450.920773
5.295000 9.953000 12.082942 46 1
0.000000 0.000000 0.000000 0.000000 0.103910
0.000507 0.001703
4
373.821146 96.073280
5.295000 9.953000 12.082942 54 1
0.000000 0.000000 0.000000 0.000000 0.041423
0.000484 -0.001146
4
351.277280 174.636595
5.295000 9.953000 12.082942 48 1
0.000000 0.000000 0.000000 0.000000 0.049068
-0.001333 0.000021
4
52.673452 374.513895
5.295000 9.953000 12.082942 45 1
0.000000 0.000000 0.000000 0.000000 0.174618
-0.001546 0.000233
4
399.709547 359.388745
5.295000 9.953000 12.082942 54 1
0.000000 0.000000 0.000000 0.000000 0.066155
0.000825 0.001556
4
272.482884 217.693924
5.295000 9.953000 12.082942 38 1
0.000000 0.000000 0.000000 0.000000 0.029187
-0.001774 -0.001666
5
140.009753 30.495516
4.750685 8.929853 10.840841 69 1
0.065880 0.000000 0.000000 0.000000 0.262823
0.000932 -0.003591
4
272.820618 82.714093
5.295000 9.953000 12.082942 46 1
0.000000 0.000000 0.000000 0.000000 0.060875
-0.000191 -0.001150
4
340.940246 346.191233
5.295000 9.953000 12.082942 47 1
0.000000 0.000000 0.000000 0.000000 0.075367
-0.000190 0.000072
4
196.651685 320.137489
5.295000 9.953000 12.082942 34 1
0.000000 0.000000 0.000000 0.000000 0.043587
0.000258 0.000743
4
466.428482 231.072354
5.295000 9.953000 12.082942 54 1
0.000000 0.000000 0.000000 0.000000 0.064840
0.002447 -0.000387
1
244.527581 12.251896
5.295000 9.953000 12.082942 46 2
0.065880 0.000000 0.000000 0.000000 0.045057
0.000279 -0.001555
4
311.497856 359.344676
5.295000 9.953000 12.082942 34 1
0.000000 0.000000 0.000000 0.000000 0.077815
0.000097 0.000867
4
413.458518 148.670648
5.295000 9.953000 12.082942 71 1
0.000000 0.000000 0.000000 0.000000 0.048347
0.000969 -0.001332
4
208.268519 286.769093
5.295000 9.953000 12.082942 29 1
0.000000 0.000000 0.000000 0.000000 0.067272
0.000013 0.000532
4
446.061803 146.113962
5.295000 9.953000 12.082942 65 1
0.000000 0.000000 0.000000 0.000000 0.086571
0.000975 -0.001535
4
277.484981 235.576737
5.295000 9.953000 12.082942 55 1
0.000000 0.000000 0.000000 0.000000 0.026818
-0.000952 -0.001171
4
266.848116 420.693550
5.295000 9.953000 12.082942 32 1
0.000000 0.000000 0.000000 0.000000 0.038828
-0.000155 0.002208
4
99.508762 343.373435
5.295000 9.953000 12.082942 38 1
0.000000 0.000000 0.000000 0.000000 0.053897
-0.001287 0.000131
1
103.731476 123.946649
5.295000 9.953000 12.082942 29 2
0.065880 0.000000 0.000000 0.000000 0.031638
-0.002407 -0.000930
4
230.592481 387.343037
5.295000 9.953000 12.082942 34 1
0.000000 0.000000 0.000000 0.000000 0.054014
-0.000077 0.001535
4
117.936620 370.342991
5.295000 9.953000 12.082942 37 1
0.000000 0.000000 0.000000 0.000000 0.063936
-0.001419 0.000157
4
152.943355 277.344509
5.295000 9.953000 12.082942 55 1
0.000000 0.000000 0.000000 0.000000 0.047700
-0.000183 0.000187
4
207.860410 138.645949
5.295000 9.953000 12.082942 49 1
0.000000 0.000000 0.000000 0.000000 0.056840
-0.001975 -0.002726
4
330.699666 148.522237
5.295000 9.953000 12.082942 42 1
0.000000 0.000000 0.000000 0.000000 0.046018
0.001477 -0.000989
1
355.590221 433.102205
5.295000 9.953000 12.082942 30 2
0.065880 0.000000 0.000000 0.000000 0.028123
0.000682 0.001598
4
280.730306 495.181113
5.295000 9.953000 12.082942 40 1
0.000000 0.000000 0.000000 0.000000 0.070219
0.000798 0.001110
4
239.415476 403.710695
5.295000 9.953000 12.082942 32 1
0.000000 0.000000 0.000000 0.000000 0.059531
-0.000160 0.001726
1
378.554338 133.417661
5.295000 9.953000 12.082942 30 2
0.065880 0.000000 0.000000 0.000000 0.025167
0.000786 -0.001141
4
376.183204 114.838282
5.295000 9.953000 12.082942 44 1
0.000000 0.000000 0.000000 0.000000 0.045272
0.000597 -0.001208
4
343.378354 119.816166
5.295000 9.953000 12.082942 57 1
0.000000 0.000000 0.000000 0.000000 0.032697
0.000520 -0.001291
1
459.373647 116.268372
5.295000 9.953000 12.082942 30 2
0.065880 0.000000 0.000000 0.000000 0.206945
0.000663 -0.001763
4
238.146041 436.213241
5.295000 9.953000 12.082942 32 1
0.000000 0.000000 0.000000 0.000000 0.050139
-0.000408 0.001742
1
242.587393 94.453219
5.295000 9.953000 12.082942 31 2
0.065880 0.000000 0.000000 0.000000 0.033436
-0.000005 -0.001192
4
362.132662 401.065756
5.295000 9.953000 12.082942 74 1
0.000000 0.000000 0.000000 0.000000 0.037284
0.000671 0.001308
4
68.445917 364.175223
5.295000 9.953000 12.082942 53 1
0.000000 0.000000 0.000000 0.000000 0.102720
-0.001516 0.000194
4
24.025642 194.150317
5.295000 9.953000 12.082942 46 1
0.000000 0.000000 0.000000 0.000000 0.056397
-0.001725 -0.000061
4
420.511834 189.662634
5.295000 9.953000 12.082942 67 1
0.000000 0.000000 0.000000 0.000000 0.038822
0.001926 -0.000152
1
375.810293 252.870275
5.295000 9.953000 12.082942 32 2
0.065880 0.000000 0.000000 0.000000 0.025345
0.001800 0.000083
1
332.223646 61.380124
5.295000 9.953000 12.082942 57 2
0.065880 0.000000 0.000000 0.000000 0.037335
0.000468 -0.001033
4
148.493390 110.836475
5.295000 9.953000 12.082942 44 1
0.000000 0.000000 0.000000 0.000000 0.062591
-0.001588 -0.000164
1
315.055751 93.014536
5.295000 9.953000 12.082942 32 2
0.065880 0.000000 0.000000 0.000000 0.020047
0.000098 -0.000546
4
466.283608 347.476017
5.295000 9.953000 12.082942 69 1
0.000000 0.000000 0.000000 0.000000 0.075760
0.001205 0.001946
1
347.934051 72.044295
5.295000 9.953000 12.082942 32 2
0.065880 0.000000 0.000000 0.000000 0.025687
0.001814 -0.002209
4
329.084218 479.597758
5.295000 9.953000 12.082942 53 1
0.000000 0.000000 0.000000 0.000000 0.095143
0.001309 0.001439
4
118.214455 72.709666
5.295000 9.953000 12.082942 74 1
0.000000 0.000000 0.000000 0.000000 0.096673
-0.001296 0.000405
4
221.053417 41.957733
5.295000 9.953000 12.082942 62 1
0.000000 0.000000 0.000000 0.000000 0.052091
-0.000098 -0.001510
1
159.905408 196.083588
5.295000 9.953000 12.082942 34 2
0.065880 0.000000 0.000000 0.000000 0.033870
0.000002 -0.000452
1
464.679169 297.953076
5.295000 9.953000 12.082942 34 2
0.065880 0.000000 0.000000 0.000000 0.029702
-0.000117 0.001688
4
84.046453 353.814720
5.295000 9.953000 12.082942 42 1
0.000000 0.000000 0.000000 0.000000 0.054991
-0.001429 0.000150
1
232.282120 324.233743
5.295000 9.953000 12.082942 35 2
0.065880 0.000000 0.000000 0.000000 0.023240
0.001008 0.001131
4
318.830562 425.095815
5.295000 9.953000 12.082942 65 1
0.000000 0.000000 0.000000 0.000000 0.035365
0.001094 0.001393
4
143.147281 396.257508
5.295000 9.953000 12.082942 40 1
0.000000 0.000000 0.000000 0.000000 0.066405
-0.002716 0.000370
4
280.676441 100.285473
5.295000 9.953000 12.082942 78 1
0.000000 0.000000 0.000000 0.000000 0.030494
-0.000585 -0.001022
1
306.069249 389.928685
5.295000 9.953000 12.082942 35 2
0.065880 0.000000 0.000000 0.000000 0.036940
0.000495 0.001915
4
173.181409 416.885015
5.295000 9.953000 12.082942 65 1
0.000000 0.000000 0.000000 0.000000 0.031455
-0.000704 0.001275
1
38.373344 126.371181
5.295000 9.953000 12.082942 36 2
0.065880 0.000000 0.000000 0.000000 0.338056
-0.002146 -0.000303
4
167.128809 367.275000
5.295000 9.953000 12.082942 57 1
0.000000 0.000000 0.000000 0.000000 0.049907
-0.000639 0.001108
4
268.725142 114.892439
5.295000 9.953000 12.082942 47 1
0.000000 0.000000 0.000000 0.000000 0.048385
-0.000565 -0.000773
1
110.216181 251.873348
5.295000 9.953000 12.082942 36 2
0.065880 0.000000 0.000000 0.000000 0.018475
-0.000526 -0.000212
4
400.537611 280.903685
5.295000 9.953000 12.082942 70 1
0.000000 0.000000 0.000000 0.000000 0.037807
0.001778 0.000400
4
291.107830 447.180835
5.295000 9.953000 12.082942 50 1
0.000000 0.000000 0.000000 0.000000 0.036443
0.001549 0.000695
4
344.802821 290.382167
5.295000 9.953000 12.082942 59 1
0.000000 0.000000 0.000000 0.000000 0.035050
0.000982 0.000611
4
223.723968 91.591974
5.295000 9.953000 12.082942 55 1
0.000000 0.000000 0.000000 0.000000 0.033039
0.000203 -0.001386
4
386.954616 422.806110
5.295000 9.953000 12.082942 49 1
0.000000 0.000000 0.000000 0.000000 0.054842
0.000530 0.001690
4
265.176406 64.917054
5.295000 9.953000 12.082942 52 1
0.000000 0.000000 0.000000 0.000000 0.068276
0.000058 -0.001364
1
387.401693 373.558612
5.295000 9.953000 12.082942 39 2
0.065880 0.000000 0.000000 0.000000 0.044502
0.000755 0.001339
4
51.052459 336.037132
5.295000 9.953000 12.082942 56 1
0.000000 0.000000 0.000000 0.000000 0.073267
-0.001578 0.000166
4
345.136060 241.511648
5.295000 9.953000 12.082942 52 1
0.000000 0.000000 0.000000 0.000000 0.060806
0.000989 0.001380
4
215.384864 205.829649
5.295000 9.953000 12.082942 64 1
0.000000 0.000000 0.000000 0.000000 0.048147
0.001020 -0.001277
4
140.461326 291.013368
5.295000 9.953000 12.082942 50 1
0.000000 0.000000 0.000000 0.000000 0.042853
-0.000317 0.000347
4
459.596370 315.727322
5.295000 9.953000 12.082942 50 1
0.000000 0.000000 0.000000 0.000000 0.031702
0.000411 0.002082
1
183.524779 84.530640
5.295000 9.953000 12.082942 40 2
0.065880 0.000000 0.000000 0.000000 0.022444
0.000113 0.000444
4
133.352039 446.648265
5.295000 9.953000 12.082942 57 1
0.000000 0.000000 0.000000 0.000000 0.126950
-0.000461 0.001958
4
71.199428 125.113996
5.295000 9.953000 12.082942 46 1
0.000000 0.000000 0.000000 0.000000 0.082361
-0.002264 -0.000974
4
419.567568 275.829225
5.295000 9.953000 12.082942 48 1
0.000000 0.000000 0.000000 0.000000 0.049329
0.002096 0.000002
4
466.958234 181.758515
5.295000 9.953000 12.082942 64 1
0.000000 0.000000 0.000000 0.000000 0.086607
0.001163 -0.001016
4
256.246059 307.542336
5.295000 9.953000 12.082942 61 1
0.000000 0.000000 0.000000 0.000000 0.036710
0.000733 0.000851
1
228.073062 59.501257
5.295000 9.953000 12.082942 41 2
0.065880 0.000000 0.000000 0.000000 0.035323
0.000079 -0.001630
4
150.792406 92.240533
5.295000 9.953000 12.082942 57 1
0.000000 0.000000 0.000000 0.000000 0.046911
-0.001017 -0.000270
4
64.264708 287.186992
5.295000 9.953000 12.082942 43 1
0.000000 0.000000 0.000000 0.000000 0.071852
-0.001488 -0.000033
4
202.372107 39.076373
5.295000 9.953000 12.082942 56 1
0.000000 0.000000 0.000000 0.000000 0.076282
-0.000317 -0.001344
4
320.154332 179.546007
5.295000 9.953000 12.082942 46 1
0.000000 0.000000 0.000000 0.000000 0.038580
-0.009498 0.009226
4
231.932565 158.720404
5.295000 9.953000 12.082942 43 1
0.000000 0.000000 0.000000 0.000000 0.033336
-0.005661 -0.007568
4
280.660766 150.499059
5.295000 9.953000 12.082942 50 1
0.000000 0.000000 0.000000 0.000000 0.026866
-0.003181 -0.003252
1
22.795213 155.817406
5.295000 9.953000 12.082942 41 2
0.065880 0.000000 0.000000 0.000000 0.160448
-0.001914 -0.000175
1
362.514707 40.591945
5.295000 9.953000 12.082942 41 2
0.065880 0.000000 0.000000 0.000000 0.085495
0.000298 -0.000679
4
23.419674 174.899744
5.295000 9.953000 12.082942 57 1
0.000000 0.000000 0.000000 0.000000 0.098661
-0.001851 -0.000149
4
160.781638 465.189954
5.295000 9.953000 12.082942 46 1
0.000000 0.000000 0.000000 0.000000 0.102664
-0.000410 0.001594
4
209.114010 451.295224
5.295000 9.953000 12.082942 79 1
0.000000 0.000000 0.000000 0.000000 0.042185
-0.000551 0.001530
4
302.467542 343.537698
5.295000 9.953000 12.082942 43 1
0.000000 0.000000 0.000000 0.000000 0.075618
-0.000087 0.000525
1
422.924564 208.237624
5.295000 9.953000 12.082942 42 2
0.065880 0.000000 0.000000 0.000000 0.035517
0.001863 -0.000144
4
245.034888 485.559738
5.295000 9.953000 12.082942 52 1
0.000000 0.000000 0.000000 0.000000 0.066166
0.000032 0.001816
1
339.558186 29.600480
5.295000 9.953000 12.082942 43 2
0.065880 0.000000 0.000000 0.000000 0.102718
-0.000913 -0.001970
4
365.911952 163.173957
5.295000 9.953000 12.082942 45 1
0.000000 0.000000 0.000000 0.000000 0.052454
0.001800 -0.001170
4
73.856026 219.438605
5.295000 9.953000 12.082942 44 1
0.000000 0.000000 0.000000 0.000000 0.058598
-0.001086 -0.000354
4
222.258190 339.312276
5.295000 9.953000 12.082942 46 1
0.000000 0.000000 0.000000 0.000000 0.036265
0.000608 0.001041
4
374.838029 387.534876
5.295000 9.953000 12.082942 47 1
0.000000 0.000000 0.000000 0.000000 0.049989
0.000703 0.001668
1
474.893904 261.957024
5.295000 9.953000 12.082942 45 2
0.065880 0.000000 0.000000 0.000000 0.042091
0.001127 0.001138
1
53.782579 97.643027
5.295000 9.953000 12.082942 76 2
0.065880 0.000000 0.000000 0.000000 0.346445
-0.001904 -0.001155
4
490.889067 211.405607
5.295000 9.953000 12.082942 49 1
0.000000 0.000000 0.000000 0.000000 0.098291
0.001887 -0.001520
4
388.159110 266.902431
5.295000 9.953000 12.082942 64 1
0.000000 0.000000 0.000000 0.000000 0.019988
0.001768 0.000191
4
245.364419 292.670984
5.295000 9.953000 12.082942 49 1
0.000000 0.000000 0.000000 0.000000 0.044010
0.000389 0.000851
4
363.123756 353.020452
5.295000 9.953000 12.082942 55 1
0.000000 0.000000 0.000000 0.000000 0.064899
0.001782 0.003470
1
251.526259 29.782273
5.295000 9.953000 12.082942 46 2
0.065880 0.000000 0.000000 0.000000 0.047314
0.000243 -0.001570
4
343.708062 466.731467
5.295000 9.953000 12.082942 56 1
0.000000 0.000000 0.000000 0.000000 0.101444
0.001838 0.001777
4
101.592768 82.598099
5.295000 9.953000 12.082942 50 1
0.000000 0.000000 0.000000 0.000000 0.097643
-0.002279 0.000457
4
365.646607 78.661651
5.295000 9.953000 12.082942 80 1
0.000000 0.000000 0.000000 0.000000 0.032748
0.001687 -0.001296
1
415.442991 167.239747
5.295000 9.953000 12.082942 47 2
0.065880 0.000000 0.000000 0.000000 0.027486
0.001071 -0.001269
4
289.127394 35.402316
5.295000 9.953000 12.082942 64 1
0.000000 0.000000 0.000000 0.000000 0.061964
0.000285 -0.001033
4
179.843615 466.218161
5.295000 9.953000 12.082942 50 1
0.000000 0.000000 0.000000 0.000000 0.093456
-0.000486 0.001516
4
301.586994 21.112680
5.295000 9.953000 12.082942 66 1
0.000000 0.000000 0.000000 0.000000 0.071289
0.000504 -0.000883
4
295.452848 53.052822
5.295000 9.953000 12.082942 71 1
0.000000 0.000000 0.000000 0.000000 0.048511
0.000165 -0.000746
4
17.324723 319.193108
5.295000 9.953000 12.082942 64 1
0.000000 0.000000 0.000000 0.000000 0.143371
-0.001597 0.000033
4
337.112749 102.701706
5.295000 9.953000 12.082942 77 1
0.000000 0.000000 0.000000 0.000000 0.023875
0.001090 -0.001873
4
380.906127 235.339275
5.295000 9.953000 12.082942 69 1
0.000000 0.000000 0.000000 0.000000 0.040345
0.002043 -0.000581
4
324.400746 216.731187
5.295000 9.953000 12.082942 77 1
0.000000 0.000000 0.000000 0.000000 0.034053
0.000170 0.006726
4
263.414560 14.936527
5.295000 9.953000 12.082942 61 1
0.000000 0.000000 0.000000 0.000000 0.103648
0.000421 -0.001481
4
447.546824 350.574292
5.295000 9.953000 12.082942 56 1
0.000000 0.000000 0.000000 0.000000 0.087273
0.001187 0.002274
4
393.164944 342.441423
5.295000 9.953000 12.082942 75 1
0.000000 0.000000 0.000000 0.000000 0.058605
0.001536 0.000518
4
345.212109 47.855320
5.295000 9.953000 12.082942 66 1
0.000000 0.000000 0.000000 0.000000 0.067805
-0.000563 -0.002313
1
320.804504 25.123625
5.295000 9.953000 12.082942 58 2
0.065880 0.000000 0.000000 0.000000 0.067214
-0.000715 -0.001207
1
480.764863 160.798164
5.295000 9.953000 12.082942 73 2
0.065880 0.000000 0.000000 0.000000 0.161557
0.001280 -0.001958
1
111.842058 47.730308
5.295000 9.953000 12.082942 80 2
0.065880 0.000000 0.000000 0.000000 0.282744
0.000067 0.000611
5
84.346639 76.385159
5.195070 9.765163 11.854907 65 1
0.065880 0.000000 0.000000 0.000000 0.244700
-0.001536 -0.003811
