500.000000 500.000000
617 77
242 617
1
381.313499 284.516449
5.295000 9.953000 12.082942 46 2
0.065880 0.000000 0.000000 0.000000 0.020419
0.001908 0.000275
4
418.107945 411.335921
5.295000 9.953000 12.082942 38 1
0.000000 0.000000 0.000000 0.000000 0.088371
0.000663 0.002276
4
355.518893 382.722455
5.295000 9.953000 12.082942 65 1
0.000000 0.000000 0.000000 0.000000 0.039200
-0.001029 0.003059
4
212.018651 354.037498
5.295000 9.953000 12.082942 58 1
0.000000 0.000000 0.000000 0.000000 0.045892
-0.000621 0.002113
4
256.987603 436.094355
5.295000 9.953000 12.082942 44 1
0.000000 0.000000 0.000000 0.000000 0.037478
-0.000499 0.002801
4
52.336598 355.295928
5.295000 9.953000 12.082942 38 1
0.000000 0.000000 0.000000 0.000000 0.102591
-0.001885 0.000438
4
339.059369 258.689674
5.295000 9.953000 12.082942 40 1
0.000000 0.000000 0.000000 0.000000 0.050575
0.000776 0.002367
4
178.961638 317.261064
5.295000 9.953000 12.082942 41 1
0.000000 0.000000 0.000000 0.000000 0.052192
0.002556 0.001276
4
116.539181 351.312604
5.295000 9.953000 12.082942 44 1
0.000000 0.000000 0.000000 0.000000 0.050366
-0.001265 0.000291
4
239.706750 45.256747
5.295000 9.953000 12.082942 52 1
0.000000 0.000000 0.000000 0.000000 0.047144
0.000099 -0.002058
1
9.117283 205.103671
5.295000 9.953000 12.082942 32 2
0.065880 0.000000 0.000000 0.000000 0.030432
-0.002457 0.001242
4
462.759094 154.636762
5.295000 9.953000 12.082942 57 1
0.000000 0.000000 0.000000 0.000000 0.143949
0.001412 -0.001803
4
249.751682 323.895729
5.295000 9.953000 12.082942 42 1
0.000000 0.000000 0.000000 0.000000 0.029031
0.007847 -0.000578
4
127.243942 303.400815
5.295000 9.953000 12.082942 55 1
0.000000 0.000000 0.000000 0.000000 0.043864
-0.001307 0.000392
4
88.425354 134.247169
5.295000 9.953000 12.082942 58 1
0.000000 0.000000 0.000000 0.000000 0.054708
-0.002346 -0.000974
1
152.561559 447.661229
5.295000 9.953000 12.082942 22 2
0.065880 0.000000 0.000000 0.000000 0.053886
-0.000714 0.002010
4
426.420928 119.845941
5.295000 9.953000 12.082942 49 1
0.000000 0.000000 0.000000 0.000000 0.105465
0.000813 -0.001703
4
238.113724 126.662845
5.295000 9.953000 12.082942 53 1
0.000000 0.000000 0.000000 0.000000 0.061250
0.000604 0.000977
4
413.545917 293.284215
5.295000 9.953000 12.082942 53 1
0.000000 0.000000 0.000000 0.000000 0.057548
0.002386 0.000842
1
260.297482 282.222011
5.295000 9.953000 12.082942 41 2
0.065880 0.000000 0.000000 0.000000 0.019589
0.000348 -0.000671
4
326.201180 129.709215
5.295000 9.953000 12.082942 37 1
0.000000 0.000000 0.000000 0.000000 0.041493
0.001345 -0.000527
4
307.645043 294.835683
5.295000 9.953000 12.082942 61 1
0.000000 0.000000 0.000000 0.000000 0.040298
-0.004737 0.002869
4
240.390507 371.053097
5.295000 9.953000 12.082942 34 1
0.000000 0.000000 0.000000 0.000000 0.060581
0.000256 0.002157
4
342.568215 446.807682
5.295000 9.953000 12.082942 64 1
0.000000 0.000000 0.000000 0.000000 0.039872
0.000557 0.002158
4
192.052577 417.520771
5.295000 9.953000 12.082942 65 1
0.000000 0.000000 0.000000 0.000000 0.030572
-0.000948 0.001371
4
431.841363 175.749382
5.295000 9.953000 12.082942 57 1
0.000000 0.000000 0.000000 0.000000 0.059628
0.001355 -0.001249
4
436.150559 364.741978
5.295000 9.953000 12.082942 50 1
0.000000 0.000000 0.000000 0.000000 0.105796
0.000672 0.001774
1
471.553824 214.018496
5.295000 9.953000 12.082942 23 2
0.065880 0.000000 0.000000 0.000000 0.046683
0.002396 -0.001296
4
361.477682 469.189011
5.295000 9.953000 12.082942 50 1
0.000000 0.000000 0.000000 0.000000 0.173049
0.002857 0.002037
1
255.921281 469.092488
5.295000 9.953000 12.082942 23 2
0.065880 0.000000 0.000000 0.000000 0.028023
-0.001392 0.002696
1
324.932204 393.075682
5.295000 9.953000 12.082942 20 2
0.065880 0.000000 0.000000 0.000000 0.021720
0.000770 0.001301
4
405.740555 262.678221
5.295000 9.953000 12.082942 73 1
0.000000 0.000000 0.000000 0.000000 0.030225
0.002392 0.000127
1
57.345237 192.457456
5.295000 9.953000 12.082942 21 2
0.065880 0.000000 0.000000 0.000000 0.034974
-0.002204 -0.000485
4
249.434501 387.141391
5.295000 9.953000 12.082942 61 1
0.000000 0.000000 0.000000 0.000000 0.059346
0.000109 0.002236
4
57.947525 211.275530
5.295000 9.953000 12.082942 33 1
0.000000 0.000000 0.000000 0.000000 0.056444
-0.001964 -0.000527
4
312.955957 406.954180
5.295000 9.953000 12.082942 44 1
0.000000 0.000000 0.000000 0.000000 0.032478
0.000858 0.001765
4
72.462222 163.275749
5.295000 9.953000 12.082942 46 1
0.000000 0.000000 0.000000 0.000000 0.042477
-0.001919 -0.000397
4
398.301774 231.150657
5.295000 9.953000 12.082942 75 1
0.000000 0.000000 0.000000 0.000000 0.030646
0.002707 -0.000116
4
98.860739 302.425326
5.295000 9.953000 12.082942 38 1
0.000000 0.000000 0.000000 0.000000 0.039656
-0.001740 0.000131
1
204.649164 89.433218
5.295000 9.953000 12.082942 0 1
0.065880 0.000000 0.000000 0.000000 0.027284
0.000679 -0.002036
4
362.833830 287.546644
5.295000 9.953000 12.082942 45 1
0.000000 0.000000 0.000000 0.000000 0.041647
0.001328 0.003859
4
380.498703 152.256719
5.295000 9.953000 12.082942 46 1
0.000000 0.000000 0.000000 0.000000 0.046569
0.001100 -0.001188
4
295.810855 483.902890
5.295000 9.953000 12.082942 58 1
0.000000 0.000000 0.000000 0.000000 0.069081
0.001660 0.000998
4
249.835298 112.111209
5.295000 9.953000 12.082942 39 1
0.000000 0.000000 0.000000 0.000000 0.057314
0.000060 -0.000630
4
221.586973 370.525943
5.295000 9.953000 12.082942 65 1
0.000000 0.000000 0.000000 0.000000 0.042797
-0.000454 0.002043
4
322.337350 198.563516
5.295000 9.953000 12.082942 38 1
0.000000 0.000000 0.000000 0.000000 0.054209
-0.036899 -0.021315
4
393.172247 298.848728
5.295000 9.953000 12.082942 76 1
0.000000 0.000000 0.000000 0.000000 0.025374
0.001930 0.000597
4
72.012062 144.228696
5.295000 9.953000 12.082942 48 1
0.000000 0.000000 0.000000 0.000000 0.045979
-0.002127 -0.000341
4
312.868449 245.995580
5.295000 9.953000 12.082942 72 1
0.000000 0.000000 0.000000 0.000000 0.028706
-0.001902 -0.004330
1
488.050577 274.623561
5.295000 9.953000 12.082942 40 2
0.065880 0.000000 0.000000 0.000000 0.044769
0.000903 0.001719
4
395.700750 141.295086
5.295000 9.953000 12.082942 38 1
0.000000 0.000000 0.000000 0.000000 0.044449
0.001037 -0.001385
1
148.414670 327.855452
5.295000 9.953000 12.082942 26 2
0.065880 0.000000 0.000000 0.000000 0.037815
-0.000885 0.001124
4
129.163337 205.903216
5.295000 9.953000 12.082942 34 1
0.000000 0.000000 0.000000 0.000000 0.045495
-0.000132 -0.000084
4
259.362068 371.295935
5.295000 9.953000 12.082942 32 1
0.000000 0.000000 0.000000 0.000000 0.066020
0.000509 0.002670
4
422.336678 82.422468
5.295000 9.953000 12.082942 38 1
0.000000 0.000000 0.000000 0.000000 0.253205
0.000223 -0.001836
4
233.613597 306.111580
5.295000 9.953000 12.082942 47 1
0.000000 0.000000 0.000000 0.000000 0.044778
-0.000517 0.000693
4
10.294691 224.269558
5.295000 9.953000 12.082942 39 1
0.000000 0.000000 0.000000 0.000000 0.044813
-0.001671 0.000532
4
104.504454 105.179624
5.295000 9.953000 12.082942 70 1
0.000000 0.000000 0.000000 0.000000 0.061762
-0.003066 -0.001615
4
405.775084 376.162286
5.295000 9.953000 12.082942 47 1
0.000000 0.000000 0.000000 0.000000 0.087425
0.000279 0.001120
4
18.998948 338.003031
5.295000 9.953000 12.082942 67 1
0.000000 0.000000 0.000000 0.000000 0.242813
-0.001909 0.000190
4
136.414088 377.985812
5.295000 9.953000 12.082942 34 1
0.000000 0.000000 0.000000 0.000000 0.070761
-0.001648 0.000898
4
166.441664 115.319188
5.295000 9.953000 12.082942 42 1
0.000000 0.000000 0.000000 0.000000 0.058823
-0.001579 -0.000787
1
477.781586 310.875413
5.295000 9.953000 12.082942 40 2
0.065880 0.000000 0.000000 0.000000 0.031767
0.001167 0.001626
4
163.990793 399.178490
5.295000 9.953000 12.082942 69 1
0.000000 0.000000 0.000000 0.000000 0.042372
-0.000380 0.001724
4
83.213283 314.217645
5.295000 9.953000 12.082942 40 1
0.000000 0.000000 0.000000 0.000000 0.046990
-0.001801 0.000151
4
102.106074 63.265353
5.295000 9.953000 12.082942 42 1
0.000000 0.000000 0.000000 0.000000 0.216870
0.001463 -0.003803
4
60.944832 249.660568
5.295000 9.953000 12.082942 39 1
0.000000 0.000000 0.000000 0.000000 0.055425
-0.001505 -0.000272
4
216.264726 74.762444
5.295000 9.953000 12.082942 70 1
0.000000 0.000000 0.000000 0.000000 0.026553
0.000349 -0.001922
4
56.001043 154.403495
5.295000 9.953000 12.082942 33 1
0.000000 0.000000 0.000000 0.000000 0.059637
-0.002072 -0.000184
4
144.411552 309.061131
5.295000 9.953000 12.082942 37 1
0.000000 0.000000 0.000000 0.000000 0.048755
0.000204 0.001250
4
13.224249 262.628211
5.295000 9.953000 12.082942 42 1
0.000000 0.000000 0.000000 0.000000 0.063120
-0.001683 -0.000141
4
169.625936 481.421316
5.295000 9.953000 12.082942 72 1
0.000000 0.000000 0.000000 0.000000 0.146590
-0.000077 0.002068
4
385.139053 188.954835
5.295000 9.953000 12.082942 45 1
0.000000 0.000000 0.000000 0.000000 0.040233
0.001115 -0.000533
4
113.214753 314.435491
5.295000 9.953000 12.082942 34 1
0.000000 0.000000 0.000000 0.000000 0.056934
-0.001279 0.000006
4
387.727468 207.201049
5.295000 9.953000 12.082942 55 1
0.000000 0.000000 0.000000 0.000000 0.055528
0.001135 -0.000386
4
196.352133 301.296625
5.295000 9.953000 12.082942 63 1
0.000000 0.000000 0.000000 0.000000 0.053081
-0.000270 0.000615
4
200.722560 434.176839
5.295000 9.953000 12.082942 57 1
0.000000 0.000000 0.000000 0.000000 0.043718
-0.001068 0.001384
4
264.398603 248.625493
5.295000 9.953000 12.082942 50 1
0.000000 0.000000 0.000000 0.000000 0.022227
-0.000525 -0.000914
4
368.024518 418.419159
5.295000 9.953000 12.082942 44 1
0.000000 0.000000 0.000000 0.000000 0.037822
0.000789 0.002061
4
173.638431 349.409615
5.295000 9.953000 12.082942 43 1
0.000000 0.000000 0.000000 0.000000 0.038054
-0.000199 0.001095
4
406.927761 93.450756
5.295000 9.953000 12.082942 40 1
0.000000 0.000000 0.000000 0.000000 0.104518
0.000373 -0.001726
4
296.738647 278.593327
5.295000 9.953000 12.082942 41 1
0.000000 0.000000 0.000000 0.000000 0.045603
0.002188 -0.000585
4
428.437187 138.503173
5.295000 9.953000 12.082942 45 1
0.000000 0.000000 0.000000 0.000000 0.067331
0.001095 -0.001589
4
101.611919 283.305198
5.295000 9.953000 12.082942 46 1
0.000000 0.000000 0.000000 0.000000 0.046214
0.000284 0.000199
4
382.717556 170.611522
5.295000 9.953000 12.082942 68 1
0.000000 0.000000 0.000000 0.000000 0.038424
0.001183 -0.000915
4
374.935668 337.576832
5.295000 9.953000 12.082942 72 1
0.000000 0.000000 0.000000 0.000000 0.062216
0.010607 0.001964
4
108.288600 436.960779
5.295000 9.953000 12.082942 61 1
0.000000 0.000000 0.000000 0.000000 0.116700
-0.001884 0.000419
1
90.418908 429.445909
5.295000 9.953000 12.082942 25 2
0.065880 0.000000 0.000000 0.000000 0.094882
-0.001640 0.000357
1
153.401015 227.830677
5.295000 9.953000 12.082942 21 2
0.065880 0.000000 0.000000 0.000000 0.029027
0.000167 -0.000336
4
461.071566 135.742567
5.295000 9.953000 12.082942 57 1
0.000000 0.000000 0.000000 0.000000 0.217540
0.001060 -0.001926
4
443.030268 382.213897
5.295000 9.953000 12.082942 44 1
0.000000 0.000000 0.000000 0.000000 0.134493
-0.000139 0.002200
1
270.187958 32.991016
5.295000 9.953000 12.082942 0 1
0.065880 0.000000 0.000000 0.000000 0.059329
0.000371 -0.001954
1
25.880422 213.509819
5.295000 9.953000 12.082942 20 2
0.065880 0.000000 0.000000 0.000000 0.026667
-0.001920 -0.000175
4
309.528839 228.313677
5.295000 9.953000 12.082942 71 1
0.000000 0.000000 0.000000 0.000000 0.034416
0.001303 0.002382
4
183.792965 266.387586
5.295000 9.953000 12.082942 42 1
0.000000 0.000000 0.000000 0.000000 0.065914
-0.000001 -0.000026
4
258.158101 403.420424
5.295000 9.953000 12.082942 49 1
0.000000 0.000000 0.000000 0.000000 0.055034
-0.000016 0.002655
1
259.484473 230.976645
5.295000 9.953000 12.082942 27 2
0.065880 0.000000 0.000000 0.000000 0.021759
-0.001706 -0.000544
1
247.207596 452.273863
5.295000 9.953000 12.082942 19 2
0.065880 0.000000 0.000000 0.000000 0.032981
-0.001134 0.002231
4
404.969131 74.736334
5.295000 9.953000 12.082942 49 1
0.000000 0.000000 0.000000 0.000000 0.145876
0.000104 -0.001840
4
325.200375 460.658582
5.295000 9.953000 12.082942 58 1
0.000000 0.000000 0.000000 0.000000 0.064707
0.003417 0.001533
4
300.803509 260.149349
5.295000 9.953000 12.082942 59 1
0.000000 0.000000 0.000000 0.000000 0.038563
-0.001347 -0.000624
4
91.409881 209.258109
5.295000 9.953000 12.082942 33 1
0.000000 0.000000 0.000000 0.000000 0.060784
-0.002573 -0.000297
4
163.320579 32.582418
5.295000 9.953000 12.082942 38 1
0.000000 0.000000 0.000000 0.000000 0.112374
0.000002 -0.001158
4
399.438432 408.098284
5.295000 9.953000 12.082942 49 1
0.000000 0.000000 0.000000 0.000000 0.067662
0.000886 0.002243
4
154.187407 178.545022
5.295000 9.953000 12.082942 36 1
0.000000 0.000000 0.000000 0.000000 0.050892
-0.000716 -0.000411
4
370.615571 200.316190
5.295000 9.953000 12.082942 36 1
0.000000 0.000000 0.000000 0.000000 0.062713
0.002980 -0.000927
4
298.654625 155.433420
5.295000 9.953000 12.082942 43 1
0.000000 0.000000 0.000000 0.000000 0.026905
0.003920 -0.000014
4
254.076713 80.347256
5.295000 9.953000 12.082942 42 1
0.000000 0.000000 0.000000 0.000000 0.063149
-0.000030 -0.001723
4
214.284944 322.051982
5.295000 9.953000 12.082942 46 1
0.000000 0.000000 0.000000 0.000000 0.044186
0.006344 0.001879
4
176.360989 18.924451
5.295000 9.953000 12.082942 55 1
0.000000 0.000000 0.000000 0.000000 0.165437
-0.000040 -0.001407
4
30.374004 270.884997
5.295000 9.953000 12.082942 35 1
0.000000 0.000000 0.000000 0.000000 0.067923
-0.001731 -0.000130
4
291.510261 223.014573
5.295000 9.953000 12.082942 34 1
0.000000 0.000000 0.000000 0.000000 0.038790
-0.002158 -0.001911
4
32.104109 289.745885
5.295000 9.953000 12.082942 61 1
0.000000 0.000000 0.000000 0.000000 0.060185
-0.001844 -0.000006
4
287.753226 119.017209
5.295000 9.953000 12.082942 56 1
0.000000 0.000000 0.000000 0.000000 0.028548
-0.000530 -0.001652
4
134.001700 273.710645
5.295000 9.953000 12.082942 59 1
0.000000 0.000000 0.000000 0.000000 0.029535
0.000065 -0.000077
4
268.291648 387.391678
5.295000 9.953000 12.082942 31 1
0.000000 0.000000 0.000000 0.000000 0.065677
0.000215 0.002558
4
206.719066 7.587649
5.295000 9.953000 12.082942 34 1
0.000000 0.000000 0.000000 0.000000 0.091087
0.000267 -0.002055
4
124.624903 151.882443
5.295000 9.953000 12.082942 48 1
0.000000 0.000000 0.000000 0.000000 0.055024
-0.001797 -0.000906
4
229.562210 419.055287
5.295000 9.953000 12.082942 39 1
0.000000 0.000000 0.000000 0.000000 0.058971
-0.000565 0.001838
4
45.750910 260.277248
5.295000 9.953000 12.082942 38 1
0.000000 0.000000 0.000000 0.000000 0.079389
-0.001645 -0.000216
4
171.979190 132.926627
5.295000 9.953000 12.082942 44 1
0.000000 0.000000 0.000000 0.000000 0.064212
-0.001431 -0.001215
4
259.371559 339.515007
5.295000 9.953000 12.082942 54 1
0.000000 0.000000 0.000000 0.000000 0.042922
0.001261 0.001400
4
219.873046 124.424466
5.295000 9.953000 12.082942 50 1
0.000000 0.000000 0.000000 0.000000 0.048590
-0.001385 -0.002530
4
424.351144 429.029306
5.295000 9.953000 12.082942 67 1
0.000000 0.000000 0.000000 0.000000 0.163994
0.000846 0.002356
4
373.593233 218.545164
5.295000 9.953000 12.082942 40 1
0.000000 0.000000 0.000000 0.000000 0.066105
0.003000 0.000421
4
222.353200 222.831327
5.295000 9.953000 12.082942 35 1
0.000000 0.000000 0.000000 0.000000 0.045868
-0.004891 0.002332
1
325.926458 292.876830
5.295000 9.953000 12.082942 38 2
0.065880 0.000000 0.000000 0.000000 0.022662
0.013575 0.017256
4
282.267091 312.556885
5.295000 9.953000 12.082942 53 1
0.000000 0.000000 0.000000 0.000000 0.044949
0.002037 -0.001116
4
327.467309 235.161760
5.295000 9.953000 12.082942 39 1
0.000000 0.000000 0.000000 0.000000 0.032783
-0.000966 -0.001455
4
88.848604 172.240338
5.295000 9.953000 12.082942 54 1
0.000000 0.000000 0.000000 0.000000 0.039923
-0.001685 -0.000560
4
197.284296 71.736436
5.295000 9.953000 12.082942 46 1
0.000000 0.000000 0.000000 0.000000 0.039543
-0.000132 -0.001362
4
147.451178 210.205715
5.295000 9.953000 12.082942 48 1
0.000000 0.000000 0.000000 0.000000 0.046133
0.000082 -0.000291
4
144.400790 430.754838
5.295000 9.953000 12.082942 48 1
0.000000 0.000000 0.000000 0.000000 0.071061
-0.000926 0.001933
1
212.343237 106.795581
5.295000 9.953000 12.082942 38 2
0.065880 0.000000 0.000000 0.000000 0.024384
-0.000085 -0.001861
4
132.869767 358.892596
5.295000 9.953000 12.082942 50 1
0.000000 0.000000 0.000000 0.000000 0.052287
-0.001046 0.000814
4
120.341181 407.394904
5.295000 9.953000 12.082942 46 1
0.000000 0.000000 0.000000 0.000000 0.076929
-0.001319 0.000248
4
405.558790 425.860934
5.295000 9.953000 12.082942 68 1
0.000000 0.000000 0.000000 0.000000 0.080956
0.000800 0.002304
4
98.530313 324.816015
5.295000 9.953000 12.082942 36 1
0.000000 0.000000 0.000000 0.000000 0.060311
-0.001730 0.000227
4
235.203705 77.519485
5.295000 9.953000 12.082942 64 1
0.000000 0.000000 0.000000 0.000000 0.035474
0.000237 -0.001777
4
47.600574 279.107266
5.295000 9.953000 12.082942 31 1
0.000000 0.000000 0.000000 0.000000 0.076501
-0.001793 -0.000090
4
211.927497 386.258872
5.295000 9.953000 12.082942 69 1
0.000000 0.000000 0.000000 0.000000 0.040418
-0.000180 0.001413
4
301.010121 431.653305
5.295000 9.953000 12.082942 74 1
0.000000 0.000000 0.000000 0.000000 0.030483
0.001034 -0.000871
1
164.912308 79.702234
5.295000 9.953000 12.082942 41 2
0.065880 0.000000 0.000000 0.000000 0.035049
-0.000153 -0.000830
4
339.440156 205.441506
5.295000 9.953000 12.082942 72 1
0.000000 0.000000 0.000000 0.000000 0.043522
0.017823 0.005951
4
49.236156 297.959087
5.295000 9.953000 12.082942 43 1
0.000000 0.000000 0.000000 0.000000 0.060869
-0.001893 0.000075
4
380.760828 355.816137
5.295000 9.953000 12.082942 47 1
0.000000 0.000000 0.000000 0.000000 0.062932
-0.007550 0.003530
4
482.971199 292.749918
5.295000 9.953000 12.082942 63 1
0.000000 0.000000 0.000000 0.000000 0.053611
0.001049 0.001704
4
359.935578 230.893992
5.295000 9.953000 12.082942 41 1
0.000000 0.000000 0.000000 0.000000 0.066202
0.000245 -0.000280
4
278.544513 475.781891
5.295000 9.953000 12.082942 72 1
0.000000 0.000000 0.000000 0.000000 0.036013
0.001044 0.002420
4
459.434351 199.725991
5.295000 9.953000 12.082942 75 1
0.000000 0.000000 0.000000 0.000000 0.065004
0.002000 -0.001031
1
348.742727 364.541200
5.295000 9.953000 12.082942 46 2
0.065880 0.000000 0.000000 0.000000 0.045519
0.002604 -0.000790
4
165.452256 263.177062
5.295000 9.953000 12.082942 32 1
0.000000 0.000000 0.000000 0.000000 0.055445
-0.000091 -0.000107
4
267.804986 164.301478
5.295000 9.953000 12.082942 73 1
0.000000 0.000000 0.000000 0.000000 0.028980
-0.005011 -0.017635
4
318.845575 310.067977
5.295000 9.953000 12.082942 41 1
0.000000 0.000000 0.000000 0.000000 0.043402
0.009231 -0.003279
4
141.724795 192.591718
5.295000 9.953000 12.082942 29 1
0.000000 0.000000 0.000000 0.000000 0.044179
-0.000350 -0.000326
4
203.669812 337.199670
5.295000 9.953000 12.082942 39 1
0.000000 0.000000 0.000000 0.000000 0.044945
-0.000367 0.001898
4
256.667725 129.334140
5.295000 9.953000 12.082942 62 1
0.000000 0.000000 0.000000 0.000000 0.056026
-0.001430 -0.001838
4
171.523800 448.969592
5.295000 9.953000 12.082942 37 1
0.000000 0.000000 0.000000 0.000000 0.057699
-0.000892 0.001725
4
438.244508 321.785671
5.295000 9.953000 12.082942 77 1
0.000000 0.000000 0.000000 0.000000 0.031031
0.002555 0.000095
1
168.788275 50.672234
5.295000 9.953000 12.082942 0 1
0.065880 0.000000 0.000000 0.000000 0.032776
0.000597 -0.001391
4
190.454947 449.948371
5.295000 9.953000 12.082942 50 1
0.000000 0.000000 0.000000 0.000000 0.056564
-0.001024 0.001512
4
70.161608 383.002915
5.295000 9.953000 12.082942 37 1
0.000000 0.000000 0.000000 0.000000 0.115517
-0.001795 0.000500
4
92.785915 246.362638
5.295000 9.953000 12.082942 57 1
0.000000 0.000000 0.000000 0.000000 0.047703
-0.001053 -0.000074
4
430.790405 340.064809
5.295000 9.953000 12.082942 54 1
0.000000 0.000000 0.000000 0.000000 0.067382
0.002704 0.000401
4
196.353670 251.847753
5.295000 9.953000 12.082942 41 1
0.000000 0.000000 0.000000 0.000000 0.058875
0.000164 -0.000140
4
134.922179 62.710535
5.295000 9.953000 12.082942 77 1
0.000000 0.000000 0.000000 0.000000 0.048926
-0.000172 -0.000434
4
238.785644 275.298543
5.295000 9.953000 12.082942 46 1
0.000000 0.000000 0.000000 0.000000 0.052785
0.000764 0.001214
4
225.628795 10.100044
5.295000 9.953000 12.082942 62 1
0.000000 0.000000 0.000000 0.000000 0.083927
0.000199 -0.001931
4
177.839678 150.403592
5.295000 9.953000 12.082942 38 1
0.000000 0.000000 0.000000 0.000000 0.054112
-0.000500 -0.000815
4
63.066188 268.480005
5.295000 9.953000 12.082942 35 1
0.000000 0.000000 0.000000 0.000000 0.081125
-0.001670 -0.000182
4
159.524362 146.687825
5.295000 9.953000 12.082942 45 1
0.000000 0.000000 0.000000 0.000000 0.063706
-0.001025 -0.000679
4
331.148002 410.850660
5.295000 9.953000 12.082942 62 1
0.000000 0.000000 0.000000 0.000000 0.040165
0.001006 0.001573
4
16.530836 300.383948
5.295000 9.953000 12.082942 39 1
0.000000 0.000000 0.000000 0.000000 0.110756
-0.001870 0.000028
4
237.928636 177.548735
5.295000 9.953000 12.082942 48 1
0.000000 0.000000 0.000000 0.000000 0.057548
0.039865 -0.003179
4
87.802979 96.427049
5.295000 9.953000 12.082942 52 1
0.000000 0.000000 0.000000 0.000000 0.147031
-0.003456 -0.003342
1
436.782904 414.583026
5.295000 9.953000 12.082942 20 2
0.065880 0.000000 0.000000 0.000000 0.131007
0.000694 0.002209
4
455.582404 267.130505
5.295000 9.953000 12.082942 51 1
0.000000 0.000000 0.000000 0.000000 0.058968
0.003281 -0.000668
4
278.354356 371.331574
5.295000 9.953000 12.082942 30 1
0.000000 0.000000 0.000000 0.000000 0.074560
0.000583 0.002639
4
202.070385 171.287044
5.295000 9.953000 12.082942 36 1
0.000000 0.000000 0.000000 0.000000 0.044160
0.005523 -0.000249
4
220.742826 402.617585
5.295000 9.953000 12.082942 38 1
0.000000 0.000000 0.000000 0.000000 0.058882
-0.000386 0.001728
4
155.916046 381.882520
5.295000 9.953000 12.082942 42 1
0.000000 0.000000 0.000000 0.000000 0.060477
-0.000778 0.001709
4
236.905804 468.205879
5.295000 9.953000 12.082942 34 1
0.000000 0.000000 0.000000 0.000000 0.048336
-0.001360 0.001215
4
301.200144 71.142773
5.295000 9.953000 12.082942 59 1
0.000000 0.000000 0.000000 0.000000 0.052727
0.000041 -0.000873
4
240.978131 226.569526
5.295000 9.953000 12.082942 55 1
0.000000 0.000000 0.000000 0.000000 0.038318
-0.002779 0.000314
4
214.990969 303.763440
5.295000 9.953000 12.082942 64 1
0.000000 0.000000 0.000000 0.000000 0.046292
-0.000272 0.000564
4
450.275353 285.228827
5.295000 9.953000 12.082942 76 1
0.000000 0.000000 0.000000 0.000000 0.039894
0.003055 -0.000443
1
254.519058 213.311250
5.295000 9.953000 12.082942 19 2
0.065880 0.000000 0.000000 0.000000 0.021290
-0.003238 0.000428
4
258.315401 47.890530
5.295000 9.953000 12.082942 61 1
0.000000 0.000000 0.000000 0.000000 0.051381
0.000166 -0.002022
4
214.102673 156.844908
5.295000 9.953000 12.082942 45 1
0.000000 0.000000 0.000000 0.000000 0.050699
0.001638 0.000149
4
272.981539 182.507980
5.295000 9.953000 12.082942 50 1
0.000000 0.000000 0.000000 0.000000 0.026456
0.087173 0.024916
4
184.159024 217.197747
5.295000 9.953000 12.082942 72 1
0.000000 0.000000 0.000000 0.000000 0.026385
0.001113 -0.000788
4
240.746050 339.754492
5.295000 9.953000 12.082942 70 1
0.000000 0.000000 0.000000 0.000000 0.030688
0.000034 0.005593
4
460.686139 249.138877
5.295000 9.953000 12.082942 53 1
0.000000 0.000000 0.000000 0.000000 0.067762
0.003297 -0.000853
4
203.197839 369.820271
5.295000 9.953000 12.082942 45 1
0.000000 0.000000 0.000000 0.000000 0.042387
0.000309 0.001024
4
55.400345 116.573333
5.295000 9.953000 12.082942 44 1
0.000000 0.000000 0.000000 0.000000 0.197428
-0.002977 0.000170
1
269.031858 266.134023
5.295000 9.953000 12.082942 24 2
0.065880 0.000000 0.000000 0.000000 0.025581
0.000569 0.000357
4
105.546835 181.407682
5.295000 9.953000 12.082942 42 1
0.000000 0.000000 0.000000 0.000000 0.049040
-0.001468 -0.000492
4
118.139869 91.520310
5.295000 9.953000 12.082942 36 1
0.000000 0.000000 0.000000 0.000000 0.064559
-0.002048 -0.000950
4
424.230340 379.126411
5.295000 9.953000 12.082942 46 1
0.000000 0.000000 0.000000 0.000000 0.108255
0.000582 0.001958
4
244.445265 143.724743
5.295000 9.953000 12.082942 71 1
0.000000 0.000000 0.000000 0.000000 0.033669
-0.005002 -0.005002
4
356.523311 335.801509
5.295000 9.953000 12.082942 45 1
0.000000 0.000000 0.000000 0.000000 0.081255
-0.027673 -0.047722
1
379.926673 454.067184
5.295000 9.953000 12.082942 26 2
0.065880 0.000000 0.000000 0.000000 0.107509
0.000660 0.002145
4
115.764147 332.881192
5.295000 9.953000 12.082942 68 1
0.000000 0.000000 0.000000 0.000000 0.047422
-0.001677 0.000193
4
443.793245 127.792297
5.295000 9.953000 12.082942 53 1
0.000000 0.000000 0.000000 0.000000 0.109284
0.000940 -0.001793
4
349.501835 414.632422
5.295000 9.953000 12.082942 41 1
0.000000 0.000000 0.000000 0.000000 0.044322
0.000890 0.001848
4
190.172538 185.550181
5.295000 9.953000 12.082942 59 1
0.000000 0.000000 0.000000 0.000000 0.030013
-0.000431 -0.000395
1
276.862646 50.441923
5.295000 9.953000 12.082942 39 2
0.065880 0.000000 0.000000 0.000000 0.048569
0.000190 -0.001783
4
266.092602 452.753387
5.295000 9.953000 12.082942 59 1
0.000000 0.000000 0.000000 0.000000 0.028865
-0.001267 0.003353
4
408.927689 112.041079
5.295000 9.953000 12.082942 41 1
0.000000 0.000000 0.000000 0.000000 0.065156
0.000648 -0.001639
1
318.880881 74.876217
5.295000 9.953000 12.082942 32 2
0.065880 0.000000 0.000000 0.000000 0.044332
0.000321 -0.000943
4
120.676420 133.672038
5.295000 9.953000 12.082942 37 1
0.000000 0.000000 0.000000 0.000000 0.046490
-0.002571 -0.001057
1
360.837098 126.782322
5.295000 9.953000 12.082942 30 2
0.065880 0.000000 0.000000 0.000000 0.034011
0.000732 -0.001454
4
125.449369 428.454438
5.295000 9.953000 12.082942 49 1
0.000000 0.000000 0.000000 0.000000 0.079946
-0.000700 0.002929
1
429.566182 240.223763
5.295000 9.953000 12.082942 21 2
0.065880 0.000000 0.000000 0.000000 0.038903
0.002657 -0.000219
1
332.881896 275.832670
5.295000 9.953000 12.082942 19 2
0.065880 0.000000 0.000000 0.000000 0.026075
0.002242 -0.005380
4
336.920330 428.692520
5.295000 9.953000 12.082942 37 1
0.000000 0.000000 0.000000 0.000000 0.038727
0.001001 0.001823
4
131.922233 43.667460
5.295000 9.953000 12.082942 56 1
0.000000 0.000000 0.000000 0.000000 0.170326
-0.001592 -0.000051
4
227.674084 240.378773
5.295000 9.953000 12.082942 43 1
0.000000 0.000000 0.000000 0.000000 0.050561
-0.000272 0.001050
4
214.751293 254.707957
5.295000 9.953000 12.082942 42 1
0.000000 0.000000 0.000000 0.000000 0.059216
0.000079 0.000458
1
391.359397 104.337031
5.295000 9.953000 12.082942 26 2
0.065880 0.000000 0.000000 0.000000 0.047142
0.000507 -0.001561
4
170.127245 97.396841
5.295000 9.953000 12.082942 51 1
0.000000 0.000000 0.000000 0.000000 0.030620
-0.000898 -0.000811
4
220.480941 272.067378
5.295000 9.953000 12.082942 31 1
0.000000 0.000000 0.000000 0.000000 0.065433
0.000248 0.000603
4
190.902944 53.790787
5.295000 9.953000 12.082942 55 1
0.000000 0.000000 0.000000 0.000000 0.047628
-0.000176 -0.001368
4
316.319011 161.130931
5.295000 9.953000 12.082942 39 1
0.000000 0.000000 0.000000 0.000000 0.039584
-0.002301 -0.000837
4
363.157037 145.144828
5.295000 9.953000 12.082942 36 1
0.000000 0.000000 0.000000 0.000000 0.040609
0.001227 -0.001381
4
493.130626 256.452801
5.295000 9.953000 12.082942 60 1
0.000000 0.000000 0.000000 0.000000 0.079335
0.000638 0.001649
4
282.796134 254.221421
5.295000 9.953000 12.082942 38 1
0.000000 0.000000 0.000000 0.000000 0.041861
-0.000607 -0.001314
4
437.171487 271.642732
5.295000 9.953000 12.082942 36 1
0.000000 0.000000 0.000000 0.000000 0.063090
0.002877 -0.000200
4
190.370468 234.532622
5.295000 9.953000 12.082942 57 1
0.000000 0.000000 0.000000 0.000000 0.033573
0.000823 -0.000683
1
293.606491 137.300836
5.295000 9.953000 12.082942 21 2
0.065880 0.000000 0.000000 0.000000 0.021605
0.000260 -0.001935
4
123.769514 238.474265
5.295000 9.953000 12.082942 62 1
0.000000 0.000000 0.000000 0.000000 0.032747
-0.000558 -0.000182
4
196.018486 153.739327
5.295000 9.953000 12.082942 57 1
0.000000 0.000000 0.000000 0.000000 0.049710
-0.001714 -0.002746
4
308.172678 452.827281
5.295000 9.953000 12.082942 34 1
0.000000 0.000000 0.000000 0.000000 0.050307
0.002213 0.005300
4
219.542520 434.961889
5.295000 9.953000 12.082942 41 1
0.000000 0.000000 0.000000 0.000000 0.043854
-0.000976 0.001455
4
190.050066 136.325959
5.295000 9.953000 12.082942 36 1
0.000000 0.000000 0.000000 0.000000 0.061303
-0.000574 -0.001325
4
213.992457 24.926694
5.295000 9.953000 12.082942 43 1
0.000000 0.000000 0.000000 0.000000 0.085751
0.000013 -0.001888
4
358.409668 108.392747
5.295000 9.953000 12.082942 51 1
0.000000 0.000000 0.000000 0.000000 0.039332
0.000423 -0.001574
4
177.933986 248.850539
5.295000 9.953000 12.082942 41 1
0.000000 0.000000 0.000000 0.000000 0.046621
0.000201 -0.000333
4
207.523581 483.401440
5.295000 9.953000 12.082942 37 1
0.000000 0.000000 0.000000 0.000000 0.084280
0.000100 0.001463
4
153.976921 129.023370
5.295000 9.953000 12.082942 35 1
0.000000 0.000000 0.000000 0.000000 0.068168
-0.001533 -0.000449
4
141.016895 142.659444
5.295000 9.953000 12.082942 48 1
0.000000 0.000000 0.000000 0.000000 0.062790
-0.001186 -0.000170
4
185.275949 334.870860
5.295000 9.953000 12.082942 74 1
0.000000 0.000000 0.000000 0.000000 0.031298
0.000161 0.000259
4
136.578013 175.196033
5.295000 9.953000 12.082942 44 1
0.000000 0.000000 0.000000 0.000000 0.052975
-0.000860 -0.000160
4
56.607564 173.469451
5.295000 9.953000 12.082942 72 1
0.000000 0.000000 0.000000 0.000000 0.040666
-0.002122 -0.000318
4
199.008568 466.640077
5.295000 9.953000 12.082942 65 1
0.000000 0.000000 0.000000 0.000000 0.068731
-0.000762 0.001557
1
185.161670 368.727836
5.295000 9.953000 12.082942 25 2
0.065880 0.000000 0.000000 0.000000 0.031572
-0.000796 0.001175
4
282.218431 18.280506
5.295000 9.953000 12.082942 62 1
0.000000 0.000000 0.000000 0.000000 0.114701
0.000686 -0.001767
4
392.702052 440.008971
5.295000 9.953000 12.082942 46 1
0.000000 0.000000 0.000000 0.000000 0.090788
0.000756 0.002208
4
102.889338 380.805464
5.295000 9.953000 12.082942 39 1
0.000000 0.000000 0.000000 0.000000 0.062748
-0.001727 0.000368
4
261.608892 97.788233
5.295000 9.953000 12.082942 60 1
0.000000 0.000000 0.000000 0.000000 0.060662
-0.000220 -0.001306
4
83.271450 334.831079
5.295000 9.953000 12.082942 47 1
0.000000 0.000000 0.000000 0.000000 0.055543
-0.001698 0.000399
4
134.900051 81.898473
5.295000 9.953000 12.082942 51 1
0.000000 0.000000 0.000000 0.000000 0.047850
-0.000162 -0.000351
4
59.170061 230.475464
5.295000 9.953000 12.082942 75 1
0.000000 0.000000 0.000000 0.000000 0.050166
-0.001464 -0.000436
4
67.898392 345.005357
5.295000 9.953000 12.082942 75 1
0.000000 0.000000 0.000000 0.000000 0.057579
-0.001821 0.000448
4
106.602710 234.040671
5.295000 9.953000 12.082942 70 1
0.000000 0.000000 0.000000 0.000000 0.041593
-0.000883 -0.000315
4
146.998416 259.763555
5.295000 9.953000 12.082942 32 1
0.000000 0.000000 0.000000 0.000000 0.036851
-0.000149 -0.000206
4
380.702383 404.560857
5.295000 9.953000 12.082942 44 1
0.000000 0.000000 0.000000 0.000000 0.057942
0.000493 0.000715
4
50.552700 316.913576
5.295000 9.953000 12.082942 42 1
0.000000 0.000000 0.000000 0.000000 0.057611
-0.001881 0.000224
4
183.068292 400.795235
5.295000 9.953000 12.082942 72 1
0.000000 0.000000 0.000000 0.000000 0.024062
-0.000563 0.001317
4
268.978583 355.335250
5.295000 9.953000 12.082942 58 1
0.000000 0.000000 0.000000 0.000000 0.066060
0.001019 0.002611
1
302.740323 173.656030
5.295000 9.953000 12.082942 41 2
0.065880 0.000000 0.000000 0.000000 0.025105
0.004499 -0.013457
1
312.312818 142.642886
5.295000 9.953000 12.082942 20 2
0.065880 0.000000 0.000000 0.000000 0.024853
0.000641 -0.000544
4
103.977344 161.917721
5.295000 9.953000 12.082942 36 1
0.000000 0.000000 0.000000 0.000000 0.040609
-0.001466 -0.000639
4
286.923295 205.175793
5.295000 9.953000 12.082942 66 1
0.000000 0.000000 0.000000 0.000000 0.035318
-0.003253 0.003170
1
333.475679 85.441076
5.295000 9.953000 12.082942 30 2
0.065880 0.000000 0.000000 0.000000 0.024608
0.001745 -0.002515
4
189.813766 283.906105
5.295000 9.953000 12.082942 46 1
0.000000 0.000000 0.000000 0.000000 0.068603
-0.000104 0.000187
4
294.999461 404.456580
5.295000 9.953000 12.082942 70 1
0.000000 0.000000 0.000000 0.000000 0.043690
0.000406 0.002993
4
70.528627 87.979717
5.295000 9.953000 12.082942 38 1
0.000000 0.000000 0.000000 0.000000 0.302078
-0.002458 -0.001043
4
295.570018 241.131854
5.295000 9.953000 12.082942 50 1
0.000000 0.000000 0.000000 0.000000 0.042030
0.000802 -0.001013
4
250.097015 161.080535
5.295000 9.953000 12.082942 43 1
0.000000 0.000000 0.000000 0.000000 0.036909
0.009056 0.012516
4
166.846361 331.835910
5.295000 9.953000 12.082942 65 1
0.000000 0.000000 0.000000 0.000000 0.032036
-0.000468 0.001206
4
136.365462 124.303865
5.295000 9.953000 12.082942 33 1
0.000000 0.000000 0.000000 0.000000 0.057411
-0.002103 -0.000295
4
336.721341 306.947472
5.295000 9.953000 12.082942 72 1
0.000000 0.000000 0.000000 0.000000 0.025493
-0.023748 -0.026768
1
419.759816 325.093164
5.295000 9.953000 12.082942 0 1
0.065880 0.000000 0.000000 0.000000 0.041461
0.002995 0.000491
4
101.394810 362.110754
5.295000 9.953000 12.082942 61 1
0.000000 0.000000 0.000000 0.000000 0.055737
-0.001573 0.000312
4
246.687831 62.795672
5.295000 9.953000 12.082942 49 1
0.000000 0.000000 0.000000 0.000000 0.056463
0.000079 -0.001974
4
380.710028 69.326952
5.295000 9.953000 12.082942 70 1
0.000000 0.000000 0.000000 0.000000 0.064883
0.001825 -0.002581
4
301.746027 106.694399
5.295000 9.953000 12.082942 60 1
0.000000 0.000000 0.000000 0.000000 0.027477
0.001458 -0.000179
4
453.592463 332.528428
5.295000 9.953000 12.082942 62 1
0.000000 0.000000 0.000000 0.000000 0.045348
0.001352 0.002123
4
75.769072 238.821387
5.295000 9.953000 12.082942 43 1
0.000000 0.000000 0.000000 0.000000 0.051762
-0.001341 -0.000238
4
42.553195 222.016885
5.295000 9.953000 12.082942 32 1
0.000000 0.000000 0.000000 0.000000 0.047644
-0.001711 -0.000402
4
469.611329 279.407061
5.295000 9.953000 12.082942 50 1
0.000000 0.000000 0.000000 0.000000 0.061716
0.000712 0.002121
4
178.045437 199.716325
5.295000 9.953000 12.082942 59 1
0.000000 0.000000 0.000000 0.000000 0.019003
0.000771 -0.000746
4
297.457578 371.793345
5.295000 9.953000 12.082942 39 1
0.000000 0.000000 0.000000 0.000000 0.068606
0.000852 0.002680
4
71.466104 402.069243
5.295000 9.953000 12.082942 48 1
0.000000 0.000000 0.000000 0.000000 0.160323
-0.001761 0.000528
4
311.297654 327.148954
5.295000 9.953000 12.082942 32 1
0.000000 0.000000 0.000000 0.000000 0.053774
0.000512 0.001800
4
128.645111 256.164187
5.295000 9.953000 12.082942 61 1
0.000000 0.000000 0.000000 0.000000 0.020928
-0.000448 -0.000166
4
88.246370 115.330386
5.295000 9.953000 12.082942 40 1
0.000000 0.000000 0.000000 0.000000 0.087412
-0.002802 -0.001702
4
431.876563 289.522623
5.295000 9.953000 12.082942 64 1
0.000000 0.000000 0.000000 0.000000 0.058191
0.002798 -0.000068
4
356.372650 212.224075
5.295000 9.953000 12.082942 58 1
0.000000 0.000000 0.000000 0.000000 0.055578
-0.004217 -0.001633
4
174.633804 384.042864
5.295000 9.953000 12.082942 50 1
0.000000 0.000000 0.000000 0.000000 0.038915
-0.000570 0.001192
2
73.228553 421.127310
5.295000 9.953000 12.082942 74 1
0.065880 0.000000 0.000000 0.000000 0.208670
-0.001703 0.000535
4
54.514934 393.420861
5.295000 9.953000 12.082942 44 1
0.000000 0.000000 0.000000 0.000000 0.270048
-0.001801 0.000549
4
447.829598 185.136584
5.295000 9.953000 12.082942 37 1
0.000000 0.000000 0.000000 0.000000 0.074442
0.001455 -0.000967
1
275.496175 436.274332
5.295000 9.953000 12.082942 0 1
0.065880 0.000000 0.000000 0.000000 0.030386
-0.000168 0.003768
1
248.268668 419.521528
5.295000 9.953000 12.082942 28 2
0.065880 0.000000 0.000000 0.000000 0.048400
-0.000385 0.002429
4
351.056615 91.377627
5.295000 9.953000 12.082942 63 1
0.000000 0.000000 0.000000 0.000000 0.035608
0.001740 -0.002327
4
67.373259 325.254030
5.295000 9.953000 12.082942 31 1
0.000000 0.000000 0.000000 0.000000 0.058831
-0.001803 0.000270
1
295.917572 89.047162
5.295000 9.953000 12.082942 0 1
0.065880 0.000000 0.000000 0.000000 0.039262
0.000913 -0.000201
4
73.127679 182.259111
5.295000 9.953000 12.082942 54 1
0.000000 0.000000 0.000000 0.000000 0.034291
-0.001916 -0.000529
4
36.482622 365.451525
5.295000 9.953000 12.082942 39 1
0.000000 0.000000 0.000000 0.000000 0.280876
-0.001902 0.000412
4
361.504200 60.156747
5.295000 9.953000 12.082942 66 1
0.000000 0.000000 0.000000 0.000000 0.050720
0.001815 -0.002026
4
219.867059 174.480472
5.295000 9.953000 12.082942 35 1
0.000000 0.000000 0.000000 0.000000 0.060985
-0.017076 -0.005684
4
320.015376 111.510665
5.295000 9.953000 12.082942 61 1
0.000000 0.000000 0.000000 0.000000 0.034183
0.001903 -0.000766
4
441.818834 108.973116
5.295000 9.953000 12.082942 64 1
0.000000 0.000000 0.000000 0.000000 0.187205
0.000665 -0.001902
4
292.482072 328.016432
5.295000 9.953000 12.082942 62 1
0.000000 0.000000 0.000000 0.000000 0.050111
-0.000096 -0.000043
4
399.879675 177.896140
5.295000 9.953000 12.082942 70 1
0.000000 0.000000 0.000000 0.000000 0.033794
0.001558 -0.001079
4
196.325844 203.036370
5.295000 9.953000 12.082942 32 1
0.000000 0.000000 0.000000 0.000000 0.033836
0.000588 -0.000651
4
155.228436 415.407041
5.295000 9.953000 12.082942 45 1
0.000000 0.000000 0.000000 0.000000 0.050826
-0.001313 0.001492
1
439.697530 90.165630
5.295000 9.953000 12.082942 22 2
0.065880 0.000000 0.000000 0.000000 0.192310
0.000332 -0.001952
4
190.423529 101.593969
5.295000 9.953000 12.082942 48 1
0.000000 0.000000 0.000000 0.000000 0.036522
0.002448 -0.000514
4
313.528602 490.988655
5.295000 9.953000 12.082942 42 1
0.000000 0.000000 0.000000 0.000000 0.121956
0.001376 0.000160
4
348.122254 156.455829
5.295000 9.953000 12.082942 49 1
0.000000 0.000000 0.000000 0.000000 0.051048
0.000649 -0.000780
4
235.742889 208.800926
5.295000 9.953000 12.082942 47 1
0.000000 0.000000 0.000000 0.000000 0.053634
-0.005313 0.000395
4
326.724789 43.627359
5.295000 9.953000 12.082942 55 1
0.000000 0.000000 0.000000 0.000000 0.064878
-0.000085 -0.001428
4
440.569473 203.159600
5.295000 9.953000 12.082942 62 1
0.000000 0.000000 0.000000 0.000000 0.066530
0.002235 -0.000443
4
201.955574 401.894957
5.295000 9.953000 12.082942 34 1
0.000000 0.000000 0.000000 0.000000 0.042593
-0.000607 0.001455
4
336.673286 186.659322
5.295000 9.953000 12.082942 47 1
0.000000 0.000000 0.000000 0.000000 0.044525
0.006765 -0.004189
4
133.593476 340.157970
5.295000 9.953000 12.082942 54 1
0.000000 0.000000 0.000000 0.000000 0.043105
-0.002183 0.000675
4
447.543375 235.600630
5.295000 9.953000 12.082942 67 1
0.000000 0.000000 0.000000 0.000000 0.058848
0.002804 -0.000418
4
330.087275 361.070540
5.295000 9.953000 12.082942 46 1
0.000000 0.000000 0.000000 0.000000 0.060049
0.000028 0.000934
4
329.799663 325.463268
5.295000 9.953000 12.082942 71 1
0.000000 0.000000 0.000000 0.000000 0.049391
-0.002871 0.001223
4
401.461186 326.953935
5.295000 9.953000 12.082942 0 1
0.000000 0.000000 0.000000 0.000000 0.056001
0.000222 0.003417
4
426.198522 307.362473
5.295000 9.953000 12.082942 0 1
0.000000 0.000000 0.000000 0.000000 0.060369
0.002327 0.000167
4
230.998298 109.409465
5.295000 9.953000 12.082942 0 1
0.000000 0.000000 0.000000 0.000000 0.044575
-0.000071 -0.001787
4
306.588620 192.296814
5.295000 9.953000 12.082942 45 1
0.000000 0.000000 0.000000 0.000000 0.042670
0.068857 0.027463
4
374.456554 302.152394
5.295000 9.953000 12.082942 50 1
0.000000 0.000000 0.000000 0.000000 0.054926
-0.000420 -0.000068
4
453.002747 217.409049
5.295000 9.953000 12.082942 0 1
0.000000 0.000000 0.000000 0.000000 0.060898
0.002493 -0.000688
4
434.921252 221.806715
5.295000 9.953000 12.082942 0 1
0.000000 0.000000 0.000000 0.000000 0.066423
0.002564 -0.000191
4
141.861031 463.058191
5.295000 9.953000 12.082942 0 1
0.000000 0.000000 0.000000 0.000000 0.197767
-0.000442 0.002337
4
96.242263 265.006325
5.295000 9.953000 12.082942 0 1
0.000000 0.000000 0.000000 0.000000 0.053874
-0.001009 0.000216
4
277.864320 339.023105
5.295000 9.953000 12.082942 0 1
0.000000 0.000000 0.000000 0.000000 0.061117
0.001346 0.002779
4
417.848208 361.169777
5.295000 9.953000 12.082942 0 1
0.000000 0.000000 0.000000 0.000000 0.108875
0.000122 0.001544
1
393.145194 248.966514
5.295000 9.953000 12.082942 19 2
0.065880 0.000000 0.000000 0.000000 0.023913
0.002551 0.000019
4
158.867575 295.357257
5.295000 9.953000 12.082942 43 1
0.000000 0.000000 0.000000 0.000000 0.050796
-0.000246 0.000518
1
226.301350 142.034806
5.295000 9.953000 12.082942 19 2
0.065880 0.000000 0.000000 0.000000 0.036647
0.001124 -0.001825
4
289.670455 295.946270
5.295000 9.953000 12.082942 48 1
0.000000 0.000000 0.000000 0.000000 0.038623
0.002923 0.000754
4
39.427637 145.483553
5.295000 9.953000 12.082942 54 1
0.000000 0.000000 0.000000 0.000000 0.190776
-0.002286 0.000024
4
66.205862 306.204319
5.295000 9.953000 12.082942 72 1
0.000000 0.000000 0.000000 0.000000 0.050715
-0.001896 0.000155
4
44.012968 241.240411
5.295000 9.953000 12.082942 30 1
0.000000 0.000000 0.000000 0.000000 0.058531
-0.001525 -0.000311
1
407.827497 310.301329
5.295000 9.953000 12.082942 19 2
0.065880 0.000000 0.000000 0.000000 0.039276
0.002770 -0.001325
4
341.967178 223.580467
5.295000 9.953000 12.082942 54 1
0.000000 0.000000 0.000000 0.000000 0.051319
0.001061 -0.003653
4
263.407692 486.613036
5.295000 9.953000 12.082942 41 1
0.000000 0.000000 0.000000 0.000000 0.053246
0.001099 0.002507
4
276.733140 403.858798
5.295000 9.953000 12.082942 45 1
0.000000 0.000000 0.000000 0.000000 0.062259
0.000084 0.002845
4
351.039408 272.974835
5.295000 9.953000 12.082942 44 1
0.000000 0.000000 0.000000 0.000000 0.048148
0.000981 -0.001770
4
163.210690 432.215067
5.295000 9.953000 12.082942 75 1
0.000000 0.000000 0.000000 0.000000 0.036151
-0.001025 0.001576
4
353.555550 193.607135
5.295000 9.953000 12.082942 45 1
0.000000 0.000000 0.000000 0.000000 0.055724
-0.001170 0.000312
1
81.676154 295.288413
5.295000 9.953000 12.082942 19 2
0.065880 0.000000 0.000000 0.000000 0.036000
-0.001887 0.000097
4
171.364492 280.916068
5.295000 9.953000 12.082942 27 1
0.000000 0.000000 0.000000 0.000000 0.064710
-0.000164 0.000155
4
285.384473 168.794940
5.295000 9.953000 12.082942 71 1
0.000000 0.000000 0.000000 0.000000 0.026145
0.001940 0.016099
4
181.934121 433.260089
5.295000 9.953000 12.082942 42 1
0.000000 0.000000 0.000000 0.000000 0.048353
-0.001085 0.001430
4
249.274798 195.634313
5.295000 9.953000 12.082942 72 1
0.000000 0.000000 0.000000 0.000000 0.042991
-0.004124 -0.002543
4
182.191007 36.957746
5.295000 9.953000 12.082942 54 1
0.000000 0.000000 0.000000 0.000000 0.084519
0.000514 -0.001668
4
393.320213 390.512630
5.295000 9.953000 12.082942 42 1
0.000000 0.000000 0.000000 0.000000 0.070146
0.000425 0.001928
4
348.059871 321.336008
5.295000 9.953000 12.082942 39 1
0.000000 0.000000 0.000000 0.000000 0.060239
0.031803 0.050688
1
321.119353 261.628421
5.295000 9.953000 12.082942 19 2
0.065880 0.000000 0.000000 0.000000 0.024150
0.002694 0.004413
4
226.661807 289.275072
5.295000 9.953000 12.082942 32 1
0.000000 0.000000 0.000000 0.000000 0.066725
0.000380 0.001075
4
424.122273 258.100815
5.295000 9.953000 12.082942 45 1
0.000000 0.000000 0.000000 0.000000 0.045156
0.002668 -0.000020
4
40.079887 164.663671
5.295000 9.953000 12.082942 55 1
0.000000 0.000000 0.000000 0.000000 0.065682
-0.002123 -0.000444
4
85.855556 372.571597
5.295000 9.953000 12.082942 41 1
0.000000 0.000000 0.000000 0.000000 0.075599
-0.001734 0.000418
4
34.822114 327.496348
5.295000 9.953000 12.082942 53 1
0.000000 0.000000 0.000000 0.000000 0.094916
-0.001893 0.000241
1
378.287717 50.862587
5.295000 9.953000 12.082942 41 2
0.065880 0.000000 0.000000 0.000000 0.065743
0.001310 -0.002645
4
430.379932 157.153754
5.295000 9.953000 12.082942 39 1
0.000000 0.000000 0.000000 0.000000 0.056670
0.001334 -0.001458
4
337.027250 378.891023
5.295000 9.953000 12.082942 55 1
0.000000 0.000000 0.000000 0.000000 0.039970
0.000435 0.001692
4
287.086181 387.687546
5.295000 9.953000 12.082942 48 1
0.000000 0.000000 0.000000 0.000000 0.067156
0.000457 0.002850
4
411.247323 244.674719
5.295000 9.953000 12.082942 47 1
0.000000 0.000000 0.000000 0.000000 0.043937
0.002494 0.000020
4
385.872004 316.721021
5.295000 9.953000 12.082942 65 1
0.000000 0.000000 0.000000 0.000000 0.055352
0.002105 0.000906
4
88.185249 153.013779
5.295000 9.953000 12.082942 70 1
0.000000 0.000000 0.000000 0.000000 0.039806
-0.001873 -0.000596
4
71.593300 106.616713
5.295000 9.953000 12.082942 43 1
0.000000 0.000000 0.000000 0.000000 0.133850
-0.003190 -0.000626
4
310.839726 472.380098
5.295000 9.953000 12.082942 47 1
0.000000 0.000000 0.000000 0.000000 0.081347
0.001334 -0.000388
4
472.147685 328.965522
5.295000 9.953000 12.082942 59 1
0.000000 0.000000 0.000000 0.000000 0.046979
0.001411 0.001519
4
402.456984 195.897491
5.295000 9.953000 12.082942 61 1
0.000000 0.000000 0.000000 0.000000 0.033898
0.001883 -0.000897
4
41.419027 202.802438
5.295000 9.953000 12.082942 31 1
0.000000 0.000000 0.000000 0.000000 0.049774
-0.002493 -0.000660
4
416.983185 226.909609
5.295000 9.953000 12.082942 63 1
0.000000 0.000000 0.000000 0.000000 0.046764
0.002315 -0.000366
4
209.112752 237.348215
5.295000 9.953000 12.082942 41 1
0.000000 0.000000 0.000000 0.000000 0.031685
0.000362 -0.000180
4
357.209505 255.493387
5.295000 9.953000 12.082942 55 1
0.000000 0.000000 0.000000 0.000000 0.061532
0.002035 -0.000125
4
202.149322 269.256891
5.295000 9.953000 12.082942 31 1
0.000000 0.000000 0.000000 0.000000 0.068187
0.000121 0.000198
4
430.592242 396.776511
5.295000 9.953000 12.082942 74 1
0.000000 0.000000 0.000000 0.000000 0.087581
0.000319 0.002216
4
288.842301 186.660750
5.295000 9.953000 12.082942 43 1
0.000000 0.000000 0.000000 0.000000 0.027628
-0.085380 -0.031544
1
324.012043 442.273326
5.295000 9.953000 12.082942 20 2
0.065880 0.000000 0.000000 0.000000 0.024716
0.000452 0.001801
4
178.191648 66.849128
5.295000 9.953000 12.082942 33 1
0.000000 0.000000 0.000000 0.000000 0.032768
0.000209 -0.000684
4
103.893336 399.380224
5.295000 9.953000 12.082942 33 1
0.000000 0.000000 0.000000 0.000000 0.062689
-0.001607 0.000427
4
275.194199 132.863020
5.295000 9.953000 12.082942 76 1
0.000000 0.000000 0.000000 0.000000 0.026236
0.000234 -0.000267
4
356.010754 304.647958
5.295000 9.953000 12.082942 50 1
0.000000 0.000000 0.000000 0.000000 0.055543
0.007190 -0.009108
1
202.741984 220.320515
5.295000 9.953000 12.082942 39 2
0.065880 0.000000 0.000000 0.000000 0.022938
0.001695 -0.000624
4
89.794913 190.914720
5.295000 9.953000 12.082942 41 1
0.000000 0.000000 0.000000 0.000000 0.047874
-0.001761 -0.000495
4
307.047596 124.669444
5.295000 9.953000 12.082942 55 1
0.000000 0.000000 0.000000 0.000000 0.033292
0.001737 -0.000473
4
321.971166 343.121426
5.295000 9.953000 12.082942 34 1
0.000000 0.000000 0.000000 0.000000 0.078740
-0.000145 0.000445
4
369.225860 270.194003
5.295000 9.953000 12.082942 72 1
0.000000 0.000000 0.000000 0.000000 0.039149
0.002238 -0.001097
4
40.708345 183.777258
5.295000 9.953000 12.082942 47 1
0.000000 0.000000 0.000000 0.000000 0.050647
-0.002395 -0.000357
4
74.100853 201.065943
5.295000 9.953000 12.082942 33 1
0.000000 0.000000 0.000000 0.000000 0.048105
-0.002101 -0.000652
4
27.152853 232.761323
5.295000 9.953000 12.082942 72 1
0.000000 0.000000 0.000000 0.000000 0.044838
-0.001552 -0.000159
4
217.956439 467.461837
5.295000 9.953000 12.082942 66 1
0.000000 0.000000 0.000000 0.000000 0.037184
-0.001003 0.001354
4
454.842582 367.068136
5.295000 9.953000 12.082942 44 1
0.000000 0.000000 0.000000 0.000000 0.132320
0.000310 0.003322
4
171.842547 231.352937
5.295000 9.953000 12.082942 36 1
0.000000 0.000000 0.000000 0.000000 0.036990
0.000472 -0.000492
4
449.184186 400.121032
5.295000 9.953000 12.082942 63 1
0.000000 0.000000 0.000000 0.000000 0.139776
0.000356 0.001963
4
367.987268 181.924352
5.295000 9.953000 12.082942 59 1
0.000000 0.000000 0.000000 0.000000 0.051806
0.002468 -0.001000
4
267.687538 323.000143
5.295000 9.953000 12.082942 47 1
0.000000 0.000000 0.000000 0.000000 0.049668
-0.001448 0.003720
4
271.197872 297.629486
5.295000 9.953000 12.082942 60 1
0.000000 0.000000 0.000000 0.000000 0.029254
-0.000003 -0.000801
1
209.374796 57.250986
5.295000 9.953000 12.082942 21 2
0.065880 0.000000 0.000000 0.000000 0.042705
-0.000075 -0.001738
4
120.244223 388.764243
5.295000 9.953000 12.082942 33 1
0.000000 0.000000 0.000000 0.000000 0.075503
-0.001800 0.000331
4
153.888351 64.662397
5.295000 9.953000 12.082942 31 1
0.000000 0.000000 0.000000 0.000000 0.037035
-0.000281 -0.000749
4
119.839277 169.824754
5.295000 9.953000 12.082942 38 1
0.000000 0.000000 0.000000 0.000000 0.050447
-0.001305 -0.000431
1
150.475805 46.409185
5.295000 9.953000 12.082942 21 2
0.065880 0.000000 0.000000 0.000000 0.058850
-0.000242 -0.000876
4
251.283725 261.987435
5.295000 9.953000 12.082942 48 1
0.000000 0.000000 0.000000 0.000000 0.030594
-0.000122 0.000248
4
80.672888 276.390787
5.295000 9.953000 12.082942 43 1
0.000000 0.000000 0.000000 0.000000 0.064700
-0.001840 -0.000091
1
283.357445 67.874190
5.295000 9.953000 12.082942 21 2
0.065880 0.000000 0.000000 0.000000 0.040013
-0.000003 -0.001564
4
231.054022 355.046060
5.295000 9.953000 12.082942 34 1
0.000000 0.000000 0.000000 0.000000 0.048528
0.001343 0.000644
4
120.712394 114.463607
5.295000 9.953000 12.082942 58 1
0.000000 0.000000 0.000000 0.000000 0.049236
-0.002251 -0.001286
4
442.436881 253.712851
5.295000 9.953000 12.082942 68 1
0.000000 0.000000 0.000000 0.000000 0.044846
0.002948 -0.000347
4
262.642650 146.843109
5.295000 9.953000 12.082942 32 1
0.000000 0.000000 0.000000 0.000000 0.033540
0.004137 0.005227
4
188.597033 482.483080
5.295000 9.953000 12.082942 60 1
0.000000 0.000000 0.000000 0.000000 0.106927
-0.000036 0.001752
4
104.769604 143.357273
5.295000 9.953000 12.082942 43 1
0.000000 0.000000 0.000000 0.000000 0.037594
-0.002373 -0.000937
4
287.898099 355.137417
5.295000 9.953000 12.082942 36 1
0.000000 0.000000 0.000000 0.000000 0.077264
0.000997 0.002762
4
177.625501 298.543700
5.295000 9.953000 12.082942 36 1
0.000000 0.000000 0.000000 0.000000 0.063022
-0.000251 0.000194
4
285.736441 420.565755
5.295000 9.953000 12.082942 32 1
0.000000 0.000000 0.000000 0.000000 0.045159
-0.000784 0.002802
4
444.617731 303.462375
5.295000 9.953000 12.082942 77 1
0.000000 0.000000 0.000000 0.000000 0.028035
0.002801 -0.000216
4
485.451502 179.576413
5.295000 9.953000 12.082942 64 1
0.000000 0.000000 0.000000 0.000000 0.148479
0.001152 -0.002117
4
254.894106 178.272640
5.295000 9.953000 12.082942 70 1
0.000000 0.000000 0.000000 0.000000 0.033859
-0.066278 -0.009863
4
201.852895 121.905271
5.295000 9.953000 12.082942 51 1
0.000000 0.000000 0.000000 0.000000 0.052072
-0.000766 -0.002071
4
313.740168 57.030550
5.295000 9.953000 12.082942 63 1
0.000000 0.000000 0.000000 0.000000 0.059160
0.000184 -0.000986
4
116.484490 454.080277
5.295000 9.953000 12.082942 45 1
0.000000 0.000000 0.000000 0.000000 0.292017
-0.001623 0.000291
4
305.808819 210.341241
5.295000 9.953000 12.082942 62 1
0.000000 0.000000 0.000000 0.000000 0.037151
-0.001549 -0.008541
4
478.341348 196.843871
5.295000 9.953000 12.082942 58 1
0.000000 0.000000 0.000000 0.000000 0.083268
0.002131 -0.001508
4
343.368055 396.746553
5.295000 9.953000 12.082942 39 1
0.000000 0.000000 0.000000 0.000000 0.041106
0.001289 0.000741
4
210.800900 418.401570
5.295000 9.953000 12.082942 43 1
0.000000 0.000000 0.000000 0.000000 0.051641
-0.000795 0.001483
4
192.924244 352.145043
5.295000 9.953000 12.082942 34 1
0.000000 0.000000 0.000000 0.000000 0.041226
0.000123 0.000750
4
165.723195 164.322359
5.295000 9.953000 12.082942 44 1
0.000000 0.000000 0.000000 0.000000 0.050297
-0.000165 -0.000622
4
493.885801 230.536721
5.295000 9.953000 12.082942 59 1
0.000000 0.000000 0.000000 0.000000 0.084269
-0.001461 -0.000398
4
116.056000 218.439560
5.295000 9.953000 12.082942 51 1
0.000000 0.000000 0.000000 0.000000 0.056448
-0.001004 -0.000757
4
88.551096 410.312716
5.295000 9.953000 12.082942 49 1
0.000000 0.000000 0.000000 0.000000 0.115685
-0.001698 0.000449
1
307.922293 39.154625
5.295000 9.953000 12.082942 47 2
0.065880 0.000000 0.000000 0.000000 0.058817
0.000127 -0.001040
4
300.501409 311.587667
5.295000 9.953000 12.082942 61 1
0.000000 0.000000 0.000000 0.000000 0.042933
-0.002347 -0.001177
4
424.364108 101.180237
5.295000 9.953000 12.082942 38 1
0.000000 0.000000 0.000000 0.000000 0.136546
0.000506 -0.001779
4
447.522611 165.713391
5.295000 9.953000 12.082942 44 1
0.000000 0.000000 0.000000 0.000000 0.071504
0.001404 -0.001463
4
345.705985 138.268789
5.295000 9.953000 12.082942 57 1
0.000000 0.000000 0.000000 0.000000 0.045266
0.000823 -0.001500
4
479.737404 243.289198
5.295000 9.953000 12.082942 53 1
0.000000 0.000000 0.000000 0.000000 0.073151
0.000137 0.002060
4
293.775374 465.152531
5.295000 9.953000 12.082942 49 1
0.000000 0.000000 0.000000 0.000000 0.051538
0.000072 0.001389
4
411.034927 130.592484
5.295000 9.953000 12.082942 54 1
0.000000 0.000000 0.000000 0.000000 0.061456
0.000922 -0.001560
4
11.660303 243.507904
5.295000 9.953000 12.082942 40 1
0.000000 0.000000 0.000000 0.000000 0.059684
-0.001630 -0.000024
4
33.607302 308.599778
5.295000 9.953000 12.082942 70 1
0.000000 0.000000 0.000000 0.000000 0.069103
-0.001895 0.000128
4
149.729071 364.322469
5.295000 9.953000 12.082942 41 1
0.000000 0.000000 0.000000 0.000000 0.060364
-0.001159 0.001433
4
87.046513 391.360880
5.295000 9.953000 12.082942 74 1
0.000000 0.000000 0.000000 0.000000 0.082850
-0.001729 0.000472
4
165.772999 213.830083
5.295000 9.953000 12.082942 40 1
0.000000 0.000000 0.000000 0.000000 0.031186
0.000397 -0.000458
1
172.083978 182.100923
5.295000 9.953000 12.082942 23 2
0.065880 0.000000 0.000000 0.000000 0.020949
0.000179 -0.000791
4
393.526988 122.844784
5.295000 9.953000 12.082942 46 1
0.000000 0.000000 0.000000 0.000000 0.052414
0.000762 -0.001489
4
246.106268 244.275901
5.295000 9.953000 12.082942 69 1
0.000000 0.000000 0.000000 0.000000 0.030900
-0.000521 0.000165
4
134.844564 223.846494
5.295000 9.953000 12.082942 44 1
0.000000 0.000000 0.000000 0.000000 0.042424
-0.000188 -0.000148
4
184.078765 118.819508
5.295000 9.953000 12.082942 38 1
0.000000 0.000000 0.000000 0.000000 0.051163
-0.001623 -0.001814
4
159.600239 245.557160
5.295000 9.953000 12.082942 51 1
0.000000 0.000000 0.000000 0.000000 0.035135
0.000062 -0.000329
4
226.340325 484.215753
5.295000 9.953000 12.082942 33 1
0.000000 0.000000 0.000000 0.000000 0.075024
0.000365 0.001055
4
368.604733 369.741843
5.295000 9.953000 12.082942 56 1
0.000000 0.000000 0.000000 0.000000 0.053206
-0.000625 -0.015160
4
395.834956 58.159265
5.295000 9.953000 12.082942 68 1
0.000000 0.000000 0.000000 0.000000 0.200208
0.001610 -0.002890
4
90.226505 227.624185
5.295000 9.953000 12.082942 44 1
0.000000 0.000000 0.000000 0.000000 0.061548
-0.001220 -0.000133
4
28.668831 251.905480
5.295000 9.953000 12.082942 39 1
0.000000 0.000000 0.000000 0.000000 0.064852
-0.001614 -0.000204
4
367.046128 320.048230
5.295000 9.953000 12.082942 38 1
0.000000 0.000000 0.000000 0.000000 0.073713
-0.002352 0.003222
4
35.825895 346.434571
5.295000 9.953000 12.082942 61 1
0.000000 0.000000 0.000000 0.000000 0.145452
-0.001911 0.000334
1
120.295329 286.772475
5.295000 9.953000 12.082942 24 2
0.065880 0.000000 0.000000 0.000000 0.021170
0.000425 -0.000091
4
55.618460 135.418212
5.295000 9.953000 12.082942 74 1
0.000000 0.000000 0.000000 0.000000 0.072108
-0.002467 0.000040
4
314.671139 278.129400
5.295000 9.953000 12.082942 31 1
0.000000 0.000000 0.000000 0.000000 0.034692
-0.000641 -0.007402
4
411.949132 393.708497
5.295000 9.953000 12.082942 44 1
0.000000 0.000000 0.000000 0.000000 0.088526
0.000747 0.002338
1
183.918891 167.927850
5.295000 9.953000 12.082942 24 2
0.065880 0.000000 0.000000 0.000000 0.034331
-0.002106 -0.001390
4
278.832957 281.096279
5.295000 9.953000 12.082942 50 1
0.000000 0.000000 0.000000 0.000000 0.025228
-0.000907 -0.001324
4
141.495472 242.004462
5.295000 9.953000 12.082942 45 1
0.000000 0.000000 0.000000 0.000000 0.034622
-0.000255 -0.000296
4
268.097873 200.273012
5.295000 9.953000 12.082942 47 1
0.000000 0.000000 0.000000 0.000000 0.022893
-0.003087 -0.001615
4
226.823703 192.364585
5.295000 9.953000 12.082942 39 1
0.000000 0.000000 0.000000 0.000000 0.062029
-0.001852 0.002916
1
318.569222 375.792681
5.295000 9.953000 12.082942 24 2
0.065880 0.000000 0.000000 0.000000 0.040578
0.000141 0.001365
4
250.075303 355.430027
5.295000 9.953000 12.082942 38 1
0.000000 0.000000 0.000000 0.000000 0.059810
-0.000167 0.001420
4
137.223946 413.608382
5.295000 9.953000 12.082942 52 1
0.000000 0.000000 0.000000 0.000000 0.069443
-0.001619 0.001939
4
404.555005 213.903008
5.295000 9.953000 12.082942 62 1
0.000000 0.000000 0.000000 0.000000 0.041562
0.002262 -0.000420
1
114.962173 269.494303
5.295000 9.953000 12.082942 25 2
0.065880 0.000000 0.000000 0.000000 0.021727
-0.000461 -0.000157
4
397.811120 159.654262
5.295000 9.953000 12.082942 36 1
0.000000 0.000000 0.000000 0.000000 0.046116
0.001280 -0.001235
4
105.507002 418.391250
5.295000 9.953000 12.082942 32 1
0.000000 0.000000 0.000000 0.000000 0.082967
-0.001576 0.000288
4
108.624558 200.606825
5.295000 9.953000 12.082942 39 1
0.000000 0.000000 0.000000 0.000000 0.060514
-0.002447 -0.000637
4
78.266984 257.728394
5.295000 9.953000 12.082942 54 1
0.000000 0.000000 0.000000 0.000000 0.068277
-0.001376 -0.000174
4
228.282633 451.564985
5.295000 9.953000 12.082942 53 1
0.000000 0.000000 0.000000 0.000000 0.034484
-0.001253 0.001361
1
374.014259 436.201038
5.295000 9.953000 12.082942 25 2
0.065880 0.000000 0.000000 0.000000 0.034665
0.000783 0.002028
4
133.903833 100.734462
5.295000 9.953000 12.082942 31 1
0.000000 0.000000 0.000000 0.000000 0.059835
-0.001379 -0.000853
4
233.070441 257.898762
5.295000 9.953000 12.082942 72 1
0.000000 0.000000 0.000000 0.000000 0.037477
0.000161 0.001055
4
193.288766 385.420900
5.295000 9.953000 12.082942 31 1
0.000000 0.000000 0.000000 0.000000 0.034702
-0.000582 0.001434
4
154.524105 345.971143
5.295000 9.953000 12.082942 35 1
0.000000 0.000000 0.000000 0.000000 0.039528
0.000091 0.001328
1
333.677588 167.758150
5.295000 9.953000 12.082942 25 2
0.065880 0.000000 0.000000 0.000000 0.037396
0.004792 -0.002707
4
161.446088 313.975819
5.295000 9.953000 12.082942 47 1
0.000000 0.000000 0.000000 0.000000 0.049574
-0.002517 0.000251
1
123.113552 188.313075
5.295000 9.953000 12.082942 26 2
0.065880 0.000000 0.000000 0.000000 0.039187
-0.001222 -0.000004
4
130.672621 321.706121
5.295000 9.953000 12.082942 32 1
0.000000 0.000000 0.000000 0.000000 0.045252
-0.001290 0.000677
4
389.547261 85.814624
5.295000 9.953000 12.082942 47 1
0.000000 0.000000 0.000000 0.000000 0.052060
0.000266 -0.001617
4
194.924635 22.493173
5.295000 9.953000 12.082942 40 1
0.000000 0.000000 0.000000 0.000000 0.088482
0.000143 -0.002080
4
14.911926 281.571735
5.295000 9.953000 12.082942 72 1
0.000000 0.000000 0.000000 0.000000 0.052469
-0.001784 -0.000082
4
147.373545 160.486437
5.295000 9.953000 12.082942 49 1
0.000000 0.000000 0.000000 0.000000 0.056207
-0.000790 -0.000222
4
411.701853 342.981925
5.295000 9.953000 12.082942 50 1
0.000000 0.000000 0.000000 0.000000 0.083588
0.002330 0.000401
1
232.720293 27.683741
5.295000 9.953000 12.082942 26 2
0.065880 0.000000 0.000000 0.000000 0.051538
0.000130 -0.001998
4
208.418694 188.862730
5.295000 9.953000 12.082942 32 1
0.000000 0.000000 0.000000 0.000000 0.046173
0.002268 -0.003561
4
361.305279 450.309078
5.295000 9.953000 12.082942 46 1
0.000000 0.000000 0.000000 0.000000 0.098381
0.000670 0.002026
4
373.688849 96.523249
5.295000 9.953000 12.082942 54 1
0.000000 0.000000 0.000000 0.000000 0.042197
0.000343 -0.001583
4
350.824472 174.953121
5.295000 9.953000 12.082942 48 1
0.000000 0.000000 0.000000 0.000000 0.050706
-0.000258 -0.000710
4
53.227385 374.397985
5.295000 9.953000 12.082942 45 1
0.000000 0.000000 0.000000 0.000000 0.168313
-0.001872 0.000504
4
399.510196 358.885224
5.295000 9.953000 12.082942 54 1
0.000000 0.000000 0.000000 0.000000 0.064239
0.002785 0.003875
4
273.166617 218.052455
5.295000 9.953000 12.082942 38 1
0.000000 0.000000 0.000000 0.000000 0.030138
-0.001613 -0.001048
2
144.347991 28.780284
5.295000 9.953000 12.082942 69 1
0.065880 0.000000 0.000000 0.000000 0.272722
-0.000456 -0.000556
4
272.906202 83.166090
5.295000 9.953000 12.082942 46 1
0.000000 0.000000 0.000000 0.000000 0.066831
-0.000346 -0.001677
4
340.972109 346.127318
5.295000 9.953000 12.082942 47 1
0.000000 0.000000 0.000000 0.000000 0.079018
-0.000311 0.000417
4
196.540570 319.889771
5.295000 9.953000 12.082942 34 1
0.000000 0.000000 0.000000 0.000000 0.048550
-0.003772 0.000052
4
465.576174 231.327326
5.295000 9.953000 12.082942 54 1
0.000000 0.000000 0.000000 0.000000 0.067014
0.002809 -0.001054
1
244.435607 12.835350
5.295000 9.953000 12.082942 46 2
0.065880 0.000000 0.000000 0.000000 0.053348
0.000292 -0.002037
4
311.491435 359.031997
5.295000 9.953000 12.082942 34 1
0.000000 0.000000 0.000000 0.000000 0.080550
-0.000022 0.001151
4
413.111046 149.131164
5.295000 9.953000 12.082942 71 1
0.000000 0.000000 0.000000 0.000000 0.046691
0.001148 -0.001485
4
208.255656 286.599596
5.295000 9.953000 12.082942 29 1
0.000000 0.000000 0.000000 0.000000 0.068833
0.000043 0.000480
4
445.704879 146.633457
5.295000 9.953000 12.082942 65 1
0.000000 0.000000 0.000000 0.000000 0.079266
0.001247 -0.001656
4
277.803888 235.969991
5.295000 9.953000 12.082942 55 1
0.000000 0.000000 0.000000 0.000000 0.028426
-0.001190 -0.001232
4
266.927351 419.842819
5.295000 9.953000 12.082942 32 1
0.000000 0.000000 0.000000 0.000000 0.050935
-0.000332 0.003119
4
99.970935 343.297287
5.295000 9.953000 12.082942 38 1
0.000000 0.000000 0.000000 0.000000 0.052927
-0.001561 0.000356
1
104.595006 124.314093
5.295000 9.953000 12.082942 29 2
0.065880 0.000000 0.000000 0.000000 0.032770
-0.002551 -0.001366
4
230.623410 386.790014
5.295000 9.953000 12.082942 34 1
0.000000 0.000000 0.000000 0.000000 0.054501
-0.000125 0.001833
4
118.427446 370.265330
5.295000 9.953000 12.082942 37 1
0.000000 0.000000 0.000000 0.000000 0.064146
-0.001607 0.000347
4
153.014384 277.294477
5.295000 9.953000 12.082942 55 1
0.000000 0.000000 0.000000 0.000000 0.046888
-0.000333 0.000170
4
208.166698 139.307091
5.295000 9.953000 12.082942 49 1
0.000000 0.000000 0.000000 0.000000 0.059331
-0.002004 -0.003109
4
330.361906 148.811150
5.295000 9.953000 12.082942 42 1
0.000000 0.000000 0.000000 0.000000 0.049142
0.001491 -0.001372
1
355.355971 432.522000
5.295000 9.953000 12.082942 30 2
0.065880 0.000000 0.000000 0.000000 0.027701
0.000826 0.001905
4
280.347602 494.702395
5.295000 9.953000 12.082942 40 1
0.000000 0.000000 0.000000 0.000000 0.071620
0.001998 0.002012
4
239.477980 403.088544
5.295000 9.953000 12.082942 32 1
0.000000 0.000000 0.000000 0.000000 0.062185
-0.000191 0.002159
1
378.275496 133.832465
5.295000 9.953000 12.082942 30 2
0.065880 0.000000 0.000000 0.000000 0.027946
0.000868 -0.001371
4
375.991482 115.281780
5.295000 9.953000 12.082942 44 1
0.000000 0.000000 0.000000 0.000000 0.049220
0.000579 -0.001498
4
343.206067 120.279899
5.295000 9.953000 12.082942 57 1
0.000000 0.000000 0.000000 0.000000 0.041068
0.000566 -0.001554
1
459.140202 116.875297
5.295000 9.953000 12.082942 30 2
0.065880 0.000000 0.000000 0.000000 0.212414
0.000770 -0.001986
4
238.324214 435.610359
5.295000 9.953000 12.082942 32 1
0.000000 0.000000 0.000000 0.000000 0.052774
-0.000724 0.001986
1
242.553506 94.865732
5.295000 9.953000 12.082942 31 2
0.065880 0.000000 0.000000 0.000000 0.036082
0.000145 -0.001417
4
361.895617 400.591210
5.295000 9.953000 12.082942 74 1
0.000000 0.000000 0.000000 0.000000 0.034218
0.001311 0.000968
4
68.986862 364.071139
5.295000 9.953000 12.082942 53 1
0.000000 0.000000 0.000000 0.000000 0.101000
-0.001821 0.000470
4
24.735371 194.200855
5.295000 9.953000 12.082942 46 1
0.000000 0.000000 0.000000 0.000000 0.055843
-0.003190 -0.000617
4
419.802297 189.679659
5.295000 9.953000 12.082942 67 1
0.000000 0.000000 0.000000 0.000000 0.028802
0.002362 0.000062
1
375.186807 252.897942
5.295000 9.953000 12.082942 32 2
0.065880 0.000000 0.000000 0.000000 0.026682
0.001613 0.000390
1
332.085327 61.766581
5.295000 9.953000 12.082942 57 2
0.065880 0.000000 0.000000 0.000000 0.043572
0.000380 -0.001352
4
149.000939 110.830543
5.295000 9.953000 12.082942 44 1
0.000000 0.000000 0.000000 0.000000 0.064413
-0.001875 -0.000185
1
314.896248 93.206291
5.295000 9.953000 12.082942 32 2
0.065880 0.000000 0.000000 0.000000 0.023215
0.001024 -0.000628
4
465.782685 346.881925
5.295000 9.953000 12.082942 69 1
0.000000 0.000000 0.000000 0.000000 0.069952
0.002002 0.001506
1
347.394577 72.805301
5.295000 9.953000 12.082942 32 2
0.065880 0.000000 0.000000 0.000000 0.030636
0.001563 -0.002509
4
328.608491 479.133207
5.295000 9.953000 12.082942 53 1
0.000000 0.000000 0.000000 0.000000 0.090605
0.001415 0.001427
4
118.550361 72.546900
5.295000 9.953000 12.082942 74 1
0.000000 0.000000 0.000000 0.000000 0.088747
-0.000226 -0.000420
4
221.084336 42.517163
5.295000 9.953000 12.082942 62 1
0.000000 0.000000 0.000000 0.000000 0.054022
-0.000071 -0.001931
1
159.861781 196.239420
5.295000 9.953000 12.082942 34 2
0.065880 0.000000 0.000000 0.000000 0.037024
-0.000072 -0.000419
1
464.570009 297.290894
5.295000 9.953000 12.082942 34 2
0.065880 0.000000 0.000000 0.000000 0.031008
0.000892 0.002039
4
84.555801 353.726451
5.295000 9.953000 12.082942 42 1
0.000000 0.000000 0.000000 0.000000 0.052117
-0.001713 0.000418
1
231.889408 323.803648
5.295000 9.953000 12.082942 35 2
0.065880 0.000000 0.000000 0.000000 0.024245
-0.006268 0.001498
4
318.400784 424.635351
5.295000 9.953000 12.082942 65 1
0.000000 0.000000 0.000000 0.000000 0.035352
0.001520 0.001465
4
143.921152 396.002296
5.295000 9.953000 12.082942 40 1
0.000000 0.000000 0.000000 0.000000 0.067667
-0.002006 0.001220
1
280.906237 100.699494
5.295000 9.953000 12.082942 35 2
0.065880 0.000000 0.000000 0.000000 0.027710
-0.000805 -0.001640
1
305.903481 389.240722
5.295000 9.953000 12.082942 35 2
0.065880 0.000000 0.000000 0.000000 0.037109
0.000512 0.002348
4
173.477067 416.465827
5.295000 9.953000 12.082942 65 1
0.000000 0.000000 0.000000 0.000000 0.029255
-0.001132 0.001305
1
39.147894 126.391093
5.295000 9.953000 12.082942 36 2
0.065880 0.000000 0.000000 0.000000 0.361970
-0.002842 0.000358
4
167.355680 366.904908
5.295000 9.953000 12.082942 57 1
0.000000 0.000000 0.000000 0.000000 0.050761
-0.000515 0.001200
4
268.909269 115.138921
5.295000 9.953000 12.082942 47 1
0.000000 0.000000 0.000000 0.000000 0.050176
-0.000613 -0.000986
1
110.426623 251.936517
5.295000 9.953000 12.082942 36 2
0.065880 0.000000 0.000000 0.000000 0.019375
-0.000790 -0.000131
4
399.901882 280.771481
5.295000 9.953000 12.082942 70 1
0.000000 0.000000 0.000000 0.000000 0.025076
0.002009 0.000284
4
290.358149 447.018803
5.295000 9.953000 12.082942 50 1
0.000000 0.000000 0.000000 0.000000 0.038720
0.003155 0.000437
4
344.375613 290.303699
5.295000 9.953000 12.082942 59 1
0.000000 0.000000 0.000000 0.000000 0.035797
-0.001243 0.006341
4
223.632380 92.088201
5.295000 9.953000 12.082942 55 1
0.000000 0.000000 0.000000 0.000000 0.035583
0.000403 -0.001587
4
386.785112 422.211545
5.295000 9.953000 12.082942 49 1
0.000000 0.000000 0.000000 0.000000 0.053928
0.000906 0.002405
4
265.164791 65.439189
5.295000 9.953000 12.082942 52 1
0.000000 0.000000 0.000000 0.000000 0.073417
0.000001 -0.001874
1
387.188948 373.087557
5.295000 9.953000 12.082942 39 2
0.065880 0.000000 0.000000 0.000000 0.046871
0.002040 0.001695
4
51.609402 335.959174
5.295000 9.953000 12.082942 56 1
0.000000 0.000000 0.000000 0.000000 0.071407
-0.001856 0.000333
4
344.963641 241.573011
5.295000 9.953000 12.082942 52 1
0.000000 0.000000 0.000000 0.000000 0.064563
0.001112 -0.000233
4
214.784946 206.209156
5.295000 9.953000 12.082942 64 1
0.000000 0.000000 0.000000 0.000000 0.050846
0.003297 -0.002673
4
140.588253 290.888714
5.295000 9.953000 12.082942 50 1
0.000000 0.000000 0.000000 0.000000 0.043326
-0.000463 0.000183
4
459.363331 315.021773
5.295000 9.953000 12.082942 50 1
0.000000 0.000000 0.000000 0.000000 0.031433
0.001046 0.002003
1
183.525810 84.461212
5.295000 9.953000 12.082942 40 2
0.065880 0.000000 0.000000 0.000000 0.025486
0.000133 -0.000258
4
133.512538 445.924429
5.295000 9.953000 12.082942 57 1
0.000000 0.000000 0.000000 0.000000 0.122101
-0.000529 0.002464
4
71.971182 125.409604
5.295000 9.953000 12.082942 46 1
0.000000 0.000000 0.000000 0.000000 0.080513
-0.002598 -0.000409
4
418.762037 275.829308
5.295000 9.953000 12.082942 48 1
0.000000 0.000000 0.000000 0.000000 0.050452
0.002674 -0.000200
4
466.530062 182.115792
5.295000 9.953000 12.082942 64 1
0.000000 0.000000 0.000000 0.000000 0.084743
0.001463 -0.001108
4
255.873162 307.150027
5.295000 9.953000 12.082942 61 1
0.000000 0.000000 0.000000 0.000000 0.036331
0.000983 0.003272
1
228.031624 60.086208
5.295000 9.953000 12.082942 41 2
0.065880 0.000000 0.000000 0.000000 0.024710
0.000117 -0.001978
4
150.981226 92.212170
5.295000 9.953000 12.082942 57 1
0.000000 0.000000 0.000000 0.000000 0.047811
-0.000049 -0.000032
4
64.808567 287.194094
5.295000 9.953000 12.082942 43 1
0.000000 0.000000 0.000000 0.000000 0.074191
-0.001879 -0.000006
4
202.493833 39.572988
5.295000 9.953000 12.082942 56 1
0.000000 0.000000 0.000000 0.000000 0.077310
-0.000287 -0.001785
4
319.759398 179.892888
5.295000 9.953000 12.082942 46 1
0.000000 0.000000 0.000000 0.000000 0.034311
-0.005998 0.007041
4
231.966871 159.783119
5.295000 9.953000 12.082942 43 1
0.000000 0.000000 0.000000 0.000000 0.049431
-0.004667 -0.007673
4
280.641129 150.705386
5.295000 9.953000 12.082942 50 1
0.000000 0.000000 0.000000 0.000000 0.028436
-0.004229 -0.003378
1
23.486335 155.917879
5.295000 9.953000 12.082942 41 2
0.065880 0.000000 0.000000 0.000000 0.174412
-0.002387 -0.000608
1
362.395605 40.998664
5.295000 9.953000 12.082942 41 2
0.065880 0.000000 0.000000 0.000000 0.088603
0.000468 -0.001756
4
24.099387 175.001112
5.295000 9.953000 12.082942 57 1
0.000000 0.000000 0.000000 0.000000 0.104862
-0.001979 -0.000863
4
160.928701 464.598433
5.295000 9.953000 12.082942 46 1
0.000000 0.000000 0.000000 0.000000 0.106867
-0.000514 0.002103
1
209.367620 450.809387
5.295000 9.953000 12.082942 42 2
0.065880 0.000000 0.000000 0.000000 0.040047
-0.001149 0.001367
4
302.506424 343.347085
5.295000 9.953000 12.082942 43 1
0.000000 0.000000 0.000000 0.000000 0.077655
-0.000049 0.000317
1
422.240569 208.260960
5.295000 9.953000 12.082942 42 2
0.065880 0.000000 0.000000 0.000000 0.036022
0.002334 0.000017
4
244.992548 485.036285
5.295000 9.953000 12.082942 52 1
0.000000 0.000000 0.000000 0.000000 0.067503
0.000759 0.000320
1
339.805373 30.235214
5.295000 9.953000 12.082942 43 2
0.065880 0.000000 0.000000 0.000000 0.069993
-0.000545 -0.001908
4
365.488265 163.500560
5.295000 9.953000 12.082942 45 1
0.000000 0.000000 0.000000 0.000000 0.054805
0.001777 -0.001292
4
74.245660 219.594943
5.295000 9.953000 12.082942 44 1
0.000000 0.000000 0.000000 0.000000 0.061370
-0.001423 -0.000589
4
222.090677 338.903530
5.295000 9.953000 12.082942 46 1
0.000000 0.000000 0.000000 0.000000 0.038317
0.001535 -0.001006
4
374.633406 387.122036
5.295000 9.953000 12.082942 47 1
0.000000 0.000000 0.000000 0.000000 0.052217
0.002014 0.006378
1
474.668340 261.405197
5.295000 9.953000 12.082942 45 2
0.065880 0.000000 0.000000 0.000000 0.046043
0.000482 0.002170
1
54.636920 97.832508
5.295000 9.953000 12.082942 76 2
0.065880 0.000000 0.000000 0.000000 0.371614
-0.003237 -0.000035
4
490.203392 211.856847
5.295000 9.953000 12.082942 49 1
0.000000 0.000000 0.000000 0.000000 0.102835
0.002372 -0.001386
4
387.530461 266.842733
5.295000 9.953000 12.082942 64 1
0.000000 0.000000 0.000000 0.000000 0.021669
0.001839 0.000120
4
245.179398 292.259627
5.295000 9.953000 12.082942 49 1
0.000000 0.000000 0.000000 0.000000 0.046040
0.000314 0.001620
4
362.908242 352.901070
5.295000 9.953000 12.082942 55 1
0.000000 0.000000 0.000000 0.000000 0.068213
0.012973 0.030949
1
251.442653 30.372884
5.295000 9.953000 12.082942 46 2
0.065880 0.000000 0.000000 0.000000 0.044469
0.000266 -0.002073
4
342.921552 466.037532
5.295000 9.953000 12.082942 56 1
0.000000 0.000000 0.000000 0.000000 0.097444
0.002872 0.002453
4
102.214380 82.363573
5.295000 9.953000 12.082942 50 1
0.000000 0.000000 0.000000 0.000000 0.096514
-0.002449 -0.002998
1
365.096631 79.280142
5.295000 9.953000 12.082942 47 2
0.065880 0.000000 0.000000 0.000000 0.035140
0.001732 -0.002457
1
415.049826 167.689387
5.295000 9.953000 12.082942 47 2
0.065880 0.000000 0.000000 0.000000 0.027699
0.001270 -0.001446
4
289.007053 35.825904
5.295000 9.953000 12.082942 64 1
0.000000 0.000000 0.000000 0.000000 0.068725
0.000411 -0.001597
4
180.023573 465.684712
5.295000 9.953000 12.082942 50 1
0.000000 0.000000 0.000000 0.000000 0.085696
-0.000623 0.001793
4
301.301171 21.450748
5.295000 9.953000 12.082942 66 1
0.000000 0.000000 0.000000 0.000000 0.071243
0.000962 -0.001319
4
295.398702 53.366342
5.295000 9.953000 12.082942 71 1
0.000000 0.000000 0.000000 0.000000 0.052268
0.000165 -0.001241
4
17.891581 319.168473
5.295000 9.953000 12.082942 64 1
0.000000 0.000000 0.000000 0.000000 0.151346
-0.001898 0.000129
4
336.672624 103.363057
5.295000 9.953000 12.082942 77 1
0.000000 0.000000 0.000000 0.000000 0.022404
0.001541 -0.002247
4
380.100367 235.412525
5.295000 9.953000 12.082942 69 1
0.000000 0.000000 0.000000 0.000000 0.051140
0.002682 -0.000821
4
324.225525 216.972773
5.295000 9.953000 12.082942 77 1
0.000000 0.000000 0.000000 0.000000 0.030775
-0.000130 0.006084
4
263.268474 15.501360
5.295000 9.953000 12.082942 61 1
0.000000 0.000000 0.000000 0.000000 0.114300
0.000468 -0.002018
4
447.060027 349.795985
5.295000 9.953000 12.082942 56 1
0.000000 0.000000 0.000000 0.000000 0.061768
0.001965 0.002516
4
392.636997 342.121813
5.295000 9.953000 12.082942 75 1
0.000000 0.000000 0.000000 0.000000 0.053749
0.001843 -0.004099
4
345.308593 48.579699
5.295000 9.953000 12.082942 66 1
0.000000 0.000000 0.000000 0.000000 0.071765
0.000025 -0.002087
1
321.066117 25.570899
5.295000 9.953000 12.082942 58 2
0.065880 0.000000 0.000000 0.000000 0.068347
-0.000658 -0.001542
1
480.265707 161.522079
5.295000 9.953000 12.082942 73 2
0.065880 0.000000 0.000000 0.000000 0.173092
0.001886 -0.002491
5
113.883045 47.786010
4.982786 9.366132 11.370484 62 1
0.065880 0.000000 0.000000 0.000000 0.303910
-0.002552 0.005036
5
85.305770 79.003956
4.625609 8.694746 10.555422 65 1
0.065880 0.000000 0.000000 0.000000 0.240785
-0.003445 -0.005950
