500.000000 500.000000
691 36
134 691
2
367.105228 277.351615
5.295000 9.953000 12.082942 28 1
0.065880 0.000000 0.000000 0.000000 0.180466
0.012231 0.000986
1
408.687191 391.683897
5.295000 9.953000 12.082942 0 1
0.065880 0.000000 0.000000 0.000000 0.133734
0.009343 0.000392
1
345.031423 364.419262
5.295000 9.953000 12.082942 20 2
0.065880 0.000000 0.000000 0.000000 0.200925
0.016664 -0.010451
1
215.089027 345.652584
5.295000 9.953000 12.082942 0 1
0.065880 0.000000 0.000000 0.000000 0.098335
-0.009374 -0.021841
1
257.790954 421.615995
5.295000 9.953000 12.082942 31 2
0.065880 0.000000 0.000000 0.000000 0.115714
0.002786 0.007702
1
67.721920 337.736480
5.295000 9.953000 12.082942 24 2
0.065880 0.000000 0.000000 0.000000 0.130774
-0.012539 0.013482
1
331.583958 252.738718
5.295000 9.953000 12.082942 21 2
0.065880 0.000000 0.000000 0.000000 0.160019
0.004671 -0.001511
1
188.607574 312.548320
5.295000 9.953000 12.082942 0 1
0.065880 0.000000 0.000000 0.000000 0.098591
0.066125 0.018075
1
128.068697 343.998767
5.295000 9.953000 12.082942 29 2
0.065880 0.000000 0.000000 0.000000 0.088474
-0.012793 0.007347
1
271.547268 498.840071
5.295000 9.953000 12.082942 0 1
0.065880 0.000000 0.000000 0.000000 0.121188
0.003420 0.011684
1
237.890411 62.279572
5.295000 9.953000 12.082942 34 2
0.065880 0.000000 0.000000 0.000000 0.200030
0.009126 -0.011622
1
26.384007 207.303966
5.295000 9.953000 12.082942 32 2
0.065880 0.000000 0.000000 0.000000 0.142262
-0.016776 -0.002759
1
449.998787 165.671815
5.295000 9.953000 12.082942 23 2
0.065880 0.000000 0.000000 0.000000 0.166511
0.008597 -0.005807
1
248.648478 313.554889
5.295000 9.953000 12.082942 35 2
0.065880 0.000000 0.000000 0.000000 0.100267
0.016072 -0.001636
5
140.828173 300.378590
4.869501 9.153191 11.111974 22 1
0.065880 0.000000 0.000000 0.000000 0.104879
-0.039973 0.004737
1
103.857823 143.852948
5.295000 9.953000 12.082942 29 2
0.065880 0.000000 0.000000 0.000000 0.101941
-0.015935 -0.009667
1
157.533982 436.172027
5.295000 9.953000 12.082942 22 2
0.065880 0.000000 0.000000 0.000000 0.181318
-0.001123 0.012395
1
415.253922 130.717937
5.295000 9.953000 12.082942 0 1
0.065880 0.000000 0.000000 0.000000 0.114245
0.008022 -0.002905
1
30.796040 137.686212
5.295000 9.953000 12.082942 36 2
0.065880 0.000000 0.000000 0.000000 0.420196
-0.018152 -0.013084
1
362.225899 49.147617
5.295000 9.953000 12.082942 0 1
0.065880 0.000000 0.000000 0.000000 0.243793
0.008467 -0.013533
1
242.639250 136.330438
5.295000 9.953000 12.082942 19 2
0.065880 0.000000 0.000000 0.000000 0.195822
-0.007357 -0.012787
1
396.580900 293.185332
5.295000 9.953000 12.082942 0 1
0.065880 0.000000 0.000000 0.000000 0.191469
0.010523 -0.000595
5
258.958975 275.694995
4.750685 8.929853 10.840841 23 1
0.065880 0.000000 0.000000 0.000000 0.096609
0.006832 0.005270
1
318.602397 136.030955
5.295000 9.953000 12.082942 23 2
0.065880 0.000000 0.000000 0.000000 0.131002
0.016742 -0.009526
1
301.493143 292.571841
5.295000 9.953000 12.082942 19 2
0.065880 0.000000 0.000000 0.000000 0.107273
-0.004479 0.025071
4
239.967475 359.880058
5.295000 9.953000 12.082942 34 1
0.000000 0.000000 0.000000 0.000000 0.106615
0.004216 0.011484
1
332.861181 428.966619
5.295000 9.953000 12.082942 30 2
0.065880 0.000000 0.000000 0.000000 0.123541
0.009867 0.020089
1
196.168031 405.156664
5.295000 9.953000 12.082942 0 1
0.065880 0.000000 0.000000 0.000000 0.096449
-0.004111 0.011850
1
419.489865 185.579997
5.295000 9.953000 12.082942 32 2
0.065880 0.000000 0.000000 0.000000 0.117347
0.007522 -0.001851
1
434.183793 347.726333
5.295000 9.953000 12.082942 0 1
0.065880 0.000000 0.000000 0.000000 0.149562
0.010646 0.002120
1
453.785539 220.984443
5.295000 9.953000 12.082942 23 2
0.065880 0.000000 0.000000 0.000000 0.193022
0.020481 -0.009242
2
40.891234 353.802601
5.295000 9.953000 12.082942 33 1
0.065880 0.000000 0.000000 0.000000 0.213690
-0.014755 0.005731
1
337.924554 447.084326
5.295000 9.953000 12.082942 0 1
0.065880 0.000000 0.000000 0.000000 0.106761
0.007614 0.008787
1
261.153273 450.414250
5.295000 9.953000 12.082942 23 2
0.065880 0.000000 0.000000 0.000000 0.116286
0.000999 0.007700
1
316.004745 379.806353
5.295000 9.953000 12.082942 20 2
0.065880 0.000000 0.000000 0.000000 0.135720
0.020191 0.011190
5
385.729592 265.385881
5.195070 9.765163 11.854907 19 1
0.065880 0.000000 0.000000 0.000000 0.194321
0.005391 0.002855
1
73.978333 199.964335
5.295000 9.953000 12.082942 21 2
0.065880 0.000000 0.000000 0.000000 0.104674
-0.011001 0.000623
1
248.405136 375.301343
5.295000 9.953000 12.082942 29 2
0.065880 0.000000 0.000000 0.000000 0.107088
0.004722 0.005983
4
73.129729 216.962827
5.295000 9.953000 12.082942 33 1
0.000000 0.000000 0.000000 0.000000 0.125502
-0.033968 -0.012505
1
307.215417 394.476676
5.295000 9.953000 12.082942 35 2
0.065880 0.000000 0.000000 0.000000 0.146312
0.007124 0.004213
1
85.010448 171.230441
5.295000 9.953000 12.082942 0 1
0.065880 0.000000 0.000000 0.000000 0.095689
-0.005267 -0.001670
2
380.029629 239.196664
5.295000 9.953000 12.082942 34 1
0.065880 0.000000 0.000000 0.000000 0.185617
0.007455 -0.004658
1
114.426559 299.632995
5.295000 9.953000 12.082942 24 2
0.065880 0.000000 0.000000 0.000000 0.098001
-0.011857 -0.004267
1
207.884957 104.150047
5.295000 9.953000 12.082942 0 1
0.065880 0.000000 0.000000 0.000000 0.124275
-0.004741 -0.004384
1
350.084512 283.229757
5.295000 9.953000 12.082942 0 1
0.065880 0.000000 0.000000 0.000000 0.144901
0.011645 -0.001482
1
371.541914 163.686009
5.295000 9.953000 12.082942 0 1
0.065880 0.000000 0.000000 0.000000 0.110902
0.016508 -0.007882
1
290.641769 466.740270
5.295000 9.953000 12.082942 30 2
0.065880 0.000000 0.000000 0.000000 0.121089
0.012904 0.013676
1
253.938718 122.971559
5.295000 9.953000 12.082942 31 2
0.065880 0.000000 0.000000 0.000000 0.147703
-0.000573 -0.009328
1
223.358826 360.651018
5.295000 9.953000 12.082942 0 1
0.065880 0.000000 0.000000 0.000000 0.100092
0.009452 0.016877
1
313.933019 200.617314
5.295000 9.953000 12.082942 0 1
0.065880 0.000000 0.000000 0.000000 0.152312
0.001922 -0.011117
1
379.870945 298.373183
5.295000 9.953000 12.082942 20 2
0.065880 0.000000 0.000000 0.000000 0.143747
0.010308 0.001711
1
86.318539 147.010514
5.295000 9.953000 12.082942 20 2
0.065880 0.000000 0.000000 0.000000 0.103305
-0.018262 0.005772
1
307.857891 232.609872
5.295000 9.953000 12.082942 0 1
0.065880 0.000000 0.000000 0.000000 0.111631
0.004574 -0.000621
5
472.458241 273.276656
4.869501 9.153191 11.111974 22 1
0.065880 0.000000 0.000000 0.000000 0.303864
0.005405 0.003155
2
370.169460 32.708719
5.295000 9.953000 12.082942 31 1
0.065880 0.000000 0.000000 0.000000 0.294538
0.010814 -0.014492
1
385.537281 152.930707
5.295000 9.953000 12.082942 28 2
0.065880 0.000000 0.000000 0.000000 0.104715
0.009521 -0.003610
1
159.552812 323.262602
5.295000 9.953000 12.082942 26 2
0.065880 0.000000 0.000000 0.000000 0.114065
-0.005748 -0.005626
4
137.579718 207.308158
5.295000 9.953000 12.082942 34 1
0.000000 0.000000 0.000000 0.000000 0.091957
-0.001750 -0.003814
4
257.028210 359.828904
5.295000 9.953000 12.082942 32 1
0.000000 0.000000 0.000000 0.000000 0.102791
0.006126 0.004194
1
411.732660 93.529160
5.295000 9.953000 12.082942 31 2
0.065880 0.000000 0.000000 0.000000 0.164363
0.000219 -0.000492
1
154.734380 471.960385
5.295000 9.953000 12.082942 26 2
0.065880 0.000000 0.000000 0.000000 0.272520
-0.020707 0.004693
2
243.506715 297.109805
5.295000 9.953000 12.082942 28 1
0.065880 0.000000 0.000000 0.000000 0.103828
0.007529 -0.015851
1
24.346399 225.690577
5.295000 9.953000 12.082942 21 2
0.065880 0.000000 0.000000 0.000000 0.121214
-0.008195 0.002278
1
111.671161 113.093499
5.295000 9.953000 12.082942 20 2
0.065880 0.000000 0.000000 0.000000 0.123736
0.000328 -0.004876
1
297.509969 484.308168
5.295000 9.953000 12.082942 20 2
0.065880 0.000000 0.000000 0.000000 0.131271
0.003892 0.018744
1
399.369593 358.185405
5.295000 9.953000 12.082942 27 2
0.065880 0.000000 0.000000 0.000000 0.230445
0.002953 0.003553
1
473.921182 198.582622
5.295000 9.953000 12.082942 21 2
0.065880 0.000000 0.000000 0.000000 0.301009
0.030986 0.004178
5
21.255766 152.924514
4.869501 9.153191 11.111974 22 1
0.065880 0.000000 0.000000 0.000000 0.406720
-0.020020 -0.005671
1
32.248306 336.783374
5.295000 9.953000 12.082942 30 2
0.065880 0.000000 0.000000 0.000000 0.282485
-0.016498 0.002880
1
48.418080 387.880820
5.295000 9.953000 12.082942 0 1
0.065880 0.000000 0.000000 0.000000 0.405263
-0.009300 0.012278
4
144.699317 369.388274
5.295000 9.953000 12.082942 34 1
0.000000 0.000000 0.000000 0.000000 0.094061
-0.008055 0.004248
5
170.463560 465.303576
4.625609 8.694746 10.555422 24 1
0.065880 0.000000 0.000000 0.000000 0.207660
-0.005824 0.030977
1
177.906136 123.007225
5.295000 9.953000 12.082942 0 1
0.065880 0.000000 0.000000 0.000000 0.095653
-0.006764 -0.003331
5
452.228620 302.118943
4.869501 9.153191 11.111974 22 1
0.065880 0.000000 0.000000 0.000000 0.193937
0.016085 0.014538
1
169.247318 390.038889
5.295000 9.953000 12.082942 25 2
0.065880 0.000000 0.000000 0.000000 0.098143
-0.007306 0.003259
1
98.548495 309.140036
5.295000 9.953000 12.082942 19 2
0.065880 0.000000 0.000000 0.000000 0.101856
-0.007371 -0.000588
1
114.524777 69.755855
5.295000 9.953000 12.082942 0 1
0.065880 0.000000 0.000000 0.000000 0.159594
-0.004554 -0.013547
1
78.266794 251.084391
5.295000 9.953000 12.082942 19 2
0.065880 0.000000 0.000000 0.000000 0.112299
-0.008962 -0.009240
5
211.540317 87.144432
4.750685 8.929853 10.840841 23 1
0.065880 0.000000 0.000000 0.000000 0.174028
-0.014904 -0.004545
4
73.105203 158.486312
5.295000 9.953000 12.082942 33 1
0.000000 0.000000 0.000000 0.000000 0.105569
-0.020286 0.009434
1
156.567387 306.076867
5.295000 9.953000 12.082942 26 2
0.065880 0.000000 0.000000 0.000000 0.112321
0.034168 0.013159
1
27.811166 261.976830
5.295000 9.953000 12.082942 0 1
0.065880 0.000000 0.000000 0.000000 0.116818
-0.019685 0.014969
2
184.273619 456.038772
5.295000 9.953000 12.082942 30 1
0.065880 0.000000 0.000000 0.000000 0.175324
-0.014023 0.008058
1
388.132513 188.552236
5.295000 9.953000 12.082942 20 2
0.065880 0.000000 0.000000 0.000000 0.111632
0.007774 -0.000526
4
128.374586 309.144120
5.295000 9.953000 12.082942 34 1
0.000000 0.000000 0.000000 0.000000 0.095977
0.001403 0.001030
1
374.525959 208.668799
5.295000 9.953000 12.082942 25 2
0.065880 0.000000 0.000000 0.000000 0.143363
-0.000142 -0.003905
1
200.060180 298.481227
5.295000 9.953000 12.082942 28 2
0.065880 0.000000 0.000000 0.000000 0.104266
-0.008239 0.021820
5
203.939359 418.685013
4.625609 8.694746 10.555422 24 1
0.065880 0.000000 0.000000 0.000000 0.096281
0.008954 0.017957
1
264.652410 251.583058
5.295000 9.953000 12.082942 0 1
0.065880 0.000000 0.000000 0.000000 0.113074
-0.002818 -0.002461
1
454.098965 374.759366
5.295000 9.953000 12.082942 21 2
0.065880 0.000000 0.000000 0.000000 0.195042
0.014080 0.011476
1
361.552795 403.438759
5.295000 9.953000 12.082942 31 2
0.065880 0.000000 0.000000 0.000000 0.110975
-0.004523 0.025757
1
181.080675 343.305078
5.295000 9.953000 12.082942 36 2
0.065880 0.000000 0.000000 0.000000 0.110705
-0.004052 -0.002690
1
396.969049 105.749783
5.295000 9.953000 12.082942 26 2
0.065880 0.000000 0.000000 0.000000 0.164153
-0.003444 -0.000955
1
290.267653 276.393235
5.295000 9.953000 12.082942 0 1
0.065880 0.000000 0.000000 0.000000 0.117202
0.001753 0.000760
1
416.586365 148.984513
5.295000 9.953000 12.082942 23 2
0.065880 0.000000 0.000000 0.000000 0.107722
0.010683 -0.002102
1
113.579904 281.838656
5.295000 9.953000 12.082942 25 2
0.065880 0.000000 0.000000 0.000000 0.111647
-0.014276 -0.002223
1
468.816005 346.322910
5.295000 9.953000 12.082942 33 2
0.065880 0.000000 0.000000 0.000000 0.170868
-0.001633 0.006279
1
371.537220 182.060580
5.295000 9.953000 12.082942 25 2
0.065880 0.000000 0.000000 0.000000 0.113588
0.003347 -0.006020
1
372.070705 330.959616
5.295000 9.953000 12.082942 19 2
0.065880 0.000000 0.000000 0.000000 0.268894
0.004072 0.007891
1
119.845849 428.711444
5.295000 9.953000 12.082942 0 1
0.065880 0.000000 0.000000 0.000000 0.125716
-0.005676 0.010553
1
387.085571 442.437021
5.295000 9.953000 12.082942 25 2
0.065880 0.000000 0.000000 0.000000 0.160641
0.011376 0.023032
1
103.050665 419.760883
5.295000 9.953000 12.082942 25 2
0.065880 0.000000 0.000000 0.000000 0.135764
-0.010500 0.008190
1
157.881459 230.419379
5.295000 9.953000 12.082942 21 2
0.065880 0.000000 0.000000 0.000000 0.087100
0.000152 -0.005019
1
448.712088 146.806441
5.295000 9.953000 12.082942 21 2
0.065880 0.000000 0.000000 0.000000 0.158647
0.008538 -0.006516
1
434.190268 367.110196
5.295000 9.953000 12.082942 21 2
0.065880 0.000000 0.000000 0.000000 0.176081
0.000028 -0.006188
1
273.987310 51.735061
5.295000 9.953000 12.082942 0 1
0.065880 0.000000 0.000000 0.000000 0.458731
0.001861 -0.030322
1
41.325992 218.311327
5.295000 9.953000 12.082942 20 2
0.065880 0.000000 0.000000 0.000000 0.108227
-0.017699 -0.009790
1
319.218274 218.637747
5.295000 9.953000 12.082942 19 2
0.065880 0.000000 0.000000 0.000000 0.150503
-0.000380 -0.002842
1
189.711780 265.501735
5.295000 9.953000 12.082942 0 1
0.065880 0.000000 0.000000 0.000000 0.096327
-0.004622 0.001469
1
256.993655 390.578304
5.295000 9.953000 12.082942 30 2
0.065880 0.000000 0.000000 0.000000 0.104666
0.003067 0.006327
1
75.954495 91.590301
5.295000 9.953000 12.082942 0 1
0.065880 0.000000 0.000000 0.000000 0.232815
-0.019243 -0.014573
1
260.349571 235.609004
5.295000 9.953000 12.082942 27 2
0.065880 0.000000 0.000000 0.000000 0.099117
0.000111 0.004494
1
249.641193 436.914140
5.295000 9.953000 12.082942 19 2
0.065880 0.000000 0.000000 0.000000 0.120047
-0.000345 0.008987
1
393.626883 87.931556
5.295000 9.953000 12.082942 35 2
0.065880 0.000000 0.000000 0.000000 0.155562
0.003291 -0.005071
2
320.281295 442.840772
5.295000 9.953000 12.082942 29 1
0.065880 0.000000 0.000000 0.000000 0.122626
0.006615 0.009522
1
301.315303 16.800004
5.295000 9.953000 12.082942 0 1
0.065880 0.000000 0.000000 0.000000 0.236993
-0.000602 -0.004103
1
302.067028 262.167409
5.295000 9.953000 12.082942 24 2
0.065880 0.000000 0.000000 0.000000 0.109346
0.004966 0.001167
2
467.938529 311.294511
5.295000 9.953000 12.082942 34 1
0.065880 0.000000 0.000000 0.000000 0.167181
0.022323 0.013521
1
245.846349 18.745164
5.295000 9.953000 12.082942 19 2
0.065880 0.000000 0.000000 0.000000 0.379922
0.016390 -0.010665
2
114.745892 51.222403
5.295000 9.953000 12.082942 34 1
0.065880 0.000000 0.000000 0.000000 0.290041
-0.007160 -0.013507
4
108.985296 211.351062
5.295000 9.953000 12.082942 33 1
0.000000 0.000000 0.000000 0.000000 0.103290
0.003999 -0.009299
1
164.198082 46.588590
5.295000 9.953000 12.082942 27 2
0.065880 0.000000 0.000000 0.000000 0.135086
-0.006143 -0.012614
1
391.703883 396.206535
5.295000 9.953000 12.082942 24 2
0.065880 0.000000 0.000000 0.000000 0.120132
0.004441 0.002716
4
162.832653 183.327185
5.295000 9.953000 12.082942 36 1
0.000000 0.000000 0.000000 0.000000 0.087139
-0.002567 -0.002866
4
362.091052 198.578016
5.295000 9.953000 12.082942 36 1
0.000000 0.000000 0.000000 0.000000 0.118767
0.014338 0.014575
1
6.926544 232.850232
5.295000 9.953000 12.082942 19 2
0.065880 0.000000 0.000000 0.000000 0.125313
-0.003774 0.008213
1
292.329817 174.386369
5.295000 9.953000 12.082942 0 1
0.065880 0.000000 0.000000 0.000000 0.101399
0.007812 -0.031040
1
257.301779 91.890275
5.295000 9.953000 12.082942 27 2
0.065880 0.000000 0.000000 0.000000 0.164595
0.002978 -0.009138
5
219.420984 317.103489
4.352864 8.182070 9.933032 26 1
0.065880 0.000000 0.000000 0.000000 0.095178
0.054998 -0.014457
1
179.432378 34.049413
5.295000 9.953000 12.082942 26 2
0.065880 0.000000 0.000000 0.000000 0.148814
-0.006631 -0.024440
1
9.697738 258.026648
5.295000 9.953000 12.082942 23 2
0.065880 0.000000 0.000000 0.000000 0.122149
-0.014418 -0.005977
4
43.682143 271.417853
5.295000 9.953000 12.082942 35 1
0.000000 0.000000 0.000000 0.000000 0.124608
-0.013271 0.004000
1
374.224232 455.808851
5.295000 9.953000 12.082942 0 1
0.065880 0.000000 0.000000 0.000000 0.180535
0.004742 0.019381
4
290.334102 229.158572
5.295000 9.953000 12.082942 34 1
0.000000 0.000000 0.000000 0.000000 0.111950
0.001044 0.000908
1
47.177902 289.295819
5.295000 9.953000 12.082942 23 2
0.065880 0.000000 0.000000 0.000000 0.120783
-0.011622 0.000291
1
286.523022 128.332125
5.295000 9.953000 12.082942 36 2
0.065880 0.000000 0.000000 0.000000 0.118603
0.007005 -0.001497
1
143.292485 276.536878
5.295000 9.953000 12.082942 29 2
0.065880 0.000000 0.000000 0.000000 0.103803
0.002650 -0.006061
4
265.570274 375.045133
5.295000 9.953000 12.082942 31 1
0.000000 0.000000 0.000000 0.000000 0.120386
0.004745 0.004968
4
214.352796 33.922592
5.295000 9.953000 12.082942 34 1
0.000000 0.000000 0.000000 0.000000 0.151047
0.004877 -0.018384
1
137.735013 156.150168
5.295000 9.953000 12.082942 26 2
0.065880 0.000000 0.000000 0.000000 0.099066
-0.008143 -0.003700
1
231.080742 406.747265
5.295000 9.953000 12.082942 0 1
0.065880 0.000000 0.000000 0.000000 0.097152
-0.000349 0.005070
1
62.706572 260.515658
5.295000 9.953000 12.082942 0 1
0.065880 0.000000 0.000000 0.000000 0.099578
-0.009154 -0.008420
1
180.249819 140.575346
5.295000 9.953000 12.082942 0 1
0.065880 0.000000 0.000000 0.000000 0.092694
-0.003588 -0.003441
1
257.297416 329.915808
5.295000 9.953000 12.082942 21 2
0.065880 0.000000 0.000000 0.000000 0.116009
-0.013260 0.015123
1
224.434769 132.111561
5.295000 9.953000 12.082942 29 2
0.065880 0.000000 0.000000 0.000000 0.181087
-0.001222 -0.006959
1
412.502558 419.040656
5.295000 9.953000 12.082942 0 1
0.065880 0.000000 0.000000 0.000000 0.146316
0.012902 0.005823
1
369.561001 225.252449
5.295000 9.953000 12.082942 20 2
0.065880 0.000000 0.000000 0.000000 0.183625
0.003059 -0.000084
4
227.836940 226.856975
5.295000 9.953000 12.082942 35 1
0.000000 0.000000 0.000000 0.000000 0.111120
0.003784 -0.001478
5
318.324515 291.720619
5.091141 9.569807 11.617745 20 1
0.065880 0.000000 0.000000 0.000000 0.107960
0.014732 -0.009339
1
279.709413 310.828088
5.295000 9.953000 12.082942 21 2
0.065880 0.000000 0.000000 0.000000 0.148197
-0.056143 -0.021180
1
324.625982 235.690973
5.295000 9.953000 12.082942 20 2
0.065880 0.000000 0.000000 0.000000 0.135715
0.003406 -0.001234
1
101.483144 177.453190
5.295000 9.953000 12.082942 0 1
0.065880 0.000000 0.000000 0.000000 0.089872
-0.007211 -0.000341
5
192.195194 83.324963
4.869501 9.153191 11.111974 22 1
0.065880 0.000000 0.000000 0.000000 0.122458
0.010777 -0.016152
1
153.626576 212.841151
5.295000 9.953000 12.082942 0 1
0.065880 0.000000 0.000000 0.000000 0.090366
-0.002548 -0.005764
5
153.067196 419.636448
4.869501 9.153191 11.111974 22 1
0.065880 0.000000 0.000000 0.000000 0.113701
-0.011869 0.011119
5
222.309720 113.739233
5.091141 9.569807 11.617745 20 1
0.065880 0.000000 0.000000 0.000000 0.172146
-0.005327 -0.007501
1
142.471021 351.573826
5.295000 9.953000 12.082942 23 2
0.065880 0.000000 0.000000 0.000000 0.090024
-0.015274 0.003496
1
131.097134 397.031902
5.295000 9.953000 12.082942 21 2
0.065880 0.000000 0.000000 0.000000 0.108659
-0.009269 0.009274
1
395.337453 414.026847
5.295000 9.953000 12.082942 0 1
0.065880 0.000000 0.000000 0.000000 0.113164
0.011843 0.002320
4
113.763837 317.842257
5.295000 9.953000 12.082942 36 1
0.000000 0.000000 0.000000 0.000000 0.090789
-0.017408 0.006320
1
239.687755 91.974270
5.295000 9.953000 12.082942 0 1
0.065880 0.000000 0.000000 0.000000 0.209736
-0.002271 -0.018400
4
60.276111 277.286683
5.295000 9.953000 12.082942 31 1
0.000000 0.000000 0.000000 0.000000 0.114356
-0.007556 -0.005630
1
214.178139 375.703967
5.295000 9.953000 12.082942 0 1
0.065880 0.000000 0.000000 0.000000 0.106643
-0.000797 0.004608
1
299.342866 413.746983
5.295000 9.953000 12.082942 0 1
0.065880 0.000000 0.000000 0.000000 0.144978
0.000199 0.023044
5
165.529622 92.991636
4.750685 8.929853 10.840841 23 1
0.065880 0.000000 0.000000 0.000000 0.113672
0.008069 -0.007693
2
331.041456 205.865620
5.295000 9.953000 12.082942 34 1
0.065880 0.000000 0.000000 0.000000 0.188414
0.006942 -0.007399
5
71.075401 288.837077
4.750685 8.929853 10.840841 23 1
0.065880 0.000000 0.000000 0.000000 0.117809
-0.024723 0.016467
1
369.532312 347.237435
5.295000 9.953000 12.082942 0 1
0.065880 0.000000 0.000000 0.000000 0.337178
0.017559 -0.007721
1
464.409197 290.014066
5.295000 9.953000 12.082942 0 1
0.065880 0.000000 0.000000 0.000000 0.210883
0.009181 0.006210
1
353.038714 227.778557
5.295000 9.953000 12.082942 32 2
0.065880 0.000000 0.000000 0.000000 0.183818
0.003796 -0.002981
5
226.592202 477.880355
4.493375 8.446188 10.253672 25 1
0.065880 0.000000 0.000000 0.000000 0.124797
-0.001891 0.017887
1
272.351956 464.878378
5.295000 9.953000 12.082942 21 2
0.065880 0.000000 0.000000 0.000000 0.113900
0.013252 -0.000266
1
448.862039 203.326731
5.295000 9.953000 12.082942 22 2
0.065880 0.000000 0.000000 0.000000 0.187513
0.001116 0.001878
2
348.109317 346.841800
5.295000 9.953000 12.082942 28 1
0.065880 0.000000 0.000000 0.000000 0.222218
0.007870 0.004302
4
172.314707 262.793513
5.295000 9.953000 12.082942 32 1
0.000000 0.000000 0.000000 0.000000 0.107756
-0.004307 0.000189
1
263.414219 173.902558
5.295000 9.953000 12.082942 19 2
0.065880 0.000000 0.000000 0.000000 0.103491
0.022978 0.007816
1
313.132299 308.141701
5.295000 9.953000 12.082942 0 1
0.065880 0.000000 0.000000 0.000000 0.105858
-0.008620 -0.012614
4
150.733509 195.627353
5.295000 9.953000 12.082942 29 1
0.000000 0.000000 0.000000 0.000000 0.107844
-0.003770 -0.004780
1
209.665042 330.849597
5.295000 9.953000 12.082942 27 2
0.065880 0.000000 0.000000 0.000000 0.097478
-0.018103 0.038777
1
260.600194 139.521781
5.295000 9.953000 12.082942 0 1
0.065880 0.000000 0.000000 0.000000 0.117225
-0.008142 -0.005843
1
32.375131 370.075592
5.295000 9.953000 12.082942 22 2
0.065880 0.000000 0.000000 0.000000 0.385886
-0.010799 0.007433
5
27.267948 169.472764
5.195070 9.765163 11.854907 19 1
0.065880 0.000000 0.000000 0.000000 0.303084
-0.015425 -0.002875
1
176.701290 439.079756
5.295000 9.953000 12.082942 0 1
0.065880 0.000000 0.000000 0.000000 0.126868
-0.004799 0.003319
1
422.967970 317.054534
5.295000 9.953000 12.082942 0 1
0.065880 0.000000 0.000000 0.000000 0.253325
0.005789 0.001589
1
168.079933 64.564062
5.295000 9.953000 12.082942 0 1
0.065880 0.000000 0.000000 0.000000 0.107693
-0.000237 -0.012606
1
194.557588 441.182858
5.295000 9.953000 12.082942 19 2
0.065880 0.000000 0.000000 0.000000 0.131647
-0.007240 0.007026
1
331.131766 29.749636
5.295000 9.953000 12.082942 26 2
0.065880 0.000000 0.000000 0.000000 0.263198
-0.000240 -0.005502
1
83.640941 376.403695
5.295000 9.953000 12.082942 23 2
0.065880 0.000000 0.000000 0.000000 0.119772
-0.011867 0.001708
1
109.381627 246.617967
5.295000 9.953000 12.082942 25 2
0.065880 0.000000 0.000000 0.000000 0.101231
-0.017858 -0.001628
1
420.137836 335.704651
5.295000 9.953000 12.082942 26 2
0.065880 0.000000 0.000000 0.000000 0.187997
0.008056 0.003350
1
201.047289 252.153326
5.295000 9.953000 12.082942 20 2
0.065880 0.000000 0.000000 0.000000 0.090606
-0.004923 -0.003343
1
138.508144 72.760042
5.295000 9.953000 12.082942 21 2
0.065880 0.000000 0.000000 0.000000 0.145658
-0.004137 -0.006369
1
242.073768 278.097749
5.295000 9.953000 12.082942 21 2
0.065880 0.000000 0.000000 0.000000 0.098590
-0.002731 0.003140
1
233.210102 31.825635
5.295000 9.953000 12.082942 26 2
0.065880 0.000000 0.000000 0.000000 0.201626
0.005842 -0.018517
1
184.673826 157.645386
5.295000 9.953000 12.082942 24 2
0.065880 0.000000 0.000000 0.000000 0.086195
-0.003873 -0.002442
4
79.254194 268.501946
5.295000 9.953000 12.082942 35 1
0.000000 0.000000 0.000000 0.000000 0.100006
-0.008218 -0.006000
1
167.644780 152.020966
5.295000 9.953000 12.082942 0 1
0.065880 0.000000 0.000000 0.000000 0.088470
-0.004870 -0.002312
1
326.489043 393.789972
5.295000 9.953000 12.082942 22 2
0.065880 0.000000 0.000000 0.000000 0.146533
0.014037 0.017338
1
32.901089 300.987459
5.295000 9.953000 12.082942 19 2
0.065880 0.000000 0.000000 0.000000 0.186045
-0.015743 -0.000044
1
233.872041 195.706293
5.295000 9.953000 12.082942 0 1
0.065880 0.000000 0.000000 0.000000 0.100110
0.005228 -0.004675
2
110.453353 94.443516
5.295000 9.953000 12.082942 29 1
0.065880 0.000000 0.000000 0.000000 0.150319
-0.010334 -0.000976
5
478.742055 325.667628
4.352864 8.182070 9.933032 26 1
0.065880 0.000000 0.000000 0.000000 0.162590
0.020791 0.003241
1
86.728005 430.053549
5.295000 9.953000 12.082942 28 2
0.065880 0.000000 0.000000 0.000000 0.326628
-0.005183 0.009679
1
422.890687 403.367553
5.295000 9.953000 12.082942 20 2
0.065880 0.000000 0.000000 0.000000 0.145008
0.011407 0.004292
1
439.385978 266.111317
5.295000 9.953000 12.082942 0 1
0.065880 0.000000 0.000000 0.000000 0.139695
0.018166 0.003763
4
274.236005 359.690137
5.295000 9.953000 12.082942 30 1
0.000000 0.000000 0.000000 0.000000 0.114949
0.007557 0.002946
1
441.401620 406.177158
5.295000 9.953000 12.082942 20 2
0.065880 0.000000 0.000000 0.000000 0.282398
0.012949 0.010668
4
209.098234 177.021859
5.295000 9.953000 12.082942 36 1
0.000000 0.000000 0.000000 0.000000 0.087003
0.000333 -0.006034
1
222.615430 391.001818
5.295000 9.953000 12.082942 0 1
0.065880 0.000000 0.000000 0.000000 0.096778
-0.001793 0.005274
1
161.671153 374.243596
5.295000 9.953000 12.082942 35 2
0.065880 0.000000 0.000000 0.000000 0.092951
-0.005355 -0.001101
4
241.919691 452.670957
5.295000 9.953000 12.082942 34 1
0.000000 0.000000 0.000000 0.000000 0.121141
-0.000144 0.014092
1
307.889948 82.465836
5.295000 9.953000 12.082942 21 2
0.065880 0.000000 0.000000 0.000000 0.263332
-0.001269 -0.004352
1
243.670248 230.670865
5.295000 9.953000 12.082942 0 1
0.065880 0.000000 0.000000 0.000000 0.098599
0.000272 -0.001417
1
216.985579 302.148994
5.295000 9.953000 12.082942 0 1
0.065880 0.000000 0.000000 0.000000 0.094274
0.027088 0.033438
1
428.703237 280.112167
5.295000 9.953000 12.082942 34 2
0.065880 0.000000 0.000000 0.000000 0.198525
0.014731 0.001835
1
437.193477 84.568283
5.295000 9.953000 12.082942 21 2
0.065880 0.000000 0.000000 0.000000 0.340403
0.009131 -0.002373
1
255.589211 218.715598
5.295000 9.953000 12.082942 19 2
0.065880 0.000000 0.000000 0.000000 0.095493
0.002004 -0.001229
1
256.570865 60.208249
5.295000 9.953000 12.082942 0 1
0.065880 0.000000 0.000000 0.000000 0.232286
0.010295 -0.010521
1
219.238818 162.858550
5.295000 9.953000 12.082942 0 1
0.065880 0.000000 0.000000 0.000000 0.102752
-0.006993 -0.004058
1
342.978000 465.252714
5.295000 9.953000 12.082942 19 2
0.065880 0.000000 0.000000 0.000000 0.164138
0.001641 0.006711
1
446.252786 109.478351
5.295000 9.953000 12.082942 0 1
0.065880 0.000000 0.000000 0.000000 0.399787
0.002507 -0.007361
1
320.178792 14.404620
5.295000 9.953000 12.082942 0 1
0.065880 0.000000 0.000000 0.000000 0.272488
-0.001049 -0.004672
1
263.656749 190.622867
5.295000 9.953000 12.082942 20 2
0.065880 0.000000 0.000000 0.000000 0.102371
0.012212 -0.005993
1
185.559621 219.690424
5.295000 9.953000 12.082942 23 2
0.065880 0.000000 0.000000 0.000000 0.101812
-0.008438 0.001701
1
240.389965 328.536039
5.295000 9.953000 12.082942 21 2
0.065880 0.000000 0.000000 0.000000 0.104389
-0.020382 -0.003553
1
449.523538 251.159199
5.295000 9.953000 12.082942 27 2
0.065880 0.000000 0.000000 0.000000 0.148005
0.010182 -0.002710
1
206.049507 360.595711
5.295000 9.953000 12.082942 0 1
0.065880 0.000000 0.000000 0.000000 0.105454
-0.005334 0.002989
5
70.009627 121.485348
4.869501 9.153191 11.111974 22 1
0.065880 0.000000 0.000000 0.000000 0.113617
-0.010504 -0.001660
1
271.666723 266.685836
5.295000 9.953000 12.082942 24 2
0.065880 0.000000 0.000000 0.000000 0.126126
-0.003338 0.014329
1
117.919322 183.366730
5.295000 9.953000 12.082942 0 1
0.065880 0.000000 0.000000 0.000000 0.095435
-0.007484 -0.000904
4
126.489290 102.355584
5.295000 9.953000 12.082942 36 1
0.000000 0.000000 0.000000 0.000000 0.125153
-0.002718 -0.006956
1
161.638598 28.408385
5.295000 9.953000 12.082942 19 2
0.065880 0.000000 0.000000 0.000000 0.311116
-0.010726 -0.013276
1
409.611841 373.200070
5.295000 9.953000 12.082942 19 2
0.065880 0.000000 0.000000 0.000000 0.195018
0.010726 -0.001297
1
247.894466 152.490407
5.295000 9.953000 12.082942 0 1
0.065880 0.000000 0.000000 0.000000 0.119044
-0.009644 -0.002307
1
354.438329 330.427470
5.295000 9.953000 12.082942 19 2
0.065880 0.000000 0.000000 0.000000 0.232461
0.004789 0.002664
1
368.718859 438.319713
5.295000 9.953000 12.082942 26 2
0.065880 0.000000 0.000000 0.000000 0.105972
0.014490 0.019701
1
129.188549 326.878424
5.295000 9.953000 12.082942 0 1
0.065880 0.000000 0.000000 0.000000 0.087515
-0.006933 0.005444
1
431.951555 138.362488
5.295000 9.953000 12.082942 28 2
0.065880 0.000000 0.000000 0.000000 0.141394
0.008216 -0.004414
1
344.430399 398.658686
5.295000 9.953000 12.082942 25 2
0.065880 0.000000 0.000000 0.000000 0.142095
-0.008328 0.008281
1
197.529169 190.230615
5.295000 9.953000 12.082942 23 2
0.065880 0.000000 0.000000 0.000000 0.092165
-0.000462 -0.002553
5
278.476372 68.166711
4.982786 9.366132 11.370484 21 1
0.065880 0.000000 0.000000 0.000000 0.280243
0.010721 -0.031331
5
273.166009 437.439152
5.195070 9.765163 11.854907 19 1
0.065880 0.000000 0.000000 0.000000 0.113508
0.000299 0.009070
1
398.471561 123.779533
5.295000 9.953000 12.082942 23 2
0.065880 0.000000 0.000000 0.000000 0.134342
0.008092 -0.001909
1
323.486241 90.774862
5.295000 9.953000 12.082942 32 2
0.065880 0.000000 0.000000 0.000000 0.202584
0.008362 -0.018512
1
133.967729 138.189187
5.295000 9.953000 12.082942 25 2
0.065880 0.000000 0.000000 0.000000 0.103462
-0.006990 -0.001704
1
352.196706 140.285342
5.295000 9.953000 12.082942 30 2
0.065880 0.000000 0.000000 0.000000 0.158717
0.017891 -0.008551
1
132.536885 415.415333
5.295000 9.953000 12.082942 0 1
0.065880 0.000000 0.000000 0.000000 0.110542
-0.003193 0.012351
1
412.257985 245.445714
5.295000 9.953000 12.082942 21 2
0.065880 0.000000 0.000000 0.000000 0.176981
0.013436 -0.001430
1
320.070686 265.661758
5.295000 9.953000 12.082942 19 2
0.065880 0.000000 0.000000 0.000000 0.106564
0.004173 0.005945
1
332.130487 411.033504
5.295000 9.953000 12.082942 20 2
0.065880 0.000000 0.000000 0.000000 0.134601
0.001084 0.027601
1
133.028850 55.031982
5.295000 9.953000 12.082942 0 1
0.065880 0.000000 0.000000 0.000000 0.160449
-0.006855 -0.006947
1
230.116202 243.354939
5.295000 9.953000 12.082942 23 2
0.065880 0.000000 0.000000 0.000000 0.098505
-0.001633 -0.001478
1
218.174745 255.566452
5.295000 9.953000 12.082942 25 2
0.065880 0.000000 0.000000 0.000000 0.091848
-0.002542 -0.002393
1
381.417265 117.865587
5.295000 9.953000 12.082942 26 2
0.065880 0.000000 0.000000 0.000000 0.151656
0.011146 -0.013922
1
176.406548 105.526409
5.295000 9.953000 12.082942 0 1
0.065880 0.000000 0.000000 0.000000 0.101134
-0.001364 -0.001748
4
224.222859 272.887142
5.295000 9.953000 12.082942 31 1
0.000000 0.000000 0.000000 0.000000 0.127981
-0.006774 0.001274
1
185.736732 68.303674
5.295000 9.953000 12.082942 20 2
0.065880 0.000000 0.000000 0.000000 0.119365
0.004562 -0.017066
1
430.573539 421.096340
5.295000 9.953000 12.082942 0 1
0.065880 0.000000 0.000000 0.000000 0.226193
0.012661 0.008453
1
307.350680 165.124895
5.295000 9.953000 12.082942 0 1
0.065880 0.000000 0.000000 0.000000 0.107781
0.012499 -0.010022
4
354.973084 156.443188
5.295000 9.953000 12.082942 36 1
0.000000 0.000000 0.000000 0.000000 0.150661
0.005851 -0.028906
1
467.876451 255.645646
5.295000 9.953000 12.082942 0 1
0.065880 0.000000 0.000000 0.000000 0.238999
0.009629 -0.003594
1
285.464992 258.095121
5.295000 9.953000 12.082942 28 2
0.065880 0.000000 0.000000 0.000000 0.127317
0.006452 0.000642
4
420.998479 264.081428
5.295000 9.953000 12.082942 36 1
0.000000 0.000000 0.000000 0.000000 0.149653
0.017478 0.003088
1
315.063792 491.115694
5.295000 9.953000 12.082942 0 1
0.065880 0.000000 0.000000 0.000000 0.188758
0.008342 0.013536
1
193.294954 237.104003
5.295000 9.953000 12.082942 0 1
0.065880 0.000000 0.000000 0.000000 0.098071
-0.005231 0.000591
1
290.929915 156.857345
5.295000 9.953000 12.082942 21 2
0.065880 0.000000 0.000000 0.000000 0.108546
0.007174 -0.027603
1
127.571370 236.387636
5.295000 9.953000 12.082942 23 2
0.065880 0.000000 0.000000 0.000000 0.090063
0.009866 0.000651
1
11.908496 195.978559
5.295000 9.953000 12.082942 22 2
0.065880 0.000000 0.000000 0.000000 0.214373
-0.020024 0.000770
1
202.484823 161.282285
5.295000 9.953000 12.082942 0 1
0.065880 0.000000 0.000000 0.000000 0.094149
0.002587 -0.001521
4
302.902957 438.890263
5.295000 9.953000 12.082942 34 1
0.000000 0.000000 0.000000 0.000000 0.135785
0.006328 0.012168
1
12.867199 276.403862
5.295000 9.953000 12.082942 0 1
0.065880 0.000000 0.000000 0.000000 0.135373
-0.016096 -0.003811
1
221.501575 422.267701
5.295000 9.953000 12.082942 22 2
0.065880 0.000000 0.000000 0.000000 0.102275
-0.000464 0.006566
4
196.886573 145.814594
5.295000 9.953000 12.082942 36 1
0.000000 0.000000 0.000000 0.000000 0.095212
-0.006026 -0.007072
5
211.080969 51.068356
4.750685 8.929853 10.840841 23 1
0.065880 0.000000 0.000000 0.000000 0.161156
0.002741 -0.025900
1
349.273860 123.702948
5.295000 9.953000 12.082942 30 2
0.065880 0.000000 0.000000 0.000000 0.180963
0.018691 -0.018987
1
182.691062 249.697855
5.295000 9.953000 12.082942 23 2
0.065880 0.000000 0.000000 0.000000 0.087874
-0.004779 -0.001081
1
210.844648 473.037605
5.295000 9.953000 12.082942 21 2
0.065880 0.000000 0.000000 0.000000 0.133599
-0.007936 0.018157
4
164.120160 134.076769
5.295000 9.953000 12.082942 35 1
0.000000 0.000000 0.000000 0.000000 0.103815
-0.006378 -0.005178
1
14.479694 331.060548
5.295000 9.953000 12.082942 22 2
0.065880 0.000000 0.000000 0.000000 0.621141
-0.017699 0.001727
1
150.938455 145.197893
5.295000 9.953000 12.082942 21 2
0.065880 0.000000 0.000000 0.000000 0.100932
-0.005575 -0.002912
1
192.736516 328.694219
5.295000 9.953000 12.082942 22 2
0.065880 0.000000 0.000000 0.000000 0.102185
-0.013256 -0.013003
1
146.860935 177.990524
5.295000 9.953000 12.082942 22 2
0.065880 0.000000 0.000000 0.000000 0.094911
-0.005283 -0.001837
1
72.034806 182.472139
5.295000 9.953000 12.082942 19 2
0.065880 0.000000 0.000000 0.000000 0.099649
-0.009121 -0.005728
1
202.075071 457.716484
5.295000 9.953000 12.082942 23 2
0.065880 0.000000 0.000000 0.000000 0.130250
-0.008218 0.009902
5
492.344667 255.426445
3.744130 7.037834 8.543930 27 1
0.065880 0.000000 0.000000 0.000000 0.248572
0.005824 0.018885
1
189.365454 359.696719
5.295000 9.953000 12.082942 25 2
0.065880 0.000000 0.000000 0.000000 0.104292
0.001219 0.005456
2
278.845493 31.441968
5.295000 9.953000 12.082942 31 1
0.065880 0.000000 0.000000 0.000000 0.500286
0.007283 0.000803
1
53.092489 121.880022
5.295000 9.953000 12.082942 21 2
0.065880 0.000000 0.000000 0.000000 0.179351
-0.017864 -0.026337
5
381.824824 425.531390
5.091141 9.569807 11.617745 20 1
0.065880 0.000000 0.000000 0.000000 0.112318
0.020996 0.017078
1
113.830009 371.527795
5.295000 9.953000 12.082942 20 2
0.065880 0.000000 0.000000 0.000000 0.099141
-0.010925 0.007507
1
264.361901 107.953742
5.295000 9.953000 12.082942 35 2
0.065880 0.000000 0.000000 0.000000 0.152181
0.002977 -0.005632
1
98.815349 326.277774
5.295000 9.953000 12.082942 34 2
0.065880 0.000000 0.000000 0.000000 0.093687
-0.015264 0.000013
1
141.695779 91.156698
5.295000 9.953000 12.082942 33 2
0.065880 0.000000 0.000000 0.000000 0.109604
-0.007820 -0.009600
1
384.377303 67.266911
5.295000 9.953000 12.082942 0 1
0.065880 0.000000 0.000000 0.000000 0.177108
0.007582 -0.014223
1
72.636057 235.156910
5.295000 9.953000 12.082942 0 1
0.065880 0.000000 0.000000 0.000000 0.125931
-0.034246 0.007869
1
83.995467 333.809460
5.295000 9.953000 12.082942 31 2
0.065880 0.000000 0.000000 0.000000 0.113948
-0.014340 0.015206
1
111.217337 229.844650
5.295000 9.953000 12.082942 22 2
0.065880 0.000000 0.000000 0.000000 0.096148
0.016512 0.010264
4
155.571382 259.908719
5.295000 9.953000 12.082942 32 1
0.000000 0.000000 0.000000 0.000000 0.099063
-0.007918 0.009824
1
374.854595 390.992866
5.295000 9.953000 12.082942 23 2
0.065880 0.000000 0.000000 0.000000 0.151099
-0.003569 0.021492
1
67.191722 304.627802
5.295000 9.953000 12.082942 0 1
0.065880 0.000000 0.000000 0.000000 0.119494
-0.008912 0.020438
1
186.949036 390.594718
5.295000 9.953000 12.082942 0 1
0.065880 0.000000 0.000000 0.000000 0.099447
-0.003585 0.007206
1
206.992494 8.620305
5.295000 9.953000 12.082942 25 2
0.065880 0.000000 0.000000 0.000000 0.173087
-0.000575 -0.023913
1
265.685801 344.463898
5.295000 9.953000 12.082942 21 2
0.065880 0.000000 0.000000 0.000000 0.109617
0.008041 -0.000001
5
301.140315 187.544978
4.750685 8.929853 10.840841 23 1
0.065880 0.000000 0.000000 0.000000 0.113011
-0.024665 -0.004872
1
304.617304 147.394001
5.295000 9.953000 12.082942 20 2
0.065880 0.000000 0.000000 0.000000 0.116370
0.019149 -0.007017
4
114.735878 165.755025
5.295000 9.953000 12.082942 36 1
0.000000 0.000000 0.000000 0.000000 0.101074
-0.006121 0.000268
1
284.610406 213.134360
5.295000 9.953000 12.082942 24 2
0.065880 0.000000 0.000000 0.000000 0.102687
-0.001561 0.004312
1
329.543104 107.035668
5.295000 9.953000 12.082942 30 2
0.065880 0.000000 0.000000 0.000000 0.191507
0.003065 -0.014286
1
195.112578 281.812847
5.295000 9.953000 12.082942 21 2
0.065880 0.000000 0.000000 0.000000 0.107116
-0.006320 -0.002804
2
261.706691 38.546731
5.295000 9.953000 12.082942 34 1
0.065880 0.000000 0.000000 0.000000 0.489435
-0.002140 -0.027259
1
291.490084 389.240161
5.295000 9.953000 12.082942 21 2
0.065880 0.000000 0.000000 0.000000 0.128299
0.004924 0.010209
1
93.170313 97.565632
5.295000 9.953000 12.082942 27 2
0.065880 0.000000 0.000000 0.000000 0.157537
-0.017245 -0.013050
1
497.159398 229.654967
5.295000 9.953000 12.082942 0 1
0.065880 0.000000 0.000000 0.000000 0.202257
0.008243 0.000133
1
296.377418 245.370288
5.295000 9.953000 12.082942 0 1
0.065880 0.000000 0.000000 0.000000 0.109128
0.002065 0.002977
1
398.035639 54.071452
5.295000 9.953000 12.082942 0 1
0.065880 0.000000 0.000000 0.000000 0.301014
0.009495 -0.008963
5
249.032412 168.128081
4.750685 8.929853 10.840841 23 1
0.065880 0.000000 0.000000 0.000000 0.108831
-0.003859 -0.020277
1
176.030963 326.858413
5.295000 9.953000 12.082942 25 2
0.065880 0.000000 0.000000 0.000000 0.098884
-0.007264 0.007361
4
147.519454 127.328286
5.295000 9.953000 12.082942 33 1
0.000000 0.000000 0.000000 0.000000 0.125015
-0.006641 -0.003633
5
489.731349 288.844470
4.352864 8.182070 9.933032 26 1
0.065880 0.000000 0.000000 0.000000 0.291084
0.022189 -0.007090
1
329.968644 304.608186
5.295000 9.953000 12.082942 20 2
0.065880 0.000000 0.000000 0.000000 0.104468
0.012533 -0.006873
1
406.596436 322.805751
5.295000 9.953000 12.082942 0 1
0.065880 0.000000 0.000000 0.000000 0.267543
0.006241 0.002861
1
112.955382 353.742790
5.295000 9.953000 12.082942 19 2
0.065880 0.000000 0.000000 0.000000 0.095500
-0.012027 0.005851
1
247.145940 76.596145
5.295000 9.953000 12.082942 0 1
0.065880 0.000000 0.000000 0.000000 0.216025
0.016346 -0.013314
2
359.654951 93.337310
5.295000 9.953000 12.082942 29 1
0.065880 0.000000 0.000000 0.000000 0.222293
0.009964 -0.009450
1
297.822554 114.002953
5.295000 9.953000 12.082942 32 2
0.065880 0.000000 0.000000 0.000000 0.138722
0.007859 -0.006166
2
436.482276 328.810318
5.295000 9.953000 12.082942 34 1
0.065880 0.000000 0.000000 0.000000 0.184298
0.007758 0.001989
1
93.464661 239.735860
5.295000 9.953000 12.082942 23 2
0.065880 0.000000 0.000000 0.000000 0.097726
-0.013604 -0.016221
4
57.103321 226.721725
5.295000 9.953000 12.082942 32 1
0.000000 0.000000 0.000000 0.000000 0.118003
-0.020752 -0.006083
5
457.794296 276.519016
3.744130 7.037834 8.543930 27 1
0.065880 0.000000 0.000000 0.000000 0.215298
0.000469 -0.014353
1
185.600011 202.992322
5.295000 9.953000 12.082942 20 2
0.065880 0.000000 0.000000 0.000000 0.095222
0.000692 0.000562
1
292.090235 358.875719
5.295000 9.953000 12.082942 35 2
0.065880 0.000000 0.000000 0.000000 0.108570
0.007781 0.012423
1
82.067417 394.408966
5.295000 9.953000 12.082942 22 2
0.065880 0.000000 0.000000 0.000000 0.166587
-0.011476 0.004174
1
355.870945 451.726605
5.295000 9.953000 12.082942 0 1
0.065880 0.000000 0.000000 0.000000 0.141483
0.005310 0.009084
1
464.364196 136.183685
5.295000 9.953000 12.082942 0 1
0.065880 0.000000 0.000000 0.000000 0.357814
0.006640 -0.007887
4
307.030969 325.001346
5.295000 9.953000 12.082942 32 1
0.000000 0.000000 0.000000 0.000000 0.122176
-0.011730 -0.011406
1
139.668106 259.715447
5.295000 9.953000 12.082942 36 2
0.065880 0.000000 0.000000 0.000000 0.107516
-0.013315 -0.014332
1
99.494474 126.259127
5.295000 9.953000 12.082942 0 1
0.065880 0.000000 0.000000 0.000000 0.110809
-0.004398 -0.011269
1
412.714496 286.543600
5.295000 9.953000 12.082942 21 2
0.065880 0.000000 0.000000 0.000000 0.201506
0.011540 -0.002171
1
349.860096 210.961818
5.295000 9.953000 12.082942 0 1
0.065880 0.000000 0.000000 0.000000 0.178566
-0.002422 -0.004405
1
467.596864 172.827832
5.295000 9.953000 12.082942 24 2
0.065880 0.000000 0.000000 0.000000 0.263767
0.005295 -0.001824
1
179.190309 374.939871
5.295000 9.953000 12.082942 0 1
0.065880 0.000000 0.000000 0.000000 0.096358
-0.004712 0.001611
5
86.773045 411.890929
5.195070 9.765163 11.854907 19 1
0.065880 0.000000 0.000000 0.000000 0.248368
-0.015081 0.007775
1
65.844444 381.377562
5.295000 9.953000 12.082942 0 1
0.065880 0.000000 0.000000 0.000000 0.174827
-0.008238 0.018966
1
431.585133 198.607208
5.295000 9.953000 12.082942 21 2
0.065880 0.000000 0.000000 0.000000 0.167210
0.006553 -0.002894
1
275.048580 420.099378
5.295000 9.953000 12.082942 0 1
0.065880 0.000000 0.000000 0.000000 0.127834
0.004656 0.007594
1
248.566296 406.477639
5.295000 9.953000 12.082942 28 2
0.065880 0.000000 0.000000 0.000000 0.106358
0.002254 0.006026
2
347.450705 107.084002
5.295000 9.953000 12.082942 33 1
0.065880 0.000000 0.000000 0.000000 0.193539
0.003170 -0.013438
4
80.572386 316.889449
5.295000 9.953000 12.082942 31 1
0.000000 0.000000 0.000000 0.000000 0.136797
-0.002504 0.010720
1
292.251733 96.941501
5.295000 9.953000 12.082942 0 1
0.065880 0.000000 0.000000 0.000000 0.215185
0.011013 -0.007102
1
88.163487 189.143566
5.295000 9.953000 12.082942 20 2
0.065880 0.000000 0.000000 0.000000 0.096032
-0.008909 0.002908
1
224.561687 494.575143
5.295000 9.953000 12.082942 22 2
0.065880 0.000000 0.000000 0.000000 0.132502
0.001163 0.020835
1
487.806539 213.069323
5.295000 9.953000 12.082942 22 2
0.065880 0.000000 0.000000 0.000000 0.254520
0.007436 -0.003864
1
58.984324 353.128336
5.295000 9.953000 12.082942 26 2
0.065880 0.000000 0.000000 0.000000 0.126908
-0.018894 0.006400
5
344.587721 76.001059
4.493375 8.446188 10.253672 25 1
0.065880 0.000000 0.000000 0.000000 0.445382
-0.014221 -0.025580
4
227.468476 179.361712
5.295000 9.953000 12.082942 35 1
0.000000 0.000000 0.000000 0.000000 0.103611
0.001469 -0.002600
1
312.700488 31.665275
5.295000 9.953000 12.082942 22 2
0.065880 0.000000 0.000000 0.000000 0.234113
-0.000534 -0.003535
1
315.263522 117.972353
5.295000 9.953000 12.082942 20 2
0.065880 0.000000 0.000000 0.000000 0.188945
0.011073 -0.005699
1
430.717330 120.005721
5.295000 9.953000 12.082942 30 2
0.065880 0.000000 0.000000 0.000000 0.159151
0.004110 -0.005410
5
290.795035 323.393291
4.625609 8.694746 10.555422 24 1
0.065880 0.000000 0.000000 0.000000 0.118108
0.023897 0.076390
2
403.181336 178.363510
5.295000 9.953000 12.082942 29 1
0.065880 0.000000 0.000000 0.000000 0.107499
0.008333 -0.001514
4
203.759409 206.672255
5.295000 9.953000 12.082942 32 1
0.000000 0.000000 0.000000 0.000000 0.119867
0.003245 -0.003306
1
162.923312 405.964225
5.295000 9.953000 12.082942 35 2
0.065880 0.000000 0.000000 0.000000 0.100230
-0.007603 0.008048
1
115.386935 452.038224
5.295000 9.953000 12.082942 20 2
0.065880 0.000000 0.000000 0.000000 0.220750
-0.019550 0.028791
1
429.059738 101.405174
5.295000 9.953000 12.082942 22 2
0.065880 0.000000 0.000000 0.000000 0.180775
0.001289 -0.005279
1
193.175952 113.868008
5.295000 9.953000 12.082942 21 2
0.065880 0.000000 0.000000 0.000000 0.100463
-0.005095 -0.008304
1
311.756638 473.020203
5.295000 9.953000 12.082942 32 2
0.065880 0.000000 0.000000 0.000000 0.128284
0.003093 0.014779
1
338.189400 158.854844
5.295000 9.953000 12.082942 29 2
0.065880 0.000000 0.000000 0.000000 0.135416
0.010966 -0.000070
1
238.729085 213.528914
5.295000 9.953000 12.082942 0 1
0.065880 0.000000 0.000000 0.000000 0.101864
0.004337 -0.002780
1
318.449108 56.229294
5.295000 9.953000 12.082942 21 2
0.065880 0.000000 0.000000 0.000000 0.345669
-0.000496 -0.022245
1
418.069361 209.545106
5.295000 9.953000 12.082942 0 1
0.065880 0.000000 0.000000 0.000000 0.167396
0.008118 -0.001132
4
205.061580 390.541023
5.295000 9.953000 12.082942 34 1
0.000000 0.000000 0.000000 0.000000 0.113459
-0.004441 0.007444
1
327.787958 188.457402
5.295000 9.953000 12.082942 25 2
0.065880 0.000000 0.000000 0.000000 0.137127
0.004573 -0.002641
1
145.737004 334.772563
5.295000 9.953000 12.082942 0 1
0.065880 0.000000 0.000000 0.000000 0.091602
-0.005591 0.004770
1
426.811945 232.653212
5.295000 9.953000 12.082942 0 1
0.065880 0.000000 0.000000 0.000000 0.226911
0.002871 0.007872
1
330.749896 351.919959
5.295000 9.953000 12.082942 24 2
0.065880 0.000000 0.000000 0.000000 0.182933
-0.001733 -0.005389
1
324.596026 321.589100
5.295000 9.953000 12.082942 20 2
0.065880 0.000000 0.000000 0.000000 0.115628
0.009359 -0.005286
4
389.587036 327.131180
5.295000 9.953000 12.082942 0 1
0.000000 0.000000 0.000000 0.000000 0.285050
0.006796 0.004389
4
410.309092 304.640091
5.295000 9.953000 12.082942 0 1
0.000000 0.000000 0.000000 0.000000 0.321562
0.007678 0.000352
4
237.066442 120.337010
5.295000 9.953000 12.082942 0 1
0.000000 0.000000 0.000000 0.000000 0.224122
-0.000425 -0.012297
1
296.575571 201.495592
5.295000 9.953000 12.082942 0 1
0.065880 0.000000 0.000000 0.000000 0.107438
0.010849 -0.008009
1
363.098128 295.134531
5.295000 9.953000 12.082942 23 2
0.065880 0.000000 0.000000 0.000000 0.133086
0.009586 0.001651
4
435.579863 216.604582
5.295000 9.953000 12.082942 0 1
0.000000 0.000000 0.000000 0.000000 0.288721
0.008333 0.006789
4
174.809853 481.536011
5.295000 9.953000 12.082942 0 1
0.000000 0.000000 0.000000 0.000000 0.260410
0.009675 0.032343
4
411.837279 226.100683
5.295000 9.953000 12.082942 0 1
0.000000 0.000000 0.000000 0.000000 0.355923
0.007910 -0.003220
4
147.792741 452.743275
5.295000 9.953000 12.082942 0 1
0.000000 0.000000 0.000000 0.000000 0.242892
-0.000477 0.005680
4
111.437715 263.924752
5.295000 9.953000 12.082942 0 1
0.000000 0.000000 0.000000 0.000000 0.182964
-0.015225 0.004387
4
275.355727 328.905684
5.295000 9.953000 12.082942 0 1
0.000000 0.000000 0.000000 0.000000 0.198399
0.001814 0.009775
4
418.056255 356.768369
5.295000 9.953000 12.082942 0 1
0.000000 0.000000 0.000000 0.000000 0.320600
0.002861 -0.008995
1
369.648820 258.646017
5.295000 9.953000 12.082942 19 2
0.065880 0.000000 0.000000 0.000000 0.241457
0.010139 -0.003035
1
167.498291 292.699616
5.295000 9.953000 12.082942 19 2
0.065880 0.000000 0.000000 0.000000 0.101734
-0.010983 0.011839
1
230.572368 148.802806
5.295000 9.953000 12.082942 19 2
0.065880 0.000000 0.000000 0.000000 0.164162
-0.005698 -0.007729
1
285.375354 294.562291
5.295000 9.953000 12.082942 19 2
0.065880 0.000000 0.000000 0.000000 0.110578
0.013401 0.006818
1
55.903512 156.105911
5.295000 9.953000 12.082942 19 2
0.065880 0.000000 0.000000 0.000000 0.118785
-0.018156 -0.015000
1
83.938246 299.863312
5.295000 9.953000 12.082942 19 2
0.065880 0.000000 0.000000 0.000000 0.098812
-0.013553 0.005774
4
58.274233 243.928438
5.295000 9.953000 12.082942 30 1
0.000000 0.000000 0.000000 0.000000 0.135968
-0.028673 -0.011900
1
393.480299 310.258758
5.295000 9.953000 12.082942 19 2
0.065880 0.000000 0.000000 0.000000 0.266768
0.007419 0.001723
1
336.329771 222.292860
5.295000 9.953000 12.082942 19 2
0.065880 0.000000 0.000000 0.000000 0.186636
0.001716 0.000210
1
254.269680 466.804991
5.295000 9.953000 12.082942 19 2
0.065880 0.000000 0.000000 0.000000 0.113670
0.009962 0.009644
1
223.578282 16.628117
5.295000 9.953000 12.082942 19 2
0.065880 0.000000 0.000000 0.000000 0.186390
-0.004631 -0.014196
1
9.268134 214.356738
5.295000 9.953000 12.082942 19 2
0.065880 0.000000 0.000000 0.000000 0.152784
-0.012391 0.005175
1
380.301440 49.057982
5.295000 9.953000 12.082942 19 2
0.065880 0.000000 0.000000 0.000000 0.202318
0.009678 -0.014553
1
274.379797 390.063100
5.295000 9.953000 12.082942 19 2
0.065880 0.000000 0.000000 0.000000 0.116054
0.004087 0.006997
1
336.801696 270.295218
5.295000 9.953000 12.082942 19 2
0.065880 0.000000 0.000000 0.000000 0.155317
0.012122 -0.004883
1
170.017678 422.596269
5.295000 9.953000 12.082942 19 2
0.065880 0.000000 0.000000 0.000000 0.114929
-0.005887 0.005166
1
343.692656 194.884790
5.295000 9.953000 12.082942 19 2
0.065880 0.000000 0.000000 0.000000 0.144479
-0.007421 0.002182
1
99.436767 291.669163
5.295000 9.953000 12.082942 19 2
0.065880 0.000000 0.000000 0.000000 0.098686
-0.013323 -0.001743
4
178.317996 278.942504
5.295000 9.953000 12.082942 27 1
0.000000 0.000000 0.000000 0.000000 0.109809
0.001015 0.002641
5
277.502123 181.109474
4.750685 8.929853 10.840841 23 1
0.065880 0.000000 0.000000 0.000000 0.098879
0.010949 -0.013344
1
188.004749 423.946048
5.295000 9.953000 12.082942 19 2
0.065880 0.000000 0.000000 0.000000 0.109013
-0.000139 0.000934
1
250.690684 201.577918
5.295000 9.953000 12.082942 19 2
0.065880 0.000000 0.000000 0.000000 0.100442
0.004439 -0.003029
1
329.551661 478.570608
5.295000 9.953000 12.082942 19 2
0.065880 0.000000 0.000000 0.000000 0.139943
0.004858 0.008440
1
181.292308 51.561849
5.295000 9.953000 12.082942 19 2
0.065880 0.000000 0.000000 0.000000 0.116239
-0.002254 -0.020435
5
374.800150 374.239216
4.982786 9.366132 11.370484 21 1
0.065880 0.000000 0.000000 0.000000 0.199272
-0.004442 0.016805
1
341.944941 317.630887
5.295000 9.953000 12.082942 19 2
0.065880 0.000000 0.000000 0.000000 0.136825
0.005105 -0.001433
1
313.828687 249.274223
5.295000 9.953000 12.082942 19 2
0.065880 0.000000 0.000000 0.000000 0.108998
0.005462 0.001192
4
228.693920 289.653502
5.295000 9.953000 12.082942 32 1
0.000000 0.000000 0.000000 0.000000 0.123000
-0.006816 -0.003839
5
404.645443 261.716298
4.869501 9.153191 11.111974 22 1
0.065880 0.000000 0.000000 0.000000 0.151506
0.016669 -0.005843
5
58.820853 173.161678
4.750685 8.929853 10.840841 23 1
0.065880 0.000000 0.000000 0.000000 0.112019
-0.010103 -0.010918
1
96.885715 363.136216
5.295000 9.953000 12.082942 19 2
0.065880 0.000000 0.000000 0.000000 0.115574
-0.009753 0.006389
5
44.782871 322.617060
4.982786 9.366132 11.370484 21 1
0.065880 0.000000 0.000000 0.000000 0.191742
-0.018176 0.001805
5
360.720730 76.014466
4.750685 8.929853 10.840841 23 1
0.065880 0.000000 0.000000 0.000000 0.243699
-0.008462 -0.011219
1
417.580373 167.150352
5.295000 9.953000 12.082942 19 2
0.065880 0.000000 0.000000 0.000000 0.106201
0.009748 -0.001725
1
361.460913 469.482467
5.295000 9.953000 12.082942 19 2
0.065880 0.000000 0.000000 0.000000 0.233591
-0.001620 0.011618
1
328.716686 369.196457
5.295000 9.953000 12.082942 20 2
0.065880 0.000000 0.000000 0.000000 0.139221
0.002436 0.001964
1
282.926425 374.310229
5.295000 9.953000 12.082942 20 2
0.065880 0.000000 0.000000 0.000000 0.115871
0.007139 0.007194
1
393.175531 250.356342
5.295000 9.953000 12.082942 20 2
0.065880 0.000000 0.000000 0.000000 0.159906
0.002894 0.004817
1
376.350941 314.692863
5.295000 9.953000 12.082942 20 2
0.065880 0.000000 0.000000 0.000000 0.174129
0.008681 -0.001906
1
98.222422 160.087048
5.295000 9.953000 12.082942 20 2
0.065880 0.000000 0.000000 0.000000 0.097516
-0.004511 -0.003377
1
86.064732 113.806403
5.295000 9.953000 12.082942 20 2
0.065880 0.000000 0.000000 0.000000 0.121176
-0.007338 -0.004868
1
305.853993 456.109704
5.295000 9.953000 12.082942 20 2
0.065880 0.000000 0.000000 0.000000 0.119740
0.012038 0.011837
1
452.224319 320.170281
5.295000 9.953000 12.082942 20 2
0.065880 0.000000 0.000000 0.000000 0.170602
0.011000 0.005240
5
389.979331 204.418823
4.625609 8.694746 10.555422 24 1
0.065880 0.000000 0.000000 0.000000 0.154971
0.005433 -0.002325
4
57.840548 209.243701
5.295000 9.953000 12.082942 31 1
0.000000 0.000000 0.000000 0.000000 0.108019
-0.016711 -0.009360
1
397.348646 234.240613
5.295000 9.953000 12.082942 20 2
0.065880 0.000000 0.000000 0.000000 0.198028
0.010201 0.003286
1
212.297449 238.012312
5.295000 9.953000 12.082942 20 2
0.065880 0.000000 0.000000 0.000000 0.110551
-0.002267 -0.002234
5
348.848240 251.753302
4.982786 9.366132 11.370484 21 1
0.065880 0.000000 0.000000 0.000000 0.199844
0.004512 0.001032
4
206.973044 268.760806
5.295000 9.953000 12.082942 31 1
0.000000 0.000000 0.000000 0.000000 0.093962
-0.001963 0.004118
1
424.646135 383.340679
5.295000 9.953000 12.082942 20 2
0.065880 0.000000 0.000000 0.000000 0.155479
0.012301 0.000094
1
280.697351 196.266935
5.295000 9.953000 12.082942 20 2
0.065880 0.000000 0.000000 0.000000 0.100240
0.006989 -0.001136
1
314.494104 425.648195
5.295000 9.953000 12.082942 20 2
0.065880 0.000000 0.000000 0.000000 0.135882
0.008174 0.010342
4
175.063287 81.076173
5.295000 9.953000 12.082942 33 1
0.000000 0.000000 0.000000 0.000000 0.124038
0.006746 -0.013955
1
196.504470 23.525154
5.295000 9.953000 12.082942 20 2
0.065880 0.000000 0.000000 0.000000 0.154985
-0.007077 -0.026452
4
115.332615 389.629872
5.295000 9.953000 12.082942 33 1
0.000000 0.000000 0.000000 0.000000 0.103365
-0.010116 0.007824
1
278.384742 144.173435
5.295000 9.953000 12.082942 20 2
0.065880 0.000000 0.000000 0.000000 0.114622
-0.015094 -0.007997
1
346.401104 300.353414
5.295000 9.953000 12.082942 20 2
0.065880 0.000000 0.000000 0.000000 0.121342
0.007115 -0.000125
5
200.345038 223.333283
4.982786 9.366132 11.370484 21 1
0.065880 0.000000 0.000000 0.000000 0.116287
0.005691 -0.008163
1
104.559990 194.943492
5.295000 9.953000 12.082942 20 2
0.065880 0.000000 0.000000 0.000000 0.090832
-0.005682 0.006721
1
302.781035 130.521288
5.295000 9.953000 12.082942 20 2
0.065880 0.000000 0.000000 0.000000 0.123886
0.010772 -0.006737
4
319.363530 338.448523
5.295000 9.953000 12.082942 34 1
0.000000 0.000000 0.000000 0.000000 0.131887
-0.000998 -0.008337
1
353.891646 266.734637
5.295000 9.953000 12.082942 21 2
0.065880 0.000000 0.000000 0.000000 0.222204
0.013544 0.000289
5
58.640031 192.510991
4.750685 8.929853 10.840841 23 1
0.065880 0.000000 0.000000 0.000000 0.105061
-0.013727 -0.010362
4
90.565526 207.106370
5.295000 9.953000 12.082942 33 1
0.000000 0.000000 0.000000 0.000000 0.102622
-0.008420 0.011743
1
39.765345 236.511111
5.295000 9.953000 12.082942 21 2
0.065880 0.000000 0.000000 0.000000 0.107386
0.003802 -0.005910
1
491.399162 194.249160
5.295000 9.953000 12.082942 21 2
0.065880 0.000000 0.000000 0.000000 0.363127
0.027745 -0.003645
1
81.199378 73.714068
5.295000 9.953000 12.082942 21 2
0.065880 0.000000 0.000000 0.000000 0.350584
-0.000261 -0.012848
1
215.323325 446.026853
5.295000 9.953000 12.082942 21 2
0.065880 0.000000 0.000000 0.000000 0.110703
0.009228 0.023927
1
450.172164 357.156204
5.295000 9.953000 12.082942 21 2
0.065880 0.000000 0.000000 0.000000 0.144114
0.009773 0.007717
4
175.864844 233.523250
5.295000 9.953000 12.082942 36 1
0.000000 0.000000 0.000000 0.000000 0.090692
-0.006694 0.001394
1
465.444851 154.703100
5.295000 9.953000 12.082942 21 2
0.065880 0.000000 0.000000 0.000000 0.316961
0.008760 -0.005881
1
441.944315 387.953155
5.295000 9.953000 12.082942 21 2
0.065880 0.000000 0.000000 0.000000 0.181000
0.011681 0.011403
5
355.474228 184.504474
4.493375 8.446188 10.253672 25 1
0.065880 0.000000 0.000000 0.000000 0.117332
0.013359 -0.045636
1
264.940467 314.825840
5.295000 9.953000 12.082942 21 2
0.065880 0.000000 0.000000 0.000000 0.134608
0.038387 -0.027640
1
268.472004 299.604324
5.295000 9.953000 12.082942 21 2
0.065880 0.000000 0.000000 0.000000 0.109248
0.021648 0.051730
1
204.304887 72.254491
5.295000 9.953000 12.082942 21 2
0.065880 0.000000 0.000000 0.000000 0.159726
0.008254 -0.021051
4
130.464482 379.596270
5.295000 9.953000 12.082942 33 1
0.000000 0.000000 0.000000 0.000000 0.104093
-0.007772 0.007451
4
155.932927 78.539360
5.295000 9.953000 12.082942 31 1
0.000000 0.000000 0.000000 0.000000 0.109683
0.000298 -0.006445
4
242.666126 484.431755
5.295000 9.953000 12.082942 34 1
0.000000 0.000000 0.000000 0.000000 0.123918
-0.002392 0.023460
1
261.316679 483.309597
5.295000 9.953000 12.082942 21 2
0.065880 0.000000 0.000000 0.000000 0.117097
-0.000415 0.015518
1
130.944707 171.840435
5.295000 9.953000 12.082942 21 2
0.065880 0.000000 0.000000 0.000000 0.101387
-0.005690 -0.001194
1
150.928900 59.807546
5.295000 9.953000 12.082942 21 2
0.065880 0.000000 0.000000 0.000000 0.110012
-0.003895 -0.008214
1
251.716344 262.655158
5.295000 9.953000 12.082942 21 2
0.065880 0.000000 0.000000 0.000000 0.100276
-0.001832 0.000076
1
97.823900 274.011223
5.295000 9.953000 12.082942 21 2
0.065880 0.000000 0.000000 0.000000 0.103887
-0.019159 -0.001179
1
290.511409 79.666572
5.295000 9.953000 12.082942 21 2
0.065880 0.000000 0.000000 0.000000 0.297831
-0.004819 -0.008975
4
231.772947 344.133179
5.295000 9.953000 12.082942 34 1
0.000000 0.000000 0.000000 0.000000 0.109804
0.016673 0.014131
1
128.567901 120.713908
5.295000 9.953000 12.082942 21 2
0.065880 0.000000 0.000000 0.000000 0.110877
-0.000776 -0.004841
1
431.179305 249.574260
5.295000 9.953000 12.082942 21 2
0.065880 0.000000 0.000000 0.000000 0.144734
0.014621 0.003496
4
264.844986 156.249909
5.295000 9.953000 12.082942 32 1
0.000000 0.000000 0.000000 0.000000 0.113721
-0.013218 -0.001644
1
192.146456 473.587729
5.295000 9.953000 12.082942 21 2
0.065880 0.000000 0.000000 0.000000 0.178274
-0.007829 0.007932
1
120.912003 149.699926
5.295000 9.953000 12.082942 21 2
0.065880 0.000000 0.000000 0.000000 0.103854
-0.012214 -0.003805
5
59.535094 101.919772
3.744130 7.037834 8.543930 27 1
0.065880 0.000000 0.000000 0.000000 0.228692
-0.004672 -0.002505
4
282.361321 344.720790
5.295000 9.953000 12.082942 36 1
0.000000 0.000000 0.000000 0.000000 0.118230
0.002319 0.005852
4
183.755450 295.552805
5.295000 9.953000 12.082942 36 1
0.000000 0.000000 0.000000 0.000000 0.108354
-0.001734 -0.006566
4
284.089704 405.073037
5.295000 9.953000 12.082942 32 1
0.000000 0.000000 0.000000 0.000000 0.139997
0.005171 0.008226
1
427.023187 298.007767
5.295000 9.953000 12.082942 21 2
0.065880 0.000000 0.000000 0.000000 0.232922
0.007720 0.001949
5
459.874896 188.505679
4.869501 9.153191 11.111974 22 1
0.065880 0.000000 0.000000 0.000000 0.230614
0.019618 0.011234
1
246.631771 184.146228
5.295000 9.953000 12.082942 21 2
0.065880 0.000000 0.000000 0.000000 0.102593
0.008288 -0.003245
1
208.955838 123.396736
5.295000 9.953000 12.082942 21 2
0.065880 0.000000 0.000000 0.000000 0.115792
-0.003778 -0.003336
2
301.662308 65.068217
5.295000 9.953000 12.082942 31 1
0.065880 0.000000 0.000000 0.000000 0.444076
0.005496 -0.006174
1
131.478054 444.106052
5.295000 9.953000 12.082942 22 2
0.065880 0.000000 0.000000 0.000000 0.163419
-0.016351 0.024683
1
302.505420 216.626426
5.295000 9.953000 12.082942 22 2
0.065880 0.000000 0.000000 0.000000 0.123386
0.004719 0.006497
5
462.812876 208.951984
3.744130 7.037834 8.543930 27 1
0.065880 0.000000 0.000000 0.000000 0.238821
0.003853 -0.020306
1
340.275934 381.865920
5.295000 9.953000 12.082942 22 2
0.065880 0.000000 0.000000 0.000000 0.145927
0.010803 0.001509
1
28.721993 188.136502
5.295000 9.953000 12.082942 22 2
0.065880 0.000000 0.000000 0.000000 0.145297
-0.019334 -0.003094
1
213.854066 405.946063
5.295000 9.953000 12.082942 22 2
0.065880 0.000000 0.000000 0.000000 0.095595
0.000596 0.003889
2
28.059783 318.595076
5.295000 9.953000 12.082942 32 1
0.065880 0.000000 0.000000 0.000000 0.315902
-0.018956 0.000671
4
198.496299 344.827920
5.295000 9.953000 12.082942 34 1
0.000000 0.000000 0.000000 0.000000 0.121580
0.014464 0.004274
1
172.515399 169.516160
5.295000 9.953000 12.082942 22 2
0.065880 0.000000 0.000000 0.000000 0.086858
-0.002749 -0.002828
1
478.653845 230.865924
5.295000 9.953000 12.082942 22 2
0.065880 0.000000 0.000000 0.000000 0.239415
0.009512 -0.005324
1
124.688319 218.755018
5.295000 9.953000 12.082942 22 2
0.065880 0.000000 0.000000 0.000000 0.090971
-0.001529 -0.003516
1
487.662790 311.775155
5.295000 9.953000 12.082942 22 2
0.065880 0.000000 0.000000 0.000000 0.159867
0.022845 0.000331
1
100.131845 400.059946
5.295000 9.953000 12.082942 22 2
0.065880 0.000000 0.000000 0.000000 0.116435
-0.010517 0.009607
5
203.396535 488.042373
4.493375 8.446188 10.253672 25 1
0.065880 0.000000 0.000000 0.000000 0.154047
-0.016572 0.017946
2
302.160230 46.774433
5.295000 9.953000 12.082942 29 1
0.065880 0.000000 0.000000 0.000000 0.429548
-0.010061 -0.008381
1
297.245481 308.181112
5.295000 9.953000 12.082942 22 2
0.065880 0.000000 0.000000 0.000000 0.108177
0.040088 -0.017408
1
413.902427 112.330948
5.295000 9.953000 12.082942 22 2
0.065880 0.000000 0.000000 0.000000 0.138720
0.001303 -0.003211
1
433.572966 174.084070
5.295000 9.953000 12.082942 23 2
0.065880 0.000000 0.000000 0.000000 0.146762
0.010202 -0.000753
1
334.897921 141.832286
5.295000 9.953000 12.082942 23 2
0.065880 0.000000 0.000000 0.000000 0.131643
0.017059 -0.005227
1
461.842962 237.821443
5.295000 9.953000 12.082942 23 2
0.065880 0.000000 0.000000 0.000000 0.216552
0.008601 -0.002675
1
287.455659 448.486813
5.295000 9.953000 12.082942 23 2
0.065880 0.000000 0.000000 0.000000 0.116856
0.002180 0.011515
1
400.146677 141.800959
5.295000 9.953000 12.082942 23 2
0.065880 0.000000 0.000000 0.000000 0.106995
0.011672 -0.001887
1
22.215168 244.039114
5.295000 9.953000 12.082942 23 2
0.065880 0.000000 0.000000 0.000000 0.111045
0.002228 0.004892
1
50.087291 306.721189
5.295000 9.953000 12.082942 23 2
0.065880 0.000000 0.000000 0.000000 0.123352
-0.013661 0.001752
1
157.345314 357.272804
5.295000 9.953000 12.082942 23 2
0.065880 0.000000 0.000000 0.000000 0.093415
-0.004499 -0.000289
1
99.670601 381.948659
5.295000 9.953000 12.082942 23 2
0.065880 0.000000 0.000000 0.000000 0.105708
-0.011883 0.008080
1
169.554132 217.267173
5.295000 9.953000 12.082942 23 2
0.065880 0.000000 0.000000 0.000000 0.088230
-0.000793 -0.002632
1
179.640369 186.719581
5.295000 9.953000 12.082942 23 2
0.065880 0.000000 0.000000 0.000000 0.082912
-0.000954 -0.001441
1
383.449624 135.251303
5.295000 9.953000 12.082942 23 2
0.065880 0.000000 0.000000 0.000000 0.126485
0.014247 -0.009672
1
247.195479 246.963222
5.295000 9.953000 12.082942 23 2
0.065880 0.000000 0.000000 0.000000 0.093889
0.001642 0.004088
1
141.117874 225.326064
5.295000 9.953000 12.082942 23 2
0.065880 0.000000 0.000000 0.000000 0.088530
0.002085 -0.005405
1
193.722344 130.201712
5.295000 9.953000 12.082942 23 2
0.065880 0.000000 0.000000 0.000000 0.100481
-0.006181 -0.002893
1
164.884535 246.292722
5.295000 9.953000 12.082942 23 2
0.065880 0.000000 0.000000 0.000000 0.088422
-0.012021 0.004034
4
224.345298 460.508697
5.295000 9.953000 12.082942 33 1
0.000000 0.000000 0.000000 0.000000 0.127871
0.003580 0.026501
5
358.973663 358.008154
4.352864 8.182070 9.933032 26 1
0.065880 0.000000 0.000000 0.000000 0.283333
0.005943 0.036742
1
375.840389 83.320639
5.295000 9.953000 12.082942 23 2
0.065880 0.000000 0.000000 0.000000 0.169806
0.001415 -0.018120
5
97.546877 221.930747
4.493375 8.446188 10.253672 25 1
0.065880 0.000000 0.000000 0.000000 0.098048
-0.037849 0.034556
1
44.235846 254.013891
5.295000 9.953000 12.082942 23 2
0.065880 0.000000 0.000000 0.000000 0.104886
-0.025338 0.005275
1
359.073018 312.957584
5.295000 9.953000 12.082942 23 2
0.065880 0.000000 0.000000 0.000000 0.147951
0.006843 0.002147
1
50.185375 338.237015
5.295000 9.953000 12.082942 24 2
0.065880 0.000000 0.000000 0.000000 0.146768
-0.014987 0.002423
1
129.556180 289.082863
5.295000 9.953000 12.082942 24 2
0.065880 0.000000 0.000000 0.000000 0.109058
-0.002636 -0.001966
1
68.239006 140.416629
5.295000 9.953000 12.082942 24 2
0.065880 0.000000 0.000000 0.000000 0.109048
-0.006647 0.000908
4
308.661848 277.534463
5.295000 9.953000 12.082942 31 1
0.000000 0.000000 0.000000 0.000000 0.113305
0.002520 -0.010940
1
391.981222 377.600454
5.295000 9.953000 12.082942 24 2
0.065880 0.000000 0.000000 0.000000 0.184056
0.005293 -0.001874
1
190.860480 173.952368
5.295000 9.953000 12.082942 24 2
0.065880 0.000000 0.000000 0.000000 0.085404
-0.001355 -0.002295
1
273.344911 282.765799
5.295000 9.953000 12.082942 24 2
0.065880 0.000000 0.000000 0.000000 0.111401
0.000640 -0.017582
2
11.071093 312.023715
5.295000 9.953000 12.082942 33 1
0.065880 0.000000 0.000000 0.000000 0.405918
-0.020338 0.000701
1
145.220724 243.154235
5.295000 9.953000 12.082942 24 2
0.065880 0.000000 0.000000 0.000000 0.091526
0.010724 -0.003161
1
267.894799 207.511702
5.295000 9.953000 12.082942 24 2
0.065880 0.000000 0.000000 0.000000 0.096943
0.006242 0.001896
2
485.982564 176.084942
5.295000 9.953000 12.082942 30 1
0.065880 0.000000 0.000000 0.000000 0.547123
0.007125 0.000881
1
222.530819 208.003290
5.295000 9.953000 12.082942 24 2
0.065880 0.000000 0.000000 0.000000 0.114072
0.004086 -0.004967
1
313.529417 361.692892
5.295000 9.953000 12.082942 24 2
0.065880 0.000000 0.000000 0.000000 0.131687
0.003218 0.015195
1
248.497249 344.472948
5.295000 9.953000 12.082942 25 2
0.065880 0.000000 0.000000 0.000000 0.100958
0.005787 -0.003874
1
146.277457 404.249145
5.295000 9.953000 12.082942 25 2
0.065880 0.000000 0.000000 0.000000 0.100156
-0.006703 0.005899
1
386.651010 221.181861
5.295000 9.953000 12.082942 25 2
0.065880 0.000000 0.000000 0.000000 0.187502
0.009022 0.004939
1
126.983194 271.242187
5.295000 9.953000 12.082942 25 2
0.065880 0.000000 0.000000 0.000000 0.167338
-0.010244 -0.005223
4
387.020945 171.005933
5.295000 9.953000 12.082942 36 1
0.000000 0.000000 0.000000 0.000000 0.104812
0.006139 -0.005453
1
404.599118 436.020504
5.295000 9.953000 12.082942 25 2
0.065880 0.000000 0.000000 0.000000 0.187942
0.004857 0.002183
4
116.481679 407.831332
5.295000 9.953000 12.082942 32 1
0.000000 0.000000 0.000000 0.000000 0.120403
-0.007249 0.009901
1
121.490268 200.720041
5.295000 9.953000 12.082942 25 2
0.065880 0.000000 0.000000 0.000000 0.094369
-0.015285 0.006462
1
94.702545 257.278595
5.295000 9.953000 12.082942 25 2
0.065880 0.000000 0.000000 0.000000 0.096869
-0.011322 -0.004061
1
231.190087 437.939545
5.295000 9.953000 12.082942 25 2
0.065880 0.000000 0.000000 0.000000 0.108354
0.001938 0.006997
1
365.027985 420.829351
5.295000 9.953000 12.082942 25 2
0.065880 0.000000 0.000000 0.000000 0.103426
0.014948 0.024992
4
141.834473 110.714246
5.295000 9.953000 12.082942 31 1
0.000000 0.000000 0.000000 0.000000 0.133614
-0.000443 -0.006406
1
235.225535 260.154422
5.295000 9.953000 12.082942 25 2
0.065880 0.000000 0.000000 0.000000 0.098289
0.000324 -0.001113
4
196.571036 375.479078
5.295000 9.953000 12.082942 31 1
0.000000 0.000000 0.000000 0.000000 0.118669
-0.003341 0.001388
1
282.827830 12.953463
5.295000 9.953000 12.082942 25 2
0.065880 0.000000 0.000000 0.000000 0.290414
-0.001306 -0.001241
4
163.419043 340.697353
5.295000 9.953000 12.082942 35 1
0.000000 0.000000 0.000000 0.000000 0.103007
0.001242 0.002319
1
325.315209 170.185696
5.295000 9.953000 12.082942 25 2
0.065880 0.000000 0.000000 0.000000 0.132419
-0.002391 0.001704
1
51.360372 369.534262
5.295000 9.953000 12.082942 26 2
0.065880 0.000000 0.000000 0.000000 0.159974
-0.008679 0.010685
1
347.595386 38.052379
5.295000 9.953000 12.082942 26 2
0.065880 0.000000 0.000000 0.000000 0.304632
-0.000395 -0.004109
1
171.393051 309.607317
5.295000 9.953000 12.082942 26 2
0.065880 0.000000 0.000000 0.000000 0.101918
-0.059104 -0.013999
1
134.438388 189.518737
5.295000 9.953000 12.082942 26 2
0.065880 0.000000 0.000000 0.000000 0.094375
-0.003204 -0.004372
4
143.361437 317.408480
5.295000 9.953000 12.082942 32 1
0.000000 0.000000 0.000000 0.000000 0.113315
-0.017614 0.008171
1
379.515240 100.419841
5.295000 9.953000 12.082942 26 2
0.065880 0.000000 0.000000 0.000000 0.166860
-0.001834 -0.014579
1
196.763581 41.062185
5.295000 9.953000 12.082942 26 2
0.065880 0.000000 0.000000 0.000000 0.120573
-0.004309 -0.024799
1
29.916724 282.821453
5.295000 9.953000 12.082942 26 2
0.065880 0.000000 0.000000 0.000000 0.134243
-0.016672 0.000837
1
154.798410 163.102044
5.295000 9.953000 12.082942 26 2
0.065880 0.000000 0.000000 0.000000 0.089328
-0.005111 -0.003943
1
403.352642 340.535592
5.295000 9.953000 12.082942 26 2
0.065880 0.000000 0.000000 0.000000 0.225360
0.010913 0.003525
1
227.136175 48.331565
5.295000 9.953000 12.082942 26 2
0.065880 0.000000 0.000000 0.000000 0.157429
0.006908 -0.016383
4
215.485676 192.789565
5.295000 9.953000 12.082942 32 1
0.000000 0.000000 0.000000 0.000000 0.111506
0.003416 -0.002978
1
350.789171 434.009232
5.295000 9.953000 12.082942 26 2
0.065880 0.000000 0.000000 0.000000 0.104013
0.012911 0.005781
1
364.628817 110.996144
5.295000 9.953000 12.082942 26 2
0.065880 0.000000 0.000000 0.000000 0.175140
0.003126 -0.006882
1
341.683157 176.565756
5.295000 9.953000 12.082942 26 2
0.065880 0.000000 0.000000 0.000000 0.130108
0.012419 0.000586
1
71.239951 364.734507
5.295000 9.953000 12.082942 26 2
0.065880 0.000000 0.000000 0.000000 0.124953
-0.024730 0.012402
1
386.287931 343.874388
5.295000 9.953000 12.082942 27 2
0.065880 0.000000 0.000000 0.000000 0.265387
0.006211 0.012385
1
272.818608 224.644933
5.295000 9.953000 12.082942 27 2
0.065880 0.000000 0.000000 0.000000 0.101363
0.006128 -0.001979
1
146.652575 41.882564
5.295000 9.953000 12.082942 27 2
0.065880 0.000000 0.000000 0.000000 0.177437
-0.008687 -0.008739
1
275.285271 90.548614
5.295000 9.953000 12.082942 27 2
0.065880 0.000000 0.000000 0.000000 0.180113
0.004742 0.006560
1
336.479359 334.429535
5.295000 9.953000 12.082942 27 2
0.065880 0.000000 0.000000 0.000000 0.154405
0.005727 0.002393
4
203.493085 314.397872
5.295000 9.953000 12.082942 34 1
0.000000 0.000000 0.000000 0.000000 0.097248
-0.059326 -0.022557
1
443.586295 235.018496
5.295000 9.953000 12.082942 27 2
0.065880 0.000000 0.000000 0.000000 0.178372
0.009863 -0.007496
2
245.188193 45.707968
5.295000 9.953000 12.082942 28 1
0.065880 0.000000 0.000000 0.000000 0.295746
0.006055 -0.013004
1
98.833274 79.925158
5.295000 9.953000 12.082942 27 2
0.065880 0.000000 0.000000 0.000000 0.176097
-0.001565 -0.008673
4
305.176300 347.583930
5.295000 9.953000 12.082942 34 1
0.000000 0.000000 0.000000 0.000000 0.117965
0.024939 0.027932
1
401.581864 160.003258
5.295000 9.953000 12.082942 28 2
0.065880 0.000000 0.000000 0.000000 0.104300
0.009748 -0.001901
4
212.040663 285.158589
5.295000 9.953000 12.082942 29 1
0.000000 0.000000 0.000000 0.000000 0.133014
-0.000058 -0.005872
1
103.473034 438.075087
5.295000 9.953000 12.082942 28 2
0.065880 0.000000 0.000000 0.000000 0.198786
-0.003409 0.010364
1
433.161628 156.451280
5.295000 9.953000 12.082942 28 2
0.065880 0.000000 0.000000 0.000000 0.130687
0.010369 -0.002718
1
278.415720 241.608641
5.295000 9.953000 12.082942 28 2
0.065880 0.000000 0.000000 0.000000 0.115944
0.001557 0.003762
4
266.044779 405.490919
5.295000 9.953000 12.082942 32 1
0.000000 0.000000 0.000000 0.000000 0.116474
0.003552 0.007514
1
113.388268 335.540413
5.295000 9.953000 12.082942 29 2
0.065880 0.000000 0.000000 0.000000 0.085458
-0.015712 0.001614
1
116.394826 132.186635
5.295000 9.953000 12.082942 29 2
0.065880 0.000000 0.000000 0.000000 0.106753
-0.006098 -0.003482
4
231.402605 375.660650
5.295000 9.953000 12.082942 34 1
0.000000 0.000000 0.000000 0.000000 0.110619
-0.000673 0.002368
1
128.599174 361.926449
5.295000 9.953000 12.082942 29 2
0.065880 0.000000 0.000000 0.000000 0.095669
-0.010675 0.006298
2
98.112955 61.133480
5.295000 9.953000 12.082942 30 1
0.065880 0.000000 0.000000 0.000000 0.369944
-0.007625 -0.008967
1
160.987892 276.149831
5.295000 9.953000 12.082942 29 2
0.065880 0.000000 0.000000 0.000000 0.095911
-0.007417 0.009287
1
213.594937 145.933761
5.295000 9.953000 12.082942 29 2
0.065880 0.000000 0.000000 0.000000 0.163627
-0.002806 -0.005949
1
321.025999 153.427208
5.295000 9.953000 12.082942 29 2
0.065880 0.000000 0.000000 0.000000 0.121148
0.017400 -0.006844
1
348.238127 416.398102
5.295000 9.953000 12.082942 30 2
0.065880 0.000000 0.000000 0.000000 0.110903
0.015059 0.004526
1
279.513214 481.860150
5.295000 9.953000 12.082942 30 2
0.065880 0.000000 0.000000 0.000000 0.116863
0.001945 0.007775
2
22.591161 353.080309
5.295000 9.953000 12.082942 33 1
0.065880 0.000000 0.000000 0.000000 0.520279
-0.014001 0.006100
4
239.839171 391.121308
5.295000 9.953000 12.082942 32 1
0.000000 0.000000 0.000000 0.000000 0.105091
0.001929 0.006328
1
369.091423 146.103797
5.295000 9.953000 12.082942 30 2
0.065880 0.000000 0.000000 0.000000 0.150458
0.012502 -0.007569
1
366.429941 128.683930
5.295000 9.953000 12.082942 30 2
0.065880 0.000000 0.000000 0.000000 0.183136
0.017646 -0.009611
1
331.829804 124.444916
5.295000 9.953000 12.082942 30 2
0.065880 0.000000 0.000000 0.000000 0.165641
0.016957 -0.011344
1
447.523143 128.181243
5.295000 9.953000 12.082942 30 2
0.065880 0.000000 0.000000 0.000000 0.191543
0.005762 -0.007239
4
239.672071 422.151134
5.295000 9.953000 12.082942 32 1
0.000000 0.000000 0.000000 0.000000 0.111452
0.001279 0.005984
1
247.167086 106.864133
5.295000 9.953000 12.082942 31 2
0.065880 0.000000 0.000000 0.000000 0.172311
0.000284 -0.014245
1
420.383307 76.463128
5.295000 9.953000 12.082942 31 2
0.065880 0.000000 0.000000 0.000000 0.274729
0.005303 0.002945
1
357.500012 386.509954
5.295000 9.953000 12.082942 31 2
0.065880 0.000000 0.000000 0.000000 0.161814
0.001600 0.031952
1
81.788492 351.110539
5.295000 9.953000 12.082942 31 2
0.065880 0.000000 0.000000 0.000000 0.108895
-0.009813 0.018045
1
42.773116 200.218903
5.295000 9.953000 12.082942 32 2
0.065880 0.000000 0.000000 0.000000 0.111381
-0.017862 -0.011000
1
404.976242 196.588405
5.295000 9.953000 12.082942 32 2
0.065880 0.000000 0.000000 0.000000 0.125399
0.006516 -0.000866
2
128.833537 36.731831
5.295000 9.953000 12.082942 36 1
0.065880 0.000000 0.000000 0.000000 0.574133
-0.009744 -0.007409
1
362.806610 242.274312
5.295000 9.953000 12.082942 32 2
0.065880 0.000000 0.000000 0.000000 0.222372
0.005485 -0.001944
1
324.010468 73.436206
5.295000 9.953000 12.082942 32 2
0.065880 0.000000 0.000000 0.000000 0.336195
-0.004056 -0.020475
1
161.656595 116.495278
5.295000 9.953000 12.082942 32 2
0.065880 0.000000 0.000000 0.000000 0.103995
-0.008052 -0.008197
1
309.551822 100.928700
5.295000 9.953000 12.082942 32 2
0.065880 0.000000 0.000000 0.000000 0.178845
0.013460 -0.005686
1
451.059086 339.202128
5.295000 9.953000 12.082942 32 2
0.065880 0.000000 0.000000 0.000000 0.141922
0.009773 0.002556
1
340.793873 91.554339
5.295000 9.953000 12.082942 32 2
0.065880 0.000000 0.000000 0.000000 0.231725
0.010236 -0.018436
1
324.897436 460.364519
5.295000 9.953000 12.082942 32 2
0.065880 0.000000 0.000000 0.000000 0.112169
0.001489 0.009059
1
469.529664 364.719816
5.295000 9.953000 12.082942 33 2
0.065880 0.000000 0.000000 0.000000 0.228067
0.007586 0.004777
1
252.672982 499.863771
5.295000 9.953000 12.082942 33 2
0.065880 0.000000 0.000000 0.000000 0.119347
0.003476 0.018065
1
125.054461 84.315793
5.295000 9.953000 12.082942 33 2
0.065880 0.000000 0.000000 0.000000 0.139549
-0.010687 -0.007956
1
220.365623 65.495629
5.295000 9.953000 12.082942 34 2
0.065880 0.000000 0.000000 0.000000 0.187126
0.006127 -0.025439
1
167.807299 200.255006
5.295000 9.953000 12.082942 34 2
0.065880 0.000000 0.000000 0.000000 0.100188
-0.001486 -0.003204
1
445.495467 285.801937
5.295000 9.953000 12.082942 34 2
0.065880 0.000000 0.000000 0.000000 0.212029
0.011446 0.015713
1
98.157653 344.584473
5.295000 9.953000 12.082942 34 2
0.065880 0.000000 0.000000 0.000000 0.100264
-0.011517 0.005510
1
231.587841 310.232154
5.295000 9.953000 12.082942 35 2
0.065880 0.000000 0.000000 0.000000 0.103520
-0.053829 0.029162
1
315.831506 408.545177
5.295000 9.953000 12.082942 35 2
0.065880 0.000000 0.000000 0.000000 0.149099
0.000841 0.008348
1
402.485813 71.969429
5.295000 9.953000 12.082942 35 2
0.065880 0.000000 0.000000 0.000000 0.191730
0.005900 -0.006177
1
148.205695 386.779313
5.295000 9.953000 12.082942 35 2
0.065880 0.000000 0.000000 0.000000 0.109233
-0.003520 0.003862
1
281.027540 110.564144
5.295000 9.953000 12.082942 35 2
0.065880 0.000000 0.000000 0.000000 0.139329
0.006001 -0.004689
1
300.257718 373.880238
5.295000 9.953000 12.082942 35 2
0.065880 0.000000 0.000000 0.000000 0.120311
0.010103 0.015414
1
179.651195 407.315557
5.295000 9.953000 12.082942 35 2
0.065880 0.000000 0.000000 0.000000 0.095623
-0.004150 0.003308
1
49.461877 139.554055
5.295000 9.953000 12.082942 36 2
0.065880 0.000000 0.000000 0.000000 0.129557
-0.012074 -0.019197
1
172.975306 358.762343
5.295000 9.953000 12.082942 36 2
0.065880 0.000000 0.000000 0.000000 0.106603
-0.008875 -0.003404
1
270.457382 125.037874
5.295000 9.953000 12.082942 36 2
0.065880 0.000000 0.000000 0.000000 0.120369
0.003193 -0.001101
1
124.997602 253.140992
5.295000 9.953000 12.082942 36 2
0.065880 0.000000 0.000000 0.000000 0.132315
-0.016455 -0.000475
5
383.197562 281.947053
5.195070 9.765163 11.854907 19 1
0.065880 0.000000 0.000000 0.000000 0.152706
0.012855 0.002345
5
11.522650 177.779753
5.195070 9.765163 11.854907 19 1
0.065880 0.000000 0.000000 0.000000 0.361523
-0.017226 -0.001521
5
289.454123 428.710148
5.195070 9.765163 11.854907 19 1
0.065880 0.000000 0.000000 0.000000 0.117295
-0.001734 0.023081
5
69.335997 415.852130
5.195070 9.765163 11.854907 19 1
0.065880 0.000000 0.000000 0.000000 0.325738
-0.014437 0.025551
5
63.708749 398.852449
5.195070 9.765163 11.854907 19 1
0.065880 0.000000 0.000000 0.000000 0.240349
-0.010169 0.020841
5
333.801985 287.418115
5.091141 9.569807 11.617745 20 1
0.065880 0.000000 0.000000 0.000000 0.135764
0.008705 -0.003849
5
224.057085 97.396498
5.091141 9.569807 11.617745 20 1
0.065880 0.000000 0.000000 0.000000 0.197521
-0.004286 -0.009696
5
378.418792 408.337120
5.091141 9.569807 11.617745 20 1
0.065880 0.000000 0.000000 0.000000 0.105744
0.005508 0.016365
5
239.444182 1.770421
4.982786 9.366132 11.370484 21 1
0.065880 0.000000 0.000000 0.000000 0.244508
-0.003147 -0.005424
5
264.226990 76.261667
4.982786 9.366132 11.370484 21 1
0.065880 0.000000 0.000000 0.000000 0.220834
0.018874 -0.007428
5
134.061941 464.559228
4.982786 9.366132 11.370484 21 1
0.065880 0.000000 0.000000 0.000000 0.265275
-0.005325 0.001818
5
16.187060 294.484979
4.982786 9.366132 11.370484 21 1
0.065880 0.000000 0.000000 0.000000 0.208771
-0.019077 -0.000634
5
382.039995 359.956887
4.982786 9.366132 11.370484 21 1
0.065880 0.000000 0.000000 0.000000 0.251375
0.002130 0.012595
5
62.298484 321.038223
4.982786 9.366132 11.370484 21 1
0.065880 0.000000 0.000000 0.000000 0.126798
-0.015273 0.015618
5
340.746474 238.466762
4.982786 9.366132 11.370484 21 1
0.065880 0.000000 0.000000 0.000000 0.175823
0.005633 0.000064
5
213.967561 220.843109
4.982786 9.366132 11.370484 21 1
0.065880 0.000000 0.000000 0.000000 0.116345
-0.007412 -0.000980
5
151.909760 289.593913
4.869501 9.153191 11.111974 22 1
0.065880 0.000000 0.000000 0.000000 0.096610
-0.007919 -0.016802
5
489.679013 272.644553
4.869501 9.153191 11.111974 22 1
0.065880 0.000000 0.000000 0.000000 0.385928
0.005513 -0.013321
5
38.279432 153.351383
4.869501 9.153191 11.111974 22 1
0.065880 0.000000 0.000000 0.000000 0.228607
-0.017827 -0.014506
5
438.338309 310.645434
4.869501 9.153191 11.111974 22 1
0.065880 0.000000 0.000000 0.000000 0.239649
0.008143 0.003284
5
191.701627 98.209202
4.869501 9.153191 11.111974 22 1
0.065880 0.000000 0.000000 0.000000 0.114166
-0.005017 -0.011557
5
140.965898 430.235545
4.869501 9.153191 11.111974 22 1
0.065880 0.000000 0.000000 0.000000 0.134398
-0.009908 0.022394
5
83.115189 130.792486
4.869501 9.153191 11.111974 22 1
0.065880 0.000000 0.000000 0.000000 0.107325
-0.004303 -0.001914
5
398.982730 276.444005
4.869501 9.153191 11.111974 22 1
0.065880 0.000000 0.000000 0.000000 0.161483
0.012208 -0.005190
5
443.883894 186.799604
4.869501 9.153191 11.111974 22 1
0.065880 0.000000 0.000000 0.000000 0.192048
0.015840 -0.004703
5
256.104213 289.490470
4.750685 8.929853 10.840841 23 1
0.065880 0.000000 0.000000 0.000000 0.098569
-0.020415 0.005574
5
227.571285 80.622997
4.750685 8.929853 10.840841 23 1
0.065880 0.000000 0.000000 0.000000 0.213286
-0.016556 -0.011136
5
154.393509 101.947308
4.750685 8.929853 10.840841 23 1
0.065880 0.000000 0.000000 0.000000 0.108786
-0.001352 -0.016795
5
85.219643 283.557800
4.750685 8.929853 10.840841 23 1
0.065880 0.000000 0.000000 0.000000 0.098085
-0.025574 0.002847
5
197.267920 57.475140
4.750685 8.929853 10.840841 23 1
0.065880 0.000000 0.000000 0.000000 0.125637
0.002080 -0.021370
5
313.785476 180.594787
4.750685 8.929853 10.840841 23 1
0.065880 0.000000 0.000000 0.000000 0.123635
-0.000157 0.002020
5
235.213679 164.617035
4.750685 8.929853 10.840841 23 1
0.065880 0.000000 0.000000 0.000000 0.109697
0.019149 -0.000345
5
277.755647 165.849881
4.750685 8.929853 10.840841 23 1
0.065880 0.000000 0.000000 0.000000 0.120972
0.000385 -0.013946
5
43.848402 168.242354
4.750685 8.929853 10.840841 23 1
0.065880 0.000000 0.000000 0.000000 0.137270
-0.014062 -0.013410
5
352.111737 62.379204
4.750685 8.929853 10.840841 23 1
0.065880 0.000000 0.000000 0.000000 0.411269
-0.003295 -0.019853
5
45.601647 183.693303
4.750685 8.929853 10.840841 23 1
0.065880 0.000000 0.000000 0.000000 0.125613
-0.016286 -0.010680
5
164.775818 451.005650
4.625609 8.694746 10.555422 24 1
0.065880 0.000000 0.000000 0.000000 0.188680
0.005957 0.017641
5
208.169390 432.217044
4.625609 8.694746 10.555422 24 1
0.065880 0.000000 0.000000 0.000000 0.111659
0.005271 0.018036
5
295.007041 335.508511
4.625609 8.694746 10.555422 24 1
0.065880 0.000000 0.000000 0.000000 0.116626
0.011446 -0.043199
5
401.763380 213.604359
4.625609 8.694746 10.555422 24 1
0.065880 0.000000 0.000000 0.000000 0.226098
0.007228 -0.000906
5
238.289345 468.522103
4.493375 8.446188 10.253672 25 1
0.065880 0.000000 0.000000 0.000000 0.121931
0.009016 0.020485
5
336.317077 62.411145
4.493375 8.446188 10.253672 25 1
0.065880 0.000000 0.000000 0.000000 0.584664
-0.007917 -0.030980
5
357.599346 171.922074
4.493375 8.446188 10.253672 25 1
0.065880 0.000000 0.000000 0.000000 0.122742
-0.006603 0.029468
5
85.645444 226.359210
4.493375 8.446188 10.253672 25 1
0.065880 0.000000 0.000000 0.000000 0.119653
0.014914 -0.018947
5
180.624265 17.555496
4.352864 8.182070 9.933032 26 1
0.065880 0.000000 0.000000 0.000000 0.161987
-0.005300 -0.028571
5
225.435755 329.746498
4.352864 8.182070 9.933032 26 1
0.065880 0.000000 0.000000 0.000000 0.094139
-0.011824 0.055409
5
464.840318 330.196324
4.352864 8.182070 9.933032 26 1
0.065880 0.000000 0.000000 0.000000 0.142344
0.016587 0.000443
5
478.227601 298.291969
4.352864 8.182070 9.933032 26 1
0.065880 0.000000 0.000000 0.000000 0.172015
0.020798 -0.000414
5
359.713031 371.203736
4.352864 8.182070 9.933032 26 1
0.065880 0.000000 0.000000 0.000000 0.276103
-0.018779 0.006457
5
488.027484 243.160833
3.744130 7.037834 8.543930 27 1
0.065880 0.000000 0.000000 0.000000 0.248572
0.016522 0.010145
5
455.039227 264.949840
3.744130 7.037834 8.543930 27 1
0.065880 0.000000 0.000000 0.000000 0.215298
0.018866 0.010889
5
71.850580 106.729861
3.744130 7.037834 8.543930 27 1
0.065880 0.000000 0.000000 0.000000 0.228692
-0.003364 -0.006879
5
472.559891 216.933104
3.744130 7.037834 8.543930 27 1
0.065880 0.000000 0.000000 0.000000 0.238821
0.004877 -0.007262
