500.000000 500.000000
613 93
248 613
4
382.772716 284.835638
5.295000 9.953000 12.082942 90 1
0.000000 0.000000 0.000000 0.000000 0.022370
0.000997 0.000202
4
418.601893 413.328927
5.295000 9.953000 12.082942 38 1
0.000000 0.000000 0.000000 0.000000 0.107816
0.000307 0.001360
4
356.219549 383.898351
5.295000 9.953000 12.082942 65 1
0.000000 0.000000 0.000000 0.000000 0.039953
0.000616 0.001179
4
212.386877 355.027847
5.295000 9.953000 12.082942 58 1
0.000000 0.000000 0.000000 0.000000 0.043764
0.000534 0.000684
4
256.820336 438.022608
5.295000 9.953000 12.082942 44 1
0.000000 0.000000 0.000000 0.000000 0.028399
0.000013 0.001346
4
50.880094 355.429616
5.295000 9.953000 12.082942 38 1
0.000000 0.000000 0.000000 0.000000 0.118191
-0.000992 0.000102
4
340.446090 258.750030
5.295000 9.953000 12.082942 40 1
0.000000 0.000000 0.000000 0.000000 0.050605
0.001172 -0.000554
4
178.955327 317.976285
5.295000 9.953000 12.082942 41 1
0.000000 0.000000 0.000000 0.000000 0.048624
0.000185 0.000670
4
115.542086 351.460157
5.295000 9.953000 12.082942 44 1
0.000000 0.000000 0.000000 0.000000 0.053196
-0.000791 0.000164
4
239.749082 43.783622
5.295000 9.953000 12.082942 52 1
0.000000 0.000000 0.000000 0.000000 0.038127
0.000024 -0.000878
1
7.561771 205.234610
5.295000 9.953000 12.082942 32 2
0.065880 0.000000 0.000000 0.000000 0.027712
-0.000992 -0.000027
4
463.812640 152.918685
5.295000 9.953000 12.082942 57 1
0.000000 0.000000 0.000000 0.000000 0.157232
0.000852 -0.001634
4
251.240833 325.246393
5.295000 9.953000 12.082942 42 1
0.000000 0.000000 0.000000 0.000000 0.039669
0.001377 0.000840
4
126.750731 303.706141
5.295000 9.953000 12.082942 55 1
0.000000 0.000000 0.000000 0.000000 0.040551
-0.000223 0.000200
4
86.297272 133.359340
5.295000 9.953000 12.082942 58 1
0.000000 0.000000 0.000000 0.000000 0.055658
-0.001544 -0.000651
1
152.134952 449.062480
5.295000 9.953000 12.082942 22 2
0.065880 0.000000 0.000000 0.000000 0.055852
-0.000330 0.000889
4
427.096751 118.330204
5.295000 9.953000 12.082942 49 1
0.000000 0.000000 0.000000 0.000000 0.109436
0.000528 -0.001215
4
237.708446 125.850603
5.295000 9.953000 12.082942 53 1
0.000000 0.000000 0.000000 0.000000 0.048520
0.000150 -0.000037
4
415.392283 293.462494
5.295000 9.953000 12.082942 53 1
0.000000 0.000000 0.000000 0.000000 0.045511
0.000951 0.000226
1
260.336457 281.982266
5.295000 9.953000 12.082942 41 2
0.065880 0.000000 0.000000 0.000000 0.017403
0.000043 -0.000152
4
327.277552 129.088465
5.295000 9.953000 12.082942 37 1
0.000000 0.000000 0.000000 0.000000 0.035074
0.000945 -0.000563
4
308.311765 294.646092
5.295000 9.953000 12.082942 61 1
0.000000 0.000000 0.000000 0.000000 0.038842
0.000327 -0.000257
4
240.669183 372.567049
5.295000 9.953000 12.082942 34 1
0.000000 0.000000 0.000000 0.000000 0.058266
0.000365 0.001034
4
343.170477 448.406701
5.295000 9.953000 12.082942 64 1
0.000000 0.000000 0.000000 0.000000 0.042146
0.000481 0.001103
4
191.672542 418.803243
5.295000 9.953000 12.082942 65 1
0.000000 0.000000 0.000000 0.000000 0.036785
-0.000157 0.000941
4
433.040317 174.617408
5.295000 9.953000 12.082942 57 1
0.000000 0.000000 0.000000 0.000000 0.053902
0.001152 -0.000960
4
436.885079 366.717958
5.295000 9.953000 12.082942 50 1
0.000000 0.000000 0.000000 0.000000 0.106056
0.000654 0.001589
1
473.487803 213.246683
5.295000 9.953000 12.082942 23 2
0.065880 0.000000 0.000000 0.000000 0.042603
0.001533 -0.000220
4
363.361323 470.746544
5.295000 9.953000 12.082942 50 1
0.000000 0.000000 0.000000 0.000000 0.278269
0.001112 0.001110
4
255.481162 470.807985
5.295000 9.953000 12.082942 79 1
0.000000 0.000000 0.000000 0.000000 0.042604
-0.000248 0.001230
1
325.458077 394.284992
5.295000 9.953000 12.082942 20 2
0.065880 0.000000 0.000000 0.000000 0.015173
0.000408 0.000957
4
407.520780 262.749428
5.295000 9.953000 12.082942 73 1
0.000000 0.000000 0.000000 0.000000 0.029921
0.001145 -0.000049
1
55.780531 192.083379
5.295000 9.953000 12.082942 21 2
0.065880 0.000000 0.000000 0.000000 0.028490
-0.001138 -0.000325
4
249.597359 388.878236
5.295000 9.953000 12.082942 61 1
0.000000 0.000000 0.000000 0.000000 0.058124
0.000262 0.001199
4
56.654515 211.005544
5.295000 9.953000 12.082942 33 1
0.000000 0.000000 0.000000 0.000000 0.046023
-0.000900 -0.000226
4
313.623602 408.464966
5.295000 9.953000 12.082942 44 1
0.000000 0.000000 0.000000 0.000000 0.024394
0.000501 0.001173
4
70.780459 162.732172
5.295000 9.953000 12.082942 46 1
0.000000 0.000000 0.000000 0.000000 0.042228
-0.001401 -0.000587
4
400.305234 231.007913
5.295000 9.953000 12.082942 75 1
0.000000 0.000000 0.000000 0.000000 0.035937
0.001333 -0.000209
4
97.536378 302.555836
5.295000 9.953000 12.082942 38 1
0.000000 0.000000 0.000000 0.000000 0.043894
-0.000905 0.000206
1
204.761336 87.898855
5.295000 9.953000 12.082942 0 1
0.065880 0.000000 0.000000 0.000000 0.019448
0.000243 -0.000453
4
364.118477 287.835958
5.295000 9.953000 12.082942 45 1
0.000000 0.000000 0.000000 0.000000 0.039391
0.000856 0.000194
4
381.496574 151.287784
5.295000 9.953000 12.082942 46 1
0.000000 0.000000 0.000000 0.000000 0.041434
0.000609 -0.000650
4
296.590978 485.063768
5.295000 9.953000 12.082942 58 1
0.000000 0.000000 0.000000 0.000000 0.070880
0.000505 0.001222
4
249.559657 111.280403
5.295000 9.953000 12.082942 39 1
0.000000 0.000000 0.000000 0.000000 0.047218
-0.000093 -0.000556
4
221.730719 371.735906
5.295000 9.953000 12.082942 65 1
0.000000 0.000000 0.000000 0.000000 0.046858
0.000266 0.000820
4
323.481761 197.838025
5.295000 9.953000 12.082942 38 1
0.000000 0.000000 0.000000 0.000000 0.044545
-0.033998 -0.016212
4
394.543429 299.443988
5.295000 9.953000 12.082942 76 1
0.000000 0.000000 0.000000 0.000000 0.028670
0.000950 0.000362
4
70.156839 143.580665
5.295000 9.953000 12.082942 48 1
0.000000 0.000000 0.000000 0.000000 0.052533
-0.001480 -0.000589
4
312.693162 245.402724
5.295000 9.953000 12.082942 72 1
0.000000 0.000000 0.000000 0.000000 0.033945
0.000110 -0.000851
4
488.902971 276.123531
5.295000 9.953000 12.082942 92 1
0.000000 0.000000 0.000000 0.000000 0.028650
0.000968 0.000948
4
396.589010 140.145925
5.295000 9.953000 12.082942 38 1
0.000000 0.000000 0.000000 0.000000 0.041585
0.000722 -0.000837
4
147.849595 328.827448
5.295000 9.953000 12.082942 82 1
0.000000 0.000000 0.000000 0.000000 0.039183
-0.000160 0.000595
4
128.651687 206.159899
5.295000 9.953000 12.082942 34 1
0.000000 0.000000 0.000000 0.000000 0.037765
-0.000973 0.000163
4
259.795248 373.118999
5.295000 9.953000 12.082942 32 1
0.000000 0.000000 0.000000 0.000000 0.063363
0.000463 0.001255
4
422.627516 80.845342
5.295000 9.953000 12.082942 38 1
0.000000 0.000000 0.000000 0.000000 0.253506
0.000285 -0.001252
4
233.576333 306.824875
5.295000 9.953000 12.082942 47 1
0.000000 0.000000 0.000000 0.000000 0.042625
0.000096 0.000331
4
8.928374 224.326131
5.295000 9.953000 12.082942 39 1
0.000000 0.000000 0.000000 0.000000 0.035805
-0.000911 -0.000059
4
102.407845 104.251991
5.295000 9.953000 12.082942 70 1
0.000000 0.000000 0.000000 0.000000 0.069074
-0.001318 -0.000493
4
406.425073 377.711571
5.295000 9.953000 12.082942 47 1
0.000000 0.000000 0.000000 0.000000 0.078119
0.000480 0.001176
4
17.457149 338.030993
5.295000 9.953000 12.082942 67 1
0.000000 0.000000 0.000000 0.000000 0.212629
-0.001062 -0.000051
4
134.555385 378.337863
5.295000 9.953000 12.082942 34 1
0.000000 0.000000 0.000000 0.000000 0.065393
-0.001234 0.000347
4
165.134940 114.234611
5.295000 9.953000 12.082942 42 1
0.000000 0.000000 0.000000 0.000000 0.055970
-0.000572 -0.001215
1
478.078381 312.366262
5.295000 9.953000 12.082942 40 2
0.065880 0.000000 0.000000 0.000000 0.025451
0.000254 0.000956
4
164.021406 400.572037
5.295000 9.953000 12.082942 69 1
0.000000 0.000000 0.000000 0.000000 0.042398
0.000012 0.000981
4
81.771349 314.345690
5.295000 9.953000 12.082942 40 1
0.000000 0.000000 0.000000 0.000000 0.048075
-0.000997 0.000121
4
100.116136 63.818813
5.295000 9.953000 12.082942 42 1
0.000000 0.000000 0.000000 0.000000 0.219218
-0.002287 0.000243
4
59.857949 249.452359
5.295000 9.953000 12.082942 39 1
0.000000 0.000000 0.000000 0.000000 0.060304
-0.000689 -0.000197
4
216.374624 73.293029
5.295000 9.953000 12.082942 70 1
0.000000 0.000000 0.000000 0.000000 0.026558
0.000019 -0.000774
4
54.215817 153.949761
5.295000 9.953000 12.082942 33 1
0.000000 0.000000 0.000000 0.000000 0.065947
-0.001453 -0.000494
4
143.922772 309.757470
5.295000 9.953000 12.082942 37 1
0.000000 0.000000 0.000000 0.000000 0.045088
-0.000189 0.000583
4
11.941710 262.516033
5.295000 9.953000 12.082942 42 1
0.000000 0.000000 0.000000 0.000000 0.062158
-0.000869 -0.000143
4
169.269684 482.948953
5.295000 9.953000 12.082942 72 1
0.000000 0.000000 0.000000 0.000000 0.176534
-0.000330 0.000989
4
386.486155 188.350279
5.295000 9.953000 12.082942 45 1
0.000000 0.000000 0.000000 0.000000 0.043061
0.000552 -0.000363
4
112.244170 314.398032
5.295000 9.953000 12.082942 34 1
0.000000 0.000000 0.000000 0.000000 0.050009
-0.000563 -0.000019
4
389.172637 206.749942
5.295000 9.953000 12.082942 55 1
0.000000 0.000000 0.000000 0.000000 0.051645
0.000599 -0.000505
4
196.266689 301.837220
5.295000 9.953000 12.082942 63 1
0.000000 0.000000 0.000000 0.000000 0.053924
0.000037 0.000446
4
200.276501 435.567383
5.295000 9.953000 12.082942 57 1
0.000000 0.000000 0.000000 0.000000 0.044473
-0.000194 0.001035
4
263.794098 248.064967
5.295000 9.953000 12.082942 50 1
0.000000 0.000000 0.000000 0.000000 0.024866
-0.000349 -0.000327
4
368.645104 419.918082
5.295000 9.953000 12.082942 44 1
0.000000 0.000000 0.000000 0.000000 0.039174
0.000462 0.001159
4
173.754609 350.417863
5.295000 9.953000 12.082942 43 1
0.000000 0.000000 0.000000 0.000000 0.040719
0.000290 0.000867
4
407.285519 91.954979
5.295000 9.953000 12.082942 40 1
0.000000 0.000000 0.000000 0.000000 0.106654
0.000408 -0.001100
4
297.394764 278.273746
5.295000 9.953000 12.082942 41 1
0.000000 0.000000 0.000000 0.000000 0.037906
0.000316 -0.000382
4
429.303183 137.065654
5.295000 9.953000 12.082942 45 1
0.000000 0.000000 0.000000 0.000000 0.072540
0.000649 -0.001189
4
101.615209 283.433088
5.295000 9.953000 12.082942 46 1
0.000000 0.000000 0.000000 0.000000 0.039170
-0.000402 0.000087
4
383.900503 169.813612
5.295000 9.953000 12.082942 68 1
0.000000 0.000000 0.000000 0.000000 0.042702
0.000593 -0.000545
4
375.807027 338.577193
5.295000 9.953000 12.082942 72 1
0.000000 0.000000 0.000000 0.000000 0.064944
0.000578 0.000759
4
107.834695 437.527323
5.295000 9.953000 12.082942 61 1
0.000000 0.000000 0.000000 0.000000 0.126452
-0.002298 -0.000324
1
89.895647 430.999102
5.295000 9.953000 12.082942 25 2
0.065880 0.000000 0.000000 0.000000 0.125859
-0.002470 -0.002818
1
153.451771 227.695021
5.295000 9.953000 12.082942 21 2
0.065880 0.000000 0.000000 0.000000 0.023763
-0.000342 0.000007
4
461.895996 133.985730
5.295000 9.953000 12.082942 57 1
0.000000 0.000000 0.000000 0.000000 0.223169
0.000633 -0.001580
4
443.501631 384.365988
5.295000 9.953000 12.082942 44 1
0.000000 0.000000 0.000000 0.000000 0.163004
0.000487 0.001678
4
270.397948 31.752348
5.295000 9.953000 12.082942 87 1
0.000000 0.000000 0.000000 0.000000 0.050261
0.000080 -0.000684
4
24.461722 213.434782
5.295000 9.953000 12.082942 85 1
0.000000 0.000000 0.000000 0.000000 0.028078
-0.000932 -0.000086
4
309.221587 227.141337
5.295000 9.953000 12.082942 71 1
0.000000 0.000000 0.000000 0.000000 0.035473
-0.000285 -0.001161
4
183.680115 266.589793
5.295000 9.953000 12.082942 42 1
0.000000 0.000000 0.000000 0.000000 0.061526
-0.000140 0.000202
4
258.236670 405.342617
5.295000 9.953000 12.082942 49 1
0.000000 0.000000 0.000000 0.000000 0.052209
0.000199 0.001327
4
258.316816 230.262548
5.295000 9.953000 12.082942 83 1
0.000000 0.000000 0.000000 0.000000 0.023864
-0.000617 -0.000341
1
246.758560 454.006854
5.295000 9.953000 12.082942 19 2
0.065880 0.000000 0.000000 0.000000 0.026705
-0.000186 0.001259
4
405.207662 73.227342
5.295000 9.953000 12.082942 49 1
0.000000 0.000000 0.000000 0.000000 0.179403
0.000215 -0.001144
4
326.825552 462.075416
5.295000 9.953000 12.082942 58 1
0.000000 0.000000 0.000000 0.000000 0.071355
0.000867 0.001192
4
299.957637 259.268574
5.295000 9.953000 12.082942 59 1
0.000000 0.000000 0.000000 0.000000 0.037773
-0.000158 -0.000763
4
89.517344 208.940307
5.295000 9.953000 12.082942 33 1
0.000000 0.000000 0.000000 0.000000 0.052825
-0.001087 -0.000582
4
164.600813 32.434425
5.295000 9.953000 12.082942 38 1
0.000000 0.000000 0.000000 0.000000 0.105734
0.001087 0.000520
4
399.951692 409.727048
5.295000 9.953000 12.082942 49 1
0.000000 0.000000 0.000000 0.000000 0.068210
0.000354 0.001204
4
153.610888 178.197152
5.295000 9.953000 12.082942 36 1
0.000000 0.000000 0.000000 0.000000 0.046366
-0.000851 -0.000240
4
371.947288 199.881653
5.295000 9.953000 12.082942 36 1
0.000000 0.000000 0.000000 0.000000 0.052192
0.002526 -0.000809
4
299.151478 154.470066
5.295000 9.953000 12.082942 43 1
0.000000 0.000000 0.000000 0.000000 0.022542
0.002183 -0.000686
4
253.962845 79.094019
5.295000 9.953000 12.082942 42 1
0.000000 0.000000 0.000000 0.000000 0.058888
-0.000171 -0.000825
4
214.994899 322.891539
5.295000 9.953000 12.082942 46 1
0.000000 0.000000 0.000000 0.000000 0.040981
0.000733 0.000560
4
176.555635 17.811881
5.295000 9.953000 12.082942 55 1
0.000000 0.000000 0.000000 0.000000 0.153227
0.000068 -0.000545
4
29.077737 270.764601
5.295000 9.953000 12.082942 35 1
0.000000 0.000000 0.000000 0.000000 0.063064
-0.000867 -0.000142
4
290.252541 222.074451
5.295000 9.953000 12.082942 34 1
0.000000 0.000000 0.000000 0.000000 0.036231
-0.001130 -0.000556
4
30.696302 289.678386
5.295000 9.953000 12.082942 61 1
0.000000 0.000000 0.000000 0.000000 0.065668
-0.000954 -0.000110
4
287.212600 117.800685
5.295000 9.953000 12.082942 56 1
0.000000 0.000000 0.000000 0.000000 0.032407
-0.000270 -0.000953
4
134.060560 273.780092
5.295000 9.953000 12.082942 59 1
0.000000 0.000000 0.000000 0.000000 0.028422
0.000019 0.000328
4
268.601110 389.370274
5.295000 9.953000 12.082942 31 1
0.000000 0.000000 0.000000 0.000000 0.064555
0.000373 0.001366
4
207.023732 5.973200
5.295000 9.953000 12.082942 34 1
0.000000 0.000000 0.000000 0.000000 0.090403
0.000309 -0.001135
4
123.284020 151.061826
5.295000 9.953000 12.082942 48 1
0.000000 0.000000 0.000000 0.000000 0.051164
-0.000719 -0.000666
4
229.300762 420.608185
5.295000 9.953000 12.082942 39 1
0.000000 0.000000 0.000000 0.000000 0.049700
-0.000037 0.001127
4
44.542758 260.109089
5.295000 9.953000 12.082942 38 1
0.000000 0.000000 0.000000 0.000000 0.072153
-0.000790 -0.000162
4
170.934158 131.974442
5.295000 9.953000 12.082942 44 1
0.000000 0.000000 0.000000 0.000000 0.060575
-0.000807 -0.000910
4
260.454032 341.298194
5.295000 9.953000 12.082942 54 1
0.000000 0.000000 0.000000 0.000000 0.057801
0.000982 0.001206
4
219.259396 123.011421
5.295000 9.953000 12.082942 50 1
0.000000 0.000000 0.000000 0.000000 0.042133
-0.000386 -0.000675
4
374.873886 218.336129
5.295000 9.953000 12.082942 40 1
0.000000 0.000000 0.000000 0.000000 0.057889
0.002540 0.000138
4
221.231525 223.059369
5.295000 9.953000 12.082942 35 1
0.000000 0.000000 0.000000 0.000000 0.041064
-0.000401 -0.000334
4
326.679682 292.808575
5.295000 9.953000 12.082942 81 1
0.000000 0.000000 0.000000 0.000000 0.028198
0.000500 -0.000205
4
282.351949 312.326673
5.295000 9.953000 12.082942 53 1
0.000000 0.000000 0.000000 0.000000 0.045383
0.000048 -0.000184
4
328.006667 234.946250
5.295000 9.953000 12.082942 39 1
0.000000 0.000000 0.000000 0.000000 0.037182
0.000769 -0.000302
4
87.350132 171.544162
5.295000 9.953000 12.082942 54 1
0.000000 0.000000 0.000000 0.000000 0.040749
-0.001305 -0.000784
4
197.357930 70.609248
5.295000 9.953000 12.082942 46 1
0.000000 0.000000 0.000000 0.000000 0.030521
0.000384 -0.000690
4
147.298106 210.010670
5.295000 9.953000 12.082942 48 1
0.000000 0.000000 0.000000 0.000000 0.038534
-0.000608 -0.000075
4
143.938962 432.021070
5.295000 9.953000 12.082942 48 1
0.000000 0.000000 0.000000 0.000000 0.076500
-0.000559 0.000874
1
212.174672 105.398346
5.295000 9.953000 12.082942 38 2
0.065880 0.000000 0.000000 0.000000 0.018217
0.000168 -0.000351
4
131.979271 359.409411
5.295000 9.953000 12.082942 50 1
0.000000 0.000000 0.000000 0.000000 0.051748
-0.000649 0.000399
4
119.352696 407.880274
5.295000 9.953000 12.082942 46 1
0.000000 0.000000 0.000000 0.000000 0.077246
-0.000553 -0.000049
4
405.912604 427.603231
5.295000 9.953000 12.082942 68 1
0.000000 0.000000 0.000000 0.000000 0.111124
0.000323 0.001276
4
97.311207 324.773759
5.295000 9.953000 12.082942 36 1
0.000000 0.000000 0.000000 0.000000 0.054266
-0.000786 -0.000065
4
235.218463 76.147277
5.295000 9.953000 12.082942 64 1
0.000000 0.000000 0.000000 0.000000 0.031853
-0.000106 -0.000823
4
46.269418 278.997757
5.295000 9.953000 12.082942 31 1
0.000000 0.000000 0.000000 0.000000 0.071573
-0.000888 -0.000121
4
211.838715 387.450007
5.295000 9.953000 12.082942 69 1
0.000000 0.000000 0.000000 0.000000 0.043638
0.000074 0.000817
4
301.758046 432.040189
5.295000 9.953000 12.082942 74 1
0.000000 0.000000 0.000000 0.000000 0.035042
0.000457 0.001014
1
163.217127 78.484408
5.295000 9.953000 12.082942 41 2
0.065880 0.000000 0.000000 0.000000 0.026748
-0.001598 -0.001054
4
340.656925 204.974040
5.295000 9.953000 12.082942 72 1
0.000000 0.000000 0.000000 0.000000 0.048282
0.015712 0.006347
4
47.782505 297.945783
5.295000 9.953000 12.082942 43 1
0.000000 0.000000 0.000000 0.000000 0.065384
-0.000987 -0.000058
4
381.749242 356.733202
5.295000 9.953000 12.082942 47 1
0.000000 0.000000 0.000000 0.000000 0.061861
0.000620 0.000797
4
483.517524 294.268330
5.295000 9.953000 12.082942 63 1
0.000000 0.000000 0.000000 0.000000 0.039294
0.000665 0.000973
4
360.669445 230.389593
5.295000 9.953000 12.082942 41 1
0.000000 0.000000 0.000000 0.000000 0.056022
0.001070 -0.000038
4
279.251665 477.069032
5.295000 9.953000 12.082942 72 1
0.000000 0.000000 0.000000 0.000000 0.042531
0.000494 0.001028
4
461.024240 199.100131
5.295000 9.953000 12.082942 75 1
0.000000 0.000000 0.000000 0.000000 0.076506
0.001191 -0.000006
4
349.578484 365.839858
5.295000 9.953000 12.082942 78 1
0.000000 0.000000 0.000000 0.000000 0.051280
0.001081 0.001410
4
165.328667 263.309179
5.295000 9.953000 12.082942 32 1
0.000000 0.000000 0.000000 0.000000 0.051740
-0.000145 0.000204
4
267.972324 164.006900
5.295000 9.953000 12.082942 73 1
0.000000 0.000000 0.000000 0.000000 0.030620
-0.002893 -0.009321
4
319.299736 310.180424
5.295000 9.953000 12.082942 41 1
0.000000 0.000000 0.000000 0.000000 0.043827
0.000241 -0.000093
4
141.146138 192.503411
5.295000 9.953000 12.082942 29 1
0.000000 0.000000 0.000000 0.000000 0.037603
-0.000851 -0.000058
4
204.094340 338.028586
5.295000 9.953000 12.082942 39 1
0.000000 0.000000 0.000000 0.000000 0.042304
0.000541 0.000625
4
256.302695 128.796344
5.295000 9.953000 12.082942 62 1
0.000000 0.000000 0.000000 0.000000 0.047796
-0.000465 -0.001079
4
171.059004 450.358878
5.295000 9.953000 12.082942 37 1
0.000000 0.000000 0.000000 0.000000 0.070951
-0.000296 0.000924
4
440.639105 321.549471
5.295000 9.953000 12.082942 77 1
0.000000 0.000000 0.000000 0.000000 0.038518
0.001042 0.000138
4
168.179476 51.120641
5.295000 9.953000 12.082942 79 1
0.000000 0.000000 0.000000 0.000000 0.038722
-0.001105 0.001236
4
189.977963 451.371138
5.295000 9.953000 12.082942 50 1
0.000000 0.000000 0.000000 0.000000 0.068329
-0.000255 0.001028
4
68.807065 383.231684
5.295000 9.953000 12.082942 37 1
0.000000 0.000000 0.000000 0.000000 0.171498
-0.000966 0.000428
4
92.117098 246.179708
5.295000 9.953000 12.082942 57 1
0.000000 0.000000 0.000000 0.000000 0.048021
-0.000508 -0.000278
4
433.013558 340.466321
5.295000 9.953000 12.082942 54 1
0.000000 0.000000 0.000000 0.000000 0.068768
0.001721 0.000206
4
196.158061 251.970166
5.295000 9.953000 12.082942 41 1
0.000000 0.000000 0.000000 0.000000 0.056352
-0.000240 0.000043
4
134.062374 63.455085
5.295000 9.953000 12.082942 77 1
0.000000 0.000000 0.000000 0.000000 0.072680
-0.002377 -0.000718
4
238.947942 275.740738
5.295000 9.953000 12.082942 46 1
0.000000 0.000000 0.000000 0.000000 0.049376
-0.000119 -0.000023
4
225.824546 8.684781
5.295000 9.953000 12.082942 62 1
0.000000 0.000000 0.000000 0.000000 0.070848
0.000227 -0.000966
4
177.179797 149.484531
5.295000 9.953000 12.082942 38 1
0.000000 0.000000 0.000000 0.000000 0.058025
-0.000461 -0.000443
4
61.866142 268.313335
5.295000 9.953000 12.082942 35 1
0.000000 0.000000 0.000000 0.000000 0.072707
-0.000794 -0.000152
4
158.714565 146.148518
5.295000 9.953000 12.082942 45 1
0.000000 0.000000 0.000000 0.000000 0.061192
-0.000707 -0.000585
4
331.902808 412.117449
5.295000 9.953000 12.082942 62 1
0.000000 0.000000 0.000000 0.000000 0.034252
0.000483 0.001060
4
15.068775 300.316717
5.295000 9.953000 12.082942 39 1
0.000000 0.000000 0.000000 0.000000 0.103691
-0.001003 -0.000123
4
238.161805 175.936179
5.295000 9.953000 12.082942 48 1
0.000000 0.000000 0.000000 0.000000 0.050537
0.025930 0.001928
4
85.751515 94.985870
5.295000 9.953000 12.082942 52 1
0.000000 0.000000 0.000000 0.000000 0.141127
-0.001420 -0.000097
4
457.423205 267.100522
5.295000 9.953000 12.082942 51 1
0.000000 0.000000 0.000000 0.000000 0.054153
0.001214 0.000236
4
278.994774 373.403905
5.295000 9.953000 12.082942 30 1
0.000000 0.000000 0.000000 0.000000 0.069568
0.000622 0.001435
4
201.893528 170.189184
5.295000 9.953000 12.082942 36 1
0.000000 0.000000 0.000000 0.000000 0.042247
0.003187 0.000171
4
220.577518 404.010043
5.295000 9.953000 12.082942 38 1
0.000000 0.000000 0.000000 0.000000 0.053023
0.000025 0.000993
4
155.533911 383.416244
5.295000 9.953000 12.082942 42 1
0.000000 0.000000 0.000000 0.000000 0.056980
-0.000241 0.001120
4
236.498521 469.889162
5.295000 9.953000 12.082942 34 1
0.000000 0.000000 0.000000 0.000000 0.044508
-0.000215 0.001293
4
301.372656 70.649228
5.295000 9.953000 12.082942 59 1
0.000000 0.000000 0.000000 0.000000 0.037281
0.000226 -0.000356
4
239.814180 226.409880
5.295000 9.953000 12.082942 55 1
0.000000 0.000000 0.000000 0.000000 0.040427
-0.000544 -0.000299
4
214.931426 304.393856
5.295000 9.953000 12.082942 64 1
0.000000 0.000000 0.000000 0.000000 0.049415
0.000058 0.000399
4
452.043392 285.174033
5.295000 9.953000 12.082942 76 1
0.000000 0.000000 0.000000 0.000000 0.044452
0.000996 0.000221
1
252.583044 212.319159
5.295000 9.953000 12.082942 19 2
0.065880 0.000000 0.000000 0.000000 0.018394
-0.000319 -0.000471
4
258.418573 46.533308
5.295000 9.953000 12.082942 61 1
0.000000 0.000000 0.000000 0.000000 0.039941
0.000038 -0.000780
4
213.743170 155.449785
5.295000 9.953000 12.082942 45 1
0.000000 0.000000 0.000000 0.000000 0.047353
0.000964 0.000826
4
273.685538 182.094707
5.295000 9.953000 12.082942 50 1
0.000000 0.000000 0.000000 0.000000 0.027628
0.062622 0.012373
4
184.208781 216.736194
5.295000 9.953000 12.082942 72 1
0.000000 0.000000 0.000000 0.000000 0.028162
-0.000406 -0.000256
4
241.654948 340.989365
5.295000 9.953000 12.082942 70 1
0.000000 0.000000 0.000000 0.000000 0.043994
0.000876 0.000783
4
462.724819 249.020153
5.295000 9.953000 12.082942 53 1
0.000000 0.000000 0.000000 0.000000 0.061688
0.001456 0.000196
4
203.151983 370.808124
5.295000 9.953000 12.082942 45 1
0.000000 0.000000 0.000000 0.000000 0.038219
0.000090 0.000632
4
53.200744 115.797715
5.295000 9.953000 12.082942 44 1
0.000000 0.000000 0.000000 0.000000 0.189263
-0.001604 -0.000743
1
269.016782 265.686607
5.295000 9.953000 12.082942 24 2
0.065880 0.000000 0.000000 0.000000 0.021141
-0.000047 -0.000302
4
104.176594 180.269696
5.295000 9.953000 12.082942 42 1
0.000000 0.000000 0.000000 0.000000 0.046421
-0.001252 -0.001041
4
116.622477 91.451549
5.295000 9.953000 12.082942 36 1
0.000000 0.000000 0.000000 0.000000 0.069041
-0.001252 -0.000296
4
424.816132 380.991728
5.295000 9.953000 12.082942 46 1
0.000000 0.000000 0.000000 0.000000 0.103017
0.000499 0.001475
4
244.058585 143.352910
5.295000 9.953000 12.082942 71 1
0.000000 0.000000 0.000000 0.000000 0.038222
-0.001661 -0.002346
4
357.372831 336.879671
5.295000 9.953000 12.082942 45 1
0.000000 0.000000 0.000000 0.000000 0.071058
0.000415 0.000559
1
380.387785 455.815194
5.295000 9.953000 12.082942 26 2
0.065880 0.000000 0.000000 0.000000 0.114196
0.000349 0.001296
4
114.480912 332.911562
5.295000 9.953000 12.082942 68 1
0.000000 0.000000 0.000000 0.000000 0.050017
-0.000825 0.000054
4
444.540503 126.159358
5.295000 9.953000 12.082942 53 1
0.000000 0.000000 0.000000 0.000000 0.124629
0.000561 -0.001407
4
350.204512 415.999379
5.295000 9.953000 12.082942 41 1
0.000000 0.000000 0.000000 0.000000 0.037540
0.000481 0.001095
4
190.123444 184.745846
5.295000 9.953000 12.082942 59 1
0.000000 0.000000 0.000000 0.000000 0.030154
-0.000935 -0.000133
4
276.997821 49.345123
5.295000 9.953000 12.082942 84 1
0.000000 0.000000 0.000000 0.000000 0.042847
0.000083 -0.000617
4
265.675646 454.772446
5.295000 9.953000 12.082942 59 1
0.000000 0.000000 0.000000 0.000000 0.026990
-0.000142 0.001389
4
409.516457 110.612600
5.295000 9.953000 12.082942 41 1
0.000000 0.000000 0.000000 0.000000 0.066521
0.000523 -0.001055
4
319.314755 74.257562
5.295000 9.953000 12.082942 78 1
0.000000 0.000000 0.000000 0.000000 0.038291
0.000428 -0.000458
4
118.541333 132.915166
5.295000 9.953000 12.082942 37 1
0.000000 0.000000 0.000000 0.000000 0.032912
-0.001341 -0.000575
1
361.503520 125.650071
5.295000 9.953000 12.082942 30 2
0.065880 0.000000 0.000000 0.000000 0.025333
0.000568 -0.000813
4
125.221728 430.029196
5.295000 9.953000 12.082942 49 1
0.000000 0.000000 0.000000 0.000000 0.091437
-0.000881 0.001355
4
431.563097 240.003590
5.295000 9.953000 12.082942 79 1
0.000000 0.000000 0.000000 0.000000 0.044952
0.001390 -0.000035
1
333.918799 275.830696
5.295000 9.953000 12.082942 19 2
0.065880 0.000000 0.000000 0.000000 0.022321
0.000546 0.000032
4
337.718342 430.125262
5.295000 9.953000 12.082942 37 1
0.000000 0.000000 0.000000 0.000000 0.030958
0.000499 0.001101
4
130.881897 44.871565
5.295000 9.953000 12.082942 56 1
0.000000 0.000000 0.000000 0.000000 0.154869
-0.000106 -0.001140
4
227.113626 240.636990
5.295000 9.953000 12.082942 43 1
0.000000 0.000000 0.000000 0.000000 0.046369
-0.000383 -0.000176
4
214.520479 255.012606
5.295000 9.953000 12.082942 42 1
0.000000 0.000000 0.000000 0.000000 0.054434
-0.000249 0.000004
4
391.896000 102.984396
5.295000 9.953000 12.082942 85 1
0.000000 0.000000 0.000000 0.000000 0.057381
0.000532 -0.000900
4
169.413396 96.018253
5.295000 9.953000 12.082942 51 1
0.000000 0.000000 0.000000 0.000000 0.033409
0.000726 -0.001440
4
220.488058 272.513165
5.295000 9.953000 12.082942 31 1
0.000000 0.000000 0.000000 0.000000 0.058473
-0.000129 0.000115
4
190.461306 53.025796
5.295000 9.953000 12.082942 55 1
0.000000 0.000000 0.000000 0.000000 0.047912
-0.000244 -0.000443
4
317.155396 160.442804
5.295000 9.953000 12.082942 39 1
0.000000 0.000000 0.000000 0.000000 0.028489
-0.001886 -0.000198
4
364.054997 144.117592
5.295000 9.953000 12.082942 36 1
0.000000 0.000000 0.000000 0.000000 0.036323
0.000883 -0.000850
4
494.224771 257.942952
5.295000 9.953000 12.082942 60 1
0.000000 0.000000 0.000000 0.000000 0.064432
0.001225 0.000956
4
282.197342 253.036859
5.295000 9.953000 12.082942 38 1
0.000000 0.000000 0.000000 0.000000 0.034908
-0.000237 -0.000701
4
439.044535 271.540385
5.295000 9.953000 12.082942 36 1
0.000000 0.000000 0.000000 0.000000 0.054688
0.001142 0.000077
4
190.250690 234.340838
5.295000 9.953000 12.082942 57 1
0.000000 0.000000 0.000000 0.000000 0.035421
-0.000329 -0.000100
1
293.674899 136.104117
5.295000 9.953000 12.082942 21 2
0.065880 0.000000 0.000000 0.000000 0.018092
-0.000012 -0.001034
4
123.459269 238.430020
5.295000 9.953000 12.082942 62 1
0.000000 0.000000 0.000000 0.000000 0.034942
-0.000351 0.000167
4
195.507054 152.551506
5.295000 9.953000 12.082942 57 1
0.000000 0.000000 0.000000 0.000000 0.046345
-0.001053 -0.001112
4
309.451802 454.800430
5.295000 9.953000 12.082942 34 1
0.000000 0.000000 0.000000 0.000000 0.046818
0.000724 0.001359
4
219.138578 436.460478
5.295000 9.953000 12.082942 41 1
0.000000 0.000000 0.000000 0.000000 0.044509
-0.000145 0.001128
4
189.228688 135.056422
5.295000 9.953000 12.082942 36 1
0.000000 0.000000 0.000000 0.000000 0.058410
-0.000296 -0.000363
4
214.018367 23.526997
5.295000 9.953000 12.082942 43 1
0.000000 0.000000 0.000000 0.000000 0.076329
0.000140 -0.000983
4
358.997450 107.183685
5.295000 9.953000 12.082942 51 1
0.000000 0.000000 0.000000 0.000000 0.034665
0.000581 -0.000915
4
177.824678 248.841606
5.295000 9.953000 12.082942 41 1
0.000000 0.000000 0.000000 0.000000 0.043167
-0.000234 0.000070
4
207.230572 484.940784
5.295000 9.953000 12.082942 37 1
0.000000 0.000000 0.000000 0.000000 0.085287
-0.000264 0.001182
4
152.742910 128.502573
5.295000 9.953000 12.082942 35 1
0.000000 0.000000 0.000000 0.000000 0.062628
-0.000673 -0.000665
4
140.101695 142.470771
5.295000 9.953000 12.082942 48 1
0.000000 0.000000 0.000000 0.000000 0.059828
-0.000573 -0.000419
4
185.428383 335.676654
5.295000 9.953000 12.082942 74 1
0.000000 0.000000 0.000000 0.000000 0.038315
0.000333 0.000722
4
135.686722 175.122824
5.295000 9.953000 12.082942 44 1
0.000000 0.000000 0.000000 0.000000 0.047780
-0.000840 -0.000160
4
54.952090 173.083573
5.295000 9.953000 12.082942 72 1
0.000000 0.000000 0.000000 0.000000 0.047336
-0.001312 -0.000409
4
198.581406 468.142913
5.295000 9.953000 12.082942 65 1
0.000000 0.000000 0.000000 0.000000 0.068732
-0.000264 0.001118
4
184.889903 369.616911
5.295000 9.953000 12.082942 81 1
0.000000 0.000000 0.000000 0.000000 0.035561
-0.000119 0.000652
4
282.577270 17.187462
5.295000 9.953000 12.082942 62 1
0.000000 0.000000 0.000000 0.000000 0.096669
0.000104 -0.000611
4
393.156151 441.736423
5.295000 9.953000 12.082942 46 1
0.000000 0.000000 0.000000 0.000000 0.148908
0.000360 0.001275
4
101.496171 381.054032
5.295000 9.953000 12.082942 39 1
0.000000 0.000000 0.000000 0.000000 0.067638
-0.001128 0.000201
4
261.311591 96.770565
5.295000 9.953000 12.082942 60 1
0.000000 0.000000 0.000000 0.000000 0.051381
-0.000243 -0.000759
4
81.971363 334.898473
5.295000 9.953000 12.082942 47 1
0.000000 0.000000 0.000000 0.000000 0.054727
-0.000899 -0.000009
4
133.459611 82.170748
5.295000 9.953000 12.082942 51 1
0.000000 0.000000 0.000000 0.000000 0.053460
-0.001470 -0.000630
4
58.079985 230.235921
5.295000 9.953000 12.082942 75 1
0.000000 0.000000 0.000000 0.000000 0.053100
-0.000737 -0.000190
4
66.496841 345.106698
5.295000 9.953000 12.082942 75 1
0.000000 0.000000 0.000000 0.000000 0.071559
-0.000975 0.000059
4
106.167817 233.583926
5.295000 9.953000 12.082942 70 1
0.000000 0.000000 0.000000 0.000000 0.043957
-0.000366 -0.000317
4
146.877508 259.799848
5.295000 9.953000 12.082942 32 1
0.000000 0.000000 0.000000 0.000000 0.035606
-0.000182 0.000211
4
381.274682 406.000164
5.295000 9.953000 12.082942 44 1
0.000000 0.000000 0.000000 0.000000 0.056362
0.000421 0.001092
4
49.056943 316.983919
5.295000 9.953000 12.082942 42 1
0.000000 0.000000 0.000000 0.000000 0.074176
-0.001037 -0.000003
4
182.895306 401.970696
5.295000 9.953000 12.082942 72 1
0.000000 0.000000 0.000000 0.000000 0.032501
-0.000021 0.000864
4
269.795768 357.304669
5.295000 9.953000 12.082942 58 1
0.000000 0.000000 0.000000 0.000000 0.063835
0.000748 0.001368
1
303.528319 172.847230
5.295000 9.953000 12.082942 41 2
0.065880 0.000000 0.000000 0.000000 0.019529
0.005689 -0.008272
4
313.362816 142.159680
5.295000 9.953000 12.082942 88 1
0.000000 0.000000 0.000000 0.000000 0.022674
0.000783 -0.000221
4
102.686771 161.143519
5.295000 9.953000 12.082942 36 1
0.000000 0.000000 0.000000 0.000000 0.043277
-0.001103 -0.000765
4
285.049344 204.087236
5.295000 9.953000 12.082942 66 1
0.000000 0.000000 0.000000 0.000000 0.033159
-0.001396 -0.000892
1
335.235650 83.080218
5.295000 9.953000 12.082942 30 2
0.065880 0.000000 0.000000 0.000000 0.015818
0.001293 -0.001709
4
189.742503 284.277803
5.295000 9.953000 12.082942 46 1
0.000000 0.000000 0.000000 0.000000 0.064302
-0.000043 0.000328
4
295.422611 406.661400
5.295000 9.953000 12.082942 70 1
0.000000 0.000000 0.000000 0.000000 0.043880
0.000396 0.001518
4
68.716730 86.678505
5.295000 9.953000 12.082942 38 1
0.000000 0.000000 0.000000 0.000000 0.401822
-0.000866 -0.000927
4
295.173421 240.005045
5.295000 9.953000 12.082942 50 1
0.000000 0.000000 0.000000 0.000000 0.037610
-0.000269 -0.000846
4
250.003623 161.017416
5.295000 9.953000 12.082942 43 1
0.000000 0.000000 0.000000 0.000000 0.035718
0.003611 0.006423
4
166.719525 332.718127
5.295000 9.953000 12.082942 65 1
0.000000 0.000000 0.000000 0.000000 0.036146
0.000115 0.000772
4
134.700810 124.142227
5.295000 9.953000 12.082942 33 1
0.000000 0.000000 0.000000 0.000000 0.055384
-0.001036 -0.000288
4
337.657407 307.401757
5.295000 9.953000 12.082942 72 1
0.000000 0.000000 0.000000 0.000000 0.033724
0.000455 0.000112
4
421.852942 325.388609
5.295000 9.953000 12.082942 80 1
0.000000 0.000000 0.000000 0.000000 0.038633
0.001192 0.000422
4
100.125403 362.230440
5.295000 9.953000 12.082942 61 1
0.000000 0.000000 0.000000 0.000000 0.058857
-0.001008 0.000108
4
246.704371 61.381463
5.295000 9.953000 12.082942 49 1
0.000000 0.000000 0.000000 0.000000 0.044248
-0.000048 -0.000843
4
381.968464 67.029368
5.295000 9.953000 12.082942 70 1
0.000000 0.000000 0.000000 0.000000 0.106060
0.001474 -0.001382
4
302.452662 106.614369
5.295000 9.953000 12.082942 60 1
0.000000 0.000000 0.000000 0.000000 0.021924
0.000416 -0.000175
4
454.220407 334.493340
5.295000 9.953000 12.082942 62 1
0.000000 0.000000 0.000000 0.000000 0.053801
0.000077 0.001165
4
74.837375 238.624851
5.295000 9.953000 12.082942 43 1
0.000000 0.000000 0.000000 0.000000 0.055736
-0.000593 -0.000265
4
41.284522 221.835424
5.295000 9.953000 12.082942 32 1
0.000000 0.000000 0.000000 0.000000 0.044972
-0.000850 -0.000136
4
470.475466 280.634834
5.295000 9.953000 12.082942 50 1
0.000000 0.000000 0.000000 0.000000 0.038630
0.000964 0.000623
4
178.032368 199.137548
5.295000 9.953000 12.082942 59 1
0.000000 0.000000 0.000000 0.000000 0.023686
-0.000447 -0.000380
4
298.364970 373.827721
5.295000 9.953000 12.082942 39 1
0.000000 0.000000 0.000000 0.000000 0.062604
0.000910 0.001367
4
70.141453 402.417496
5.295000 9.953000 12.082942 48 1
0.000000 0.000000 0.000000 0.000000 0.181334
-0.000955 0.000986
4
311.390448 327.315777
5.295000 9.953000 12.082942 32 1
0.000000 0.000000 0.000000 0.000000 0.053340
-0.000040 -0.000047
4
128.347003 256.190756
5.295000 9.953000 12.082942 61 1
0.000000 0.000000 0.000000 0.000000 0.021463
-0.000330 0.000272
4
86.089806 114.220280
5.295000 9.953000 12.082942 40 1
0.000000 0.000000 0.000000 0.000000 0.091694
-0.001485 -0.000486
4
433.702630 289.512027
5.295000 9.953000 12.082942 64 1
0.000000 0.000000 0.000000 0.000000 0.052818
0.000958 0.000100
4
357.515234 211.780813
5.295000 9.953000 12.082942 58 1
0.000000 0.000000 0.000000 0.000000 0.055112
-0.004764 -0.001921
4
174.375076 385.102885
5.295000 9.953000 12.082942 50 1
0.000000 0.000000 0.000000 0.000000 0.039331
-0.000096 0.000800
4
53.168256 393.651532
5.295000 9.953000 12.082942 44 1
0.000000 0.000000 0.000000 0.000000 0.312264
-0.000871 0.000390
4
448.839646 184.736575
5.295000 9.953000 12.082942 37 1
0.000000 0.000000 0.000000 0.000000 0.068316
0.000452 0.000543
1
275.572416 438.635029
5.295000 9.953000 12.082942 0 1
0.065880 0.000000 0.000000 0.000000 0.026656
0.000167 0.001573
4
248.110894 421.327523
5.295000 9.953000 12.082942 92 1
0.000000 0.000000 0.000000 0.000000 0.034039
0.000044 0.001269
4
352.483527 89.722474
5.295000 9.953000 12.082942 63 1
0.000000 0.000000 0.000000 0.000000 0.022027
0.001156 -0.001217
4
65.914819 325.390714
5.295000 9.953000 12.082942 31 1
0.000000 0.000000 0.000000 0.000000 0.059386
-0.001026 0.000065
1
296.191352 88.878525
5.295000 9.953000 12.082942 0 1
0.065880 0.000000 0.000000 0.000000 0.027094
0.000064 -0.000228
4
71.640018 181.753293
5.295000 9.953000 12.082942 54 1
0.000000 0.000000 0.000000 0.000000 0.037239
-0.001268 -0.000551
4
35.030063 365.606310
5.295000 9.953000 12.082942 39 1
0.000000 0.000000 0.000000 0.000000 0.300157
-0.000970 0.000085
4
364.495538 59.296039
5.295000 9.953000 12.082942 66 1
0.000000 0.000000 0.000000 0.000000 0.071190
0.001536 -0.001021
4
219.874422 173.139757
5.295000 9.953000 12.082942 35 1
0.000000 0.000000 0.000000 0.000000 0.050722
-0.010625 -0.001927
4
321.163082 110.695238
5.295000 9.953000 12.082942 61 1
0.000000 0.000000 0.000000 0.000000 0.030181
0.000750 -0.000699
4
442.383613 107.292891
5.295000 9.953000 12.082942 64 1
0.000000 0.000000 0.000000 0.000000 0.184059
0.000439 -0.001385
4
292.444788 328.109678
5.295000 9.953000 12.082942 62 1
0.000000 0.000000 0.000000 0.000000 0.053009
-0.000067 0.000030
4
401.146603 177.048413
5.295000 9.953000 12.082942 70 1
0.000000 0.000000 0.000000 0.000000 0.031433
0.001160 -0.000752
4
196.487647 202.345465
5.295000 9.953000 12.082942 32 1
0.000000 0.000000 0.000000 0.000000 0.032153
-0.000787 -0.000242
4
154.611481 416.597357
5.295000 9.953000 12.082942 45 1
0.000000 0.000000 0.000000 0.000000 0.051526
-0.000500 0.000817
1
440.055763 88.469781
5.295000 9.953000 12.082942 22 2
0.065880 0.000000 0.000000 0.000000 0.330511
0.000336 -0.001377
4
193.524667 102.594940
5.295000 9.953000 12.082942 48 1
0.000000 0.000000 0.000000 0.000000 0.031818
0.000408 -0.000081
4
349.166591 155.506247
5.295000 9.953000 12.082942 49 1
0.000000 0.000000 0.000000 0.000000 0.045098
-0.000256 0.000065
4
233.696009 208.768551
5.295000 9.953000 12.082942 47 1
0.000000 0.000000 0.000000 0.000000 0.046660
-0.001025 -0.000319
4
326.534817 42.540118
5.295000 9.953000 12.082942 55 1
0.000000 0.000000 0.000000 0.000000 0.046120
0.000079 -0.000670
4
442.380107 202.999317
5.295000 9.953000 12.082942 62 1
0.000000 0.000000 0.000000 0.000000 0.057897
0.001371 0.000357
4
201.739671 403.116239
5.295000 9.953000 12.082942 34 1
0.000000 0.000000 0.000000 0.000000 0.041427
-0.000014 0.000884
4
337.898711 185.920582
5.295000 9.953000 12.082942 47 1
0.000000 0.000000 0.000000 0.000000 0.043287
0.007028 -0.002992
4
131.891468 340.679107
5.295000 9.953000 12.082942 54 1
0.000000 0.000000 0.000000 0.000000 0.045200
-0.001058 0.000404
4
449.718328 235.351573
5.295000 9.953000 12.082942 67 1
0.000000 0.000000 0.000000 0.000000 0.055471
0.001541 0.000069
4
330.686818 362.090560
5.295000 9.953000 12.082942 46 1
0.000000 0.000000 0.000000 0.000000 0.053979
0.000878 0.000910
4
330.196481 325.714930
5.295000 9.953000 12.082942 71 1
0.000000 0.000000 0.000000 0.000000 0.053866
0.000171 -0.000018
4
403.248197 327.577907
5.295000 9.953000 12.082942 0 1
0.000000 0.000000 0.000000 0.000000 0.045109
0.001075 0.000627
4
428.108280 307.496033
5.295000 9.953000 12.082942 0 1
0.000000 0.000000 0.000000 0.000000 0.043573
0.000954 0.000208
4
230.824218 108.303350
5.295000 9.953000 12.082942 0 1
0.000000 0.000000 0.000000 0.000000 0.037427
-0.000090 -0.000655
4
307.791966 191.496500
5.295000 9.953000 12.082942 45 1
0.000000 0.000000 0.000000 0.000000 0.036188
0.052801 0.014354
4
375.716686 302.664287
5.295000 9.953000 12.082942 50 1
0.000000 0.000000 0.000000 0.000000 0.049284
0.000872 0.000333
4
455.078556 217.091305
5.295000 9.953000 12.082942 0 1
0.000000 0.000000 0.000000 0.000000 0.057534
0.001580 0.000139
4
436.936657 221.619568
5.295000 9.953000 12.082942 0 1
0.000000 0.000000 0.000000 0.000000 0.048345
0.001452 0.000030
4
141.513065 464.591936
5.295000 9.953000 12.082942 0 1
0.000000 0.000000 0.000000 0.000000 0.200776
-0.000258 0.000977
4
95.573298 265.041882
5.295000 9.953000 12.082942 0 1
0.000000 0.000000 0.000000 0.000000 0.048501
-0.000511 -0.000132
4
279.273342 341.228816
5.295000 9.953000 12.082942 0 1
0.000000 0.000000 0.000000 0.000000 0.063650
0.001225 0.001587
4
418.604647 362.744321
5.295000 9.953000 12.082942 0 1
0.000000 0.000000 0.000000 0.000000 0.094072
0.000638 0.001489
4
394.951680 248.961087
5.295000 9.953000 12.082942 91 1
0.000000 0.000000 0.000000 0.000000 0.024272
0.001222 -0.000058
4
158.738867 295.835136
5.295000 9.953000 12.082942 43 1
0.000000 0.000000 0.000000 0.000000 0.049041
0.000047 0.000473
4
225.757473 140.602798
5.295000 9.953000 12.082942 82 1
0.000000 0.000000 0.000000 0.000000 0.041499
0.000722 0.000369
4
290.054545 295.660293
5.295000 9.953000 12.082942 48 1
0.000000 0.000000 0.000000 0.000000 0.039647
0.000203 -0.000252
4
37.555396 145.173515
5.295000 9.953000 12.082942 54 1
0.000000 0.000000 0.000000 0.000000 0.179381
-0.001501 -0.000392
4
64.737480 306.263977
5.295000 9.953000 12.082942 72 1
0.000000 0.000000 0.000000 0.000000 0.054030
-0.000998 0.000014
4
42.841244 241.049516
5.295000 9.953000 12.082942 30 1
0.000000 0.000000 0.000000 0.000000 0.058150
-0.000782 -0.000153
1
409.650404 310.697473
5.295000 9.953000 12.082942 19 2
0.065880 0.000000 0.000000 0.000000 0.033593
0.001017 0.000436
4
342.789592 223.236483
5.295000 9.953000 12.082942 54 1
0.000000 0.000000 0.000000 0.000000 0.050064
0.001144 -0.003411
4
263.832921 487.880292
5.295000 9.953000 12.082942 41 1
0.000000 0.000000 0.000000 0.000000 0.053144
0.000215 0.000889
4
276.938857 405.937033
5.295000 9.953000 12.082942 45 1
0.000000 0.000000 0.000000 0.000000 0.055759
0.000290 0.001450
4
352.364471 273.133390
5.295000 9.953000 12.082942 44 1
0.000000 0.000000 0.000000 0.000000 0.040379
0.000896 0.000131
4
162.722334 433.492598
5.295000 9.953000 12.082942 75 1
0.000000 0.000000 0.000000 0.000000 0.046700
-0.000386 0.000853
4
354.786360 193.022333
5.295000 9.953000 12.082942 45 1
0.000000 0.000000 0.000000 0.000000 0.052371
-0.002307 0.000397
4
80.260987 295.354895
5.295000 9.953000 12.082942 81 1
0.000000 0.000000 0.000000 0.000000 0.045130
-0.000935 0.000055
4
171.245388 281.229666
5.295000 9.953000 12.082942 27 1
0.000000 0.000000 0.000000 0.000000 0.060980
-0.000045 0.000342
4
285.868697 168.104251
5.295000 9.953000 12.082942 71 1
0.000000 0.000000 0.000000 0.000000 0.026091
-0.000683 0.010631
4
181.461591 434.579781
5.295000 9.953000 12.082942 42 1
0.000000 0.000000 0.000000 0.000000 0.047106
-0.000268 0.000941
4
245.876389 194.468241
5.295000 9.953000 12.082942 72 1
0.000000 0.000000 0.000000 0.000000 0.041247
0.001339 -0.003236
4
183.270644 35.586068
5.295000 9.953000 12.082942 54 1
0.000000 0.000000 0.000000 0.000000 0.085626
0.000938 -0.000988
4
393.910844 391.972975
5.295000 9.953000 12.082942 42 1
0.000000 0.000000 0.000000 0.000000 0.065983
0.000414 0.001088
4
348.614552 321.535552
5.295000 9.953000 12.082942 39 1
0.000000 0.000000 0.000000 0.000000 0.060158
0.000439 0.000258
4
322.248116 260.901561
5.295000 9.953000 12.082942 80 1
0.000000 0.000000 0.000000 0.000000 0.030411
0.000561 -0.000676
4
226.775982 289.828021
5.295000 9.953000 12.082942 32 1
0.000000 0.000000 0.000000 0.000000 0.058199
-0.000010 0.000220
4
426.039207 258.010959
5.295000 9.953000 12.082942 45 1
0.000000 0.000000 0.000000 0.000000 0.044050
0.001238 -0.000001
4
38.327134 164.373818
5.295000 9.953000 12.082942 55 1
0.000000 0.000000 0.000000 0.000000 0.074219
-0.001347 -0.000304
4
84.499103 372.745709
5.295000 9.953000 12.082942 41 1
0.000000 0.000000 0.000000 0.000000 0.081445
-0.001045 0.000263
4
33.296007 327.561553
5.295000 9.953000 12.082942 53 1
0.000000 0.000000 0.000000 0.000000 0.111106
-0.001057 -0.000015
4
379.960045 48.296694
5.295000 9.953000 12.082942 80 1
0.000000 0.000000 0.000000 0.000000 0.169116
0.001092 -0.001481
4
431.428429 155.822427
5.295000 9.953000 12.082942 39 1
0.000000 0.000000 0.000000 0.000000 0.062161
0.000801 -0.001150
4
337.496332 379.995527
5.295000 9.953000 12.082942 55 1
0.000000 0.000000 0.000000 0.000000 0.035911
0.000477 0.000995
4
287.557444 389.823809
5.295000 9.953000 12.082942 48 1
0.000000 0.000000 0.000000 0.000000 0.061983
0.000491 0.001463
4
413.172959 244.594544
5.295000 9.953000 12.082942 47 1
0.000000 0.000000 0.000000 0.000000 0.037830
0.001277 -0.000090
4
387.178602 317.423719
5.295000 9.953000 12.082942 65 1
0.000000 0.000000 0.000000 0.000000 0.052276
0.000959 0.000430
4
86.490087 152.374892
5.295000 9.953000 12.082942 70 1
0.000000 0.000000 0.000000 0.000000 0.042609
-0.001372 -0.000635
4
69.476714 105.551381
5.295000 9.953000 12.082942 43 1
0.000000 0.000000 0.000000 0.000000 0.149688
-0.001454 -0.000684
4
312.061922 473.806942
5.295000 9.953000 12.082942 47 1
0.000000 0.000000 0.000000 0.000000 0.082923
0.000834 0.001360
4
472.679951 330.452955
5.295000 9.953000 12.082942 59 1
0.000000 0.000000 0.000000 0.000000 0.078039
0.000059 0.000903
4
403.975281 195.226657
5.295000 9.953000 12.082942 61 1
0.000000 0.000000 0.000000 0.000000 0.036511
0.001396 -0.000626
4
39.935280 202.593597
5.295000 9.953000 12.082942 31 1
0.000000 0.000000 0.000000 0.000000 0.042331
-0.000992 -0.000164
4
418.844824 226.630423
5.295000 9.953000 12.082942 63 1
0.000000 0.000000 0.000000 0.000000 0.040376
0.001254 -0.000233
4
208.675831 237.449842
5.295000 9.953000 12.082942 41 1
0.000000 0.000000 0.000000 0.000000 0.035135
-0.000370 -0.000130
4
358.602840 255.380529
5.295000 9.953000 12.082942 55 1
0.000000 0.000000 0.000000 0.000000 0.051716
0.000839 0.000057
4
202.072884 269.573904
5.295000 9.953000 12.082942 31 1
0.000000 0.000000 0.000000 0.000000 0.063301
-0.000136 0.000173
4
431.112515 398.849719
5.295000 9.953000 12.082942 74 1
0.000000 0.000000 0.000000 0.000000 0.125593
0.000367 0.001530
4
289.644674 186.041798
5.295000 9.953000 12.082942 43 1
0.000000 0.000000 0.000000 0.000000 0.027921
-0.063893 -0.019166
1
324.773000 443.720431
5.295000 9.953000 12.082942 20 2
0.065880 0.000000 0.000000 0.000000 0.025199
0.000541 0.001181
4
178.520462 67.511111
5.295000 9.953000 12.082942 33 1
0.000000 0.000000 0.000000 0.000000 0.034879
0.000188 0.000598
4
102.697279 399.784702
5.295000 9.953000 12.082942 33 1
0.000000 0.000000 0.000000 0.000000 0.072514
-0.000959 0.000253
4
274.973125 132.143387
5.295000 9.953000 12.082942 76 1
0.000000 0.000000 0.000000 0.000000 0.031046
0.000133 -0.000354
4
357.025444 305.157302
5.295000 9.953000 12.082942 50 1
0.000000 0.000000 0.000000 0.000000 0.050744
0.000714 0.000277
4
202.691652 219.895313
5.295000 9.953000 12.082942 86 1
0.000000 0.000000 0.000000 0.000000 0.031571
-0.000512 -0.000215
4
88.508293 190.365731
5.295000 9.953000 12.082942 41 1
0.000000 0.000000 0.000000 0.000000 0.046080
-0.001292 -0.000759
4
308.408552 124.328318
5.295000 9.953000 12.082942 55 1
0.000000 0.000000 0.000000 0.000000 0.028028
0.000911 -0.000387
4
321.719434 343.361633
5.295000 9.953000 12.082942 34 1
0.000000 0.000000 0.000000 0.000000 0.070317
-0.000270 -0.000178
4
370.686093 270.318846
5.295000 9.953000 12.082942 72 1
0.000000 0.000000 0.000000 0.000000 0.028646
0.001003 0.000121
4
39.033338 183.526054
5.295000 9.953000 12.082942 47 1
0.000000 0.000000 0.000000 0.000000 0.063525
-0.001186 -0.000230
4
72.587803 200.558655
5.295000 9.953000 12.082942 33 1
0.000000 0.000000 0.000000 0.000000 0.045558
-0.001104 -0.000436
4
25.884683 232.657223
5.295000 9.953000 12.082942 72 1
0.000000 0.000000 0.000000 0.000000 0.045438
-0.000855 -0.000111
4
217.540862 469.036623
5.295000 9.953000 12.082942 66 1
0.000000 0.000000 0.000000 0.000000 0.049613
-0.000233 0.001223
4
455.522975 369.540355
5.295000 9.953000 12.082942 44 1
0.000000 0.000000 0.000000 0.000000 0.146363
0.000601 0.001757
4
171.848466 231.122337
5.295000 9.953000 12.082942 36 1
0.000000 0.000000 0.000000 0.000000 0.033652
-0.000343 -0.000055
4
369.250101 181.273259
5.295000 9.953000 12.082942 59 1
0.000000 0.000000 0.000000 0.000000 0.050810
0.002002 -0.000735
4
269.580765 325.197014
5.295000 9.953000 12.082942 47 1
0.000000 0.000000 0.000000 0.000000 0.046303
0.001630 0.001568
4
271.359884 297.289096
5.295000 9.953000 12.082942 60 1
0.000000 0.000000 0.000000 0.000000 0.027922
-0.000007 -0.000140
4
209.215770 55.861140
5.295000 9.953000 12.082942 81 1
0.000000 0.000000 0.000000 0.000000 0.043761
-0.000016 -0.000891
4
118.705165 389.139408
5.295000 9.953000 12.082942 33 1
0.000000 0.000000 0.000000 0.000000 0.068678
-0.001191 0.000093
4
153.093627 62.782965
5.295000 9.953000 12.082942 31 1
0.000000 0.000000 0.000000 0.000000 0.038779
-0.002456 -0.000701
4
118.867622 169.244919
5.295000 9.953000 12.082942 38 1
0.000000 0.000000 0.000000 0.000000 0.047400
-0.000945 -0.000643
1
150.018631 44.340157
5.295000 9.953000 12.082942 21 2
0.065880 0.000000 0.000000 0.000000 0.053847
-0.000159 -0.001166
4
251.114016 261.902290
5.295000 9.953000 12.082942 48 1
0.000000 0.000000 0.000000 0.000000 0.029072
-0.000182 -0.000199
4
79.336580 276.319634
5.295000 9.953000 12.082942 43 1
0.000000 0.000000 0.000000 0.000000 0.067429
-0.000925 -0.000047
1
283.433523 66.922770
5.295000 9.953000 12.082942 21 2
0.065880 0.000000 0.000000 0.000000 0.031284
0.000106 -0.000565
4
231.544400 356.280886
5.295000 9.953000 12.082942 34 1
0.000000 0.000000 0.000000 0.000000 0.046988
0.000579 0.000809
4
118.792914 113.884954
5.295000 9.953000 12.082942 58 1
0.000000 0.000000 0.000000 0.000000 0.045260
-0.001161 -0.000498
4
444.426774 253.526619
5.295000 9.953000 12.082942 68 1
0.000000 0.000000 0.000000 0.000000 0.050113
0.001339 0.000053
4
262.468998 146.430545
5.295000 9.953000 12.082942 32 1
0.000000 0.000000 0.000000 0.000000 0.033729
0.001850 0.001697
4
188.252115 483.996696
5.295000 9.953000 12.082942 60 1
0.000000 0.000000 0.000000 0.000000 0.114376
-0.000315 0.001076
4
102.625795 142.469809
5.295000 9.953000 12.082942 43 1
0.000000 0.000000 0.000000 0.000000 0.038216
-0.001505 -0.000765
4
288.965557 357.329825
5.295000 9.953000 12.082942 36 1
0.000000 0.000000 0.000000 0.000000 0.072393
0.000932 0.001562
4
177.531627 299.020230
5.295000 9.953000 12.082942 36 1
0.000000 0.000000 0.000000 0.000000 0.058871
0.000033 0.000477
4
285.586450 422.653161
5.295000 9.953000 12.082942 32 1
0.000000 0.000000 0.000000 0.000000 0.039437
0.000162 0.001502
4
446.511478 303.309103
5.295000 9.953000 12.082942 77 1
0.000000 0.000000 0.000000 0.000000 0.035916
0.000844 0.000156
4
486.242877 177.995279
5.295000 9.953000 12.082942 64 1
0.000000 0.000000 0.000000 0.000000 0.124001
0.000262 -0.000970
4
255.173087 178.534807
5.295000 9.953000 12.082942 70 1
0.000000 0.000000 0.000000 0.000000 0.035586
-0.041771 -0.007252
4
200.979561 120.243465
5.295000 9.953000 12.082942 51 1
0.000000 0.000000 0.000000 0.000000 0.046546
-0.000142 -0.000299
4
313.970756 56.404838
5.295000 9.953000 12.082942 63 1
0.000000 0.000000 0.000000 0.000000 0.043198
0.000252 -0.000457
4
115.746062 454.821389
5.295000 9.953000 12.082942 45 1
0.000000 0.000000 0.000000 0.000000 0.323855
-0.001096 -0.000731
4
303.692256 209.340245
5.295000 9.953000 12.082942 62 1
0.000000 0.000000 0.000000 0.000000 0.038934
-0.000963 -0.002072
4
479.816724 195.686118
5.295000 9.953000 12.082942 58 1
0.000000 0.000000 0.000000 0.000000 0.089915
0.000932 -0.000643
4
344.006643 397.937987
5.295000 9.953000 12.082942 39 1
0.000000 0.000000 0.000000 0.000000 0.034202
0.000459 0.001046
4
210.466346 419.780116
5.295000 9.953000 12.082942 43 1
0.000000 0.000000 0.000000 0.000000 0.048082
-0.000094 0.001018
4
193.155961 353.058525
5.295000 9.953000 12.082942 34 1
0.000000 0.000000 0.000000 0.000000 0.038456
0.000477 0.000777
4
165.214382 163.765744
5.295000 9.953000 12.082942 44 1
0.000000 0.000000 0.000000 0.000000 0.047384
-0.000434 -0.000402
4
492.884384 229.411004
5.295000 9.953000 12.082942 59 1
0.000000 0.000000 0.000000 0.000000 0.079712
-0.000557 -0.001087
4
113.030626 216.296561
5.295000 9.953000 12.082942 51 1
0.000000 0.000000 0.000000 0.000000 0.050342
-0.002303 -0.001267
4
87.289692 410.635841
5.295000 9.953000 12.082942 49 1
0.000000 0.000000 0.000000 0.000000 0.127967
-0.000791 0.000801
1
307.913173 38.460390
5.295000 9.953000 12.082942 47 2
0.065880 0.000000 0.000000 0.000000 0.048235
0.000052 -0.000496
4
300.806392 311.542213
5.295000 9.953000 12.082942 61 1
0.000000 0.000000 0.000000 0.000000 0.045487
0.000136 -0.000153
4
424.829351 99.617287
5.295000 9.953000 12.082942 38 1
0.000000 0.000000 0.000000 0.000000 0.178814
0.000423 -0.001238
4
448.595178 164.152973
5.295000 9.953000 12.082942 44 1
0.000000 0.000000 0.000000 0.000000 0.075766
0.000815 -0.001712
4
346.455003 137.115864
5.295000 9.953000 12.082942 57 1
0.000000 0.000000 0.000000 0.000000 0.040025
0.000482 -0.000963
4
481.136166 244.341688
5.295000 9.953000 12.082942 53 1
0.000000 0.000000 0.000000 0.000000 0.068825
0.001487 0.000565
4
294.659533 466.387231
5.295000 9.953000 12.082942 49 1
0.000000 0.000000 0.000000 0.000000 0.050643
0.000733 0.001250
4
411.816613 129.235959
5.295000 9.953000 12.082942 54 1
0.000000 0.000000 0.000000 0.000000 0.076076
0.000615 -0.001008
4
10.382549 243.458248
5.295000 9.953000 12.082942 40 1
0.000000 0.000000 0.000000 0.000000 0.055861
-0.000867 -0.000106
4
32.114358 308.603243
5.295000 9.953000 12.082942 70 1
0.000000 0.000000 0.000000 0.000000 0.077878
-0.001029 -0.000064
4
148.871707 365.730765
5.295000 9.953000 12.082942 41 1
0.000000 0.000000 0.000000 0.000000 0.057234
-0.000605 0.001060
4
85.735490 391.651289
5.295000 9.953000 12.082942 74 1
0.000000 0.000000 0.000000 0.000000 0.104232
-0.001079 0.000538
4
165.763353 213.457338
5.295000 9.953000 12.082942 40 1
0.000000 0.000000 0.000000 0.000000 0.027399
-0.000525 -0.000155
4
171.800037 181.499090
5.295000 9.953000 12.082942 80 1
0.000000 0.000000 0.000000 0.000000 0.025885
-0.000486 -0.000474
4
394.236938 121.595162
5.295000 9.953000 12.082942 46 1
0.000000 0.000000 0.000000 0.000000 0.047203
0.000611 -0.000872
4
245.496835 244.151423
5.295000 9.953000 12.082942 69 1
0.000000 0.000000 0.000000 0.000000 0.032776
-0.000392 -0.000248
4
135.000365 223.969036
5.295000 9.953000 12.082942 44 1
0.000000 0.000000 0.000000 0.000000 0.039023
-0.000344 0.000131
4
182.892366 117.627228
5.295000 9.953000 12.082942 38 1
0.000000 0.000000 0.000000 0.000000 0.047691
-0.000633 -0.000718
4
159.528992 245.510492
5.295000 9.953000 12.082942 51 1
0.000000 0.000000 0.000000 0.000000 0.031682
-0.000240 0.000101
4
226.169482 485.813021
5.295000 9.953000 12.082942 33 1
0.000000 0.000000 0.000000 0.000000 0.071912
-0.000170 0.001274
4
369.341207 370.864000
5.295000 9.953000 12.082942 56 1
0.000000 0.000000 0.000000 0.000000 0.047153
0.000404 0.000822
4
397.284927 56.027729
5.295000 9.953000 12.082942 68 1
0.000000 0.000000 0.000000 0.000000 0.242482
0.001269 -0.001704
4
89.406208 227.440752
5.295000 9.953000 12.082942 44 1
0.000000 0.000000 0.000000 0.000000 0.057817
-0.000532 -0.000405
4
27.436559 251.771394
5.295000 9.953000 12.082942 39 1
0.000000 0.000000 0.000000 0.000000 0.061722
-0.000831 -0.000138
4
368.048801 320.764850
5.295000 9.953000 12.082942 38 1
0.000000 0.000000 0.000000 0.000000 0.069100
0.000663 0.000509
4
34.294356 346.554796
5.295000 9.953000 12.082942 61 1
0.000000 0.000000 0.000000 0.000000 0.176118
-0.001051 0.000041
4
120.382056 286.689895
5.295000 9.953000 12.082942 86 1
0.000000 0.000000 0.000000 0.000000 0.023908
-0.000326 0.000046
4
53.660859 134.845968
5.295000 9.953000 12.082942 74 1
0.000000 0.000000 0.000000 0.000000 0.091067
-0.001530 -0.000574
4
315.616869 277.836219
5.295000 9.953000 12.082942 31 1
0.000000 0.000000 0.000000 0.000000 0.032573
0.000589 -0.000421
4
412.509304 395.481429
5.295000 9.953000 12.082942 44 1
0.000000 0.000000 0.000000 0.000000 0.089794
0.000385 0.001290
1
183.579470 167.064503
5.295000 9.953000 12.082942 24 2
0.065880 0.000000 0.000000 0.000000 0.029674
-0.001587 -0.000706
4
279.184642 280.671700
5.295000 9.953000 12.082942 50 1
0.000000 0.000000 0.000000 0.000000 0.021146
0.000150 -0.000251
4
141.348810 241.984752
5.295000 9.953000 12.082942 45 1
0.000000 0.000000 0.000000 0.000000 0.032641
-0.000291 0.000175
4
266.156461 199.284674
5.295000 9.953000 12.082942 47 1
0.000000 0.000000 0.000000 0.000000 0.027886
-0.001748 0.001238
4
227.086049 191.092362
5.295000 9.953000 12.082942 39 1
0.000000 0.000000 0.000000 0.000000 0.053984
-0.002196 0.002114
1
318.760989 376.880399
5.295000 9.953000 12.082942 24 2
0.065880 0.000000 0.000000 0.000000 0.036480
0.000290 0.000775
4
250.696142 357.034168
5.295000 9.953000 12.082942 38 1
0.000000 0.000000 0.000000 0.000000 0.058041
0.000619 0.001072
4
136.383124 414.664223
5.295000 9.953000 12.082942 52 1
0.000000 0.000000 0.000000 0.000000 0.071923
-0.000767 0.000949
4
406.219856 213.455959
5.295000 9.953000 12.082942 62 1
0.000000 0.000000 0.000000 0.000000 0.040684
0.001424 -0.000235
4
114.537011 269.387449
5.295000 9.953000 12.082942 87 1
0.000000 0.000000 0.000000 0.000000 0.020477
-0.000618 -0.000002
4
398.873989 158.637733
5.295000 9.953000 12.082942 36 1
0.000000 0.000000 0.000000 0.000000 0.041425
0.000910 -0.000769
4
104.248030 418.872692
5.295000 9.953000 12.082942 32 1
0.000000 0.000000 0.000000 0.000000 0.087164
-0.000518 -0.000197
4
105.741408 198.925874
5.295000 9.953000 12.082942 39 1
0.000000 0.000000 0.000000 0.000000 0.048601
-0.001567 -0.001249
4
77.316797 257.548039
5.295000 9.953000 12.082942 54 1
0.000000 0.000000 0.000000 0.000000 0.064122
-0.000631 -0.000181
4
227.823154 453.162265
5.295000 9.953000 12.082942 53 1
0.000000 0.000000 0.000000 0.000000 0.040389
-0.000197 0.001219
1
374.567926 437.845512
5.295000 9.953000 12.082942 25 2
0.065880 0.000000 0.000000 0.000000 0.035738
0.000420 0.001228
4
132.391680 100.719489
5.295000 9.953000 12.082942 31 1
0.000000 0.000000 0.000000 0.000000 0.056302
-0.001071 -0.000507
4
232.868157 258.235423
5.295000 9.953000 12.082942 72 1
0.000000 0.000000 0.000000 0.000000 0.041463
-0.000248 -0.000080
4
193.107516 386.449912
5.295000 9.953000 12.082942 31 1
0.000000 0.000000 0.000000 0.000000 0.034309
-0.000001 0.000732
4
154.650886 347.229201
5.295000 9.953000 12.082942 35 1
0.000000 0.000000 0.000000 0.000000 0.039600
0.000240 0.001000
4
334.780730 166.951794
5.295000 9.953000 12.082942 80 1
0.000000 0.000000 0.000000 0.000000 0.039347
0.004762 -0.002504
4
161.148294 314.808747
5.295000 9.953000 12.082942 47 1
0.000000 0.000000 0.000000 0.000000 0.046573
-0.000025 0.000684
4
121.869904 188.246909
5.295000 9.953000 12.082942 93 1
0.000000 0.000000 0.000000 0.000000 0.032982
-0.001122 -0.000302
4
129.852776 322.125296
5.295000 9.953000 12.082942 32 1
0.000000 0.000000 0.000000 0.000000 0.047286
-0.000473 0.000325
4
389.770558 84.302754
5.295000 9.953000 12.082942 47 1
0.000000 0.000000 0.000000 0.000000 0.062877
0.000385 -0.000913
4
195.218648 20.801105
5.295000 9.953000 12.082942 40 1
0.000000 0.000000 0.000000 0.000000 0.091420
0.000304 -0.001165
4
13.548894 281.460049
5.295000 9.953000 12.082942 72 1
0.000000 0.000000 0.000000 0.000000 0.064350
-0.000923 -0.000150
4
146.707655 160.297144
5.295000 9.953000 12.082942 49 1
0.000000 0.000000 0.000000 0.000000 0.053934
-0.000750 -0.000293
4
413.735016 343.459893
5.295000 9.953000 12.082942 50 1
0.000000 0.000000 0.000000 0.000000 0.072426
0.001642 0.000164
1
232.814608 26.238671
5.295000 9.953000 12.082942 26 2
0.065880 0.000000 0.000000 0.000000 0.037430
0.000112 -0.000929
4
208.557149 187.896253
5.295000 9.953000 12.082942 32 1
0.000000 0.000000 0.000000 0.000000 0.042852
0.000392 -0.001637
4
361.832809 451.934065
5.295000 9.953000 12.082942 46 1
0.000000 0.000000 0.000000 0.000000 0.104847
0.000400 0.001190
4
374.263476 95.495474
5.295000 9.953000 12.082942 54 1
0.000000 0.000000 0.000000 0.000000 0.042930
0.000535 -0.000792
4
352.009193 174.170986
5.295000 9.953000 12.082942 48 1
0.000000 0.000000 0.000000 0.000000 0.047785
-0.001492 0.000289
4
51.814156 374.584784
5.295000 9.953000 12.082942 45 1
0.000000 0.000000 0.000000 0.000000 0.191653
-0.000977 0.000249
4
400.219514 360.230701
5.295000 9.953000 12.082942 54 1
0.000000 0.000000 0.000000 0.000000 0.080716
0.000585 0.001024
4
271.583903 217.103018
5.295000 9.953000 12.082942 38 1
0.000000 0.000000 0.000000 0.000000 0.027674
-0.000983 -0.001125
1
140.009608 28.288771
5.295000 9.953000 12.082942 87 2
0.065880 0.000000 0.000000 0.000000 0.226977
-0.000165 -0.001223
4
272.659888 82.043782
5.295000 9.953000 12.082942 46 1
0.000000 0.000000 0.000000 0.000000 0.051856
-0.000219 -0.000780
4
340.665728 346.025331
5.295000 9.953000 12.082942 47 1
0.000000 0.000000 0.000000 0.000000 0.070005
-0.000417 -0.000369
4
196.930182 320.635035
5.295000 9.953000 12.082942 34 1
0.000000 0.000000 0.000000 0.000000 0.043614
0.000438 0.000605
4
467.919873 230.999567
5.295000 9.953000 12.082942 54 1
0.000000 0.000000 0.000000 0.000000 0.061057
0.001720 0.000095
4
244.669596 11.400836
5.295000 9.953000 12.082942 86 1
0.000000 0.000000 0.000000 0.000000 0.044085
0.000192 -0.000890
4
311.760330 359.783557
5.295000 9.953000 12.082942 34 1
0.000000 0.000000 0.000000 0.000000 0.070555
0.000582 0.000399
4
414.066211 147.848450
5.295000 9.953000 12.082942 71 1
0.000000 0.000000 0.000000 0.000000 0.050510
0.000730 -0.000956
4
208.253144 287.072902
5.295000 9.953000 12.082942 29 1
0.000000 0.000000 0.000000 0.000000 0.064854
-0.000031 0.000291
4
446.646779 145.052422
5.295000 9.953000 12.082942 65 1
0.000000 0.000000 0.000000 0.000000 0.095549
0.000696 -0.001462
4
276.891974 235.012881
5.295000 9.953000 12.082942 55 1
0.000000 0.000000 0.000000 0.000000 0.028206
-0.000487 -0.000555
4
266.862924 421.970918
5.295000 9.953000 12.082942 32 1
0.000000 0.000000 0.000000 0.000000 0.034652
0.000132 0.001446
4
98.760364 343.402504
5.295000 9.953000 12.082942 38 1
0.000000 0.000000 0.000000 0.000000 0.054406
-0.000876 0.000052
1
102.434463 123.385373
5.295000 9.953000 12.082942 29 2
0.065880 0.000000 0.000000 0.000000 0.030638
-0.001380 -0.000635
4
230.650003 388.236478
5.295000 9.953000 12.082942 34 1
0.000000 0.000000 0.000000 0.000000 0.053714
0.000165 0.001003
4
117.077622 370.467971
5.295000 9.953000 12.082942 37 1
0.000000 0.000000 0.000000 0.000000 0.064024
-0.001040 0.000099
4
152.871935 277.556272
5.295000 9.953000 12.082942 55 1
0.000000 0.000000 0.000000 0.000000 0.046995
-0.000038 0.000308
4
207.470923 137.820671
5.295000 9.953000 12.082942 49 1
0.000000 0.000000 0.000000 0.000000 0.052812
-0.000899 -0.000864
4
331.378406 148.130279
5.295000 9.953000 12.082942 42 1
0.000000 0.000000 0.000000 0.000000 0.040631
0.001171 -0.000526
1
356.017707 434.057375
5.295000 9.953000 12.082942 30 2
0.065880 0.000000 0.000000 0.000000 0.027961
0.000473 0.001140
4
281.016295 495.889349
5.295000 9.953000 12.082942 40 1
0.000000 0.000000 0.000000 0.000000 0.068343
0.000249 0.000981
4
239.420468 404.728626
5.295000 9.953000 12.082942 32 1
0.000000 0.000000 0.000000 0.000000 0.054986
0.000101 0.001154
4
379.074733 132.757888
5.295000 9.953000 12.082942 84 1
0.000000 0.000000 0.000000 0.000000 0.026115
0.000597 -0.000752
4
376.638667 114.181159
5.295000 9.953000 12.082942 44 1
0.000000 0.000000 0.000000 0.000000 0.040226
0.000580 -0.000801
4
343.765331 118.880902
5.295000 9.953000 12.082942 57 1
0.000000 0.000000 0.000000 0.000000 0.033640
0.000540 -0.001056
1
459.778662 115.100179
5.295000 9.953000 12.082942 30 2
0.065880 0.000000 0.000000 0.000000 0.199566
0.000492 -0.001544
4
238.002824 437.277621
5.295000 9.953000 12.082942 32 1
0.000000 0.000000 0.000000 0.000000 0.044767
-0.000089 0.001217
4
242.457041 93.731448
5.295000 9.953000 12.082942 85 1
0.000000 0.000000 0.000000 0.000000 0.038568
-0.000155 -0.000751
4
362.544307 401.928154
5.295000 9.953000 12.082942 74 1
0.000000 0.000000 0.000000 0.000000 0.040947
0.000502 0.001119
4
67.587013 364.224551
5.295000 9.953000 12.082942 53 1
0.000000 0.000000 0.000000 0.000000 0.111103
-0.000999 0.000205
4
23.088511 194.098300
5.295000 9.953000 12.082942 46 1
0.000000 0.000000 0.000000 0.000000 0.056042
-0.001057 -0.000089
4
421.747881 189.484008
5.295000 9.953000 12.082942 67 1
0.000000 0.000000 0.000000 0.000000 0.038280
0.001566 -0.000271
4
376.826947 252.857152
5.295000 9.953000 12.082942 92 1
0.000000 0.000000 0.000000 0.000000 0.025313
0.001135 0.000009
1
332.608297 60.823381
5.295000 9.953000 12.082942 57 2
0.065880 0.000000 0.000000 0.000000 0.027656
0.000501 -0.000643
4
147.465967 110.631389
5.295000 9.953000 12.082942 44 1
0.000000 0.000000 0.000000 0.000000 0.059435
-0.001054 -0.000497
1
315.016927 92.640910
5.295000 9.953000 12.082942 32 2
0.065880 0.000000 0.000000 0.000000 0.015994
-0.000002 -0.000499
4
466.883765 348.511944
5.295000 9.953000 12.082942 69 1
0.000000 0.000000 0.000000 0.000000 0.092887
0.000530 0.000956
1
349.296520 70.703390
5.295000 9.953000 12.082942 32 2
0.065880 0.000000 0.000000 0.000000 0.018519
0.001422 -0.001411
4
330.167009 480.430490
5.295000 9.953000 12.082942 53 1
0.000000 0.000000 0.000000 0.000000 0.153347
0.001105 0.001122
4
117.057463 72.549966
5.295000 9.953000 12.082942 74 1
0.000000 0.000000 0.000000 0.000000 0.106648
-0.001886 -0.000244
4
220.986564 41.067713
5.295000 9.953000 12.082942 62 1
0.000000 0.000000 0.000000 0.000000 0.045915
0.000058 -0.000936
4
159.615257 195.838484
5.295000 9.953000 12.082942 84 1
0.000000 0.000000 0.000000 0.000000 0.033655
-0.000720 -0.000202
1
465.043422 298.710394
5.295000 9.953000 12.082942 34 2
0.065880 0.000000 0.000000 0.000000 0.028158
0.000648 0.000683
4
83.221180 353.840402
5.295000 9.953000 12.082942 42 1
0.000000 0.000000 0.000000 0.000000 0.060677
-0.000983 0.000098
4
233.076112 324.811311
5.295000 9.953000 12.082942 86 1
0.000000 0.000000 0.000000 0.000000 0.029773
0.001060 0.000565
4
319.384572 426.025479
5.295000 9.953000 12.082942 65 1
0.000000 0.000000 0.000000 0.000000 0.034424
0.000528 0.001166
4
141.494449 396.182013
5.295000 9.953000 12.082942 40 1
0.000000 0.000000 0.000000 0.000000 0.063891
-0.001370 0.000385
4
280.348258 99.638490
5.295000 9.953000 12.082942 78 1
0.000000 0.000000 0.000000 0.000000 0.036669
-0.000347 -0.000805
4
306.435162 391.072902
5.295000 9.953000 12.082942 92 1
0.000000 0.000000 0.000000 0.000000 0.027336
0.000518 0.001303
4
173.020082 417.683033
5.295000 9.953000 12.082942 65 1
0.000000 0.000000 0.000000 0.000000 0.035640
-0.000281 0.000885
1
37.085680 126.054862
5.295000 9.953000 12.082942 36 2
0.065880 0.000000 0.000000 0.000000 0.305155
-0.001544 -0.000465
4
166.798592 367.962102
5.295000 9.953000 12.082942 57 1
0.000000 0.000000 0.000000 0.000000 0.047522
-0.000355 0.000827
4
268.443408 114.339548
5.295000 9.953000 12.082942 47 1
0.000000 0.000000 0.000000 0.000000 0.045449
-0.000304 -0.000728
4
109.915190 251.707308
5.295000 9.953000 12.082942 91 1
0.000000 0.000000 0.000000 0.000000 0.030513
-0.000458 -0.000134
4
401.515877 281.040620
5.295000 9.953000 12.082942 70 1
0.000000 0.000000 0.000000 0.000000 0.036830
0.001062 0.000061
4
291.822381 447.907886
5.295000 9.953000 12.082942 50 1
0.000000 0.000000 0.000000 0.000000 0.035092
0.000636 0.001172
4
345.445410 290.481979
5.295000 9.953000 12.082942 59 1
0.000000 0.000000 0.000000 0.000000 0.034280
0.000645 0.000068
4
223.647440 90.763521
5.295000 9.953000 12.082942 55 1
0.000000 0.000000 0.000000 0.000000 0.028795
-0.000005 -0.000652
4
387.277544 423.811511
5.295000 9.953000 12.082942 49 1
0.000000 0.000000 0.000000 0.000000 0.056310
0.000384 0.001201
4
265.186189 64.194349
5.295000 9.953000 12.082942 52 1
0.000000 0.000000 0.000000 0.000000 0.058591
0.000006 -0.000748
4
387.842882 374.351797
5.295000 9.953000 12.082942 84 1
0.000000 0.000000 0.000000 0.000000 0.052002
0.000462 0.000959
4
50.107200 336.083797
5.295000 9.953000 12.082942 56 1
0.000000 0.000000 0.000000 0.000000 0.079347
-0.001044 0.000049
4
345.795150 241.412048
5.295000 9.953000 12.082942 52 1
0.000000 0.000000 0.000000 0.000000 0.054451
0.001392 0.001038
4
215.045322 205.498309
5.295000 9.953000 12.082942 64 1
0.000000 0.000000 0.000000 0.000000 0.045029
0.000018 -0.000685
4
140.367898 291.294213
5.295000 9.953000 12.082942 50 1
0.000000 0.000000 0.000000 0.000000 0.041672
0.000059 0.000438
4
459.567936 316.698091
5.295000 9.953000 12.082942 50 1
0.000000 0.000000 0.000000 0.000000 0.032998
0.000222 0.000856
1
185.477563 85.402579
5.295000 9.953000 12.082942 40 2
0.065880 0.000000 0.000000 0.000000 0.018880
0.001459 -0.000066
4
133.174429 447.450727
5.295000 9.953000 12.082942 57 1
0.000000 0.000000 0.000000 0.000000 0.137547
-0.000332 0.001048
4
69.834580 124.533629
5.295000 9.953000 12.082942 46 1
0.000000 0.000000 0.000000 0.000000 0.103447
-0.001603 -0.000647
4
420.618919 275.863671
5.295000 9.953000 12.082942 48 1
0.000000 0.000000 0.000000 0.000000 0.053678
0.001066 0.000091
4
467.510481 181.284208
5.295000 9.953000 12.082942 64 1
0.000000 0.000000 0.000000 0.000000 0.089763
0.000392 -0.000272
4
256.361007 307.802209
5.295000 9.953000 12.082942 61 1
0.000000 0.000000 0.000000 0.000000 0.036202
-0.000144 0.000124
1
228.027942 58.589525
5.295000 9.953000 12.082942 41 2
0.065880 0.000000 0.000000 0.000000 0.033151
-0.000051 -0.000885
4
149.902231 91.998229
5.295000 9.953000 12.082942 57 1
0.000000 0.000000 0.000000 0.000000 0.050833
-0.001433 -0.000621
4
63.409287 287.151648
5.295000 9.953000 12.082942 43 1
0.000000 0.000000 0.000000 0.000000 0.067438
-0.000934 -0.000051
4
202.187756 38.306434
5.295000 9.953000 12.082942 56 1
0.000000 0.000000 0.000000 0.000000 0.073041
0.000135 -0.000809
4
320.742181 179.121939
5.295000 9.953000 12.082942 46 1
0.000000 0.000000 0.000000 0.000000 0.035855
-0.009573 0.008263
4
231.846081 158.182784
5.295000 9.953000 12.082942 43 1
0.000000 0.000000 0.000000 0.000000 0.038583
-0.002646 -0.003332
4
280.815279 149.984673
5.295000 9.953000 12.082942 50 1
0.000000 0.000000 0.000000 0.000000 0.025197
-0.001489 -0.002453
1
21.655893 155.714017
5.295000 9.953000 12.082942 41 2
0.065880 0.000000 0.000000 0.000000 0.139968
-0.001398 -0.000155
4
362.816012 40.383884
5.295000 9.953000 12.082942 86 1
0.000000 0.000000 0.000000 0.000000 0.115210
0.000524 -0.000735
4
22.373481 174.813064
5.295000 9.953000 12.082942 57 1
0.000000 0.000000 0.000000 0.000000 0.091572
-0.001242 -0.000127
4
160.540557 466.078908
5.295000 9.953000 12.082942 46 1
0.000000 0.000000 0.000000 0.000000 0.099496
-0.000283 0.000933
4
208.896122 452.299212
5.295000 9.953000 12.082942 79 1
0.000000 0.000000 0.000000 0.000000 0.048072
-0.000220 0.001133
4
302.427374 343.835793
5.295000 9.953000 12.082942 43 1
0.000000 0.000000 0.000000 0.000000 0.071545
-0.000046 0.000324
1
424.091904 208.129897
5.295000 9.953000 12.082942 42 2
0.065880 0.000000 0.000000 0.000000 0.032577
0.001340 -0.000099
4
245.045086 486.685314
5.295000 9.953000 12.082942 52 1
0.000000 0.000000 0.000000 0.000000 0.062452
-0.000022 0.001301
4
339.108843 28.493115
5.295000 9.953000 12.082942 84 1
0.000000 0.000000 0.000000 0.000000 0.093538
-0.000217 -0.001013
4
366.615419 162.638398
5.295000 9.953000 12.082942 45 1
0.000000 0.000000 0.000000 0.000000 0.048744
0.001383 -0.000876
4
73.205978 219.267038
5.295000 9.953000 12.082942 44 1
0.000000 0.000000 0.000000 0.000000 0.053577
-0.000755 -0.000303
4
222.758521 339.891403
5.295000 9.953000 12.082942 46 1
0.000000 0.000000 0.000000 0.000000 0.036520
0.000739 0.000608
4
375.236069 388.332636
5.295000 9.953000 12.082942 47 1
0.000000 0.000000 0.000000 0.000000 0.048480
0.000436 0.000962
1
475.824761 262.510294
5.295000 9.953000 12.082942 45 2
0.065880 0.000000 0.000000 0.000000 0.035708
0.001215 0.000587
1
52.711379 96.855574
5.295000 9.953000 12.082942 76 2
0.065880 0.000000 0.000000 0.000000 0.306522
-0.001158 -0.000941
4
492.069749 210.379167
5.295000 9.953000 12.082942 49 1
0.000000 0.000000 0.000000 0.000000 0.088339
0.001434 -0.001165
4
389.156582 266.978414
5.295000 9.953000 12.082942 64 1
0.000000 0.000000 0.000000 0.000000 0.018909
0.001070 0.000021
4
245.458491 292.889316
5.295000 9.953000 12.082942 49 1
0.000000 0.000000 0.000000 0.000000 0.041014
-0.000015 0.000013
4
363.622494 353.603981
5.295000 9.953000 12.082942 55 1
0.000000 0.000000 0.000000 0.000000 0.062426
0.000547 0.000639
4
251.613907 28.951602
5.295000 9.953000 12.082942 93 1
0.000000 0.000000 0.000000 0.000000 0.039646
0.000090 -0.000832
4
344.680723 467.589746
5.295000 9.953000 12.082942 56 1
0.000000 0.000000 0.000000 0.000000 0.110763
0.001046 0.000985
4
100.451735 82.677997
5.295000 9.953000 12.082942 50 1
0.000000 0.000000 0.000000 0.000000 0.102754
-0.001541 0.000166
4
366.875433 78.021195
5.295000 9.953000 12.082942 80 1
0.000000 0.000000 0.000000 0.000000 0.034227
0.001436 -0.001110
1
416.173243 166.456589
5.295000 9.953000 12.082942 47 2
0.065880 0.000000 0.000000 0.000000 0.027466
0.000904 -0.000874
4
289.190002 34.882451
5.295000 9.953000 12.082942 64 1
0.000000 0.000000 0.000000 0.000000 0.057823
0.000067 -0.000532
4
179.598881 467.160067
5.295000 9.953000 12.082942 50 1
0.000000 0.000000 0.000000 0.000000 0.091385
-0.000288 0.001009
4
301.589462 20.590412
5.295000 9.953000 12.082942 66 1
0.000000 0.000000 0.000000 0.000000 0.067047
-0.000025 -0.000547
4
295.559785 52.639558
5.295000 9.953000 12.082942 71 1
0.000000 0.000000 0.000000 0.000000 0.043196
0.000157 -0.000459
4
16.368378 319.157071
5.295000 9.953000 12.082942 64 1
0.000000 0.000000 0.000000 0.000000 0.133811
-0.001055 -0.000083
4
337.603089 101.457727
5.295000 9.953000 12.082942 77 1
0.000000 0.000000 0.000000 0.000000 0.024338
0.000678 -0.001420
4
382.073430 235.211404
5.295000 9.953000 12.082942 69 1
0.000000 0.000000 0.000000 0.000000 0.040436
0.001125 -0.000465
4
325.074274 216.573782
5.295000 9.953000 12.082942 77 1
0.000000 0.000000 0.000000 0.000000 0.037808
0.000649 0.004311
4
263.582779 14.170285
5.295000 9.953000 12.082942 61 1
0.000000 0.000000 0.000000 0.000000 0.081493
0.000163 -0.000757
4
448.230732 352.018119
5.295000 9.953000 12.082942 56 1
0.000000 0.000000 0.000000 0.000000 0.093695
0.000749 0.001576
4
394.001926 342.996434
5.295000 9.953000 12.082942 75 1
0.000000 0.000000 0.000000 0.000000 0.063687
0.000811 0.000741
4
344.999255 46.574757
5.295000 9.953000 12.082942 66 1
0.000000 0.000000 0.000000 0.000000 0.072981
0.000183 -0.001160
1
320.472674 24.447448
5.295000 9.953000 12.082942 58 2
0.065880 0.000000 0.000000 0.000000 0.057313
-0.000173 -0.000661
1
481.439184 159.737117
5.295000 9.953000 12.082942 73 2
0.065880 0.000000 0.000000 0.000000 0.229362
0.000699 -0.001132
1
112.205782 48.945147
5.295000 9.953000 12.082942 80 2
0.065880 0.000000 0.000000 0.000000 0.268470
0.000486 0.002153
2
83.558506 74.939489
5.295000 9.953000 12.082942 91 1
0.065880 0.000000 0.000000 0.000000 0.229419
-0.000834 -0.001675
1
72.833652 422.573595
5.295000 9.953000 12.082942 92 2
0.065880 0.000000 0.000000 0.000000 0.210806
-0.003231 -0.002465
