500.000000 500.000000
649 57
206 649
1
377.666597 284.415120
5.295000 9.953000 12.082942 46 2
0.065880 0.000000 0.000000 0.000000 0.044236
0.002758 -0.000531
4
415.788256 404.597616
5.295000 9.953000 12.082942 38 1
0.000000 0.000000 0.000000 0.000000 0.096048
0.003334 0.007310
1
352.712883 379.655266
5.295000 9.953000 12.082942 20 2
0.065880 0.000000 0.000000 0.000000 0.048669
0.002398 0.003221
1
212.876281 351.119739
5.295000 9.953000 12.082942 0 1
0.065880 0.000000 0.000000 0.000000 0.041469
-0.001177 0.002645
4
257.690143 430.879465
5.295000 9.953000 12.082942 44 1
0.000000 0.000000 0.000000 0.000000 0.060748
-0.000469 0.004857
4
56.495359 353.346407
5.295000 9.953000 12.082942 38 1
0.000000 0.000000 0.000000 0.000000 0.096163
-0.003862 0.003092
4
336.009469 257.821086
5.295000 9.953000 12.082942 40 1
0.000000 0.000000 0.000000 0.000000 0.080550
0.001670 0.001175
4
180.467891 315.764749
5.295000 9.953000 12.082942 41 1
0.000000 0.000000 0.000000 0.000000 0.061157
-0.002579 0.001646
4
119.573599 349.701105
5.295000 9.953000 12.082942 44 1
0.000000 0.000000 0.000000 0.000000 0.053513
-0.003200 0.001982
4
238.809706 51.520050
5.295000 9.953000 12.082942 52 1
0.000000 0.000000 0.000000 0.000000 0.067845
0.001973 -0.008316
1
13.373210 205.790083
5.295000 9.953000 12.082942 32 2
0.065880 0.000000 0.000000 0.000000 0.061612
-0.003985 -0.001465
4
460.059715 158.838538
5.295000 9.953000 12.082942 57 1
0.000000 0.000000 0.000000 0.000000 0.076794
0.004927 -0.004452
4
248.287159 319.962794
5.295000 9.953000 12.082942 42 1
0.000000 0.000000 0.000000 0.000000 0.044146
-0.000614 0.003327
4
129.860313 302.321452
5.295000 9.953000 12.082942 55 1
0.000000 0.000000 0.000000 0.000000 0.044977
-0.003317 0.001156
1
93.182532 136.750448
5.295000 9.953000 12.082942 29 2
0.065880 0.000000 0.000000 0.000000 0.046947
-0.004793 -0.002856
1
153.697075 443.771042
5.295000 9.953000 12.082942 22 2
0.065880 0.000000 0.000000 0.000000 0.073587
-0.000338 0.004325
4
424.189061 123.466258
5.295000 9.953000 12.082942 49 1
0.000000 0.000000 0.000000 0.000000 0.081818
0.002896 -0.003392
1
377.558046 39.145242
5.295000 9.953000 12.082942 0 1
0.065880 0.000000 0.000000 0.000000 0.265917
0.005604 -0.009245
4
238.730902 128.831273
5.295000 9.953000 12.082942 53 1
0.000000 0.000000 0.000000 0.000000 0.091448
-0.000900 -0.002473
4
408.343623 293.753063
5.295000 9.953000 12.082942 53 1
0.000000 0.000000 0.000000 0.000000 0.069784
0.005457 -0.000631
1
260.108273 284.203912
5.295000 9.953000 12.082942 41 2
0.065880 0.000000 0.000000 0.000000 0.029626
-0.000114 -0.001274
4
324.107277 132.411321
5.295000 9.953000 12.082942 37 1
0.000000 0.000000 0.000000 0.000000 0.067492
0.001988 -0.003012
1
305.842329 293.940193
5.295000 9.953000 12.082942 19 2
0.065880 0.000000 0.000000 0.000000 0.040561
0.003827 0.001220
4
240.582234 367.031065
5.295000 9.953000 12.082942 34 1
0.000000 0.000000 0.000000 0.000000 0.080577
-0.000515 0.003449
1
340.977512 442.103181
5.295000 9.953000 12.082942 30 2
0.065880 0.000000 0.000000 0.000000 0.039007
0.002095 0.005018
1
193.368921 413.864851
5.295000 9.953000 12.082942 0 1
0.065880 0.000000 0.000000 0.000000 0.032402
-0.001352 0.004274
4
428.282608 178.208702
5.295000 9.953000 12.082942 57 1
0.000000 0.000000 0.000000 0.000000 0.051451
0.005565 -0.003485
4
435.930204 363.387631
5.295000 9.953000 12.082942 50 1
0.000000 0.000000 0.000000 0.000000 0.107354
0.001186 0.002735
1
467.398585 216.473093
5.295000 9.953000 12.082942 23 2
0.065880 0.000000 0.000000 0.000000 0.069032
0.005535 -0.002274
4
357.941767 464.327567
5.295000 9.953000 12.082942 50 1
0.000000 0.000000 0.000000 0.000000 0.113305
0.003657 0.005623
1
258.384759 463.127197
5.295000 9.953000 12.082942 23 2
0.065880 0.000000 0.000000 0.000000 0.051793
0.000040 0.006077
1
322.517221 390.117401
5.295000 9.953000 12.082942 20 2
0.065880 0.000000 0.000000 0.000000 0.039046
0.001408 0.004489
1
400.691530 263.366267
5.295000 9.953000 12.082942 37 2
0.065880 0.000000 0.000000 0.000000 0.053272
0.003319 -0.001993
1
62.504512 194.283873
5.295000 9.953000 12.082942 21 2
0.065880 0.000000 0.000000 0.000000 0.039102
-0.005847 -0.002200
1
249.398299 382.704292
5.295000 9.953000 12.082942 29 2
0.065880 0.000000 0.000000 0.000000 0.063000
-0.000375 0.003944
4
61.758285 212.596556
5.295000 9.953000 12.082942 33 1
0.000000 0.000000 0.000000 0.000000 0.085144
-0.003375 -0.001588
4
310.791453 403.695053
5.295000 9.953000 12.082942 44 1
0.000000 0.000000 0.000000 0.000000 0.062676
0.001368 0.004465
4
77.450803 165.431197
5.295000 9.953000 12.082942 46 1
0.000000 0.000000 0.000000 0.000000 0.058879
-0.005156 -0.002473
1
394.161384 233.389927
5.295000 9.953000 12.082942 52 2
0.065880 0.000000 0.000000 0.000000 0.054605
0.004742 -0.005895
4
103.477130 301.354560
5.295000 9.953000 12.082942 38 1
0.000000 0.000000 0.000000 0.000000 0.059675
-0.006269 0.002394
1
201.487616 93.712017
5.295000 9.953000 12.082942 0 1
0.065880 0.000000 0.000000 0.000000 0.042939
0.000147 -0.008168
4
359.909983 286.395030
5.295000 9.953000 12.082942 45 1
0.000000 0.000000 0.000000 0.000000 0.063547
0.003995 -0.004234
4
377.905817 154.124525
5.295000 9.953000 12.082942 46 1
0.000000 0.000000 0.000000 0.000000 0.064127
0.002595 -0.001605
1
293.375429 479.650651
5.295000 9.953000 12.082942 30 2
0.065880 0.000000 0.000000 0.000000 0.050343
0.002533 0.004769
4
250.460905 114.989367
5.295000 9.953000 12.082942 39 1
0.000000 0.000000 0.000000 0.000000 0.074030
-0.001609 -0.003551
1
222.134306 366.953975
5.295000 9.953000 12.082942 0 1
0.065880 0.000000 0.000000 0.000000 0.038216
-0.000863 0.003242
4
320.192295 200.302658
5.295000 9.953000 12.082942 38 1
0.000000 0.000000 0.000000 0.000000 0.079844
0.002045 -0.000378
1
389.680989 298.701391
5.295000 9.953000 12.082942 20 2
0.065880 0.000000 0.000000 0.000000 0.045508
0.004484 -0.000135
4
76.963024 146.516580
5.295000 9.953000 12.082942 48 1
0.000000 0.000000 0.000000 0.000000 0.046408
-0.004998 -0.002645
1
312.129019 246.809342
5.295000 9.953000 12.082942 0 1
0.065880 0.000000 0.000000 0.000000 0.038073
0.004274 0.003424
1
483.686249 271.445105
5.295000 9.953000 12.082942 40 2
0.065880 0.000000 0.000000 0.000000 0.105035
0.006700 0.001278
4
393.172939 143.813876
5.295000 9.953000 12.082942 38 1
0.000000 0.000000 0.000000 0.000000 0.059003
0.002872 -0.002597
1
151.157347 325.798544
5.295000 9.953000 12.082942 26 2
0.065880 0.000000 0.000000 0.000000 0.044647
-0.003305 0.001734
4
131.405382 206.537587
5.295000 9.953000 12.082942 34 1
0.000000 0.000000 0.000000 0.000000 0.054569
-0.003350 -0.000835
4
259.031910 366.781207
5.295000 9.953000 12.082942 32 1
0.000000 0.000000 0.000000 0.000000 0.084851
-0.000052 0.003776
4
421.465372 86.347239
5.295000 9.953000 12.082942 38 1
0.000000 0.000000 0.000000 0.000000 0.227855
0.002982 -0.003351
5
154.946459 476.017962
3.744130 7.037834 8.543930 48 1
0.065880 0.000000 0.000000 0.000000 0.227800
-0.007975 -0.001853
4
234.503154 303.869240
5.295000 9.953000 12.082942 47 1
0.000000 0.000000 0.000000 0.000000 0.051632
-0.000936 0.001456
4
14.191899 225.068328
5.295000 9.953000 12.082942 39 1
0.000000 0.000000 0.000000 0.000000 0.068852
-0.003737 -0.001469
1
108.367867 107.858835
5.295000 9.953000 12.082942 20 2
0.065880 0.000000 0.000000 0.000000 0.063589
-0.004124 -0.003409
4
402.576401 369.741602
5.295000 9.953000 12.082942 47 1
0.000000 0.000000 0.000000 0.000000 0.117087
0.003727 0.009490
4
492.256607 196.057602
5.295000 9.953000 12.082942 52 1
0.000000 0.000000 0.000000 0.000000 0.185203
0.006120 0.001600
1
23.120280 336.891905
5.295000 9.953000 12.082942 30 2
0.065880 0.000000 0.000000 0.000000 0.198533
-0.002920 0.000576
4
139.109187 375.414290
5.295000 9.953000 12.082942 34 1
0.000000 0.000000 0.000000 0.000000 0.081673
-0.002587 0.002736
4
170.085479 118.144058
5.295000 9.953000 12.082942 42 1
0.000000 0.000000 0.000000 0.000000 0.052955
-0.004698 -0.003684
1
473.396001 307.905906
5.295000 9.953000 12.082942 40 2
0.065880 0.000000 0.000000 0.000000 0.053338
0.006125 0.002014
1
165.584316 395.952058
5.295000 9.953000 12.082942 25 2
0.065880 0.000000 0.000000 0.000000 0.044496
-0.001988 0.003392
4
87.710037 313.030713
5.295000 9.953000 12.082942 40 1
0.000000 0.000000 0.000000 0.000000 0.061145
-0.005776 0.002397
4
104.676889 65.714613
5.295000 9.953000 12.082942 42 1
0.000000 0.000000 0.000000 0.000000 0.208992
-0.004875 -0.002369
4
64.714201 249.995820
5.295000 9.953000 12.082942 39 1
0.000000 0.000000 0.000000 0.000000 0.073160
-0.004075 -0.000027
1
213.321832 79.447696
5.295000 9.953000 12.082942 41 2
0.065880 0.000000 0.000000 0.000000 0.047933
0.006486 -0.004010
4
61.247620 156.698916
5.295000 9.953000 12.082942 33 1
0.000000 0.000000 0.000000 0.000000 0.051480
-0.005324 -0.002579
4
146.877360 307.561210
5.295000 9.953000 12.082942 37 1
0.000000 0.000000 0.000000 0.000000 0.050206
-0.003168 0.001346
4
17.631110 263.152874
5.295000 9.953000 12.082942 42 1
0.000000 0.000000 0.000000 0.000000 0.061764
-0.004724 -0.001003
1
171.067517 476.710180
5.295000 9.953000 12.082942 48 2
0.065880 0.000000 0.000000 0.000000 0.112272
0.003759 0.005833
4
382.102676 189.647730
5.295000 9.953000 12.082942 45 1
0.000000 0.000000 0.000000 0.000000 0.045871
0.003658 -0.000505
4
116.821913 313.654800
5.295000 9.953000 12.082942 34 1
0.000000 0.000000 0.000000 0.000000 0.072441
-0.004174 0.001002
4
383.855404 207.018219
5.295000 9.953000 12.082942 55 1
0.000000 0.000000 0.000000 0.000000 0.062170
0.004490 0.000241
1
197.074530 300.259654
5.295000 9.953000 12.082942 28 2
0.065880 0.000000 0.000000 0.000000 0.051448
-0.001551 0.001201
4
202.039452 430.125507
5.295000 9.953000 12.082942 57 1
0.000000 0.000000 0.000000 0.000000 0.035709
-0.001040 0.004550
4
264.849867 249.996035
5.295000 9.953000 12.082942 50 1
0.000000 0.000000 0.000000 0.000000 0.037999
-0.000248 -0.001366
2
463.995282 379.014420
5.295000 9.953000 12.082942 51 1
0.065880 0.000000 0.000000 0.000000 0.207072
0.004048 0.001131
4
365.774365 413.772125
5.295000 9.953000 12.082942 44 1
0.000000 0.000000 0.000000 0.000000 0.053717
0.001958 0.004885
4
175.397583 347.358086
5.295000 9.953000 12.082942 43 1
0.000000 0.000000 0.000000 0.000000 0.050576
-0.002600 0.002085
4
405.773091 97.063897
5.295000 9.953000 12.082942 40 1
0.000000 0.000000 0.000000 0.000000 0.106500
0.002367 -0.004008
4
294.562310 278.750071
5.295000 9.953000 12.082942 41 1
0.000000 0.000000 0.000000 0.000000 0.061619
0.000702 0.000804
4
425.827323 141.868423
5.295000 9.953000 12.082942 45 1
0.000000 0.000000 0.000000 0.000000 0.058346
0.003131 -0.003257
4
103.024010 282.637927
5.295000 9.953000 12.082942 46 1
0.000000 0.000000 0.000000 0.000000 0.059895
-0.003433 0.001429
1
474.138462 358.369617
5.295000 9.953000 12.082942 33 2
0.065880 0.000000 0.000000 0.000000 0.140812
0.003296 0.003451
1
379.970155 171.982731
5.295000 9.953000 12.082942 25 2
0.065880 0.000000 0.000000 0.000000 0.045784
0.002876 -0.001234
1
368.286771 334.965916
5.295000 9.953000 12.082942 56 2
0.065880 0.000000 0.000000 0.000000 0.099719
-0.006859 0.002927
1
113.114193 435.333503
5.295000 9.953000 12.082942 0 1
0.065880 0.000000 0.000000 0.000000 0.079164
-0.003624 0.003052
1
397.061537 451.649425
5.295000 9.953000 12.082942 25 2
0.065880 0.000000 0.000000 0.000000 0.194762
0.002960 0.005006
1
93.402873 427.040358
5.295000 9.953000 12.082942 25 2
0.065880 0.000000 0.000000 0.000000 0.106947
-0.003214 0.003287
1
154.789423 228.422333
5.295000 9.953000 12.082942 21 2
0.065880 0.000000 0.000000 0.000000 0.040363
-0.002129 -0.000764
4
458.126428 139.975302
5.295000 9.953000 12.082942 57 1
0.000000 0.000000 0.000000 0.000000 0.084115
0.002805 -0.004230
4
445.164919 379.350354
5.295000 9.953000 12.082942 44 1
0.000000 0.000000 0.000000 0.000000 0.120801
0.003359 0.002678
1
270.196502 38.385116
5.295000 9.953000 12.082942 0 1
0.065880 0.000000 0.000000 0.000000 0.141625
-0.001616 -0.006093
1
29.882630 214.544096
5.295000 9.953000 12.082942 20 2
0.065880 0.000000 0.000000 0.000000 0.044938
-0.003759 -0.001534
1
309.626228 229.754001
5.295000 9.953000 12.082942 19 2
0.065880 0.000000 0.000000 0.000000 0.046187
-0.002576 -0.001585
4
184.432408 266.265334
5.295000 9.953000 12.082942 42 1
0.000000 0.000000 0.000000 0.000000 0.073103
-0.001845 0.000223
4
257.970634 398.623927
5.295000 9.953000 12.082942 49 1
0.000000 0.000000 0.000000 0.000000 0.053536
-0.000255 0.004400
1
261.358248 232.169363
5.295000 9.953000 12.082942 27 2
0.065880 0.000000 0.000000 0.000000 0.028881
-0.000930 -0.001703
1
248.818493 447.031977
5.295000 9.953000 12.082942 19 2
0.065880 0.000000 0.000000 0.000000 0.050634
-0.000272 0.005244
4
404.570188 78.467744
5.295000 9.953000 12.082942 49 1
0.000000 0.000000 0.000000 0.000000 0.113508
0.003504 -0.004099
1
321.722599 456.331562
5.295000 9.953000 12.082942 47 2
0.065880 0.000000 0.000000 0.000000 0.039125
0.002912 0.005199
1
300.621627 261.524964
5.295000 9.953000 12.082942 24 2
0.065880 0.000000 0.000000 0.000000 0.040350
0.000712 -0.001133
1
486.355005 321.658248
5.295000 9.953000 12.082942 52 2
0.065880 0.000000 0.000000 0.000000 0.081356
0.005795 0.002624
4
237.669218 1.527962
5.295000 9.953000 12.082942 51 1
0.000000 0.000000 0.000000 0.000000 0.114618
-0.001690 -0.007397
1
112.316027 48.399879
5.295000 9.953000 12.082942 52 2
0.065880 0.000000 0.000000 0.000000 0.343827
-0.000901 -0.000488
4
97.209312 210.601096
5.295000 9.953000 12.082942 33 1
0.000000 0.000000 0.000000 0.000000 0.077900
-0.007493 -0.001727
4
162.116649 35.371546
5.295000 9.953000 12.082942 38 1
0.000000 0.000000 0.000000 0.000000 0.118928
0.000522 -0.002468
4
396.641553 402.133203
5.295000 9.953000 12.082942 49 1
0.000000 0.000000 0.000000 0.000000 0.065298
0.002190 0.006038
4
156.965441 180.270769
5.295000 9.953000 12.082942 36 1
0.000000 0.000000 0.000000 0.000000 0.059608
-0.003265 -0.002839
4
367.284178 200.188699
5.295000 9.953000 12.082942 36 1
0.000000 0.000000 0.000000 0.000000 0.081790
0.004083 0.001469
4
297.026187 158.591726
5.295000 9.953000 12.082942 43 1
0.000000 0.000000 0.000000 0.000000 0.040241
0.001953 -0.002529
4
255.607308 84.518640
5.295000 9.953000 12.082942 42 1
0.000000 0.000000 0.000000 0.000000 0.080095
-0.003725 -0.004027
4
214.264380 319.893984
5.295000 9.953000 12.082942 46 1
0.000000 0.000000 0.000000 0.000000 0.046406
-0.001685 0.001882
4
175.206483 21.460017
5.295000 9.953000 12.082942 55 1
0.000000 0.000000 0.000000 0.000000 0.122946
0.001931 -0.000989
1
0.463083 255.500429
5.295000 9.953000 12.082942 23 2
0.065880 0.000000 0.000000 0.000000 0.060994
-0.004515 -0.001802
4
34.859628 271.028938
5.295000 9.953000 12.082942 35 1
0.000000 0.000000 0.000000 0.000000 0.080127
-0.005003 -0.000125
4
292.395485 225.645992
5.295000 9.953000 12.082942 34 1
0.000000 0.000000 0.000000 0.000000 0.053446
-0.001479 -0.002723
1
36.970864 289.461169
5.295000 9.953000 12.082942 23 2
0.065880 0.000000 0.000000 0.000000 0.060786
-0.005840 0.000439
4
287.325957 122.858492
5.295000 9.953000 12.082942 56 1
0.000000 0.000000 0.000000 0.000000 0.040206
0.000387 -0.004265
1
135.562392 273.453634
5.295000 9.953000 12.082942 29 2
0.065880 0.000000 0.000000 0.000000 0.032855
-0.002712 0.000471
4
267.698105 382.639738
5.295000 9.953000 12.082942 31 1
0.000000 0.000000 0.000000 0.000000 0.064418
0.000075 0.004267
4
207.397648 12.378144
5.295000 9.953000 12.082942 34 1
0.000000 0.000000 0.000000 0.000000 0.092803
-0.001135 -0.006059
4
129.515458 153.952772
5.295000 9.953000 12.082942 48 1
0.000000 0.000000 0.000000 0.000000 0.062610
-0.004214 -0.001786
4
230.289508 414.577933
5.295000 9.953000 12.082942 39 1
0.000000 0.000000 0.000000 0.000000 0.074054
-0.000899 0.004526
4
49.893151 260.500415
5.295000 9.953000 12.082942 38 1
0.000000 0.000000 0.000000 0.000000 0.095029
-0.004498 0.000016
4
174.397213 135.867907
5.295000 9.953000 12.082942 44 1
0.000000 0.000000 0.000000 0.000000 0.068832
-0.001824 -0.004438
4
258.427016 335.029126
5.295000 9.953000 12.082942 54 1
0.000000 0.000000 0.000000 0.000000 0.046393
0.000253 0.003310
4
221.148548 126.690560
5.295000 9.953000 12.082942 50 1
0.000000 0.000000 0.000000 0.000000 0.069419
-0.001891 0.001534
1
421.308190 422.650281
5.295000 9.953000 12.082942 0 1
0.065880 0.000000 0.000000 0.000000 0.143307
0.003292 0.006267
4
370.135963 217.611256
5.295000 9.953000 12.082942 40 1
0.000000 0.000000 0.000000 0.000000 0.078522
0.004798 0.003961
4
227.236645 220.418343
5.295000 9.953000 12.082942 35 1
0.000000 0.000000 0.000000 0.000000 0.055437
-0.002419 -0.000144
1
323.202415 291.310207
5.295000 9.953000 12.082942 38 2
0.065880 0.000000 0.000000 0.000000 0.036828
-0.002585 -0.004259
4
282.044659 313.051102
5.295000 9.953000 12.082942 53 1
0.000000 0.000000 0.000000 0.000000 0.046013
-0.001194 0.001150
4
326.825443 236.579339
5.295000 9.953000 12.082942 39 1
0.000000 0.000000 0.000000 0.000000 0.049876
-0.000668 -0.004396
4
93.547596 174.102999
5.295000 9.953000 12.082942 54 1
0.000000 0.000000 0.000000 0.000000 0.038870
-0.005014 -0.002119
4
195.175151 74.444093
5.295000 9.953000 12.082942 46 1
0.000000 0.000000 0.000000 0.000000 0.058989
0.004912 0.000320
4
149.287546 211.071585
5.295000 9.953000 12.082942 48 1
0.000000 0.000000 0.000000 0.000000 0.058981
-0.002752 -0.001185
4
146.202907 426.869848
5.295000 9.953000 12.082942 48 1
0.000000 0.000000 0.000000 0.000000 0.059696
-0.001776 0.004369
1
213.269204 108.811267
5.295000 9.953000 12.082942 38 2
0.065880 0.000000 0.000000 0.000000 0.043543
-0.006355 0.001470
4
135.492860 356.775652
5.295000 9.953000 12.082942 50 1
0.000000 0.000000 0.000000 0.000000 0.051112
-0.002730 0.002308
4
122.988249 404.977927
5.295000 9.953000 12.082942 46 1
0.000000 0.000000 0.000000 0.000000 0.082780
-0.002660 0.003575
1
402.952310 419.424168
5.295000 9.953000 12.082942 0 1
0.065880 0.000000 0.000000 0.000000 0.063846
0.002710 0.005634
4
102.513586 323.573440
5.295000 9.953000 12.082942 36 1
0.000000 0.000000 0.000000 0.000000 0.069853
-0.004479 0.001478
1
236.739040 81.132859
5.295000 9.953000 12.082942 0 1
0.065880 0.000000 0.000000 0.000000 0.057626
-0.004864 -0.002070
4
52.207836 278.924182
5.295000 9.953000 12.082942 31 1
0.000000 0.000000 0.000000 0.000000 0.093810
-0.005335 0.000625
1
212.655470 382.527537
5.295000 9.953000 12.082942 0 1
0.065880 0.000000 0.000000 0.000000 0.047060
-0.001002 0.003665
1
298.818871 428.826634
5.295000 9.953000 12.082942 0 1
0.065880 0.000000 0.000000 0.000000 0.060170
0.001499 0.004838
1
165.245325 82.891095
5.295000 9.953000 12.082942 41 2
0.065880 0.000000 0.000000 0.000000 0.053725
-0.002958 -0.005023
1
336.917127 206.193192
5.295000 9.953000 12.082942 52 2
0.065880 0.000000 0.000000 0.000000 0.060414
0.003143 0.000399
4
54.073468 297.331711
5.295000 9.953000 12.082942 43 1
0.000000 0.000000 0.000000 0.000000 0.067015
-0.005883 0.001203
4
375.667576 351.962706
5.295000 9.953000 12.082942 47 1
0.000000 0.000000 0.000000 0.000000 0.099764
0.004986 0.007783
1
478.643901 289.744637
5.295000 9.953000 12.082942 0 1
0.065880 0.000000 0.000000 0.000000 0.088079
0.006407 0.001674
4
358.309493 231.032811
5.295000 9.953000 12.082942 41 1
0.000000 0.000000 0.000000 0.000000 0.083273
0.004609 0.007073
4
222.844238 497.962907
5.295000 9.953000 12.082942 46 1
0.000000 0.000000 0.000000 0.000000 0.092569
-0.005412 0.006553
1
276.260113 470.566085
5.295000 9.953000 12.082942 21 2
0.065880 0.000000 0.000000 0.000000 0.045653
0.000981 0.005332
1
455.752606 201.749085
5.295000 9.953000 12.082942 22 2
0.065880 0.000000 0.000000 0.000000 0.075802
0.005426 -0.002402
1
345.780240 362.710489
5.295000 9.953000 12.082942 46 2
0.065880 0.000000 0.000000 0.000000 0.059708
0.000465 0.005674
4
166.523797 263.108375
5.295000 9.953000 12.082942 32 1
0.000000 0.000000 0.000000 0.000000 0.064762
-0.002051 0.000032
1
267.022621 166.521110
5.295000 9.953000 12.082942 19 2
0.065880 0.000000 0.000000 0.000000 0.047807
0.001635 -0.003480
4
316.925879 308.796015
5.295000 9.953000 12.082942 41 1
0.000000 0.000000 0.000000 0.000000 0.041308
-0.004118 0.004921
4
144.387336 193.777497
5.295000 9.953000 12.082942 29 1
0.000000 0.000000 0.000000 0.000000 0.055406
-0.003459 -0.001645
4
204.452488 334.982483
5.295000 9.953000 12.082942 39 1
0.000000 0.000000 0.000000 0.000000 0.059383
-0.001441 0.002155
1
256.822759 131.987925
5.295000 9.953000 12.082942 0 1
0.065880 0.000000 0.000000 0.000000 0.051808
0.000441 -0.004267
4
173.011945 445.989911
5.295000 9.953000 12.082942 37 1
0.000000 0.000000 0.000000 0.000000 0.086631
-0.001672 0.003756
1
434.215837 320.979861
5.295000 9.953000 12.082942 0 1
0.065880 0.000000 0.000000 0.000000 0.055834
0.004827 0.000648
1
168.673753 52.990044
5.295000 9.953000 12.082942 0 1
0.065880 0.000000 0.000000 0.000000 0.051327
-0.000015 -0.001587
4
192.248323 446.185964
5.295000 9.953000 12.082942 50 1
0.000000 0.000000 0.000000 0.000000 0.065651
-0.001225 0.004014
4
73.969178 380.722474
5.295000 9.953000 12.082942 37 1
0.000000 0.000000 0.000000 0.000000 0.110840
-0.003588 0.003197
4
95.942283 246.316612
5.295000 9.953000 12.082942 57 1
0.000000 0.000000 0.000000 0.000000 0.045870
-0.003702 0.000509
4
427.648666 339.347420
5.295000 9.953000 12.082942 54 1
0.000000 0.000000 0.000000 0.000000 0.063865
0.002873 0.000828
4
196.677811 252.021823
5.295000 9.953000 12.082942 41 1
0.000000 0.000000 0.000000 0.000000 0.058696
-0.001447 -0.000048
1
137.821368 65.345298
5.295000 9.953000 12.082942 21 2
0.065880 0.000000 0.000000 0.000000 0.064205
-0.002920 -0.003868
4
237.388554 273.013009
5.295000 9.953000 12.082942 46 1
0.000000 0.000000 0.000000 0.000000 0.068183
-0.000233 0.000434
1
225.835407 16.017905
5.295000 9.953000 12.082942 26 2
0.065880 0.000000 0.000000 0.000000 0.108788
-0.000849 -0.006687
4
179.918744 152.993992
5.295000 9.953000 12.082942 38 1
0.000000 0.000000 0.000000 0.000000 0.058685
-0.001338 -0.004390
4
67.263718 268.408573
5.295000 9.953000 12.082942 35 1
0.000000 0.000000 0.000000 0.000000 0.093159
-0.004701 0.000648
4
161.628956 148.613988
5.295000 9.953000 12.082942 45 1
0.000000 0.000000 0.000000 0.000000 0.064528
-0.002139 -0.003104
1
328.783930 407.425974
5.295000 9.953000 12.082942 22 2
0.065880 0.000000 0.000000 0.000000 0.048655
0.001644 0.004400
4
21.597800 300.051341
5.295000 9.953000 12.082942 39 1
0.000000 0.000000 0.000000 0.000000 0.127962
-0.006248 0.000034
4
238.762257 186.536876
5.295000 9.953000 12.082942 48 1
0.000000 0.000000 0.000000 0.000000 0.072096
-0.001271 -0.008515
4
92.385611 98.813289
5.295000 9.953000 12.082942 52 1
0.000000 0.000000 0.000000 0.000000 0.101525
-0.004741 -0.003200
1
435.283306 410.344273
5.295000 9.953000 12.082942 20 2
0.065880 0.000000 0.000000 0.000000 0.152439
0.000979 0.003190
4
449.521414 267.433590
5.295000 9.953000 12.082942 51 1
0.000000 0.000000 0.000000 0.000000 0.060171
0.006483 -0.000616
4
277.425135 366.616747
5.295000 9.953000 12.082942 30 1
0.000000 0.000000 0.000000 0.000000 0.080244
0.000485 0.004174
4
204.445438 173.739603
5.295000 9.953000 12.082942 36 1
0.000000 0.000000 0.000000 0.000000 0.046323
-0.004618 -0.001878
4
221.404961 398.517577
5.295000 9.953000 12.082942 38 1
0.000000 0.000000 0.000000 0.000000 0.065691
-0.000951 0.004096
4
157.848947 378.860703
5.295000 9.953000 12.082942 42 1
0.000000 0.000000 0.000000 0.000000 0.071054
-0.002056 0.002991
4
239.115058 463.075593
5.295000 9.953000 12.082942 34 1
0.000000 0.000000 0.000000 0.000000 0.064860
-0.000280 0.005009
1
301.470400 74.897957
5.295000 9.953000 12.082942 21 2
0.065880 0.000000 0.000000 0.000000 0.095003
-0.001476 -0.006472
4
244.264991 226.225974
5.295000 9.953000 12.082942 55 1
0.000000 0.000000 0.000000 0.000000 0.043641
-0.001647 -0.001304
1
215.688212 302.292779
5.295000 9.953000 12.082942 0 1
0.065880 0.000000 0.000000 0.000000 0.041337
-0.001165 0.001263
1
444.491941 285.269109
5.295000 9.953000 12.082942 34 2
0.065880 0.000000 0.000000 0.000000 0.065750
0.006329 -0.000583
1
258.254855 214.255908
5.295000 9.953000 12.082942 19 2
0.065880 0.000000 0.000000 0.000000 0.033255
-0.002304 -0.002416
1
259.048867 53.070974
5.295000 9.953000 12.082942 0 1
0.065880 0.000000 0.000000 0.000000 0.093976
-0.003680 -0.005432
4
215.534255 159.199632
5.295000 9.953000 12.082942 45 1
0.000000 0.000000 0.000000 0.000000 0.055018
-0.000086 0.003078
1
345.065722 478.475128
5.295000 9.953000 12.082942 19 2
0.065880 0.000000 0.000000 0.000000 0.107941
0.003349 0.005334
4
270.033223 184.494506
5.295000 9.953000 12.082942 50 1
0.000000 0.000000 0.000000 0.000000 0.030289
0.001112 -0.002805
1
184.509955 218.333347
5.295000 9.953000 12.082942 23 2
0.065880 0.000000 0.000000 0.000000 0.033228
-0.001316 -0.001268
1
240.456190 336.106116
5.295000 9.953000 12.082942 21 2
0.065880 0.000000 0.000000 0.000000 0.036840
-0.000381 0.002588
4
454.143565 249.515421
5.295000 9.953000 12.082942 53 1
0.000000 0.000000 0.000000 0.000000 0.063331
0.006821 -0.000584
4
203.946517 366.436717
5.295000 9.953000 12.082942 45 1
0.000000 0.000000 0.000000 0.000000 0.056106
-0.001113 0.003259
4
60.558466 118.892448
5.295000 9.953000 12.082942 44 1
0.000000 0.000000 0.000000 0.000000 0.111999
-0.005145 -0.002657
1
267.661290 267.630869
5.295000 9.953000 12.082942 24 2
0.065880 0.000000 0.000000 0.000000 0.037305
0.001979 -0.001598
4
109.928719 182.431769
5.295000 9.953000 12.082942 42 1
0.000000 0.000000 0.000000 0.000000 0.058460
-0.004911 -0.001030
4
121.017128 94.030870
5.295000 9.953000 12.082942 36 1
0.000000 0.000000 0.000000 0.000000 0.069553
-0.003739 -0.003805
4
422.289072 375.835137
5.295000 9.953000 12.082942 46 1
0.000000 0.000000 0.000000 0.000000 0.120818
-0.000107 0.002529
1
244.697387 145.517044
5.295000 9.953000 12.082942 0 1
0.065880 0.000000 0.000000 0.000000 0.042000
0.001561 -0.003929
4
351.805986 334.012421
5.295000 9.953000 12.082942 45 1
0.000000 0.000000 0.000000 0.000000 0.111046
0.022027 0.027951
1
378.396338 448.655790
5.295000 9.953000 12.082942 26 2
0.065880 0.000000 0.000000 0.000000 0.060574
0.002674 0.005301
1
119.549572 331.721966
5.295000 9.953000 12.082942 0 1
0.065880 0.000000 0.000000 0.000000 0.053322
-0.004123 0.001441
4
441.303840 131.814935
5.295000 9.953000 12.082942 53 1
0.000000 0.000000 0.000000 0.000000 0.077452
0.002932 -0.003594
4
347.243759 410.697645
5.295000 9.953000 12.082942 41 1
0.000000 0.000000 0.000000 0.000000 0.063764
0.001834 0.004558
1
192.029348 187.269092
5.295000 9.953000 12.082942 23 2
0.065880 0.000000 0.000000 0.000000 0.029265
-0.003721 -0.001992
1
277.426072 55.157412
5.295000 9.953000 12.082942 39 2
0.065880 0.000000 0.000000 0.000000 0.109641
-0.002426 -0.005321
1
267.933827 446.997354
5.295000 9.953000 12.082942 37 2
0.065880 0.000000 0.000000 0.000000 0.040939
-0.000317 0.005397
4
406.938728 115.387099
5.295000 9.953000 12.082942 41 1
0.000000 0.000000 0.000000 0.000000 0.085269
0.002978 -0.003524
1
318.498915 78.118173
5.295000 9.953000 12.082942 32 2
0.065880 0.000000 0.000000 0.000000 0.088685
-0.000922 -0.005402
4
125.739565 135.839142
5.295000 9.953000 12.082942 37 1
0.000000 0.000000 0.000000 0.000000 0.044546
-0.004442 -0.002164
1
358.721236 129.509108
5.295000 9.953000 12.082942 30 2
0.065880 0.000000 0.000000 0.000000 0.053456
0.002607 -0.002307
4
127.291804 423.303130
5.295000 9.953000 12.082942 49 1
0.000000 0.000000 0.000000 0.000000 0.074564
-0.002262 0.004215
1
423.616514 241.400770
5.295000 9.953000 12.082942 21 2
0.065880 0.000000 0.000000 0.000000 0.062323
0.005443 -0.001280
1
330.319706 275.278832
5.295000 9.953000 12.082942 19 2
0.065880 0.000000 0.000000 0.000000 0.050705
0.002946 0.005360
4
334.861799 424.616983
5.295000 9.953000 12.082942 37 1
0.000000 0.000000 0.000000 0.000000 0.060080
0.001887 0.004806
4
131.204817 47.674211
5.295000 9.953000 12.082942 56 1
0.000000 0.000000 0.000000 0.000000 0.147810
-0.000996 -0.004189
4
229.999333 238.206723
5.295000 9.953000 12.082942 43 1
0.000000 0.000000 0.000000 0.000000 0.060859
-0.001805 -0.000182
4
214.635252 254.027443
5.295000 9.953000 12.082942 42 1
0.000000 0.000000 0.000000 0.000000 0.067841
-0.001035 0.000697
1
389.598794 107.449376
5.295000 9.953000 12.082942 26 2
0.065880 0.000000 0.000000 0.000000 0.059053
0.003579 -0.003708
4
169.159886 100.445173
5.295000 9.953000 12.082942 51 1
0.000000 0.000000 0.000000 0.000000 0.044840
-0.002001 -0.004431
4
219.920555 270.871078
5.295000 9.953000 12.082942 31 1
0.000000 0.000000 0.000000 0.000000 0.088961
-0.000931 0.000999
4
189.034057 56.381518
5.295000 9.953000 12.082942 55 1
0.000000 0.000000 0.000000 0.000000 0.043276
0.003827 -0.000746
4
314.126885 163.835180
5.295000 9.953000 12.082942 39 1
0.000000 0.000000 0.000000 0.000000 0.062304
0.002200 -0.001437
4
360.689848 147.284888
5.295000 9.953000 12.082942 36 1
0.000000 0.000000 0.000000 0.000000 0.057216
0.002076 -0.001607
1
488.185546 252.776325
5.295000 9.953000 12.082942 0 1
0.065880 0.000000 0.000000 0.000000 0.100987
0.006380 0.000592
4
282.406260 256.957841
5.295000 9.953000 12.082942 38 1
0.000000 0.000000 0.000000 0.000000 0.052917
0.001070 -0.004077
4
431.555381 272.149265
5.295000 9.953000 12.082942 36 1
0.000000 0.000000 0.000000 0.000000 0.093287
0.005536 -0.001192
4
190.446759 235.547016
5.295000 9.953000 12.082942 57 1
0.000000 0.000000 0.000000 0.000000 0.031199
-0.000564 -0.001178
1
292.673436 140.678258
5.295000 9.953000 12.082942 21 2
0.065880 0.000000 0.000000 0.000000 0.032760
0.001191 -0.003185
1
126.011338 238.542462
5.295000 9.953000 12.082942 23 2
0.065880 0.000000 0.000000 0.000000 0.031515
-0.002785 0.000108
4
197.973621 156.440519
5.295000 9.953000 12.082942 57 1
0.000000 0.000000 0.000000 0.000000 0.053765
-0.001354 -0.003096
4
305.516011 446.725353
5.295000 9.953000 12.082942 34 1
0.000000 0.000000 0.000000 0.000000 0.063588
0.001908 0.005299
4
2.406732 274.298742
5.295000 9.953000 12.082942 46 1
0.000000 0.000000 0.000000 0.000000 0.071269
-0.005290 -0.001701
4
220.731104 430.466096
5.295000 9.953000 12.082942 41 1
0.000000 0.000000 0.000000 0.000000 0.058842
-0.001060 0.004928
4
192.181898 139.484848
5.295000 9.953000 12.082942 36 1
0.000000 0.000000 0.000000 0.000000 0.070056
-0.000888 -0.005043
4
213.862897 30.049349
5.295000 9.953000 12.082942 43 1
0.000000 0.000000 0.000000 0.000000 0.102263
-0.000860 -0.006055
4
356.089914 111.727990
5.295000 9.953000 12.082942 51 1
0.000000 0.000000 0.000000 0.000000 0.060565
0.005841 -0.003512
4
178.576341 249.276273
5.295000 9.953000 12.082942 41 1
0.000000 0.000000 0.000000 0.000000 0.051236
-0.001482 -0.000566
4
207.249359 484.725108
5.295000 9.953000 12.082942 37 1
0.000000 0.000000 0.000000 0.000000 0.088477
0.000116 0.002335
4
157.116392 130.609171
5.295000 9.953000 12.082942 35 1
0.000000 0.000000 0.000000 0.000000 0.079298
-0.003450 -0.002376
4
143.630511 142.645466
5.295000 9.953000 12.082942 48 1
0.000000 0.000000 0.000000 0.000000 0.066519
-0.003589 -0.001747
1
186.609634 333.048631
5.295000 9.953000 12.082942 22 2
0.065880 0.000000 0.000000 0.000000 0.037975
-0.002093 0.002140
4
140.134662 176.425924
5.295000 9.953000 12.082942 44 1
0.000000 0.000000 0.000000 0.000000 0.057391
-0.004039 -0.001792
1
61.836648 175.597755
5.295000 9.953000 12.082942 19 2
0.065880 0.000000 0.000000 0.000000 0.039191
-0.005545 -0.002496
1
201.696025 465.961982
5.295000 9.953000 12.082942 23 2
0.065880 0.000000 0.000000 0.000000 0.053290
-0.001373 0.000663
1
186.255498 365.732098
5.295000 9.953000 12.082942 25 2
0.065880 0.000000 0.000000 0.000000 0.036102
-0.001289 0.003401
1
280.961193 23.141665
5.295000 9.953000 12.082942 49 2
0.065880 0.000000 0.000000 0.000000 0.133796
0.003056 -0.004725
1
44.083049 109.957031
5.295000 9.953000 12.082942 21 2
0.065880 0.000000 0.000000 0.000000 0.304127
-0.005351 -0.002555
4
390.650328 434.053219
5.295000 9.953000 12.082942 46 1
0.000000 0.000000 0.000000 0.000000 0.093221
0.002428 0.005227
4
106.318883 378.752046
5.295000 9.953000 12.082942 39 1
0.000000 0.000000 0.000000 0.000000 0.063849
-0.003161 0.002800
1
262.600343 101.502850
5.295000 9.953000 12.082942 35 2
0.065880 0.000000 0.000000 0.000000 0.054649
-0.001888 -0.004454
4
87.299657 333.026625
5.295000 9.953000 12.082942 47 1
0.000000 0.000000 0.000000 0.000000 0.063343
-0.004327 0.002275
4
136.784586 84.174397
5.295000 9.953000 12.082942 51 1
0.000000 0.000000 0.000000 0.000000 0.051600
-0.003375 -0.003740
2
394.773001 47.147316
5.295000 9.953000 12.082942 54 1
0.065880 0.000000 0.000000 0.000000 0.342742
0.005106 -0.005660
1
62.719473 231.331941
5.295000 9.953000 12.082942 0 1
0.065880 0.000000 0.000000 0.000000 0.062359
-0.003625 -0.000826
1
71.999994 343.052499
5.295000 9.953000 12.082942 31 2
0.065880 0.000000 0.000000 0.000000 0.048109
-0.003819 0.003046
1
109.340751 234.135008
5.295000 9.953000 12.082942 22 2
0.065880 0.000000 0.000000 0.000000 0.046514
-0.003183 0.000417
4
148.474770 259.725100
5.295000 9.953000 12.082942 32 1
0.000000 0.000000 0.000000 0.000000 0.042541
-0.002355 0.000067
4
378.020675 399.475531
5.295000 9.953000 12.082942 44 1
0.000000 0.000000 0.000000 0.000000 0.062003
0.002486 0.005540
4
55.155980 315.838105
5.295000 9.953000 12.082942 42 1
0.000000 0.000000 0.000000 0.000000 0.064958
-0.005245 0.001838
1
184.396009 397.440408
5.295000 9.953000 12.082942 0 1
0.065880 0.000000 0.000000 0.000000 0.035233
-0.001545 0.003821
1
268.184295 350.639227
5.295000 9.953000 12.082942 21 2
0.065880 0.000000 0.000000 0.000000 0.062776
0.000309 0.003694
1
300.459799 176.691731
5.295000 9.953000 12.082942 41 2
0.065880 0.000000 0.000000 0.000000 0.045009
0.002061 -0.001751
1
310.516014 145.554048
5.295000 9.953000 12.082942 20 2
0.065880 0.000000 0.000000 0.000000 0.043956
0.001888 -0.002445
4
108.351140 163.676082
5.295000 9.953000 12.082942 36 1
0.000000 0.000000 0.000000 0.000000 0.040097
-0.004677 -0.001935
1
289.301860 207.657752
5.295000 9.953000 12.082942 24 2
0.065880 0.000000 0.000000 0.000000 0.044681
-0.000792 -0.002473
1
330.139390 91.046673
5.295000 9.953000 12.082942 30 2
0.065880 0.000000 0.000000 0.000000 0.057154
0.002684 -0.007356
4
190.375023 283.366750
5.295000 9.953000 12.082942 46 1
0.000000 0.000000 0.000000 0.000000 0.074223
-0.001735 0.000749
1
256.205438 4.424711
5.295000 9.953000 12.082942 52 2
0.065880 0.000000 0.000000 0.000000 0.176922
-0.001370 -0.007845
1
293.653236 399.564138
5.295000 9.953000 12.082942 21 2
0.065880 0.000000 0.000000 0.000000 0.052130
0.000722 0.004860
4
76.052063 89.829272
5.295000 9.953000 12.082942 38 1
0.000000 0.000000 0.000000 0.000000 0.193870
-0.005382 -0.002574
4
295.033090 243.757538
5.295000 9.953000 12.082942 50 1
0.000000 0.000000 0.000000 0.000000 0.050173
0.002235 -0.003570
4
249.971776 161.975494
5.295000 9.953000 12.082942 43 1
0.000000 0.000000 0.000000 0.000000 0.057342
0.001323 -0.003860
1
168.769941 330.032179
5.295000 9.953000 12.082942 25 2
0.065880 0.000000 0.000000 0.000000 0.042570
-0.002685 0.001869
4
140.175383 124.426197
5.295000 9.953000 12.082942 33 1
0.000000 0.000000 0.000000 0.000000 0.079192
-0.004007 -0.001683
1
334.767122 305.822112
5.295000 9.953000 12.082942 20 2
0.065880 0.000000 0.000000 0.000000 0.035282
0.024486 0.022792
1
416.510380 324.749220
5.295000 9.953000 12.082942 0 1
0.065880 0.000000 0.000000 0.000000 0.082697
0.005294 -0.000379
1
104.769966 360.268505
5.295000 9.953000 12.082942 19 2
0.065880 0.000000 0.000000 0.000000 0.048089
-0.003254 0.002456
4
248.156102 67.436405
5.295000 9.953000 12.082942 49 1
0.000000 0.000000 0.000000 0.000000 0.085020
-0.004635 -0.004008
1
376.619853 75.934779
5.295000 9.953000 12.082942 47 2
0.065880 0.000000 0.000000 0.000000 0.068161
0.002759 -0.007526
1
299.513351 109.377106
5.295000 9.953000 12.082942 32 2
0.065880 0.000000 0.000000 0.000000 0.046222
-0.000150 -0.004648
1
450.088718 329.995525
5.295000 9.953000 12.082942 52 2
0.065880 0.000000 0.000000 0.000000 0.050446
0.004952 0.002191
4
79.183953 239.256898
5.295000 9.953000 12.082942 43 1
0.000000 0.000000 0.000000 0.000000 0.059216
-0.003709 -0.000116
4
46.330538 223.024204
5.295000 9.953000 12.082942 32 1
0.000000 0.000000 0.000000 0.000000 0.059527
-0.003608 -0.001293
4
465.464771 276.614885
5.295000 9.953000 12.082942 50 1
0.000000 0.000000 0.000000 0.000000 0.090544
0.006179 0.001468
1
179.380665 200.974628
5.295000 9.953000 12.082942 20 2
0.065880 0.000000 0.000000 0.000000 0.030580
-0.002597 -0.001593
4
295.901661 367.645989
5.295000 9.953000 12.082942 39 1
0.000000 0.000000 0.000000 0.000000 0.091815
0.001027 0.004365
4
75.231556 399.588544
5.295000 9.953000 12.082942 48 1
0.000000 0.000000 0.000000 0.000000 0.129795
-0.003445 0.003259
4
310.520617 325.564738
5.295000 9.953000 12.082942 32 1
0.000000 0.000000 0.000000 0.000000 0.071100
0.001631 0.001185
1
130.706408 256.085961
5.295000 9.953000 12.082942 36 2
0.065880 0.000000 0.000000 0.000000 0.032139
-0.002811 0.000240
4
92.781512 117.913199
5.295000 9.953000 12.082942 40 1
0.000000 0.000000 0.000000 0.000000 0.072554
-0.004527 -0.003138
1
426.417944 289.707685
5.295000 9.953000 12.082942 21 2
0.065880 0.000000 0.000000 0.000000 0.085893
0.006083 -0.001044
1
353.562206 212.310685
5.295000 9.953000 12.082942 0 1
0.065880 0.000000 0.000000 0.000000 0.058353
0.004408 0.001848
2
478.261494 163.780303
5.295000 9.953000 12.082942 55 1
0.065880 0.000000 0.000000 0.000000 0.190437
0.005012 -0.003476
4
176.123472 381.012243
5.295000 9.953000 12.082942 50 1
0.000000 0.000000 0.000000 0.000000 0.044477
-0.001659 0.003398
1
76.476494 418.479497
5.295000 9.953000 12.082942 37 2
0.065880 0.000000 0.000000 0.000000 0.172329
-0.003318 0.003294
4
58.379233 391.093474
5.295000 9.953000 12.082942 44 1
0.000000 0.000000 0.000000 0.000000 0.263713
-0.003716 0.003291
4
442.578290 189.075195
5.295000 9.953000 12.082942 37 1
0.000000 0.000000 0.000000 0.000000 0.093582
0.006447 -0.003752
1
275.747113 430.317145
5.295000 9.953000 12.082942 0 1
0.065880 0.000000 0.000000 0.000000 0.056340
-0.000138 0.005392
1
248.667693 414.695048
5.295000 9.953000 12.082942 28 2
0.065880 0.000000 0.000000 0.000000 0.060456
-0.000590 0.004554
1
347.578613 95.983346
5.295000 9.953000 12.082942 51 2
0.065880 0.000000 0.000000 0.000000 0.059976
0.001759 -0.002342
4
71.678291 323.864478
5.295000 9.953000 12.082942 31 1
0.000000 0.000000 0.000000 0.000000 0.075421
-0.004911 0.002299
1
293.414616 91.471739
5.295000 9.953000 12.082942 0 1
0.065880 0.000000 0.000000 0.000000 0.061516
0.000409 -0.004926
4
78.283287 184.269220
5.295000 9.953000 12.082942 54 1
0.000000 0.000000 0.000000 0.000000 0.034595
-0.005631 -0.002293
4
40.831152 363.740619
5.295000 9.953000 12.082942 39 1
0.000000 0.000000 0.000000 0.000000 0.187507
-0.004257 0.002732
1
357.505465 65.549660
5.295000 9.953000 12.082942 43 2
0.065880 0.000000 0.000000 0.000000 0.097165
0.008105 -0.003779
4
222.536006 177.796790
5.295000 9.953000 12.082942 35 1
0.000000 0.000000 0.000000 0.000000 0.072878
-0.004563 -0.002783
5
314.393717 13.074136
5.195070 9.765163 11.854907 40 1
0.065880 0.000000 0.000000 0.000000 0.109325
-0.001170 -0.011003
1
317.360158 114.146221
5.295000 9.953000 12.082942 20 2
0.065880 0.000000 0.000000 0.000000 0.043898
-0.000653 -0.003056
1
439.854713 113.140340
5.295000 9.953000 12.082942 30 2
0.065880 0.000000 0.000000 0.000000 0.102647
0.002817 -0.003616
1
292.451463 327.218420
5.295000 9.953000 12.082942 42 2
0.065880 0.000000 0.000000 0.000000 0.043369
0.000858 0.002878
1
397.107469 180.107162
5.295000 9.953000 12.082942 47 2
0.065880 0.000000 0.000000 0.000000 0.042264
0.002987 -0.002733
4
196.706485 204.631321
5.295000 9.953000 12.082942 32 1
0.000000 0.000000 0.000000 0.000000 0.040931
-0.001798 -0.001799
4
157.375412 412.124412
5.295000 9.953000 12.082942 45 1
0.000000 0.000000 0.000000 0.000000 0.052818
-0.001991 0.003732
1
438.462730 94.431344
5.295000 9.953000 12.082942 22 2
0.065880 0.000000 0.000000 0.000000 0.207133
0.002929 -0.003406
4
187.172222 105.168611
5.295000 9.953000 12.082942 48 1
0.000000 0.000000 0.000000 0.000000 0.042786
0.000072 -0.007247
4
311.227947 487.191161
5.295000 9.953000 12.082942 42 1
0.000000 0.000000 0.000000 0.000000 0.111274
0.002250 0.005446
4
345.525880 158.616077
5.295000 9.953000 12.082942 49 1
0.000000 0.000000 0.000000 0.000000 0.055303
0.002167 -0.001696
4
241.131350 208.181709
5.295000 9.953000 12.082942 47 1
0.000000 0.000000 0.000000 0.000000 0.049483
-0.003323 -0.001972
4
326.275049 46.935950
5.295000 9.953000 12.082942 55 1
0.000000 0.000000 0.000000 0.000000 0.122041
0.003879 -0.005478
1
432.191141 204.363174
5.295000 9.953000 12.082942 0 1
0.065880 0.000000 0.000000 0.000000 0.082610
0.008175 -0.002091
4
202.956790 398.177372
5.295000 9.953000 12.082942 34 1
0.000000 0.000000 0.000000 0.000000 0.064114
-0.001203 0.004023
4
333.913348 188.044106
5.295000 9.953000 12.082942 47 1
0.000000 0.000000 0.000000 0.000000 0.054802
0.002896 0.000135
4
137.598394 338.538876
5.295000 9.953000 12.082942 54 1
0.000000 0.000000 0.000000 0.000000 0.040695
-0.003815 0.001735
1
440.859362 236.210678
5.295000 9.953000 12.082942 0 1
0.065880 0.000000 0.000000 0.000000 0.080563
0.006372 -0.000752
4
327.878923 359.099778
5.295000 9.953000 12.082942 46 1
0.000000 0.000000 0.000000 0.000000 0.095526
0.002131 0.003737
1
328.388443 323.851075
5.295000 9.953000 12.082942 20 2
0.065880 0.000000 0.000000 0.000000 0.061599
0.003280 0.001387
4
398.808670 327.204696
5.295000 9.953000 12.082942 0 1
0.000000 0.000000 0.000000 0.000000 0.104160
-0.002777 0.002112
4
421.382173 307.230191
5.295000 9.953000 12.082942 0 1
0.000000 0.000000 0.000000 0.000000 0.103706
0.006130 -0.000401
4
231.770008 111.768431
5.295000 9.953000 12.082942 0 1
0.000000 0.000000 0.000000 0.000000 0.089786
-0.003639 -0.000445
4
303.413314 194.703093
5.295000 9.953000 12.082942 45 1
0.000000 0.000000 0.000000 0.000000 0.056169
0.001468 -0.001445
4
371.608403 301.572493
5.295000 9.953000 12.082942 50 1
0.000000 0.000000 0.000000 0.000000 0.067931
0.004504 0.000168
4
445.996135 217.614890
5.295000 9.953000 12.082942 0 1
0.000000 0.000000 0.000000 0.000000 0.112329
0.007387 -0.001137
4
428.408580 222.756213
5.295000 9.953000 12.082942 0 1
0.000000 0.000000 0.000000 0.000000 0.115049
0.007085 -0.001593
4
141.780865 458.133010
5.295000 9.953000 12.082942 0 1
0.000000 0.000000 0.000000 0.000000 0.137561
0.000502 0.003880
4
99.432485 264.420190
5.295000 9.953000 12.082942 0 1
0.000000 0.000000 0.000000 0.000000 0.053580
-0.003879 0.001042
4
276.209727 334.022525
5.295000 9.953000 12.082942 0 1
0.000000 0.000000 0.000000 0.000000 0.075229
0.000736 0.003571
4
417.964899 357.999803
5.295000 9.953000 12.082942 0 1
0.000000 0.000000 0.000000 0.000000 0.130053
-0.000247 0.002295
1
386.579260 249.637969
5.295000 9.953000 12.082942 19 2
0.065880 0.000000 0.000000 0.000000 0.049185
0.019220 0.000973
4
160.286507 294.267572
5.295000 9.953000 12.082942 43 1
0.000000 0.000000 0.000000 0.000000 0.059169
-0.002434 0.001119
1
227.183230 144.331527
5.295000 9.953000 12.082942 19 2
0.065880 0.000000 0.000000 0.000000 0.051423
0.000757 0.001414
4
288.365840 296.221999
5.295000 9.953000 12.082942 48 1
0.000000 0.000000 0.000000 0.000000 0.043035
-0.000705 0.000724
4
44.931363 147.859740
5.295000 9.953000 12.082942 54 1
0.000000 0.000000 0.000000 0.000000 0.101550
-0.005468 -0.002582
1
71.002721 305.186700
5.295000 9.953000 12.082942 19 2
0.065880 0.000000 0.000000 0.000000 0.050392
-0.005996 0.001840
4
47.803860 241.864474
5.295000 9.953000 12.082942 30 1
0.000000 0.000000 0.000000 0.000000 0.066531
-0.003903 -0.000645
1
403.421929 310.509605
5.295000 9.953000 12.082942 19 2
0.065880 0.000000 0.000000 0.000000 0.088340
0.007089 -0.003957
4
340.540222 224.329452
5.295000 9.953000 12.082942 54 1
0.000000 0.000000 0.000000 0.000000 0.059917
0.002629 -0.000868
4
261.380870 481.616754
5.295000 9.953000 12.082942 41 1
0.000000 0.000000 0.000000 0.000000 0.073223
0.001022 0.006659
4
276.022221 398.863836
5.295000 9.953000 12.082942 45 1
0.000000 0.000000 0.000000 0.000000 0.071449
0.000184 0.004681
4
347.854779 272.856419
5.295000 9.953000 12.082942 44 1
0.000000 0.000000 0.000000 0.000000 0.068560
0.001309 0.001671
1
164.944867 428.972753
5.295000 9.953000 12.082942 19 2
0.065880 0.000000 0.000000 0.000000 0.048272
-0.001789 0.003682
4
350.623809 194.231783
5.295000 9.953000 12.082942 45 1
0.000000 0.000000 0.000000 0.000000 0.065617
0.003619 0.000734
1
86.611761 294.293877
5.295000 9.953000 12.082942 19 2
0.065880 0.000000 0.000000 0.000000 0.050404
-0.006328 0.002104
4
172.418901 280.399123
5.295000 9.953000 12.082942 27 1
0.000000 0.000000 0.000000 0.000000 0.071985
-0.002151 0.000635
1
283.691291 171.685568
5.295000 9.953000 12.082942 41 2
0.065880 0.000000 0.000000 0.000000 0.030529
0.001769 -0.002794
4
183.423242 429.867212
5.295000 9.953000 12.082942 42 1
0.000000 0.000000 0.000000 0.000000 0.046216
-0.001618 0.004110
1
254.998795 196.343728
5.295000 9.953000 12.082942 19 2
0.065880 0.000000 0.000000 0.000000 0.031501
-0.002399 -0.002937
4
181.137425 39.214639
5.295000 9.953000 12.082942 54 1
0.000000 0.000000 0.000000 0.000000 0.069810
0.001802 -0.000799
4
390.018071 384.908145
5.295000 9.953000 12.082942 42 1
0.000000 0.000000 0.000000 0.000000 0.078869
0.003916 0.005767
4
344.854105 317.215188
5.295000 9.953000 12.082942 39 1
0.000000 0.000000 0.000000 0.000000 0.059602
-0.013282 -0.032921
1
319.002969 261.720179
5.295000 9.953000 12.082942 19 2
0.065880 0.000000 0.000000 0.000000 0.039098
-0.000881 -0.001807
4
226.098696 287.639531
5.295000 9.953000 12.082942 32 1
0.000000 0.000000 0.000000 0.000000 0.089161
-0.000668 0.000962
4
418.721408 259.126526
5.295000 9.953000 12.082942 45 1
0.000000 0.000000 0.000000 0.000000 0.073926
0.004463 -0.001767
4
45.416875 166.797927
5.295000 9.953000 12.082942 55 1
0.000000 0.000000 0.000000 0.000000 0.056877
-0.005626 -0.002533
4
89.493621 370.466486
5.295000 9.953000 12.082942 41 1
0.000000 0.000000 0.000000 0.000000 0.078139
-0.003375 0.002934
4
39.150834 326.412887
5.295000 9.953000 12.082942 53 1
0.000000 0.000000 0.000000 0.000000 0.103748
-0.003014 0.001688
1
374.630731 57.729590
5.295000 9.953000 12.082942 41 2
0.065880 0.000000 0.000000 0.000000 0.110384
0.007546 -0.008435
4
427.350496 160.142219
5.295000 9.953000 12.082942 39 1
0.000000 0.000000 0.000000 0.000000 0.058428
0.003108 -0.003390
4
334.473462 376.406331
5.295000 9.953000 12.082942 55 1
0.000000 0.000000 0.000000 0.000000 0.051248
0.002687 0.002376
4
285.890619 382.983887
5.295000 9.953000 12.082942 48 1
0.000000 0.000000 0.000000 0.000000 0.070919
0.000612 0.004590
4
405.942337 246.336525
5.295000 9.953000 12.082942 47 1
0.000000 0.000000 0.000000 0.000000 0.064166
0.003285 -0.002650
1
382.804468 316.928266
5.295000 9.953000 12.082942 20 2
0.065880 0.000000 0.000000 0.000000 0.071002
0.002152 -0.000584
1
92.902676 155.120890
5.295000 9.953000 12.082942 20 2
0.065880 0.000000 0.000000 0.000000 0.034681
-0.004821 -0.002468
4
76.543237 108.874517
5.295000 9.953000 12.082942 43 1
0.000000 0.000000 0.000000 0.000000 0.113486
-0.004937 -0.002822
4
308.598946 468.916585
5.295000 9.953000 12.082942 47 1
0.000000 0.000000 0.000000 0.000000 0.062630
0.002632 0.005115
1
468.159800 325.985603
5.295000 9.953000 12.082942 20 2
0.065880 0.000000 0.000000 0.000000 0.051130
0.005522 0.002463
1
399.700637 198.156916
5.295000 9.953000 12.082942 42 2
0.065880 0.000000 0.000000 0.000000 0.048355
0.004891 -0.003195
4
45.734124 204.174438
5.295000 9.953000 12.082942 31 1
0.000000 0.000000 0.000000 0.000000 0.063849
-0.003947 -0.001746
1
411.357829 228.475293
5.295000 9.953000 12.082942 20 2
0.065880 0.000000 0.000000 0.000000 0.080831
0.006403 -0.002298
4
211.932770 236.483815
5.295000 9.953000 12.082942 41 1
0.000000 0.000000 0.000000 0.000000 0.051153
-0.002974 0.000670
4
353.544848 256.418396
5.295000 9.953000 12.082942 55 1
0.000000 0.000000 0.000000 0.000000 0.068518
0.001969 -0.005623
4
202.244803 268.851349
5.295000 9.953000 12.082942 31 1
0.000000 0.000000 0.000000 0.000000 0.074014
-0.001491 0.000540
1
430.917664 392.265278
5.295000 9.953000 12.082942 20 2
0.065880 0.000000 0.000000 0.000000 0.082790
0.001552 0.002584
4
286.656417 189.721828
5.295000 9.953000 12.082942 43 1
0.000000 0.000000 0.000000 0.000000 0.035211
0.001276 -0.002351
1
322.366374 438.198026
5.295000 9.953000 12.082942 20 2
0.065880 0.000000 0.000000 0.000000 0.039493
0.001959 0.005038
4
176.986635 69.657340
5.295000 9.953000 12.082942 33 1
0.000000 0.000000 0.000000 0.000000 0.047779
0.003017 -0.001825
1
188.915697 8.456133
5.295000 9.953000 12.082942 20 2
0.065880 0.000000 0.000000 0.000000 0.120381
-0.001201 -0.003755
4
107.023973 397.122206
5.295000 9.953000 12.082942 33 1
0.000000 0.000000 0.000000 0.000000 0.064326
-0.002932 0.003122
1
274.872399 136.030989
5.295000 9.953000 12.082942 20 2
0.065880 0.000000 0.000000 0.000000 0.039346
0.000916 -0.004174
4
353.107670 303.061629
5.295000 9.953000 12.082942 50 1
0.000000 0.000000 0.000000 0.000000 0.062813
-0.004703 0.013038
1
201.858683 222.143955
5.295000 9.953000 12.082942 39 2
0.065880 0.000000 0.000000 0.000000 0.036632
-0.000026 -0.002301
4
95.078979 192.637496
5.295000 9.953000 12.082942 41 1
0.000000 0.000000 0.000000 0.000000 0.051670
-0.006019 -0.001960
4
305.444153 127.662455
5.295000 9.953000 12.082942 55 1
0.000000 0.000000 0.000000 0.000000 0.037997
0.000548 -0.002838
4
320.795183 341.205836
5.295000 9.953000 12.082942 34 1
0.000000 0.000000 0.000000 0.000000 0.101157
0.001827 0.003323
1
365.878201 269.508245
5.295000 9.953000 12.082942 21 2
0.065880 0.000000 0.000000 0.000000 0.058289
0.002096 -0.001512
4
45.868802 185.596651
5.295000 9.953000 12.082942 47 1
0.000000 0.000000 0.000000 0.000000 0.049239
-0.005556 -0.002313
4
79.544342 202.692640
5.295000 9.953000 12.082942 33 1
0.000000 0.000000 0.000000 0.000000 0.064738
-0.006700 -0.001792
1
30.987352 233.549947
5.295000 9.953000 12.082942 21 2
0.065880 0.000000 0.000000 0.000000 0.047638
-0.003785 -0.001146
1
220.093236 462.059374
5.295000 9.953000 12.082942 21 2
0.065880 0.000000 0.000000 0.000000 0.051713
-0.000436 0.006063
4
455.200962 362.328897
5.295000 9.953000 12.082942 44 1
0.000000 0.000000 0.000000 0.000000 0.118946
0.002408 0.002441
4
172.608853 232.111992
5.295000 9.953000 12.082942 36 1
0.000000 0.000000 0.000000 0.000000 0.049334
-0.001479 -0.000907
5
473.584685 147.333991
4.493375 8.446188 10.253672 46 1
0.065880 0.000000 0.000000 0.000000 0.286571
0.003317 -0.003800
1
449.198017 397.626215
5.295000 9.953000 12.082942 21 2
0.065880 0.000000 0.000000 0.000000 0.120832
0.001417 0.003494
1
365.079269 182.652069
5.295000 9.953000 12.082942 43 2
0.065880 0.000000 0.000000 0.000000 0.044381
0.003236 0.000271
4
265.599704 317.907656
5.295000 9.953000 12.082942 47 1
0.000000 0.000000 0.000000 0.000000 0.046396
0.001470 0.002282
1
270.690929 299.240000
5.295000 9.953000 12.082942 21 2
0.065880 0.000000 0.000000 0.000000 0.033022
0.000280 0.000881
1
207.744303 61.376079
5.295000 9.953000 12.082942 21 2
0.065880 0.000000 0.000000 0.000000 0.045844
0.002708 -0.003357
4
123.629838 386.587656
5.295000 9.953000 12.082942 33 1
0.000000 0.000000 0.000000 0.000000 0.088244
-0.003081 0.002975
4
156.509367 67.139755
5.295000 9.953000 12.082942 31 1
0.000000 0.000000 0.000000 0.000000 0.048324
-0.003441 -0.004373
4
123.938990 171.006927
5.295000 9.953000 12.082942 38 1
0.000000 0.000000 0.000000 0.000000 0.067391
-0.004620 -0.001242
1
149.861192 50.041446
5.295000 9.953000 12.082942 21 2
0.065880 0.000000 0.000000 0.000000 0.057882
-0.000780 -0.004512
4
250.797237 261.688571
5.295000 9.953000 12.082942 48 1
0.000000 0.000000 0.000000 0.000000 0.040041
0.000490 -0.000141
4
84.946864 275.947826
5.295000 9.953000 12.082942 43 1
0.000000 0.000000 0.000000 0.000000 0.071134
-0.004477 0.001398
1
284.156023 72.340984
5.295000 9.953000 12.082942 21 2
0.065880 0.000000 0.000000 0.000000 0.093479
-0.002483 -0.005836
4
231.398670 351.586013
5.295000 9.953000 12.082942 34 1
0.000000 0.000000 0.000000 0.000000 0.065134
-0.000844 0.002963
1
123.888944 117.111232
5.295000 9.953000 12.082942 21 2
0.065880 0.000000 0.000000 0.000000 0.048677
-0.003875 -0.002844
1
436.469179 254.368427
5.295000 9.953000 12.082942 21 2
0.065880 0.000000 0.000000 0.000000 0.050534
0.005941 -0.000962
4
262.433535 149.076904
5.295000 9.953000 12.082942 32 1
0.000000 0.000000 0.000000 0.000000 0.042592
0.001524 -0.003923
1
189.172449 480.062026
5.295000 9.953000 12.082942 21 2
0.065880 0.000000 0.000000 0.000000 0.100556
-0.002934 0.002059
4
109.851380 145.584197
5.295000 9.953000 12.082942 43 1
0.000000 0.000000 0.000000 0.000000 0.047704
-0.004988 -0.002492
4
286.494682 350.492080
5.295000 9.953000 12.082942 36 1
0.000000 0.000000 0.000000 0.000000 0.082872
0.000896 0.003971
4
178.522065 297.735952
5.295000 9.953000 12.082942 36 1
0.000000 0.000000 0.000000 0.000000 0.070848
-0.001924 0.001053
4
285.665627 415.394081
5.295000 9.953000 12.082942 32 1
0.000000 0.000000 0.000000 0.000000 0.079647
0.000189 0.005214
1
439.349318 303.041839
5.295000 9.953000 12.082942 21 2
0.065880 0.000000 0.000000 0.000000 0.071360
0.006636 -0.000130
1
478.889390 182.168207
5.295000 9.953000 12.082942 40 2
0.065880 0.000000 0.000000 0.000000 0.116012
0.008543 -0.002389
1
253.805214 178.620136
5.295000 9.953000 12.082942 21 2
0.065880 0.000000 0.000000 0.000000 0.044171
0.001645 -0.003470
4
203.834920 124.390366
5.295000 9.953000 12.082942 51 1
0.000000 0.000000 0.000000 0.000000 0.059461
-0.002742 0.005106
1
313.180811 60.078299
5.295000 9.953000 12.082942 49 2
0.065880 0.000000 0.000000 0.000000 0.107787
0.001437 -0.006347
4
120.099526 453.050182
5.295000 9.953000 12.082942 45 1
0.000000 0.000000 0.000000 0.000000 0.219328
-0.003635 0.002764
1
306.382585 212.478626
5.295000 9.953000 12.082942 22 2
0.065880 0.000000 0.000000 0.000000 0.040354
0.000088 -0.000481
1
474.142922 199.739666
5.295000 9.953000 12.082942 45 2
0.065880 0.000000 0.000000 0.000000 0.095163
0.005214 -0.002752
4
340.836145 393.573113
5.295000 9.953000 12.082942 39 1
0.000000 0.000000 0.000000 0.000000 0.068074
0.001679 0.004532
1
13.061439 186.675732
5.295000 9.953000 12.082942 22 2
0.065880 0.000000 0.000000 0.000000 0.105912
-0.004897 -0.001420
4
211.822991 414.313265
5.295000 9.953000 12.082942 43 1
0.000000 0.000000 0.000000 0.000000 0.058802
-0.001110 0.004430
4
194.294933 349.860570
5.295000 9.953000 12.082942 34 1
0.000000 0.000000 0.000000 0.000000 0.051181
-0.001868 0.002616
4
167.651395 166.083766
5.295000 9.953000 12.082942 44 1
0.000000 0.000000 0.000000 0.000000 0.050208
-0.001874 -0.003204
1
491.510615 233.362124
5.295000 9.953000 12.082942 22 2
0.065880 0.000000 0.000000 0.000000 0.076297
0.003683 -0.001862
4
118.531784 218.905402
5.295000 9.953000 12.082942 51 1
0.000000 0.000000 0.000000 0.000000 0.066592
-0.002952 -0.000004
4
92.092683 408.093315
5.295000 9.953000 12.082942 49 1
0.000000 0.000000 0.000000 0.000000 0.079814
-0.003191 0.003215
1
308.262939 41.293360
5.295000 9.953000 12.082942 47 2
0.065880 0.000000 0.000000 0.000000 0.122964
-0.001212 0.006450
1
299.675495 310.778562
5.295000 9.953000 12.082942 22 2
0.065880 0.000000 0.000000 0.000000 0.038338
0.004787 0.002353
4
422.771069 105.003498
5.295000 9.953000 12.082942 38 1
0.000000 0.000000 0.000000 0.000000 0.141020
0.002657 -0.003531
4
444.865224 169.963645
5.295000 9.953000 12.082942 44 1
0.000000 0.000000 0.000000 0.000000 0.092885
0.006692 -0.002653
4
343.314269 141.119533
5.295000 9.953000 12.082942 57 1
0.000000 0.000000 0.000000 0.000000 0.047042
0.001753 -0.003229
4
474.244098 240.378405
5.295000 9.953000 12.082942 53 1
0.000000 0.000000 0.000000 0.000000 0.091378
0.005228 0.001882
4
292.194171 461.002382
5.295000 9.953000 12.082942 49 1
0.000000 0.000000 0.000000 0.000000 0.055452
0.001798 0.005195
4
408.604381 133.649453
5.295000 9.953000 12.082942 54 1
0.000000 0.000000 0.000000 0.000000 0.056960
0.002982 -0.003075
4
15.635729 244.247918
5.295000 9.953000 12.082942 40 1
0.000000 0.000000 0.000000 0.000000 0.066859
-0.004053 -0.001286
1
38.413365 307.934230
5.295000 9.953000 12.082942 23 2
0.065880 0.000000 0.000000 0.000000 0.095984
-0.005490 0.000862
4
151.905003 361.627111
5.295000 9.953000 12.082942 41 1
0.000000 0.000000 0.000000 0.000000 0.062104
-0.002208 0.002649
1
90.581923 389.066803
5.295000 9.953000 12.082942 23 2
0.065880 0.000000 0.000000 0.000000 0.063503
-0.003271 0.003128
4
166.995230 214.813150
5.295000 9.953000 12.082942 40 1
0.000000 0.000000 0.000000 0.000000 0.043792
-0.002157 -0.001299
1
174.320579 183.638897
5.295000 9.953000 12.082942 23 2
0.065880 0.000000 0.000000 0.000000 0.036147
-0.003169 -0.002385
4
391.256983 125.633622
5.295000 9.953000 12.082942 46 1
0.000000 0.000000 0.000000 0.000000 0.063191
0.003127 -0.002943
1
247.307513 244.098295
5.295000 9.953000 12.082942 23 2
0.065880 0.000000 0.000000 0.000000 0.035788
-0.000877 -0.000829
4
136.765102 224.242480
5.295000 9.953000 12.082942 44 1
0.000000 0.000000 0.000000 0.000000 0.047454
-0.002625 -0.000472
4
186.721820 122.735683
5.295000 9.953000 12.082942 38 1
0.000000 0.000000 0.000000 0.000000 0.061036
-0.002910 -0.006770
4
160.749547 245.901163
5.295000 9.953000 12.082942 51 1
0.000000 0.000000 0.000000 0.000000 0.043387
-0.001912 -0.000437
4
224.982233 479.525204
5.295000 9.953000 12.082942 33 1
0.000000 0.000000 0.000000 0.000000 0.071871
0.000499 0.006553
4
364.534755 366.121746
5.295000 9.953000 12.082942 56 1
0.000000 0.000000 0.000000 0.000000 0.065756
0.004222 0.007588
1
391.519225 65.432835
5.295000 9.953000 12.082942 23 2
0.065880 0.000000 0.000000 0.000000 0.104727
0.005278 -0.005174
4
93.308692 228.078836
5.295000 9.953000 12.082942 44 1
0.000000 0.000000 0.000000 0.000000 0.071584
-0.003231 -0.000111
4
32.736931 252.394800
5.295000 9.953000 12.082942 39 1
0.000000 0.000000 0.000000 0.000000 0.079042
-0.004248 -0.000661
4
363.671778 317.920970
5.295000 9.953000 12.082942 38 1
0.000000 0.000000 0.000000 0.000000 0.093186
0.005352 0.002660
1
39.927132 345.015977
5.295000 9.953000 12.082942 24 2
0.065880 0.000000 0.000000 0.000000 0.085642
-0.003516 0.002218
1
121.566031 286.593930
5.295000 9.953000 12.082942 24 2
0.065880 0.000000 0.000000 0.000000 0.036287
-0.002907 0.000608
1
60.804653 137.743613
5.295000 9.953000 12.082942 24 2
0.065880 0.000000 0.000000 0.000000 0.060855
-0.005166 -0.002630
4
312.019445 277.470696
5.295000 9.953000 12.082942 31 1
0.000000 0.000000 0.000000 0.000000 0.054118
0.001838 0.005971
4
408.234856 387.538706
5.295000 9.953000 12.082942 44 1
0.000000 0.000000 0.000000 0.000000 0.099739
0.004024 0.008082
1
186.134472 170.070709
5.295000 9.953000 12.082942 24 2
0.065880 0.000000 0.000000 0.000000 0.034538
-0.003020 -0.003300
4
277.552986 282.194693
5.295000 9.953000 12.082942 50 1
0.000000 0.000000 0.000000 0.000000 0.035551
0.001227 0.000993
4
143.189985 242.231313
5.295000 9.953000 12.082942 45 1
0.000000 0.000000 0.000000 0.000000 0.041487
-0.002348 -0.000229
4
272.252255 202.247010
5.295000 9.953000 12.082942 47 1
0.000000 0.000000 0.000000 0.000000 0.041602
-0.001387 -0.002495
4
226.325960 198.150826
5.295000 9.953000 12.082942 39 1
0.000000 0.000000 0.000000 0.000000 0.081271
-0.001236 -0.007551
1
316.600312 373.013406
5.295000 9.953000 12.082942 24 2
0.065880 0.000000 0.000000 0.000000 0.050240
0.001470 0.003467
4
249.887760 351.283371
5.295000 9.953000 12.082942 38 1
0.000000 0.000000 0.000000 0.000000 0.074919
-0.000147 0.003281
4
139.867456 409.735658
5.295000 9.953000 12.082942 52 1
0.000000 0.000000 0.000000 0.000000 0.058774
-0.002305 0.003816
1
398.226308 216.383685
5.295000 9.953000 12.082942 25 2
0.065880 0.000000 0.000000 0.000000 0.053090
0.007929 -0.004503
1
117.285516 269.316845
5.295000 9.953000 12.082942 25 2
0.065880 0.000000 0.000000 0.000000 0.050818
-0.003240 0.000542
4
395.071960 161.941143
5.295000 9.953000 12.082942 36 1
0.000000 0.000000 0.000000 0.000000 0.062996
0.003020 -0.002437
1
409.231116 437.127675
5.295000 9.953000 12.082942 25 2
0.065880 0.000000 0.000000 0.000000 0.105007
0.002684 0.005275
4
108.985611 416.766303
5.295000 9.953000 12.082942 32 1
0.000000 0.000000 0.000000 0.000000 0.085241
-0.003007 0.003298
4
112.965860 201.012847
5.295000 9.953000 12.082942 39 1
0.000000 0.000000 0.000000 0.000000 0.068943
-0.004984 -0.000061
4
81.904358 257.672579
5.295000 9.953000 12.082942 54 1
0.000000 0.000000 0.000000 0.000000 0.057900
-0.004129 0.000685
4
230.004274 446.579382
5.295000 9.953000 12.082942 53 1
0.000000 0.000000 0.000000 0.000000 0.051446
-0.000894 0.005266
1
372.033318 431.129289
5.295000 9.953000 12.082942 25 2
0.065880 0.000000 0.000000 0.000000 0.044045
0.002140 0.005276
4
136.598328 104.184116
5.295000 9.953000 12.082942 31 1
0.000000 0.000000 0.000000 0.000000 0.075250
-0.004093 -0.004010
1
232.839786 255.922872
5.295000 9.953000 12.082942 25 2
0.065880 0.000000 0.000000 0.000000 0.041262
-0.000378 0.000066
4
194.389691 382.046616
5.295000 9.953000 12.082942 31 1
0.000000 0.000000 0.000000 0.000000 0.056836
-0.001260 0.003651
1
285.080832 4.879677
5.295000 9.953000 12.082942 25 2
0.065880 0.000000 0.000000 0.000000 0.148538
0.001201 -0.005250
4
156.343626 343.724429
5.295000 9.953000 12.082942 35 1
0.000000 0.000000 0.000000 0.000000 0.049877
-0.003230 0.001931
1
331.062604 169.820349
5.295000 9.953000 12.082942 25 2
0.065880 0.000000 0.000000 0.000000 0.055100
0.002486 -0.000602
1
41.598612 382.539237
5.295000 9.953000 12.082942 26 2
0.065880 0.000000 0.000000 0.000000 0.245345
-0.003865 0.003039
4
163.689001 312.147216
5.295000 9.953000 12.082942 47 1
0.000000 0.000000 0.000000 0.000000 0.060680
-0.002760 0.001768
1
126.851604 189.018629
5.295000 9.953000 12.082942 26 2
0.065880 0.000000 0.000000 0.000000 0.057458
-0.004402 -0.000875
4
133.845903 320.382605
5.295000 9.953000 12.082942 32 1
0.000000 0.000000 0.000000 0.000000 0.057535
-0.003721 0.001400
4
388.994094 89.211147
5.295000 9.953000 12.082942 47 1
0.000000 0.000000 0.000000 0.000000 0.058154
0.001780 -0.004697
4
194.790708 26.341001
5.295000 9.953000 12.082942 40 1
0.000000 0.000000 0.000000 0.000000 0.083290
0.000030 -0.003882
1
19.652652 281.733716
5.295000 9.953000 12.082942 26 2
0.065880 0.000000 0.000000 0.000000 0.058605
-0.005572 -0.000572
4
148.170922 160.555720
5.295000 9.953000 12.082942 49 1
0.000000 0.000000 0.000000 0.000000 0.053542
-0.002341 -0.001877
4
409.226488 342.035084
5.295000 9.953000 12.082942 50 1
0.000000 0.000000 0.000000 0.000000 0.110518
0.001548 -0.000426
1
232.347625 33.827913
5.295000 9.953000 12.082942 26 2
0.065880 0.000000 0.000000 0.000000 0.076730
-0.000063 -0.007557
4
209.719328 191.324533
5.295000 9.953000 12.082942 32 1
0.000000 0.000000 0.000000 0.000000 0.052105
-0.003552 -0.002631
4
359.687999 445.553026
5.295000 9.953000 12.082942 46 1
0.000000 0.000000 0.000000 0.000000 0.048353
0.002297 0.005314
4
372.443948 98.979518
5.295000 9.953000 12.082942 54 1
0.000000 0.000000 0.000000 0.000000 0.057128
0.003602 -0.000361
4
348.077559 176.356818
5.295000 9.953000 12.082942 48 1
0.000000 0.000000 0.000000 0.000000 0.050474
0.002806 -0.000398
4
57.393056 372.224235
5.295000 9.953000 12.082942 45 1
0.000000 0.000000 0.000000 0.000000 0.147121
-0.003925 0.003137
4
394.417615 353.164780
5.295000 9.953000 12.082942 54 1
0.000000 0.000000 0.000000 0.000000 0.093346
0.006461 0.008184
4
275.358796 220.138430
5.295000 9.953000 12.082942 38 1
0.000000 0.000000 0.000000 0.000000 0.046099
-0.001930 -0.002334
1
143.082421 32.687111
5.295000 9.953000 12.082942 27 2
0.065880 0.000000 0.000000 0.000000 0.184505
-0.000721 -0.004133
4
274.494618 87.691162
5.295000 9.953000 12.082942 46 1
0.000000 0.000000 0.000000 0.000000 0.093257
-0.001938 -0.005009
4
338.830300 345.259228
5.295000 9.953000 12.082942 47 1
0.000000 0.000000 0.000000 0.000000 0.097595
0.006163 0.000807
4
197.368518 318.208072
5.295000 9.953000 12.082942 34 1
0.000000 0.000000 0.000000 0.000000 0.056869
-0.001323 0.001918
4
458.169443 231.735632
5.295000 9.953000 12.082942 54 1
0.000000 0.000000 0.000000 0.000000 0.073411
0.006797 -0.000899
1
244.126402 19.233839
5.295000 9.953000 12.082942 46 2
0.065880 0.000000 0.000000 0.000000 0.142964
0.000144 -0.007792
1
88.539752 75.578528
5.295000 9.953000 12.082942 27 2
0.065880 0.000000 0.000000 0.000000 0.274883
-0.004442 -0.001551
4
310.189933 356.644991
5.295000 9.953000 12.082942 34 1
0.000000 0.000000 0.000000 0.000000 0.099293
0.001327 0.003635
1
410.349287 151.888232
5.295000 9.953000 12.082942 28 2
0.065880 0.000000 0.000000 0.000000 0.038552
0.003050 -0.002718
4
208.334517 285.693243
5.295000 9.953000 12.082942 29 1
0.000000 0.000000 0.000000 0.000000 0.076464
-0.001181 0.000984
1
97.364870 445.527132
5.295000 9.953000 12.082942 28 2
0.065880 0.000000 0.000000 0.000000 0.283451
-0.003400 0.003413
1
442.992988 150.733221
5.295000 9.953000 12.082942 28 2
0.065880 0.000000 0.000000 0.000000 0.059047
0.003620 -0.002921
4
278.415581 238.167519
5.295000 9.953000 12.082942 55 1
0.000000 0.000000 0.000000 0.000000 0.039577
0.000705 -0.001612
4
266.938155 414.599511
5.295000 9.953000 12.082942 32 1
0.000000 0.000000 0.000000 0.000000 0.064309
-0.000156 0.004842
4
103.569262 341.644855
5.295000 9.953000 12.082942 38 1
0.000000 0.000000 0.000000 0.000000 0.058769
-0.003780 0.002000
1
108.894531 127.117369
5.295000 9.953000 12.082942 29 2
0.065880 0.000000 0.000000 0.000000 0.054769
-0.004403 -0.002921
4
231.026653 382.741235
5.295000 9.953000 12.082942 34 1
0.000000 0.000000 0.000000 0.000000 0.070897
-0.000735 0.003732
4
121.544513 368.322236
5.295000 9.953000 12.082942 37 1
0.000000 0.000000 0.000000 0.000000 0.062177
-0.002964 0.002509
4
154.428807 276.735680
5.295000 9.953000 12.082942 55 1
0.000000 0.000000 0.000000 0.000000 0.045245
-0.002411 0.000559
4
209.732853 141.715423
5.295000 9.953000 12.082942 49 1
0.000000 0.000000 0.000000 0.000000 0.067958
0.000064 0.003451
4
328.031389 151.333726
5.295000 9.953000 12.082942 42 1
0.000000 0.000000 0.000000 0.000000 0.061989
0.002144 -0.001561
1
353.440623 428.027818
5.295000 9.953000 12.082942 30 2
0.065880 0.000000 0.000000 0.000000 0.043594
0.002026 0.005008
4
277.902682 489.900448
5.295000 9.953000 12.082942 40 1
0.000000 0.000000 0.000000 0.000000 0.070118
0.002551 0.004350
4
239.763588 398.650628
5.295000 9.953000 12.082942 32 1
0.000000 0.000000 0.000000 0.000000 0.077870
-0.000663 0.004178
1
375.936132 136.072922
5.295000 9.953000 12.082942 30 2
0.065880 0.000000 0.000000 0.000000 0.049700
0.002826 -0.001666
4
373.783342 117.712526
5.295000 9.953000 12.082942 44 1
0.000000 0.000000 0.000000 0.000000 0.064167
0.004483 -0.001269
4
341.293659 123.865899
5.295000 9.953000 12.082942 57 1
0.000000 0.000000 0.000000 0.000000 0.044927
0.002985 -0.005123
1
456.914430 121.226462
5.295000 9.953000 12.082942 30 2
0.065880 0.000000 0.000000 0.000000 0.143670
0.002977 -0.004215
4
239.333570 430.714887
5.295000 9.953000 12.082942 32 1
0.000000 0.000000 0.000000 0.000000 0.065959
-0.000774 0.004928
1
243.658097 98.088937
5.295000 9.953000 12.082942 31 2
0.065880 0.000000 0.000000 0.000000 0.057531
-0.003472 -0.002433
1
359.381178 396.624295
5.295000 9.953000 12.082942 31 2
0.065880 0.000000 0.000000 0.000000 0.052357
0.001926 0.004812
4
72.943533 361.924369
5.295000 9.953000 12.082942 53 1
0.000000 0.000000 0.000000 0.000000 0.070261
-0.003656 0.003150
4
29.452945 195.586167
5.295000 9.953000 12.082942 46 1
0.000000 0.000000 0.000000 0.000000 0.062165
-0.004405 -0.001847
1
416.957762 192.144421
5.295000 9.953000 12.082942 32 2
0.065880 0.000000 0.000000 0.000000 0.043944
0.006183 -0.002506
1
368.219364 247.958127
5.295000 9.953000 12.082942 32 2
0.065880 0.000000 0.000000 0.000000 0.066128
0.015150 0.015353
1
330.683571 65.063859
5.295000 9.953000 12.082942 57 2
0.065880 0.000000 0.000000 0.000000 0.117163
0.003042 -0.004076
4
153.424735 112.103198
5.295000 9.953000 12.082942 44 1
0.000000 0.000000 0.000000 0.000000 0.072033
-0.004891 -0.003001
1
312.000266 95.794218
5.295000 9.953000 12.082942 32 2
0.065880 0.000000 0.000000 0.000000 0.059390
0.001962 -0.003665
1
462.378335 344.045455
5.295000 9.953000 12.082942 32 2
0.065880 0.000000 0.000000 0.000000 0.063552
0.004064 0.002698
1
343.400900 78.023753
5.295000 9.953000 12.082942 32 2
0.065880 0.000000 0.000000 0.000000 0.101306
0.006301 -0.004695
4
326.433617 474.637535
5.295000 9.953000 12.082942 53 1
0.000000 0.000000 0.000000 0.000000 0.076564
0.003088 0.005218
1
121.028071 74.773871
5.295000 9.953000 12.082942 33 2
0.065880 0.000000 0.000000 0.000000 0.068906
-0.003705 -0.003894
1
220.279040 47.898955
5.295000 9.953000 12.082942 34 2
0.065880 0.000000 0.000000 0.000000 0.073139
0.000830 -0.006413
1
161.913963 197.545466
5.295000 9.953000 12.082942 34 2
0.065880 0.000000 0.000000 0.000000 0.045350
-0.003024 -0.001947
1
460.395873 294.522496
5.295000 9.953000 12.082942 34 2
0.065880 0.000000 0.000000 0.000000 0.056773
0.005961 0.001610
4
88.322549 351.758821
5.295000 9.953000 12.082942 42 1
0.000000 0.000000 0.000000 0.000000 0.052933
-0.003579 0.002706
1
231.251403 320.839626
5.295000 9.953000 12.082942 35 2
0.065880 0.000000 0.000000 0.000000 0.033716
0.000435 0.001935
1
316.002585 421.126059
5.295000 9.953000 12.082942 35 2
0.065880 0.000000 0.000000 0.000000 0.044763
0.001772 0.004820
1
409.236187 59.962356
5.295000 9.953000 12.082942 35 2
0.065880 0.000000 0.000000 0.000000 0.162767
0.005291 -0.004835
4
146.462765 392.835759
5.295000 9.953000 12.082942 40 1
0.000000 0.000000 0.000000 0.000000 0.073587
-0.002382 0.003176
1
281.220569 105.162066
5.295000 9.953000 12.082942 35 2
0.065880 0.000000 0.000000 0.000000 0.052607
-0.000561 -0.005134
1
304.162402 385.342759
5.295000 9.953000 12.082942 35 2
0.065880 0.000000 0.000000 0.000000 0.046193
0.001033 0.004645
1
175.186925 413.157940
5.295000 9.953000 12.082942 35 2
0.065880 0.000000 0.000000 0.000000 0.034846
-0.001632 0.003991
1
44.411288 128.866281
5.295000 9.953000 12.082942 36 2
0.065880 0.000000 0.000000 0.000000 0.228496
-0.005287 -0.002581
4
168.954490 364.191169
5.295000 9.953000 12.082942 57 1
0.000000 0.000000 0.000000 0.000000 0.050657
-0.001696 0.002963
4
269.036824 118.664103
5.295000 9.953000 12.082942 47 1
0.000000 0.000000 0.000000 0.000000 0.056567
-0.000184 -0.004686
1
113.136684 251.823372
5.295000 9.953000 12.082942 36 2
0.065880 0.000000 0.000000 0.000000 0.036367
-0.003349 0.000522
1
395.502030 280.991158
5.295000 9.953000 12.082942 37 2
0.065880 0.000000 0.000000 0.000000 0.043701
0.004136 -0.001220
4
287.245911 443.737303
5.295000 9.953000 12.082942 50 1
0.000000 0.000000 0.000000 0.000000 0.044800
0.001375 0.004863
1
59.564927 409.947521
5.295000 9.953000 12.082942 37 2
0.065880 0.000000 0.000000 0.000000 0.378768
-0.003459 0.003400
1
341.584276 289.102007
5.295000 9.953000 12.082942 38 2
0.065880 0.000000 0.000000 0.000000 0.051054
0.003728 -0.004629
4
224.660847 94.541092
5.295000 9.953000 12.082942 55 1
0.000000 0.000000 0.000000 0.000000 0.052254
-0.003028 0.001861
4
384.355391 416.653508
5.295000 9.953000 12.082942 49 1
0.000000 0.000000 0.000000 0.000000 0.055553
0.002070 0.005324
4
266.410987 70.116204
5.295000 9.953000 12.082942 52 1
0.000000 0.000000 0.000000 0.000000 0.095371
-0.003603 -0.005000
1
4.340596 293.042274
5.295000 9.953000 12.082942 39 2
0.065880 0.000000 0.000000 0.000000 0.073195
-0.006150 -0.001525
1
383.406356 368.103221
5.295000 9.953000 12.082942 39 2
0.065880 0.000000 0.000000 0.000000 0.074859
0.002655 0.005275
4
55.797844 334.474599
5.295000 9.953000 12.082942 56 1
0.000000 0.000000 0.000000 0.000000 0.060878
-0.003602 0.002643
4
343.980099 241.757715
5.295000 9.953000 12.082942 52 1
0.000000 0.000000 0.000000 0.000000 0.076462
-0.002965 0.000080
1
213.536699 209.446338
5.295000 9.953000 12.082942 39 2
0.065880 0.000000 0.000000 0.000000 0.070472
0.000011 -0.003991
4
142.436761 289.946599
5.295000 9.953000 12.082942 50 1
0.000000 0.000000 0.000000 0.000000 0.035062
-0.002745 0.000960
1
28.439425 138.982546
5.295000 9.953000 12.082942 40 2
0.065880 0.000000 0.000000 0.000000 0.511615
-0.005476 -0.002687
4
455.222314 312.337524
5.295000 9.953000 12.082942 50 1
0.000000 0.000000 0.000000 0.000000 0.062075
0.005938 0.001976
1
182.955435 87.685510
5.295000 9.953000 12.082942 40 2
0.065880 0.000000 0.000000 0.000000 0.055431
-0.002585 -0.005675
4
134.321219 440.908380
5.295000 9.953000 12.082942 57 1
0.000000 0.000000 0.000000 0.000000 0.084038
-0.001363 0.004848
4
76.898600 127.801009
5.295000 9.953000 12.082942 46 1
0.000000 0.000000 0.000000 0.000000 0.080387
-0.004887 -0.002845
4
413.509689 276.477265
5.295000 9.953000 12.082942 48 1
0.000000 0.000000 0.000000 0.000000 0.082034
0.004891 -0.002071
1
459.870757 182.690034
5.295000 9.953000 12.082942 40 2
0.065880 0.000000 0.000000 0.000000 0.087740
0.007694 -0.002014
1
253.580324 303.246424
5.295000 9.953000 12.082942 41 2
0.065880 0.000000 0.000000 0.000000 0.034132
-0.000653 0.002372
1
226.156594 65.770033
5.295000 9.953000 12.082942 41 2
0.065880 0.000000 0.000000 0.000000 0.052320
0.003455 -0.007550
4
151.715671 94.234544
5.295000 9.953000 12.082942 57 1
0.000000 0.000000 0.000000 0.000000 0.044279
-0.002866 -0.003535
4
69.545036 286.691182
5.295000 9.953000 12.082942 43 1
0.000000 0.000000 0.000000 0.000000 0.088246
-0.005649 0.001154
4
201.824978 43.658986
5.295000 9.953000 12.082942 56 1
0.000000 0.000000 0.000000 0.000000 0.061030
0.000847 -0.003754
4
317.207684 182.129298
5.295000 9.953000 12.082942 46 1
0.000000 0.000000 0.000000 0.000000 0.056865
0.002364 -0.000628
4
232.685291 162.307155
5.295000 9.953000 12.082942 43 1
0.000000 0.000000 0.000000 0.000000 0.062289
0.000884 0.001472
4
279.823697 153.682036
5.295000 9.953000 12.082942 50 1
0.000000 0.000000 0.000000 0.000000 0.048731
0.001655 -0.003409
1
28.930252 157.894970
5.295000 9.953000 12.082942 41 2
0.065880 0.000000 0.000000 0.000000 0.291996
-0.005697 -0.002569
1
360.381560 46.289716
5.295000 9.953000 12.082942 41 2
0.065880 0.000000 0.000000 0.000000 0.121749
0.006156 -0.005842
4
29.317426 176.765613
5.295000 9.953000 12.082942 57 1
0.000000 0.000000 0.000000 0.000000 0.105246
-0.005596 -0.002298
4
160.827053 460.851945
5.295000 9.953000 12.082942 46 1
0.000000 0.000000 0.000000 0.000000 0.134450
0.000457 0.001738
1
210.944403 446.254957
5.295000 9.953000 12.082942 42 2
0.065880 0.000000 0.000000 0.000000 0.036751
-0.000941 0.005534
4
302.179866 341.496736
5.295000 9.953000 12.082942 43 1
0.000000 0.000000 0.000000 0.000000 0.090299
0.000764 0.002936
1
414.838020 210.154172
5.295000 9.953000 12.082942 42 2
0.065880 0.000000 0.000000 0.000000 0.064019
0.008037 -0.002611
4
243.119975 481.467560
5.295000 9.953000 12.082942 52 1
0.000000 0.000000 0.000000 0.000000 0.069269
0.000497 0.004857
1
341.296638 34.574881
5.295000 9.953000 12.082942 43 2
0.065880 0.000000 0.000000 0.000000 0.144168
-0.002165 -0.006992
4
362.809336 164.992377
5.295000 9.953000 12.082942 45 1
0.000000 0.000000 0.000000 0.000000 0.069790
0.002481 -0.000845
4
77.553728 220.688515
5.295000 9.953000 12.082942 44 1
0.000000 0.000000 0.000000 0.000000 0.077868
-0.003239 -0.000867
4
222.360474 336.105064
5.295000 9.953000 12.082942 46 1
0.000000 0.000000 0.000000 0.000000 0.049286
-0.001018 0.002618
1
480.719651 340.040569
5.295000 9.953000 12.082942 44 2
0.065880 0.000000 0.000000 0.000000 0.114466
0.004672 0.003127
1
491.604043 303.377732
5.295000 9.953000 12.082942 44 2
0.065880 0.000000 0.000000 0.000000 0.077437
0.006243 0.002306
4
371.440926 382.511749
5.295000 9.953000 12.082942 47 1
0.000000 0.000000 0.000000 0.000000 0.072051
0.002172 0.003736
1
470.169955 258.594065
5.295000 9.953000 12.082942 45 2
0.065880 0.000000 0.000000 0.000000 0.083657
0.006232 0.001643
1
60.106214 99.940376
5.295000 9.953000 12.082942 45 2
0.065880 0.000000 0.000000 0.000000 0.154078
-0.005326 -0.002551
4
486.129214 214.619594
5.295000 9.953000 12.082942 49 1
0.000000 0.000000 0.000000 0.000000 0.106138
0.005808 -0.003029
1
383.323495 267.240878
5.295000 9.953000 12.082942 46 2
0.065880 0.000000 0.000000 0.000000 0.047062
0.002810 -0.001029
4
243.649793 288.950432
5.295000 9.953000 12.082942 49 1
0.000000 0.000000 0.000000 0.000000 0.055268
0.000546 0.001304
4
357.532079 349.107231
5.295000 9.953000 12.082942 55 1
0.000000 0.000000 0.000000 0.000000 0.096837
0.001469 -0.015323
1
250.861179 36.745760
5.295000 9.953000 12.082942 46 2
0.065880 0.000000 0.000000 0.000000 0.121460
0.000687 -0.008386
4
339.597026 460.680104
5.295000 9.953000 12.082942 56 1
0.000000 0.000000 0.000000 0.000000 0.051742
0.003362 0.005266
4
104.938475 84.690846
5.295000 9.953000 12.082942 50 1
0.000000 0.000000 0.000000 0.000000 0.086824
-0.003820 -0.002809
1
360.829371 84.084498
5.295000 9.953000 12.082942 47 2
0.065880 0.000000 0.000000 0.000000 0.063418
0.005088 -0.000693
1
411.940308 170.168631
5.295000 9.953000 12.082942 47 2
0.065880 0.000000 0.000000 0.000000 0.039717
0.003872 -0.002190
1
289.085876 40.027675
5.295000 9.953000 12.082942 47 2
0.065880 0.000000 0.000000 0.000000 0.132771
-0.001357 -0.004210
4
182.931058 462.265282
5.295000 9.953000 12.082942 50 1
0.000000 0.000000 0.000000 0.000000 0.097038
-0.002742 0.005097
1
299.609106 24.399468
5.295000 9.953000 12.082942 49 2
0.065880 0.000000 0.000000 0.000000 0.108172
0.005458 0.000663
1
295.437544 57.332327
5.295000 9.953000 12.082942 49 2
0.065880 0.000000 0.000000 0.000000 0.134256
-0.000503 -0.005631
1
22.322086 318.382982
5.295000 9.953000 12.082942 50 2
0.065880 0.000000 0.000000 0.000000 0.146653
-0.002302 0.000363
1
24.032984 355.595154
5.295000 9.953000 12.082942 51 2
0.065880 0.000000 0.000000 0.000000 0.300791
-0.003790 0.000826
1
334.196237 108.122541
5.295000 9.953000 12.082942 51 2
0.065880 0.000000 0.000000 0.000000 0.050342
-0.001676 -0.004929
1
376.978814 233.237332
5.295000 9.953000 12.082942 52 2
0.065880 0.000000 0.000000 0.000000 0.066336
0.003471 0.005952
1
323.527723 218.389144
5.295000 9.953000 12.082942 52 2
0.065880 0.000000 0.000000 0.000000 0.055415
0.000105 -0.000908
1
262.392887 21.873145
5.295000 9.953000 12.082942 52 2
0.065880 0.000000 0.000000 0.000000 0.179263
0.001673 -0.008315
4
444.203186 347.245655
5.295000 9.953000 12.082942 56 1
0.000000 0.000000 0.000000 0.000000 0.051266
0.003041 0.002333
1
385.824648 337.231017
5.295000 9.953000 12.082942 56 2
0.065880 0.000000 0.000000 0.000000 0.091833
0.016890 0.005539
1
343.746325 52.958347
5.295000 9.953000 12.082942 57 2
0.065880 0.000000 0.000000 0.000000 0.120359
0.005146 -0.005158
5
323.377068 28.997298
5.195070 9.765163 11.854907 40 1
0.065880 0.000000 0.000000 0.000000 0.110862
-0.005256 -0.005816
5
362.116500 27.976921
5.195070 9.765163 11.854907 40 1
0.065880 0.000000 0.000000 0.000000 0.383919
0.002295 -0.006756
5
141.941732 474.142360
3.744130 7.037834 8.543930 48 1
0.065880 0.000000 0.000000 0.000000 0.227800
-0.002470 0.004439
