500.000000 500.000000
651 55
203 651
1
377.207349 284.484215
5.295000 9.953000 12.082942 46 2
0.065880 0.000000 0.000000 0.000000 0.047628
0.007656 -0.000128
4
415.390120 403.485932
5.295000 9.953000 12.082942 38 1
0.000000 0.000000 0.000000 0.000000 0.097457
0.002679 0.010688
1
352.424846 379.086258
5.295000 9.953000 12.082942 20 2
0.065880 0.000000 0.000000 0.000000 0.053833
0.001157 0.008222
1
213.051650 350.739884
5.295000 9.953000 12.082942 0 1
0.065880 0.000000 0.000000 0.000000 0.043678
-0.001634 0.003126
4
257.753997 430.209177
5.295000 9.953000 12.082942 44 1
0.000000 0.000000 0.000000 0.000000 0.057493
-0.000506 0.005051
4
57.043289 352.888696
5.295000 9.953000 12.082942 38 1
0.000000 0.000000 0.000000 0.000000 0.101804
-0.004176 0.003603
4
335.883495 257.485786
5.295000 9.953000 12.082942 40 1
0.000000 0.000000 0.000000 0.000000 0.085123
-0.000585 0.005506
4
180.814369 315.522931
5.295000 9.953000 12.082942 41 1
0.000000 0.000000 0.000000 0.000000 0.062604
-0.001688 0.002084
4
120.034920 349.414464
5.295000 9.953000 12.082942 44 1
0.000000 0.000000 0.000000 0.000000 0.045326
-0.003549 0.002221
4
238.603057 52.719667
5.295000 9.953000 12.082942 52 1
0.000000 0.000000 0.000000 0.000000 0.070747
0.000847 -0.009171
1
13.929323 206.025295
5.295000 9.953000 12.082942 32 2
0.065880 0.000000 0.000000 0.000000 0.070067
-0.004155 -0.001686
1
459.164965 159.472196
5.295000 9.953000 12.082942 23 2
0.065880 0.000000 0.000000 0.000000 0.083422
0.005807 -0.002550
4
248.290614 319.547156
5.295000 9.953000 12.082942 42 1
0.000000 0.000000 0.000000 0.000000 0.046019
0.003994 0.001754
4
130.344847 302.155534
5.295000 9.953000 12.082942 55 1
0.000000 0.000000 0.000000 0.000000 0.043212
-0.003835 0.001266
1
93.856110 137.165202
5.295000 9.953000 12.082942 29 2
0.065880 0.000000 0.000000 0.000000 0.051095
-0.005006 -0.003220
1
153.867932 443.189031
5.295000 9.953000 12.082942 22 2
0.065880 0.000000 0.000000 0.000000 0.081616
-0.001937 0.003792
4
423.704557 123.916273
5.295000 9.953000 12.082942 49 1
0.000000 0.000000 0.000000 0.000000 0.083038
0.004377 -0.003058
1
376.774965 40.229952
5.295000 9.953000 12.082942 0 1
0.065880 0.000000 0.000000 0.000000 0.289318
0.001504 -0.002437
4
238.810921 129.310839
5.295000 9.953000 12.082942 53 1
0.000000 0.000000 0.000000 0.000000 0.094163
0.000625 -0.004837
4
407.497550 293.972391
5.295000 9.953000 12.082942 53 1
0.000000 0.000000 0.000000 0.000000 0.070777
0.007996 -0.006426
1
260.088481 284.323203
5.295000 9.953000 12.082942 41 2
0.065880 0.000000 0.000000 0.000000 0.032064
0.002599 -0.000627
4
323.832329 132.840013
5.295000 9.953000 12.082942 37 1
0.000000 0.000000 0.000000 0.000000 0.072154
0.002118 -0.003258
1
305.584772 293.615262
5.295000 9.953000 12.082942 19 2
0.065880 0.000000 0.000000 0.000000 0.043095
-0.011162 0.006391
4
240.655705 366.546276
5.295000 9.953000 12.082942 34 1
0.000000 0.000000 0.000000 0.000000 0.083889
-0.000554 0.003580
1
340.676473 441.396018
5.295000 9.953000 12.082942 30 2
0.065880 0.000000 0.000000 0.000000 0.040980
0.002306 0.005321
1
193.558838 413.247849
5.295000 9.953000 12.082942 0 1
0.065880 0.000000 0.000000 0.000000 0.035617
-0.001458 0.004792
1
427.489521 178.695174
5.295000 9.953000 12.082942 32 2
0.065880 0.000000 0.000000 0.000000 0.054563
0.005744 -0.003501
4
435.719310 362.938937
5.295000 9.953000 12.082942 50 1
0.000000 0.000000 0.000000 0.000000 0.107445
0.002019 0.004098
1
466.607759 216.757737
5.295000 9.953000 12.082942 23 2
0.065880 0.000000 0.000000 0.000000 0.074582
0.006044 -0.002006
4
357.338626 463.508631
5.295000 9.953000 12.082942 50 1
0.000000 0.000000 0.000000 0.000000 0.108054
0.005914 0.006455
1
258.362179 462.366128
5.295000 9.953000 12.082942 23 2
0.065880 0.000000 0.000000 0.000000 0.055386
0.000326 0.005045
1
322.321780 389.503265
5.295000 9.953000 12.082942 20 2
0.065880 0.000000 0.000000 0.000000 0.042336
0.002397 0.002531
1
400.177105 263.608894
5.295000 9.953000 12.082942 37 2
0.065880 0.000000 0.000000 0.000000 0.051777
0.004170 -0.001573
1
63.329656 194.582602
5.295000 9.953000 12.082942 21 2
0.065880 0.000000 0.000000 0.000000 0.042209
-0.005954 -0.002009
1
249.456014 382.145109
5.295000 9.953000 12.082942 29 2
0.065880 0.000000 0.000000 0.000000 0.066212
-0.000464 0.004224
4
62.241975 212.804581
5.295000 9.953000 12.082942 33 1
0.000000 0.000000 0.000000 0.000000 0.088893
-0.003664 -0.001363
4
310.617438 403.038270
5.295000 9.953000 12.082942 44 1
0.000000 0.000000 0.000000 0.000000 0.066976
0.000858 0.005392
4
78.178588 165.785482
5.295000 9.953000 12.082942 46 1
0.000000 0.000000 0.000000 0.000000 0.061704
-0.005417 -0.002703
1
393.396722 234.151297
5.295000 9.953000 12.082942 52 2
0.065880 0.000000 0.000000 0.000000 0.061228
0.006946 -0.004934
4
104.377197 300.998179
5.295000 9.953000 12.082942 38 1
0.000000 0.000000 0.000000 0.000000 0.061298
-0.006859 0.002822
1
201.586056 94.861414
5.295000 9.953000 12.082942 0 1
0.065880 0.000000 0.000000 0.000000 0.047710
-0.001608 -0.008265
4
359.460749 286.598659
5.295000 9.953000 12.082942 45 1
0.000000 0.000000 0.000000 0.000000 0.067343
-0.005035 0.026206
4
377.534338 154.384098
5.295000 9.953000 12.082942 46 1
0.000000 0.000000 0.000000 0.000000 0.065582
0.002749 -0.002240
1
293.077051 478.930751
5.295000 9.953000 12.082942 30 2
0.065880 0.000000 0.000000 0.000000 0.053255
0.001865 0.005803
4
250.721551 115.602507
5.295000 9.953000 12.082942 39 1
0.000000 0.000000 0.000000 0.000000 0.077678
-0.002251 -0.005415
1
222.258422 366.495710
5.295000 9.953000 12.082942 0 1
0.065880 0.000000 0.000000 0.000000 0.040444
-0.001001 0.003471
4
319.871950 200.132502
5.295000 9.953000 12.082942 38 1
0.000000 0.000000 0.000000 0.000000 0.074128
0.002733 0.003143
1
389.047865 298.699961
5.295000 9.953000 12.082942 20 2
0.065880 0.000000 0.000000 0.000000 0.049767
0.004478 -0.001162
4
77.666356 146.898711
5.295000 9.953000 12.082942 48 1
0.000000 0.000000 0.000000 0.000000 0.047131
-0.005216 -0.002978
1
311.444959 246.670116
5.295000 9.953000 12.082942 0 1
0.065880 0.000000 0.000000 0.000000 0.039794
0.001645 -0.008166
1
482.669249 271.287832
5.295000 9.953000 12.082942 40 2
0.065880 0.000000 0.000000 0.000000 0.118166
0.008321 0.000872
4
392.744340 144.217839
5.295000 9.953000 12.082942 38 1
0.000000 0.000000 0.000000 0.000000 0.061313
0.003302 -0.003262
1
151.631447 325.554616
5.295000 9.953000 12.082942 26 2
0.065880 0.000000 0.000000 0.000000 0.047669
-0.003611 0.001797
4
131.901573 206.647732
5.295000 9.953000 12.082942 34 1
0.000000 0.000000 0.000000 0.000000 0.055925
-0.003951 -0.000778
4
259.039890 366.246649
5.295000 9.953000 12.082942 32 1
0.000000 0.000000 0.000000 0.000000 0.086866
-0.000027 0.004061
4
421.051889 86.797088
5.295000 9.953000 12.082942 38 1
0.000000 0.000000 0.000000 0.000000 0.226203
0.003114 -0.003264
2
148.617878 474.861370
5.295000 9.953000 12.082942 48 1
0.065880 0.000000 0.000000 0.000000 0.237353
0.003533 0.004180
4
234.638073 303.694284
5.295000 9.953000 12.082942 47 1
0.000000 0.000000 0.000000 0.000000 0.053064
-0.000977 0.000329
4
14.726803 225.284005
5.295000 9.953000 12.082942 39 1
0.000000 0.000000 0.000000 0.000000 0.071113
-0.004105 -0.001629
1
108.952724 108.363309
5.295000 9.953000 12.082942 20 2
0.065880 0.000000 0.000000 0.000000 0.063615
-0.004399 -0.003986
4
402.041064 368.243987
5.295000 9.953000 12.082942 47 1
0.000000 0.000000 0.000000 0.000000 0.120076
0.003435 0.011535
4
491.347547 195.797720
5.295000 9.953000 12.082942 52 1
0.000000 0.000000 0.000000 0.000000 0.190460
0.007189 0.001472
1
23.512735 336.843227
5.295000 9.953000 12.082942 30 2
0.065880 0.000000 0.000000 0.000000 0.210132
-0.002850 0.000381
4
139.476856 375.025888
5.295000 9.953000 12.082942 34 1
0.000000 0.000000 0.000000 0.000000 0.083637
-0.002781 0.002944
4
170.799093 118.651119
5.295000 9.953000 12.082942 42 1
0.000000 0.000000 0.000000 0.000000 0.052634
-0.005440 -0.003570
1
472.488469 307.645717
5.295000 9.953000 12.082942 40 2
0.065880 0.000000 0.000000 0.000000 0.057949
0.007226 0.001671
1
165.862911 395.472520
5.295000 9.953000 12.082942 25 2
0.065880 0.000000 0.000000 0.000000 0.046432
-0.002100 0.003671
4
88.550599 312.687707
5.295000 9.953000 12.082942 40 1
0.000000 0.000000 0.000000 0.000000 0.063873
-0.006476 0.002590
4
105.375173 66.028899
5.295000 9.953000 12.082942 42 1
0.000000 0.000000 0.000000 0.000000 0.206462
-0.005360 -0.002094
4
65.297510 249.994358
5.295000 9.953000 12.082942 39 1
0.000000 0.000000 0.000000 0.000000 0.076257
-0.004463 0.000038
1
212.228387 79.781320
5.295000 9.953000 12.082942 41 2
0.065880 0.000000 0.000000 0.000000 0.053607
0.008798 -0.001178
4
61.999749 157.063410
5.295000 9.953000 12.082942 33 1
0.000000 0.000000 0.000000 0.000000 0.052154
-0.005479 -0.002816
4
147.331349 307.368907
5.295000 9.953000 12.082942 37 1
0.000000 0.000000 0.000000 0.000000 0.049493
-0.003339 0.001496
4
18.307227 263.296061
5.295000 9.953000 12.082942 42 1
0.000000 0.000000 0.000000 0.000000 0.061937
-0.005164 -0.001045
1
170.970829 475.958842
5.295000 9.953000 12.082942 48 2
0.065880 0.000000 0.000000 0.000000 0.119500
-0.003294 0.005487
4
381.583304 189.787106
5.295000 9.953000 12.082942 45 1
0.000000 0.000000 0.000000 0.000000 0.049495
0.003784 -0.001658
4
117.418724 313.502941
5.295000 9.953000 12.082942 34 1
0.000000 0.000000 0.000000 0.000000 0.074023
-0.004542 0.001231
4
383.192107 207.067825
5.295000 9.953000 12.082942 55 1
0.000000 0.000000 0.000000 0.000000 0.061321
0.005971 -0.001188
1
197.303122 300.084223
5.295000 9.953000 12.082942 28 2
0.065880 0.000000 0.000000 0.000000 0.063807
-0.001800 0.001402
1
202.206531 429.435414
5.295000 9.953000 12.082942 42 2
0.065880 0.000000 0.000000 0.000000 0.037953
-0.001344 0.005422
4
264.913614 250.197825
5.295000 9.953000 12.082942 50 1
0.000000 0.000000 0.000000 0.000000 0.039315
-0.000651 -0.002205
2
463.344145 378.914918
5.295000 9.953000 12.082942 51 1
0.065880 0.000000 0.000000 0.000000 0.217012
0.005832 0.000046
4
365.505792 413.067109
5.295000 9.953000 12.082942 44 1
0.000000 0.000000 0.000000 0.000000 0.055273
0.001986 0.005510
4
175.774933 347.061896
5.295000 9.953000 12.082942 43 1
0.000000 0.000000 0.000000 0.000000 0.054159
-0.002961 0.002259
4
405.480929 97.660187
5.295000 9.953000 12.082942 40 1
0.000000 0.000000 0.000000 0.000000 0.104977
0.001579 -0.004790
4
294.425597 278.617890
5.295000 9.953000 12.082942 41 1
0.000000 0.000000 0.000000 0.000000 0.064969
0.003839 0.000563
4
425.294648 142.301058
5.295000 9.953000 12.082942 45 1
0.000000 0.000000 0.000000 0.000000 0.058927
0.004765 -0.003171
4
103.539584 282.419645
5.295000 9.953000 12.082942 46 1
0.000000 0.000000 0.000000 0.000000 0.060765
-0.004161 0.001793
1
473.640104 357.867875
5.295000 9.953000 12.082942 33 2
0.065880 0.000000 0.000000 0.000000 0.147775
0.004001 0.003933
1
379.571828 172.199465
5.295000 9.953000 12.082942 25 2
0.065880 0.000000 0.000000 0.000000 0.047748
0.002866 -0.001991
5
367.856760 334.630778
5.195070 9.765163 11.854907 38 1
0.065880 0.000000 0.000000 0.000000 0.106523
0.110517 0.007452
1
113.597837 434.880732
5.295000 9.953000 12.082942 0 1
0.065880 0.000000 0.000000 0.000000 0.083853
-0.003389 0.003598
1
396.581156 451.027861
5.295000 9.953000 12.082942 25 2
0.065880 0.000000 0.000000 0.000000 0.209660
0.004080 0.003748
1
93.871211 426.569543
5.295000 9.953000 12.082942 25 2
0.065880 0.000000 0.000000 0.000000 0.108742
-0.003655 0.003595
1
155.099161 228.522108
5.295000 9.953000 12.082942 21 2
0.065880 0.000000 0.000000 0.000000 0.041487
-0.002419 -0.000681
1
457.867785 140.621306
5.295000 9.953000 12.082942 21 2
0.065880 0.000000 0.000000 0.000000 0.088600
0.008733 -0.001874
4
444.646512 378.891470
5.295000 9.953000 12.082942 44 1
0.000000 0.000000 0.000000 0.000000 0.118798
0.004433 0.004420
1
270.400529 39.253461
5.295000 9.953000 12.082942 0 1
0.065880 0.000000 0.000000 0.000000 0.160667
-0.001255 -0.006701
1
30.415049 214.768817
5.295000 9.953000 12.082942 20 2
0.065880 0.000000 0.000000 0.000000 0.048234
-0.003994 -0.001638
1
310.318449 229.751076
5.295000 9.953000 12.082942 19 2
0.065880 0.000000 0.000000 0.000000 0.043474
-0.007090 0.005305
4
184.711336 266.226077
5.295000 9.953000 12.082942 42 1
0.000000 0.000000 0.000000 0.000000 0.073805
-0.002282 0.000359
4
258.016499 397.996690
5.295000 9.953000 12.082942 49 1
0.000000 0.000000 0.000000 0.000000 0.054914
-0.000434 0.004775
1
261.463128 232.404572
5.295000 9.953000 12.082942 27 2
0.065880 0.000000 0.000000 0.000000 0.031629
-0.000286 -0.001626
1
248.862131 446.353841
5.295000 9.953000 12.082942 19 2
0.065880 0.000000 0.000000 0.000000 0.051434
-0.000282 0.004880
4
404.081079 79.109170
5.295000 9.953000 12.082942 49 1
0.000000 0.000000 0.000000 0.000000 0.119765
0.003629 -0.005297
1
321.293434 455.573822
5.295000 9.953000 12.082942 47 2
0.065880 0.000000 0.000000 0.000000 0.041279
0.003377 0.005852
1
300.554983 261.640108
5.295000 9.953000 12.082942 24 2
0.065880 0.000000 0.000000 0.000000 0.043387
-0.000508 0.001610
1
485.488469 321.304106
5.295000 9.953000 12.082942 52 2
0.065880 0.000000 0.000000 0.000000 0.084712
0.006965 0.002529
4
237.957154 2.607309
5.295000 9.953000 12.082942 51 1
0.000000 0.000000 0.000000 0.000000 0.121551
-0.002650 -0.008569
1
112.443097 48.443794
5.295000 9.953000 12.082942 52 2
0.065880 0.000000 0.000000 0.000000 0.352989
-0.001083 -0.000059
4
98.355308 210.876722
5.295000 9.953000 12.082942 33 1
0.000000 0.000000 0.000000 0.000000 0.080006
-0.009571 -0.002470
4
162.146511 35.939617
5.295000 9.953000 12.082942 38 1
0.000000 0.000000 0.000000 0.000000 0.122134
0.000159 -0.002628
4
396.371802 401.266526
5.295000 9.953000 12.082942 49 1
0.000000 0.000000 0.000000 0.000000 0.063637
0.001987 0.006675
4
157.434301 180.640025
5.295000 9.953000 12.082942 36 1
0.000000 0.000000 0.000000 0.000000 0.060775
-0.003717 -0.002386
4
366.671676 200.031453
5.295000 9.953000 12.082942 36 1
0.000000 0.000000 0.000000 0.000000 0.086886
0.004344 0.000386
4
296.741796 158.936413
5.295000 9.953000 12.082942 43 1
0.000000 0.000000 0.000000 0.000000 0.041628
0.002267 -0.002559
4
256.120487 85.154535
5.295000 9.953000 12.082942 42 1
0.000000 0.000000 0.000000 0.000000 0.082187
-0.003555 -0.005351
4
214.442274 319.624126
5.295000 9.953000 12.082942 46 1
0.000000 0.000000 0.000000 0.000000 0.048299
0.001354 0.002227
4
174.915300 21.656867
5.295000 9.953000 12.082942 55 1
0.000000 0.000000 0.000000 0.000000 0.118100
-0.001769 -0.002499
1
1.113757 255.742393
5.295000 9.953000 12.082942 23 2
0.065880 0.000000 0.000000 0.000000 0.061961
-0.005008 -0.001667
4
35.568549 271.038673
5.295000 9.953000 12.082942 35 1
0.000000 0.000000 0.000000 0.000000 0.082654
-0.005371 -0.000063
4
292.809447 226.039278
5.295000 9.953000 12.082942 34 1
0.000000 0.000000 0.000000 0.000000 0.056206
-0.004131 -0.002895
1
37.810743 289.377497
5.295000 9.953000 12.082942 23 2
0.065880 0.000000 0.000000 0.000000 0.063433
-0.006363 0.000689
1
287.280006 123.464463
5.295000 9.953000 12.082942 36 2
0.065880 0.000000 0.000000 0.000000 0.041481
0.000339 -0.004544
1
135.959287 273.385912
5.295000 9.953000 12.082942 29 2
0.065880 0.000000 0.000000 0.000000 0.036666
-0.003096 0.000502
4
267.695228 382.030144
5.295000 9.953000 12.082942 31 1
0.000000 0.000000 0.000000 0.000000 0.065820
-0.000017 0.004641
4
207.589858 13.369002
5.295000 9.953000 12.082942 34 1
0.000000 0.000000 0.000000 0.000000 0.095666
-0.001913 -0.008468
4
130.143783 154.221138
5.295000 9.953000 12.082942 48 1
0.000000 0.000000 0.000000 0.000000 0.060335
-0.005006 -0.002151
4
230.424755 413.935232
5.295000 9.953000 12.082942 39 1
0.000000 0.000000 0.000000 0.000000 0.075350
-0.001086 0.004901
4
50.535019 260.490079
5.295000 9.953000 12.082942 38 1
0.000000 0.000000 0.000000 0.000000 0.095828
-0.004898 0.000106
4
174.668882 136.482975
5.295000 9.953000 12.082942 44 1
0.000000 0.000000 0.000000 0.000000 0.068957
-0.002457 -0.004413
4
258.395581 334.587956
5.295000 9.953000 12.082942 54 1
0.000000 0.000000 0.000000 0.000000 0.046478
0.000377 0.002482
4
221.354135 126.555411
5.295000 9.953000 12.082942 50 1
0.000000 0.000000 0.000000 0.000000 0.070952
0.001101 -0.000219
1
420.904389 421.958903
5.295000 9.953000 12.082942 0 1
0.065880 0.000000 0.000000 0.000000 0.156193
0.001828 0.001553
4
369.406580 217.154385
5.295000 9.953000 12.082942 40 1
0.000000 0.000000 0.000000 0.000000 0.084803
0.005757 0.002487
4
227.555440 220.477566
5.295000 9.953000 12.082942 35 1
0.000000 0.000000 0.000000 0.000000 0.057287
-0.002156 -0.000837
1
323.073676 291.166003
5.295000 9.953000 12.082942 38 2
0.065880 0.000000 0.000000 0.000000 0.040562
0.033221 0.044446
4
282.011458 312.857054
5.295000 9.953000 12.082942 53 1
0.000000 0.000000 0.000000 0.000000 0.046012
0.010364 0.002472
4
327.115292 238.046995
5.295000 9.953000 12.082942 39 1
0.000000 0.000000 0.000000 0.000000 0.052736
-0.003202 -0.017896
4
94.253980 174.419658
5.295000 9.953000 12.082942 54 1
0.000000 0.000000 0.000000 0.000000 0.038005
-0.005309 -0.002531
4
194.406338 74.436529
5.295000 9.953000 12.082942 46 1
0.000000 0.000000 0.000000 0.000000 0.060944
0.005442 -0.000778
4
149.689449 211.225927
5.295000 9.953000 12.082942 48 1
0.000000 0.000000 0.000000 0.000000 0.059970
-0.003160 -0.001046
4
146.505287 426.312213
5.295000 9.953000 12.082942 48 1
0.000000 0.000000 0.000000 0.000000 0.059075
-0.002480 0.003911
1
214.487381 108.416006
5.295000 9.953000 12.082942 38 2
0.065880 0.000000 0.000000 0.000000 0.046931
-0.012264 0.005195
4
135.882979 356.445691
5.295000 9.953000 12.082942 50 1
0.000000 0.000000 0.000000 0.000000 0.050444
-0.002965 0.002520
4
123.378302 404.475785
5.295000 9.953000 12.082942 46 1
0.000000 0.000000 0.000000 0.000000 0.082960
-0.003024 0.003796
1
402.637672 418.669073
5.295000 9.953000 12.082942 0 1
0.065880 0.000000 0.000000 0.000000 0.064078
0.001469 0.004991
4
103.161443 323.362727
5.295000 9.953000 12.082942 36 1
0.000000 0.000000 0.000000 0.000000 0.070769
-0.004999 0.001633
1
237.523247 81.516476
5.295000 9.953000 12.082942 0 1
0.065880 0.000000 0.000000 0.000000 0.063496
-0.006624 -0.003531
4
52.968479 278.815815
5.295000 9.953000 12.082942 31 1
0.000000 0.000000 0.000000 0.000000 0.095524
-0.005734 0.000917
1
212.798968 382.005745
5.295000 9.953000 12.082942 0 1
0.065880 0.000000 0.000000 0.000000 0.050837
-0.001089 0.003959
1
298.594981 428.139904
5.295000 9.953000 12.082942 0 1
0.065880 0.000000 0.000000 0.000000 0.062629
0.001839 0.005151
1
165.764041 83.568807
5.295000 9.953000 12.082942 41 2
0.065880 0.000000 0.000000 0.000000 0.058536
-0.004194 -0.004649
1
336.479287 205.974554
5.295000 9.953000 12.082942 52 2
0.065880 0.000000 0.000000 0.000000 0.063358
0.002659 0.003331
4
54.956325 297.119698
5.295000 9.953000 12.082942 43 1
0.000000 0.000000 0.000000 0.000000 0.067508
-0.006887 0.001886
4
375.029587 351.093066
5.295000 9.953000 12.082942 47 1
0.000000 0.000000 0.000000 0.000000 0.104697
0.000755 -0.016683
1
477.697274 289.543718
5.295000 9.953000 12.082942 0 1
0.065880 0.000000 0.000000 0.000000 0.093077
0.007477 0.001031
4
357.594702 230.010521
5.295000 9.953000 12.082942 41 1
0.000000 0.000000 0.000000 0.000000 0.075313
0.005977 0.007335
4
223.358949 496.960311
5.295000 9.953000 12.082942 46 1
0.000000 0.000000 0.000000 0.000000 0.092189
-0.002254 0.007982
1
276.094474 469.857370
5.295000 9.953000 12.082942 21 2
0.065880 0.000000 0.000000 0.000000 0.044971
0.001614 0.005113
1
454.947727 202.102986
5.295000 9.953000 12.082942 22 2
0.065880 0.000000 0.000000 0.000000 0.079945
0.006470 -0.002774
1
345.516241 362.134686
5.295000 9.953000 12.082942 46 2
0.065880 0.000000 0.000000 0.000000 0.063282
0.020791 -0.015033
4
166.827864 263.099530
5.295000 9.953000 12.082942 32 1
0.000000 0.000000 0.000000 0.000000 0.066948
-0.002413 0.000098
1
266.801779 167.024394
5.295000 9.953000 12.082942 19 2
0.065880 0.000000 0.000000 0.000000 0.052684
0.001650 -0.003854
4
316.824507 308.347105
5.295000 9.953000 12.082942 41 1
0.000000 0.000000 0.000000 0.000000 0.044234
0.039246 -0.012191
4
144.892809 193.989058
5.295000 9.953000 12.082942 29 1
0.000000 0.000000 0.000000 0.000000 0.055609
-0.004000 -0.001403
4
204.666963 334.664698
5.295000 9.953000 12.082942 39 1
0.000000 0.000000 0.000000 0.000000 0.061322
-0.001906 0.002857
1
256.753932 132.639983
5.295000 9.953000 12.082942 0 1
0.065880 0.000000 0.000000 0.000000 0.054164
0.000739 -0.004877
4
173.246666 445.507878
5.295000 9.953000 12.082942 37 1
0.000000 0.000000 0.000000 0.000000 0.090555
-0.001658 0.003489
1
433.377622 320.894198
5.295000 9.953000 12.082942 0 1
0.065880 0.000000 0.000000 0.000000 0.061071
0.009832 0.000451
1
168.613610 53.274002
5.295000 9.953000 12.082942 0 1
0.065880 0.000000 0.000000 0.000000 0.055155
0.001065 -0.001989
4
192.439878 445.530662
5.295000 9.953000 12.082942 50 1
0.000000 0.000000 0.000000 0.000000 0.065315
-0.001602 0.005377
4
74.481502 380.259793
5.295000 9.953000 12.082942 37 1
0.000000 0.000000 0.000000 0.000000 0.108782
-0.003901 0.003576
1
96.473658 246.240426
5.295000 9.953000 12.082942 25 2
0.065880 0.000000 0.000000 0.000000 0.047435
-0.004068 0.000592
4
427.172383 339.159971
5.295000 9.953000 12.082942 54 1
0.000000 0.000000 0.000000 0.000000 0.065817
0.004678 0.002547
4
196.906609 252.018161
5.295000 9.953000 12.082942 41 1
0.000000 0.000000 0.000000 0.000000 0.058834
-0.001957 0.000131
1
138.173067 65.920318
5.295000 9.953000 12.082942 21 2
0.065880 0.000000 0.000000 0.000000 0.066830
-0.002208 -0.004572
4
237.444944 272.972425
5.295000 9.953000 12.082942 46 1
0.000000 0.000000 0.000000 0.000000 0.069687
-0.000472 0.000505
1
226.000360 16.991545
5.295000 9.953000 12.082942 26 2
0.065880 0.000000 0.000000 0.000000 0.116843
-0.001654 -0.007722
4
180.103228 153.652045
5.295000 9.953000 12.082942 38 1
0.000000 0.000000 0.000000 0.000000 0.059120
-0.001978 -0.004686
4
67.936706 268.307715
5.295000 9.953000 12.082942 35 1
0.000000 0.000000 0.000000 0.000000 0.094689
-0.005121 0.000798
4
161.973431 149.030629
5.295000 9.953000 12.082942 45 1
0.000000 0.000000 0.000000 0.000000 0.065530
-0.003092 -0.002881
1
328.559796 406.787754
5.295000 9.953000 12.082942 22 2
0.065880 0.000000 0.000000 0.000000 0.052441
0.001653 0.005244
4
22.538821 300.096027
5.295000 9.953000 12.082942 39 1
0.000000 0.000000 0.000000 0.000000 0.134490
-0.007377 -0.000537
4
238.890565 187.691693
5.295000 9.953000 12.082942 48 1
0.000000 0.000000 0.000000 0.000000 0.073442
-0.000523 -0.008399
4
93.059850 99.279879
5.295000 9.953000 12.082942 52 1
0.000000 0.000000 0.000000 0.000000 0.101968
-0.005095 -0.003633
1
434.999286 409.832754
5.295000 9.953000 12.082942 20 2
0.065880 0.000000 0.000000 0.000000 0.112026
0.003689 0.004163
4
448.588476 267.502197
5.295000 9.953000 12.082942 51 1
0.000000 0.000000 0.000000 0.000000 0.063329
0.007029 -0.000391
4
277.356744 366.017180
5.295000 9.953000 12.082942 30 1
0.000000 0.000000 0.000000 0.000000 0.085065
0.000548 0.004572
4
205.070343 174.073198
5.295000 9.953000 12.082942 36 1
0.000000 0.000000 0.000000 0.000000 0.046354
-0.004285 -0.003265
4
221.544505 397.933046
5.295000 9.953000 12.082942 38 1
0.000000 0.000000 0.000000 0.000000 0.069051
-0.001101 0.004455
4
158.138380 378.437377
5.295000 9.953000 12.082942 42 1
0.000000 0.000000 0.000000 0.000000 0.072046
-0.002173 0.003210
4
239.146099 462.473315
5.295000 9.953000 12.082942 34 1
0.000000 0.000000 0.000000 0.000000 0.068533
-0.000100 0.003876
1
301.693822 75.827653
5.295000 9.953000 12.082942 21 2
0.065880 0.000000 0.000000 0.000000 0.109424
-0.000194 -0.006667
4
244.478499 226.444512
5.295000 9.953000 12.082942 55 1
0.000000 0.000000 0.000000 0.000000 0.042751
-0.001462 -0.002043
1
215.857473 302.114633
5.295000 9.953000 12.082942 0 1
0.065880 0.000000 0.000000 0.000000 0.043601
-0.001298 0.001423
1
443.566237 285.345846
5.295000 9.953000 12.082942 34 2
0.065880 0.000000 0.000000 0.000000 0.069875
0.007200 -0.000508
1
258.577759 214.618697
5.295000 9.953000 12.082942 19 2
0.065880 0.000000 0.000000 0.000000 0.034823
-0.002288 -0.002965
1
259.515274 53.857666
5.295000 9.953000 12.082942 0 1
0.065880 0.000000 0.000000 0.000000 0.102226
-0.003015 -0.006184
4
215.569000 158.868983
5.295000 9.953000 12.082942 45 1
0.000000 0.000000 0.000000 0.000000 0.056284
-0.000998 -0.000126
1
344.563749 477.727982
5.295000 9.953000 12.082942 19 2
0.065880 0.000000 0.000000 0.000000 0.109505
0.003958 0.005482
4
269.850564 184.886331
5.295000 9.953000 12.082942 50 1
0.000000 0.000000 0.000000 0.000000 0.032274
0.001620 -0.002909
1
184.699714 218.507394
5.295000 9.953000 12.082942 23 2
0.065880 0.000000 0.000000 0.000000 0.036329
-0.001463 -0.001193
1
240.518518 335.725187
5.295000 9.953000 12.082942 21 2
0.065880 0.000000 0.000000 0.000000 0.038703
-0.000753 0.003870
4
453.146445 249.576664
5.295000 9.953000 12.082942 53 1
0.000000 0.000000 0.000000 0.000000 0.064053
0.007818 -0.000260
4
204.102698 365.976249
5.295000 9.953000 12.082942 45 1
0.000000 0.000000 0.000000 0.000000 0.058521
-0.001094 0.003385
4
61.283817 119.273947
5.295000 9.953000 12.082942 44 1
0.000000 0.000000 0.000000 0.000000 0.113539
-0.005409 -0.002960
1
267.400950 267.807698
5.295000 9.953000 12.082942 24 2
0.065880 0.000000 0.000000 0.000000 0.038714
0.002292 0.000602
4
110.619916 182.590982
5.295000 9.953000 12.082942 42 1
0.000000 0.000000 0.000000 0.000000 0.059390
-0.005179 -0.001322
4
121.524018 94.577117
5.295000 9.953000 12.082942 36 1
0.000000 0.000000 0.000000 0.000000 0.071251
-0.003633 -0.004168
1
155.815574 18.451754
5.295000 9.953000 12.082942 19 2
0.065880 0.000000 0.000000 0.000000 0.376154
-0.000375 -0.003231
4
422.296176 375.439167
5.295000 9.953000 12.082942 46 1
0.000000 0.000000 0.000000 0.000000 0.122858
-0.000140 0.003268
1
244.469157 146.138046
5.295000 9.953000 12.082942 0 1
0.065880 0.000000 0.000000 0.000000 0.044731
0.001397 -0.004651
4
350.706155 332.764181
5.295000 9.953000 12.082942 45 1
0.000000 0.000000 0.000000 0.000000 0.116209
-0.092694 -0.157898
1
378.005863 447.866770
5.295000 9.953000 12.082942 26 2
0.065880 0.000000 0.000000 0.000000 0.064811
0.002817 0.006806
1
120.141597 331.511104
5.295000 9.953000 12.082942 0 1
0.065880 0.000000 0.000000 0.000000 0.041987
-0.004530 0.001656
4
440.818899 132.272603
5.295000 9.953000 12.082942 53 1
0.000000 0.000000 0.000000 0.000000 0.076526
0.005994 -0.002064
4
346.988714 410.043444
5.295000 9.953000 12.082942 41 1
0.000000 0.000000 0.000000 0.000000 0.069555
0.001879 0.005196
1
192.549988 187.575215
5.295000 9.953000 12.082942 23 2
0.065880 0.000000 0.000000 0.000000 0.032300
-0.003879 -0.002393
1
277.727870 55.915354
5.295000 9.953000 12.082942 39 2
0.065880 0.000000 0.000000 0.000000 0.125836
-0.001474 -0.005788
1
267.943040 446.270584
5.295000 9.953000 12.082942 37 2
0.065880 0.000000 0.000000 0.000000 0.043357
0.000170 0.005393
4
406.495202 115.899710
5.295000 9.953000 12.082942 41 1
0.000000 0.000000 0.000000 0.000000 0.088633
0.003489 -0.003987
1
318.780324 78.746189
5.295000 9.953000 12.082942 32 2
0.065880 0.000000 0.000000 0.000000 0.101458
0.000588 -0.007285
4
126.372697 136.167380
5.295000 9.953000 12.082942 37 1
0.000000 0.000000 0.000000 0.000000 0.047444
-0.004802 -0.002665
1
358.355314 129.824206
5.295000 9.953000 12.082942 30 2
0.065880 0.000000 0.000000 0.000000 0.057808
0.002772 -0.002306
4
127.619456 422.716032
5.295000 9.953000 12.082942 49 1
0.000000 0.000000 0.000000 0.000000 0.074800
-0.002538 0.004283
1
422.816695 241.573130
5.295000 9.953000 12.082942 21 2
0.065880 0.000000 0.000000 0.000000 0.067725
0.006222 -0.001256
1
330.046437 274.855863
5.295000 9.953000 12.082942 19 2
0.065880 0.000000 0.000000 0.000000 0.051388
-0.003630 -0.011970
4
334.591891 423.936817
5.295000 9.953000 12.082942 37 1
0.000000 0.000000 0.000000 0.000000 0.065062
0.002070 0.004996
1
131.346025 48.262817
5.295000 9.953000 12.082942 0 1
0.065880 0.000000 0.000000 0.000000 0.146129
-0.000867 -0.005164
4
230.238909 238.276330
5.295000 9.953000 12.082942 43 1
0.000000 0.000000 0.000000 0.000000 0.062568
-0.001606 -0.000943
4
214.809436 253.925761
5.295000 9.953000 12.082942 42 1
0.000000 0.000000 0.000000 0.000000 0.068263
-0.001556 0.000858
1
389.114005 108.048646
5.295000 9.953000 12.082942 26 2
0.065880 0.000000 0.000000 0.000000 0.060700
0.003314 -0.005344
4
169.496169 101.060712
5.295000 9.953000 12.082942 51 1
0.000000 0.000000 0.000000 0.000000 0.044720
-0.002895 -0.004326
4
220.075174 270.740034
5.295000 9.953000 12.082942 31 1
0.000000 0.000000 0.000000 0.000000 0.089229
-0.001453 0.000757
4
188.631866 56.521002
5.295000 9.953000 12.082942 55 1
0.000000 0.000000 0.000000 0.000000 0.042988
0.001957 -0.001606
4
313.810181 163.987431
5.295000 9.953000 12.082942 39 1
0.000000 0.000000 0.000000 0.000000 0.065270
0.002461 -0.000844
4
360.397263 147.515750
5.295000 9.953000 12.082942 36 1
0.000000 0.000000 0.000000 0.000000 0.061771
0.002252 -0.001678
1
487.202903 252.719089
5.295000 9.953000 12.082942 0 1
0.065880 0.000000 0.000000 0.000000 0.111397
0.008554 0.000302
4
282.282606 257.598913
5.295000 9.953000 12.082942 38 1
0.000000 0.000000 0.000000 0.000000 0.054625
0.000302 -0.005070
4
430.735261 272.310099
5.295000 9.953000 12.082942 36 1
0.000000 0.000000 0.000000 0.000000 0.097416
0.006462 -0.001184
1
190.532047 235.709170
5.295000 9.953000 12.082942 0 1
0.065880 0.000000 0.000000 0.000000 0.033709
-0.000684 -0.001174
1
292.504246 141.123727
5.295000 9.953000 12.082942 21 2
0.065880 0.000000 0.000000 0.000000 0.035645
0.001378 -0.003333
1
126.415263 238.523265
5.295000 9.953000 12.082942 23 2
0.065880 0.000000 0.000000 0.000000 0.033086
-0.003133 0.000161
1
198.188518 157.001974
5.295000 9.953000 12.082942 0 1
0.065880 0.000000 0.000000 0.000000 0.057322
-0.002108 -0.004907
4
305.232033 445.972502
5.295000 9.953000 12.082942 34 1
0.000000 0.000000 0.000000 0.000000 0.068927
0.002197 0.005618
4
3.162546 274.533222
5.295000 9.953000 12.082942 46 1
0.000000 0.000000 0.000000 0.000000 0.073140
-0.005708 -0.001638
4
220.893405 429.766523
5.295000 9.953000 12.082942 41 1
0.000000 0.000000 0.000000 0.000000 0.067717
-0.001288 0.005358
4
192.224128 140.418777
5.295000 9.953000 12.082942 36 1
0.000000 0.000000 0.000000 0.000000 0.069937
-0.000873 -0.007299
4
214.115066 30.981424
5.295000 9.953000 12.082942 43 1
0.000000 0.000000 0.000000 0.000000 0.107378
-0.002973 -0.007794
4
355.289307 112.175997
5.295000 9.953000 12.082942 51 1
0.000000 0.000000 0.000000 0.000000 0.063422
0.005200 -0.003089
4
178.799395 249.351028
5.295000 9.953000 12.082942 41 1
0.000000 0.000000 0.000000 0.000000 0.051908
-0.001814 -0.000492
4
207.490679 484.461224
5.295000 9.953000 12.082942 37 1
0.000000 0.000000 0.000000 0.000000 0.091585
-0.002770 0.002188
4
157.627451 130.934405
5.295000 9.953000 12.082942 35 1
0.000000 0.000000 0.000000 0.000000 0.082039
-0.004093 -0.002411
4
144.172889 142.913890
5.295000 9.953000 12.082942 48 1
0.000000 0.000000 0.000000 0.000000 0.067849
-0.004383 -0.002171
1
186.909247 332.748438
5.295000 9.953000 12.082942 22 2
0.065880 0.000000 0.000000 0.000000 0.039598
-0.002196 0.002068
4
140.712716 176.653890
5.295000 9.953000 12.082942 44 1
0.000000 0.000000 0.000000 0.000000 0.057927
-0.004482 -0.001504
1
62.621250 175.945619
5.295000 9.953000 12.082942 19 2
0.065880 0.000000 0.000000 0.000000 0.042447
-0.005668 -0.002525
1
202.019661 465.757305
5.295000 9.953000 12.082942 23 2
0.065880 0.000000 0.000000 0.000000 0.056673
-0.002734 0.002083
1
186.439157 365.241648
5.295000 9.953000 12.082942 25 2
0.065880 0.000000 0.000000 0.000000 0.037927
-0.001440 0.003803
1
280.526971 23.801327
5.295000 9.953000 12.082942 49 2
0.065880 0.000000 0.000000 0.000000 0.150229
0.003956 -0.004837
1
44.841398 110.320569
5.295000 9.953000 12.082942 21 2
0.065880 0.000000 0.000000 0.000000 0.320959
-0.005720 -0.002782
4
390.315206 433.331451
5.295000 9.953000 12.082942 46 1
0.000000 0.000000 0.000000 0.000000 0.092526
0.002439 0.005270
4
106.770240 378.349329
5.295000 9.953000 12.082942 39 1
0.000000 0.000000 0.000000 0.000000 0.066532
-0.003439 0.003100
1
262.868028 102.181571
5.295000 9.953000 12.082942 35 2
0.065880 0.000000 0.000000 0.000000 0.058726
-0.001978 -0.005312
4
87.932874 332.712782
5.295000 9.953000 12.082942 47 1
0.000000 0.000000 0.000000 0.000000 0.064869
-0.004953 0.002320
4
137.252686 84.740145
5.295000 9.953000 12.082942 51 1
0.000000 0.000000 0.000000 0.000000 0.052047
-0.003417 -0.004471
2
394.042674 48.054463
5.295000 9.953000 12.082942 54 1
0.065880 0.000000 0.000000 0.000000 0.371044
0.004988 -0.008084
1
63.238835 231.439495
5.295000 9.953000 12.082942 0 1
0.065880 0.000000 0.000000 0.000000 0.066868
-0.003980 -0.000716
1
72.534632 342.601531
5.295000 9.953000 12.082942 31 2
0.065880 0.000000 0.000000 0.000000 0.050772
-0.004031 0.003542
1
109.798550 234.068121
5.295000 9.953000 12.082942 22 2
0.065880 0.000000 0.000000 0.000000 0.036084
-0.003516 0.000550
4
148.820565 259.713067
5.295000 9.953000 12.082942 32 1
0.000000 0.000000 0.000000 0.000000 0.044870
-0.002718 0.000098
4
377.701486 398.759059
5.295000 9.953000 12.082942 44 1
0.000000 0.000000 0.000000 0.000000 0.063160
0.001819 0.003807
4
55.992511 315.541929
5.295000 9.953000 12.082942 42 1
0.000000 0.000000 0.000000 0.000000 0.066359
-0.007250 0.002666
1
184.614219 396.893040
5.295000 9.953000 12.082942 0 1
0.065880 0.000000 0.000000 0.000000 0.036755
-0.001657 0.004225
1
268.137065 350.117673
5.295000 9.953000 12.082942 21 2
0.065880 0.000000 0.000000 0.000000 0.053970
0.000544 0.003969
1
300.151957 176.913675
5.295000 9.953000 12.082942 41 2
0.065880 0.000000 0.000000 0.000000 0.039260
0.002414 -0.001640
1
310.241476 145.882463
5.295000 9.953000 12.082942 20 2
0.065880 0.000000 0.000000 0.000000 0.046202
0.002228 -0.002376
4
109.006085 163.961471
5.295000 9.953000 12.082942 36 1
0.000000 0.000000 0.000000 0.000000 0.040171
-0.004919 -0.002243
1
289.360746 207.986322
5.295000 9.953000 12.082942 24 2
0.065880 0.000000 0.000000 0.000000 0.046624
0.000204 -0.002183
1
329.752926 92.099469
5.295000 9.953000 12.082942 30 2
0.065880 0.000000 0.000000 0.000000 0.064126
0.002670 -0.008179
4
190.634400 283.254236
5.295000 9.953000 12.082942 46 1
0.000000 0.000000 0.000000 0.000000 0.074467
-0.002028 0.000916
1
256.451026 5.546190
5.295000 9.953000 12.082942 52 2
0.065880 0.000000 0.000000 0.000000 0.201724
-0.002395 -0.008631
1
293.573994 398.835940
5.295000 9.953000 12.082942 21 2
0.065880 0.000000 0.000000 0.000000 0.054119
0.000342 0.006030
4
76.824846 90.192599
5.295000 9.953000 12.082942 38 1
0.000000 0.000000 0.000000 0.000000 0.188310
-0.005927 -0.002705
4
294.518724 244.248138
5.295000 9.953000 12.082942 50 1
0.000000 0.000000 0.000000 0.000000 0.050575
0.006462 -0.003130
4
249.828055 162.537831
5.295000 9.953000 12.082942 43 1
0.000000 0.000000 0.000000 0.000000 0.059022
0.000563 -0.004083
1
169.158647 329.765483
5.295000 9.953000 12.082942 25 2
0.065880 0.000000 0.000000 0.000000 0.044470
-0.003056 0.002084
4
140.750466 124.695073
5.295000 9.953000 12.082942 33 1
0.000000 0.000000 0.000000 0.000000 0.081405
-0.004393 -0.002285
1
333.675877 304.897015
5.295000 9.953000 12.082942 20 2
0.065880 0.000000 0.000000 0.000000 0.038014
-0.099139 -0.100345
1
415.734354 324.764348
5.295000 9.953000 12.082942 0 1
0.065880 0.000000 0.000000 0.000000 0.089165
-0.008891 0.003090
1
105.236513 359.915083
5.295000 9.953000 12.082942 19 2
0.065880 0.000000 0.000000 0.000000 0.053624
-0.003575 0.002722
4
248.778298 68.033669
5.295000 9.953000 12.082942 49 1
0.000000 0.000000 0.000000 0.000000 0.086567
-0.004318 -0.004785
1
376.238282 77.104239
5.295000 9.953000 12.082942 47 2
0.065880 0.000000 0.000000 0.000000 0.074738
0.002374 -0.011494
1
299.568855 110.054976
5.295000 9.953000 12.082942 32 2
0.065880 0.000000 0.000000 0.000000 0.042781
-0.000545 -0.005409
1
449.309578 329.660002
5.295000 9.953000 12.082942 52 2
0.065880 0.000000 0.000000 0.000000 0.055435
0.006129 0.002436
4
79.713025 239.270614
5.295000 9.953000 12.082942 43 1
0.000000 0.000000 0.000000 0.000000 0.061372
-0.004026 -0.000079
4
46.849084 223.202137
5.295000 9.953000 12.082942 32 1
0.000000 0.000000 0.000000 0.000000 0.059576
-0.003968 -0.001267
4
464.542464 276.441470
5.295000 9.953000 12.082942 50 1
0.000000 0.000000 0.000000 0.000000 0.092677
0.007381 0.000735
1
179.751905 201.196706
5.295000 9.953000 12.082942 20 2
0.065880 0.000000 0.000000 0.000000 0.033482
-0.002847 -0.001547
4
295.755701 366.989560
5.295000 9.953000 12.082942 39 1
0.000000 0.000000 0.000000 0.000000 0.092834
0.001156 0.005285
4
75.724854 399.117805
5.295000 9.953000 12.082942 48 1
0.000000 0.000000 0.000000 0.000000 0.128259
-0.003769 0.003636
4
310.286753 325.216919
5.295000 9.953000 12.082942 32 1
0.000000 0.000000 0.000000 0.000000 0.076451
0.001583 0.010357
1
131.115834 256.049584
5.295000 9.953000 12.082942 36 2
0.065880 0.000000 0.000000 0.000000 0.034675
-0.003189 0.000275
4
93.418592 118.370436
5.295000 9.953000 12.082942 40 1
0.000000 0.000000 0.000000 0.000000 0.071483
-0.004743 -0.003563
1
425.527272 289.845557
5.295000 9.953000 12.082942 21 2
0.065880 0.000000 0.000000 0.000000 0.090620
0.006376 -0.000440
1
352.802967 212.102522
5.295000 9.953000 12.082942 0 1
0.065880 0.000000 0.000000 0.000000 0.063864
0.006988 0.001271
2
477.376605 164.002290
5.295000 9.953000 12.082942 55 1
0.065880 0.000000 0.000000 0.000000 0.207115
0.005320 -0.007293
4
176.357575 380.525422
5.295000 9.953000 12.082942 50 1
0.000000 0.000000 0.000000 0.000000 0.045521
-0.001755 0.003733
1
76.955786 418.006163
5.295000 9.953000 12.082942 37 2
0.065880 0.000000 0.000000 0.000000 0.188316
-0.003707 0.003633
4
58.910113 390.617134
5.295000 9.953000 12.082942 44 1
0.000000 0.000000 0.000000 0.000000 0.264911
-0.004038 0.003687
4
441.658642 189.603332
5.295000 9.953000 12.082942 37 1
0.000000 0.000000 0.000000 0.000000 0.099283
0.006983 -0.003978
1
275.765338 429.555771
5.295000 9.953000 12.082942 0 1
0.065880 0.000000 0.000000 0.000000 0.059055
-0.000222 0.005829
1
248.758813 414.050786
5.295000 9.953000 12.082942 28 2
0.065880 0.000000 0.000000 0.000000 0.062879
-0.000756 0.004890
1
347.340236 96.214716
5.295000 9.953000 12.082942 51 2
0.065880 0.000000 0.000000 0.000000 0.068341
0.001002 -0.001634
4
72.421667 323.530690
5.295000 9.953000 12.082942 31 1
0.000000 0.000000 0.000000 0.000000 0.079500
-0.006052 0.002613
1
293.397985 92.198050
5.295000 9.953000 12.082942 0 1
0.065880 0.000000 0.000000 0.000000 0.068820
-0.000223 -0.005729
4
79.074557 184.593722
5.295000 9.953000 12.082942 54 1
0.000000 0.000000 0.000000 0.000000 0.035594
-0.005847 -0.002376
4
41.438246 363.340550
5.295000 9.953000 12.082942 39 1
0.000000 0.000000 0.000000 0.000000 0.185044
-0.004592 0.003114
1
356.181766 65.923817
5.295000 9.953000 12.082942 43 2
0.065880 0.000000 0.000000 0.000000 0.110694
0.009954 -0.003592
4
223.143688 178.153294
5.295000 9.953000 12.082942 35 1
0.000000 0.000000 0.000000 0.000000 0.074377
-0.004288 -0.002396
5
314.484150 15.219662
4.982786 9.366132 11.370484 40 1
0.065880 0.000000 0.000000 0.000000 0.117115
0.002418 -0.012209
1
317.530861 114.600832
5.295000 9.953000 12.082942 20 2
0.065880 0.000000 0.000000 0.000000 0.049536
-0.002126 -0.003669
1
439.371342 113.579468
5.295000 9.953000 12.082942 30 2
0.065880 0.000000 0.000000 0.000000 0.102711
0.004204 -0.002585
1
292.336063 326.877158
5.295000 9.953000 12.082942 42 2
0.065880 0.000000 0.000000 0.000000 0.046210
0.000069 -0.000936
1
396.661678 180.514888
5.295000 9.953000 12.082942 47 2
0.065880 0.000000 0.000000 0.000000 0.046729
0.003381 -0.003175
4
196.968652 204.893164
5.295000 9.953000 12.082942 32 1
0.000000 0.000000 0.000000 0.000000 0.041709
-0.002131 -0.001972
4
157.662375 411.607910
5.295000 9.953000 12.082942 45 1
0.000000 0.000000 0.000000 0.000000 0.052028
-0.002175 0.003898
1
438.039141 94.847728
5.295000 9.953000 12.082942 22 2
0.065880 0.000000 0.000000 0.000000 0.219648
0.003465 -0.002821
4
187.264295 106.277439
5.295000 9.953000 12.082942 48 1
0.000000 0.000000 0.000000 0.000000 0.043341
-0.001445 -0.008393
4
310.910412 486.404263
5.295000 9.953000 12.082942 42 1
0.000000 0.000000 0.000000 0.000000 0.110990
0.002466 0.006074
4
345.240605 158.830172
5.295000 9.953000 12.082942 49 1
0.000000 0.000000 0.000000 0.000000 0.057394
0.002029 -0.001347
4
241.585341 208.504631
5.295000 9.953000 12.082942 47 1
0.000000 0.000000 0.000000 0.000000 0.048973
-0.003224 -0.002796
4
325.777417 47.648570
5.295000 9.953000 12.082942 55 1
0.000000 0.000000 0.000000 0.000000 0.132911
0.006277 -0.005961
1
431.053331 204.663205
5.295000 9.953000 12.082942 0 1
0.065880 0.000000 0.000000 0.000000 0.092083
0.008356 -0.002339
4
203.129610 397.600064
5.295000 9.953000 12.082942 34 1
0.000000 0.000000 0.000000 0.000000 0.068405
-0.001338 0.004442
4
333.527133 187.902440
5.295000 9.953000 12.082942 47 1
0.000000 0.000000 0.000000 0.000000 0.057370
0.002587 0.001941
4
138.143571 338.290821
5.295000 9.953000 12.082942 54 1
0.000000 0.000000 0.000000 0.000000 0.041159
-0.004158 0.001891
1
439.940363 236.312760
5.295000 9.953000 12.082942 0 1
0.065880 0.000000 0.000000 0.000000 0.103237
0.007025 -0.000807
4
327.643190 358.572985
5.295000 9.953000 12.082942 46 1
0.000000 0.000000 0.000000 0.000000 0.098750
0.003491 -0.002400
1
328.011925 323.523830
5.295000 9.953000 12.082942 20 2
0.065880 0.000000 0.000000 0.000000 0.063224
-0.001478 0.008103
4
398.446232 327.492409
5.295000 9.953000 12.082942 0 1
0.000000 0.000000 0.000000 0.000000 0.117409
0.045493 -0.031923
4
420.411840 307.297811
5.295000 9.953000 12.082942 0 1
0.000000 0.000000 0.000000 0.000000 0.117950
0.009115 -0.001791
4
232.396335 112.013710
5.295000 9.953000 12.082942 0 1
0.000000 0.000000 0.000000 0.000000 0.094552
-0.006214 -0.006302
4
303.149812 194.838963
5.295000 9.953000 12.082942 45 1
0.000000 0.000000 0.000000 0.000000 0.059077
0.002401 -0.000334
4
371.068750 301.563561
5.295000 9.953000 12.082942 50 1
0.000000 0.000000 0.000000 0.000000 0.068214
-0.004621 0.000641
4
444.939344 217.784021
5.295000 9.953000 12.082942 0 1
0.000000 0.000000 0.000000 0.000000 0.121687
0.007986 -0.001354
4
427.395834 222.988185
5.295000 9.953000 12.082942 0 1
0.000000 0.000000 0.000000 0.000000 0.130901
0.007646 -0.001817
4
141.699169 457.449018
5.295000 9.953000 12.082942 0 1
0.000000 0.000000 0.000000 0.000000 0.141232
0.000168 0.005096
4
99.991976 264.265952
5.295000 9.953000 12.082942 0 1
0.000000 0.000000 0.000000 0.000000 0.064578
-0.004293 0.001200
4
276.113425 333.524219
5.295000 9.953000 12.082942 0 1
0.000000 0.000000 0.000000 0.000000 0.079254
0.000497 0.003781
4
417.972126 357.638506
5.295000 9.953000 12.082942 0 1
0.000000 0.000000 0.000000 0.000000 0.133823
0.000444 0.003256
1
384.148412 249.551379
5.295000 9.953000 12.082942 19 2
0.065880 0.000000 0.000000 0.000000 0.055269
0.014952 0.000072
4
160.645428 294.106514
5.295000 9.953000 12.082942 43 1
0.000000 0.000000 0.000000 0.000000 0.059713
-0.002839 0.001268
1
227.040172 144.247593
5.295000 9.953000 12.082942 19 2
0.065880 0.000000 0.000000 0.000000 0.053717
0.001022 -0.000595
4
288.311952 296.043788
5.295000 9.953000 12.082942 48 1
0.000000 0.000000 0.000000 0.000000 0.043499
0.007750 0.004937
4
45.713648 148.211507
5.295000 9.953000 12.082942 54 1
0.000000 0.000000 0.000000 0.000000 0.103192
-0.005597 -0.002805
1
71.886944 304.908602
5.295000 9.953000 12.082942 19 2
0.065880 0.000000 0.000000 0.000000 0.053740
-0.006903 0.002263
4
48.365989 241.950186
5.295000 9.953000 12.082942 30 1
0.000000 0.000000 0.000000 0.000000 0.068630
-0.004340 -0.000612
1
402.385385 310.876714
5.295000 9.953000 12.082942 19 2
0.065880 0.000000 0.000000 0.000000 0.098771
0.005648 0.014791
4
339.899008 224.584563
5.295000 9.953000 12.082942 54 1
0.000000 0.000000 0.000000 0.000000 0.053763
0.006764 -0.002167
4
261.248191 480.754668
5.295000 9.953000 12.082942 41 1
0.000000 0.000000 0.000000 0.000000 0.075446
0.000973 0.004729
4
276.009254 398.188302
5.295000 9.953000 12.082942 45 1
0.000000 0.000000 0.000000 0.000000 0.071867
0.000008 0.005223
4
347.569091 272.911869
5.295000 9.953000 12.082942 44 1
0.000000 0.000000 0.000000 0.000000 0.075444
0.010526 -0.021498
1
165.210643 428.456713
5.295000 9.953000 12.082942 19 2
0.065880 0.000000 0.000000 0.000000 0.050144
-0.002047 0.003895
4
350.139939 194.095843
5.295000 9.953000 12.082942 45 1
0.000000 0.000000 0.000000 0.000000 0.065956
0.003754 0.001431
1
87.510812 293.997355
5.295000 9.953000 12.082942 19 2
0.065880 0.000000 0.000000 0.000000 0.051232
-0.006707 0.002161
4
172.738026 280.304313
5.295000 9.953000 12.082942 27 1
0.000000 0.000000 0.000000 0.000000 0.073573
-0.002544 0.000756
1
283.432405 172.074767
5.295000 9.953000 12.082942 41 2
0.065880 0.000000 0.000000 0.000000 0.032542
0.002083 -0.002940
4
183.634455 429.261287
5.295000 9.953000 12.082942 42 1
0.000000 0.000000 0.000000 0.000000 0.050852
-0.001609 0.004760
1
255.281952 196.769245
5.295000 9.953000 12.082942 19 2
0.065880 0.000000 0.000000 0.000000 0.033148
-0.001710 -0.003263
4
180.917342 39.442637
5.295000 9.953000 12.082942 54 1
0.000000 0.000000 0.000000 0.000000 0.067132
0.001375 -0.002918
4
389.446289 384.119858
5.295000 9.953000 12.082942 42 1
0.000000 0.000000 0.000000 0.000000 0.081373
0.003470 0.004577
4
344.881736 317.999710
5.295000 9.953000 12.082942 39 1
0.000000 0.000000 0.000000 0.000000 0.064536
0.087824 0.201056
1
318.994541 261.439421
5.295000 9.953000 12.082942 19 2
0.065880 0.000000 0.000000 0.000000 0.042001
0.005387 0.016489
4
226.196119 287.511281
5.295000 9.953000 12.082942 32 1
0.000000 0.000000 0.000000 0.000000 0.092637
0.000043 0.000995
4
418.038838 259.364224
5.295000 9.953000 12.082942 45 1
0.000000 0.000000 0.000000 0.000000 0.076141
0.005610 -0.001789
4
46.229428 167.157371
5.295000 9.953000 12.082942 55 1
0.000000 0.000000 0.000000 0.000000 0.057523
-0.005658 -0.002688
4
89.975666 370.043178
5.295000 9.953000 12.082942 41 1
0.000000 0.000000 0.000000 0.000000 0.066795
-0.003680 0.003260
4
39.468412 326.135024
5.295000 9.953000 12.082942 53 1
0.000000 0.000000 0.000000 0.000000 0.108744
-0.001564 0.002045
1
373.513461 58.864677
5.295000 9.953000 12.082942 41 2
0.065880 0.000000 0.000000 0.000000 0.124813
0.008173 -0.009521
4
426.809779 160.605570
5.295000 9.953000 12.082942 39 1
0.000000 0.000000 0.000000 0.000000 0.063015
0.004933 -0.003491
4
334.215674 375.907302
5.295000 9.953000 12.082942 55 1
0.000000 0.000000 0.000000 0.000000 0.050710
-0.003048 0.011033
4
285.819640 382.310377
5.295000 9.953000 12.082942 48 1
0.000000 0.000000 0.000000 0.000000 0.070502
0.000346 0.005267
4
405.392875 246.667150
5.295000 9.953000 12.082942 47 1
0.000000 0.000000 0.000000 0.000000 0.069182
0.004582 -0.002307
1
382.507869 316.828908
5.295000 9.953000 12.082942 20 2
0.065880 0.000000 0.000000 0.000000 0.075450
0.001960 0.001587
1
93.580534 155.481166
5.295000 9.953000 12.082942 20 2
0.065880 0.000000 0.000000 0.000000 0.037149
-0.005078 -0.002812
4
77.241009 109.281248
5.295000 9.953000 12.082942 43 1
0.000000 0.000000 0.000000 0.000000 0.111591
-0.005229 -0.003133
4
308.230632 468.152442
5.295000 9.953000 12.082942 47 1
0.000000 0.000000 0.000000 0.000000 0.063370
0.002690 0.006004
1
467.320845 325.647436
5.295000 9.953000 12.082942 20 2
0.065880 0.000000 0.000000 0.000000 0.054278
0.006906 0.002441
1
398.960443 198.603943
5.295000 9.953000 12.082942 42 2
0.065880 0.000000 0.000000 0.000000 0.051235
0.005821 -0.003175
4
46.283588 204.428164
5.295000 9.953000 12.082942 31 1
0.000000 0.000000 0.000000 0.000000 0.064913
-0.003956 -0.001834
1
410.427537 228.796996
5.295000 9.953000 12.082942 20 2
0.065880 0.000000 0.000000 0.000000 0.072792
0.006973 -0.002199
4
212.335201 236.393591
5.295000 9.953000 12.082942 41 1
0.000000 0.000000 0.000000 0.000000 0.053713
-0.002842 0.000654
4
353.415933 257.029088
5.295000 9.953000 12.082942 55 1
0.000000 0.000000 0.000000 0.000000 0.067717
-0.004521 0.011557
4
202.473161 268.767275
5.295000 9.953000 12.082942 31 1
0.000000 0.000000 0.000000 0.000000 0.074329
-0.001814 0.000759
1
430.725664 391.823340
5.295000 9.953000 12.082942 20 2
0.065880 0.000000 0.000000 0.000000 0.086466
0.000878 0.004010
4
286.444142 190.044728
5.295000 9.953000 12.082942 43 1
0.000000 0.000000 0.000000 0.000000 0.047526
0.001757 -0.002409
1
322.081664 437.475010
5.295000 9.953000 12.082942 20 2
0.065880 0.000000 0.000000 0.000000 0.043858
0.002186 0.005504
4
176.515363 69.768155
5.295000 9.953000 12.082942 33 1
0.000000 0.000000 0.000000 0.000000 0.050163
0.003113 -0.000281
1
189.151192 8.919043
5.295000 9.953000 12.082942 20 2
0.065880 0.000000 0.000000 0.000000 0.126390
-0.003117 -0.002657
4
107.450149 396.674834
5.295000 9.953000 12.082942 33 1
0.000000 0.000000 0.000000 0.000000 0.065634
-0.003286 0.003439
1
274.747559 136.624030
5.295000 9.953000 12.082942 20 2
0.065880 0.000000 0.000000 0.000000 0.042406
0.000985 -0.004362
4
352.908855 302.554880
5.295000 9.953000 12.082942 50 1
0.000000 0.000000 0.000000 0.000000 0.062439
0.043920 -0.065258
1
201.863623 222.469277
5.295000 9.953000 12.082942 39 2
0.065880 0.000000 0.000000 0.000000 0.039798
-0.000103 -0.002300
4
95.918861 192.942890
5.295000 9.953000 12.082942 41 1
0.000000 0.000000 0.000000 0.000000 0.049495
-0.006199 -0.002626
4
305.381147 128.062147
5.295000 9.953000 12.082942 55 1
0.000000 0.000000 0.000000 0.000000 0.039986
0.000402 -0.002975
4
320.545495 340.743853
5.295000 9.953000 12.082942 34 1
0.000000 0.000000 0.000000 0.000000 0.104319
0.004262 0.003296
1
365.610242 269.807415
5.295000 9.953000 12.082942 21 2
0.065880 0.000000 0.000000 0.000000 0.060898
0.000045 -0.009228
4
46.673142 185.934658
5.295000 9.953000 12.082942 47 1
0.000000 0.000000 0.000000 0.000000 0.049868
-0.005590 -0.002364
4
80.464688 202.947583
5.295000 9.953000 12.082942 33 1
0.000000 0.000000 0.000000 0.000000 0.064852
-0.006439 -0.001827
1
31.534459 233.710477
5.295000 9.953000 12.082942 21 2
0.065880 0.000000 0.000000 0.000000 0.051013
-0.004238 -0.001184
1
220.185349 461.181133
5.295000 9.953000 12.082942 21 2
0.065880 0.000000 0.000000 0.000000 0.056727
-0.000621 0.006732
4
454.825945 361.977270
5.295000 9.953000 12.082942 44 1
0.000000 0.000000 0.000000 0.000000 0.123960
0.003120 0.002750
4
172.824967 232.232438
5.295000 9.953000 12.082942 36 1
0.000000 0.000000 0.000000 0.000000 0.051478
-0.001711 -0.000819
5
473.799648 148.490738
3.744130 7.037834 8.543930 46 1
0.065880 0.000000 0.000000 0.000000 0.294352
-0.008089 -0.007623
1
448.969122 397.080769
5.295000 9.953000 12.082942 21 2
0.065880 0.000000 0.000000 0.000000 0.133132
0.001709 0.004836
1
364.650202 182.646681
5.295000 9.953000 12.082942 43 2
0.065880 0.000000 0.000000 0.000000 0.046300
0.002934 0.000181
4
265.505517 317.572118
5.295000 9.953000 12.082942 47 1
0.000000 0.000000 0.000000 0.000000 0.048664
-0.004745 0.003800
1
270.699845 299.100691
5.295000 9.953000 12.082942 21 2
0.065880 0.000000 0.000000 0.000000 0.035298
-0.003482 -0.000045
1
207.323730 61.788615
5.295000 9.953000 12.082942 21 2
0.065880 0.000000 0.000000 0.000000 0.049251
0.003041 -0.002918
4
124.067089 386.166284
5.295000 9.953000 12.082942 33 1
0.000000 0.000000 0.000000 0.000000 0.089849
-0.003306 0.003208
4
156.899978 67.789724
5.295000 9.953000 12.082942 31 1
0.000000 0.000000 0.000000 0.000000 0.050329
-0.001876 -0.004939
4
242.359321 499.735885
5.295000 9.953000 12.082942 34 1
0.000000 0.000000 0.000000 0.000000 0.077789
-0.001257 0.002047
4
261.478990 499.454490
5.295000 9.953000 12.082942 44 1
0.000000 0.000000 0.000000 0.000000 0.082498
-0.000687 0.004514
4
124.587277 171.185727
5.295000 9.953000 12.082942 38 1
0.000000 0.000000 0.000000 0.000000 0.069001
-0.004883 -0.001396
1
149.926001 50.666996
5.295000 9.953000 12.082942 21 2
0.065880 0.000000 0.000000 0.000000 0.059052
-0.000510 -0.004507
4
250.763534 261.732255
5.295000 9.953000 12.082942 48 1
0.000000 0.000000 0.000000 0.000000 0.041174
-0.000383 -0.000694
4
85.596761 275.748527
5.295000 9.953000 12.082942 43 1
0.000000 0.000000 0.000000 0.000000 0.071383
-0.005002 0.001476
1
284.475226 73.142528
5.295000 9.953000 12.082942 21 2
0.065880 0.000000 0.000000 0.000000 0.104351
-0.001531 -0.005709
4
231.509803 351.174062
5.295000 9.953000 12.082942 34 1
0.000000 0.000000 0.000000 0.000000 0.067856
-0.000499 0.002977
1
124.451432 117.525645
5.295000 9.953000 12.082942 21 2
0.065880 0.000000 0.000000 0.000000 0.052797
-0.004291 -0.003294
1
435.603110 254.496348
5.295000 9.953000 12.082942 21 2
0.065880 0.000000 0.000000 0.000000 0.054151
0.006678 -0.000947
4
262.235906 149.641332
5.295000 9.953000 12.082942 32 1
0.000000 0.000000 0.000000 0.000000 0.046489
0.001234 -0.004097
1
189.371417 479.651511
5.295000 9.953000 12.082942 21 2
0.065880 0.000000 0.000000 0.000000 0.103048
-0.002588 0.003218
4
110.550914 145.947840
5.295000 9.953000 12.082942 43 1
0.000000 0.000000 0.000000 0.000000 0.049179
-0.005211 -0.002826
4
286.366739 349.918033
5.295000 9.953000 12.082942 36 1
0.000000 0.000000 0.000000 0.000000 0.088650
0.000795 0.004545
4
178.807959 297.584421
5.295000 9.953000 12.082942 36 1
0.000000 0.000000 0.000000 0.000000 0.072078
-0.002288 0.001108
4
285.647509 414.636636
5.295000 9.953000 12.082942 32 1
0.000000 0.000000 0.000000 0.000000 0.085522
0.000061 0.005884
1
438.364080 303.059714
5.295000 9.953000 12.082942 21 2
0.065880 0.000000 0.000000 0.000000 0.078311
0.007440 0.000305
1
477.691929 182.384747
5.295000 9.953000 12.082942 40 2
0.065880 0.000000 0.000000 0.000000 0.125301
0.008892 -0.003870
1
253.553258 179.129099
5.295000 9.953000 12.082942 21 2
0.065880 0.000000 0.000000 0.000000 0.047740
0.002057 -0.003778
4
204.286277 123.036623
5.295000 9.953000 12.082942 51 1
0.000000 0.000000 0.000000 0.000000 0.058961
-0.002112 0.016483
1
313.079533 61.025122
5.295000 9.953000 12.082942 49 2
0.065880 0.000000 0.000000 0.000000 0.122530
0.003261 -0.007501
4
120.605227 452.628380
5.295000 9.953000 12.082942 45 1
0.000000 0.000000 0.000000 0.000000 0.209164
-0.003666 0.003399
1
306.343463 212.555627
5.295000 9.953000 12.082942 22 2
0.065880 0.000000 0.000000 0.000000 0.043583
-0.000026 -0.001703
1
473.350049 200.054601
5.295000 9.953000 12.082942 45 2
0.065880 0.000000 0.000000 0.000000 0.088810
0.006687 -0.002572
4
340.601763 392.958813
5.295000 9.953000 12.082942 39 1
0.000000 0.000000 0.000000 0.000000 0.073270
0.001678 0.003012
1
13.751895 186.931602
5.295000 9.953000 12.082942 22 2
0.065880 0.000000 0.000000 0.000000 0.120711
-0.004813 -0.003331
4
211.987380 413.674454
5.295000 9.953000 12.082942 43 1
0.000000 0.000000 0.000000 0.000000 0.059383
-0.001294 0.004925
4
194.561839 349.488926
5.295000 9.953000 12.082942 34 1
0.000000 0.000000 0.000000 0.000000 0.054387
-0.001943 0.002736
4
167.920930 166.520051
5.295000 9.953000 12.082942 44 1
0.000000 0.000000 0.000000 0.000000 0.049514
-0.002374 -0.002894
1
491.036737 233.617528
5.295000 9.953000 12.082942 22 2
0.065880 0.000000 0.000000 0.000000 0.081979
0.002836 -0.001858
4
118.955013 218.893042
5.295000 9.953000 12.082942 51 1
0.000000 0.000000 0.000000 0.000000 0.068635
-0.003215 0.000206
4
92.549747 407.628875
5.295000 9.953000 12.082942 49 1
0.000000 0.000000 0.000000 0.000000 0.079772
-0.003491 0.003587
1
308.409393 40.414459
5.295000 9.953000 12.082942 47 2
0.065880 0.000000 0.000000 0.000000 0.137627
0.000686 0.005288
1
299.386172 310.443840
5.295000 9.953000 12.082942 22 2
0.065880 0.000000 0.000000 0.000000 0.039247
-0.016801 0.002153
4
422.381706 105.471610
5.295000 9.953000 12.082942 38 1
0.000000 0.000000 0.000000 0.000000 0.140850
0.002992 -0.003414
4
443.924098 170.378227
5.295000 9.953000 12.082942 44 1
0.000000 0.000000 0.000000 0.000000 0.097170
0.006187 -0.002920
1
343.068316 141.561860
5.295000 9.953000 12.082942 23 2
0.065880 0.000000 0.000000 0.000000 0.051302
0.001895 -0.003185
4
473.516564 240.066826
5.295000 9.953000 12.082942 53 1
0.000000 0.000000 0.000000 0.000000 0.089638
0.005295 0.003132
4
291.897471 460.267561
5.295000 9.953000 12.082942 49 1
0.000000 0.000000 0.000000 0.000000 0.059539
0.002426 0.005535
4
408.135290 134.099709
5.295000 9.953000 12.082942 54 1
0.000000 0.000000 0.000000 0.000000 0.055911
0.003787 -0.003423
4
16.224294 244.428274
5.295000 9.953000 12.082942 40 1
0.000000 0.000000 0.000000 0.000000 0.066711
-0.004595 -0.001337
1
39.334039 307.750909
5.295000 9.953000 12.082942 23 2
0.065880 0.000000 0.000000 0.000000 0.104757
-0.008030 0.001690
4
152.218793 361.250758
5.295000 9.953000 12.082942 41 1
0.000000 0.000000 0.000000 0.000000 0.062220
-0.002384 0.002847
1
91.051073 388.616197
5.295000 9.953000 12.082942 23 2
0.065880 0.000000 0.000000 0.000000 0.065484
-0.003587 0.003471
4
167.306238 214.984693
5.295000 9.953000 12.082942 40 1
0.000000 0.000000 0.000000 0.000000 0.045656
-0.002426 -0.001148
1
174.765854 183.971280
5.295000 9.953000 12.082942 23 2
0.065880 0.000000 0.000000 0.000000 0.039157
-0.003436 -0.002308
4
390.820370 126.105470
5.295000 9.953000 12.082942 46 1
0.000000 0.000000 0.000000 0.000000 0.065534
0.003223 -0.004059
1
247.436636 244.242983
5.295000 9.953000 12.082942 23 2
0.065880 0.000000 0.000000 0.000000 0.037633
-0.000958 -0.001352
4
137.146460 224.302621
5.295000 9.953000 12.082942 44 1
0.000000 0.000000 0.000000 0.000000 0.047255
-0.002967 -0.000408
4
187.223283 123.800552
5.295000 9.953000 12.082942 38 1
0.000000 0.000000 0.000000 0.000000 0.061136
-0.003738 -0.008191
4
161.031890 245.957870
5.295000 9.953000 12.082942 51 1
0.000000 0.000000 0.000000 0.000000 0.042480
-0.002239 -0.000387
4
225.031021 478.535483
5.295000 9.953000 12.082942 33 1
0.000000 0.000000 0.000000 0.000000 0.077362
-0.000731 0.007747
1
364.121501 365.382636
5.295000 9.953000 12.082942 44 2
0.065880 0.000000 0.000000 0.000000 0.068849
-0.009302 -0.019909
1
390.745055 66.266538
5.295000 9.953000 12.082942 23 2
0.065880 0.000000 0.000000 0.000000 0.112130
0.006228 -0.007461
4
93.766446 228.093482
5.295000 9.953000 12.082942 44 1
0.000000 0.000000 0.000000 0.000000 0.071869
-0.003449 -0.000118
4
33.347813 252.484885
5.295000 9.953000 12.082942 39 1
0.000000 0.000000 0.000000 0.000000 0.080769
-0.004717 -0.000675
4
363.128728 317.744719
5.295000 9.953000 12.082942 38 1
0.000000 0.000000 0.000000 0.000000 0.094461
-0.005279 -0.001660
1
40.424101 344.682039
5.295000 9.953000 12.082942 24 2
0.065880 0.000000 0.000000 0.000000 0.088490
-0.003761 0.002560
1
121.992692 286.505896
5.295000 9.953000 12.082942 24 2
0.065880 0.000000 0.000000 0.000000 0.039951
-0.003317 0.000660
1
61.533883 138.118014
5.295000 9.953000 12.082942 24 2
0.065880 0.000000 0.000000 0.000000 0.063931
-0.005352 -0.002951
4
311.836923 276.973483
5.295000 9.953000 12.082942 31 1
0.000000 0.000000 0.000000 0.000000 0.059358
-0.003317 -0.011841
4
407.610861 386.269604
5.295000 9.953000 12.082942 44 1
0.000000 0.000000 0.000000 0.000000 0.100150
0.005505 0.011105
1
186.546303 170.561635
5.295000 9.953000 12.082942 24 2
0.065880 0.000000 0.000000 0.000000 0.036611
-0.003095 -0.003607
4
277.455860 282.070790
5.295000 9.953000 12.082942 50 1
0.000000 0.000000 0.000000 0.000000 0.037248
-0.003675 -0.000963
4
143.533574 242.259592
5.295000 9.953000 12.082942 45 1
0.000000 0.000000 0.000000 0.000000 0.042923
-0.002696 -0.000190
4
272.403696 202.603388
5.295000 9.953000 12.082942 47 1
0.000000 0.000000 0.000000 0.000000 0.042879
-0.000931 -0.002769
4
226.517482 199.252722
5.295000 9.953000 12.082942 39 1
0.000000 0.000000 0.000000 0.000000 0.083502
-0.001720 -0.008493
1
316.447438 372.457125
5.295000 9.953000 12.082942 24 2
0.065880 0.000000 0.000000 0.000000 0.053320
0.000261 0.006985
4
249.916074 350.826601
5.295000 9.953000 12.082942 38 1
0.000000 0.000000 0.000000 0.000000 0.078789
-0.000481 0.003329
4
140.204429 409.228008
5.295000 9.953000 12.082942 52 1
0.000000 0.000000 0.000000 0.000000 0.056668
-0.002580 0.003676
1
397.129973 216.982012
5.295000 9.953000 12.082942 25 2
0.065880 0.000000 0.000000 0.000000 0.054793
0.007770 -0.004355
1
117.758039 269.235515
5.295000 9.953000 12.082942 25 2
0.065880 0.000000 0.000000 0.000000 0.057087
-0.003684 0.000637
4
394.624396 162.315946
5.295000 9.953000 12.082942 36 1
0.000000 0.000000 0.000000 0.000000 0.066432
0.003384 -0.002901
1
408.816366 436.512034
5.295000 9.953000 12.082942 25 2
0.065880 0.000000 0.000000 0.000000 0.108883
0.003731 0.003019
4
109.414425 416.283381
5.295000 9.953000 12.082942 32 1
0.000000 0.000000 0.000000 0.000000 0.085308
-0.003254 0.003801
4
113.709021 201.010872
5.295000 9.953000 12.082942 39 1
0.000000 0.000000 0.000000 0.000000 0.070591
-0.005936 0.000126
4
82.497436 257.573781
5.295000 9.953000 12.082942 54 1
0.000000 0.000000 0.000000 0.000000 0.056054
-0.004536 0.000741
4
230.153187 445.854583
5.295000 9.953000 12.082942 53 1
0.000000 0.000000 0.000000 0.000000 0.050593
-0.001151 0.005409
1
371.732297 430.359109
5.295000 9.953000 12.082942 25 2
0.065880 0.000000 0.000000 0.000000 0.044504
0.002391 0.006036
4
137.181285 104.721020
5.295000 9.953000 12.082942 31 1
0.000000 0.000000 0.000000 0.000000 0.078474
-0.004310 -0.003957
1
232.916947 255.950106
5.295000 9.953000 12.082942 25 2
0.065880 0.000000 0.000000 0.000000 0.043131
-0.000793 -0.000691
4
194.568577 381.522237
5.295000 9.953000 12.082942 31 1
0.000000 0.000000 0.000000 0.000000 0.060741
-0.001370 0.004047
1
284.895019 5.626461
5.295000 9.953000 12.082942 25 2
0.065880 0.000000 0.000000 0.000000 0.161778
0.001620 -0.005642
4
156.808469 343.452358
5.295000 9.953000 12.082942 35 1
0.000000 0.000000 0.000000 0.000000 0.050062
-0.003566 0.002027
1
330.727192 169.831664
5.295000 9.953000 12.082942 25 2
0.065880 0.000000 0.000000 0.000000 0.057520
0.002450 0.000485
1
42.150594 382.097724
5.295000 9.953000 12.082942 26 2
0.065880 0.000000 0.000000 0.000000 0.264935
-0.004198 0.003442
4
164.101225 311.902591
5.295000 9.953000 12.082942 47 1
0.000000 0.000000 0.000000 0.000000 0.060597
-0.003656 0.001669
1
127.493783 189.130450
5.295000 9.953000 12.082942 26 2
0.065880 0.000000 0.000000 0.000000 0.059288
-0.005039 -0.000753
4
134.380737 320.180467
5.295000 9.953000 12.082942 32 1
0.000000 0.000000 0.000000 0.000000 0.060158
-0.004119 0.001565
4
388.789396 89.973482
5.295000 9.953000 12.082942 47 1
0.000000 0.000000 0.000000 0.000000 0.065313
0.000528 -0.007074
4
194.616051 26.854372
5.295000 9.953000 12.082942 40 1
0.000000 0.000000 0.000000 0.000000 0.085010
0.002628 -0.003669
1
20.449336 281.831747
5.295000 9.953000 12.082942 26 2
0.065880 0.000000 0.000000 0.000000 0.062367
-0.006015 -0.000759
4
148.603665 160.843742
5.295000 9.953000 12.082942 49 1
0.000000 0.000000 0.000000 0.000000 0.052590
-0.004120 -0.002283
4
408.946761 342.067313
5.295000 9.953000 12.082942 50 1
0.000000 0.000000 0.000000 0.000000 0.110960
0.002975 -0.001463
1
232.421937 34.945760
5.295000 9.953000 12.082942 26 2
0.065880 0.000000 0.000000 0.000000 0.084127
-0.001128 -0.008860
4
210.239925 191.725066
5.295000 9.953000 12.082942 32 1
0.000000 0.000000 0.000000 0.000000 0.080792
-0.004090 -0.003223
4
359.362281 444.793062
5.295000 9.953000 12.082942 46 1
0.000000 0.000000 0.000000 0.000000 0.051366
0.002442 0.005660
4
371.916990 99.020921
5.295000 9.953000 12.082942 54 1
0.000000 0.000000 0.000000 0.000000 0.059208
0.003788 -0.000705
4
347.718074 176.373954
5.295000 9.953000 12.082942 48 1
0.000000 0.000000 0.000000 0.000000 0.051597
0.002392 0.000154
4
57.953136 371.766939
5.295000 9.953000 12.082942 45 1
0.000000 0.000000 0.000000 0.000000 0.145401
-0.004261 0.003564
4
393.455894 351.830646
5.295000 9.953000 12.082942 54 1
0.000000 0.000000 0.000000 0.000000 0.092318
0.008677 0.012175
4
275.674239 220.456876
5.295000 9.953000 12.082942 38 1
0.000000 0.000000 0.000000 0.000000 0.049261
-0.002344 -0.002144
1
143.317150 33.141317
5.295000 9.953000 12.082942 27 2
0.065880 0.000000 0.000000 0.000000 0.196559
-0.000209 -0.004450
4
274.761934 88.417561
5.295000 9.953000 12.082942 46 1
0.000000 0.000000 0.000000 0.000000 0.094271
-0.001940 -0.005523
4
338.348275 344.848054
5.295000 9.953000 12.082942 47 1
0.000000 0.000000 0.000000 0.000000 0.099261
-0.015216 0.013983
4
197.609557 317.941456
5.295000 9.953000 12.082942 34 1
0.000000 0.000000 0.000000 0.000000 0.059077
-0.003667 0.001729
4
457.204840 231.847404
5.295000 9.953000 12.082942 54 1
0.000000 0.000000 0.000000 0.000000 0.073490
0.007311 -0.000660
1
244.126402 20.361773
5.295000 9.953000 12.082942 46 2
0.065880 0.000000 0.000000 0.000000 0.117755
-0.000212 -0.008821
1
89.167486 75.773932
5.295000 9.953000 12.082942 27 2
0.065880 0.000000 0.000000 0.000000 0.281958
-0.004771 -0.001243
4
310.036904 356.141220
5.295000 9.953000 12.082942 34 1
0.000000 0.000000 0.000000 0.000000 0.099002
0.000202 0.003002
1
409.856897 152.293462
5.295000 9.953000 12.082942 28 2
0.065880 0.000000 0.000000 0.000000 0.048657
0.004033 -0.003066
4
208.521251 285.553919
5.295000 9.953000 12.082942 29 1
0.000000 0.000000 0.000000 0.000000 0.077640
-0.001803 0.000972
1
97.833904 445.046143
5.295000 9.953000 12.082942 28 2
0.065880 0.000000 0.000000 0.000000 0.310902
-0.003437 0.003605
1
442.362865 151.072959
5.295000 9.953000 12.082942 28 2
0.065880 0.000000 0.000000 0.000000 0.062234
0.006287 -0.002840
4
278.314409 238.330913
5.295000 9.953000 12.082942 55 1
0.000000 0.000000 0.000000 0.000000 0.041714
-0.000038 -0.000983
4
266.969254 413.909591
5.295000 9.953000 12.082942 32 1
0.000000 0.000000 0.000000 0.000000 0.066426
-0.000326 0.005284
4
104.116295 341.360101
5.295000 9.953000 12.082942 38 1
0.000000 0.000000 0.000000 0.000000 0.060061
-0.004226 0.002182
1
109.519783 127.543228
5.295000 9.953000 12.082942 29 2
0.065880 0.000000 0.000000 0.000000 0.057476
-0.004688 -0.003329
4
231.133820 382.212112
5.295000 9.953000 12.082942 34 1
0.000000 0.000000 0.000000 0.000000 0.074710
-0.000846 0.003998
4
121.968018 367.962991
5.295000 9.953000 12.082942 37 1
0.000000 0.000000 0.000000 0.000000 0.063908
-0.003228 0.002754
4
154.784646 276.654387
5.295000 9.953000 12.082942 55 1
0.000000 0.000000 0.000000 0.000000 0.045062
-0.002823 0.000620
4
209.679793 141.068775
5.295000 9.953000 12.082942 49 1
0.000000 0.000000 0.000000 0.000000 0.070636
0.000450 0.004067
4
327.727114 151.522228
5.295000 9.953000 12.082942 42 1
0.000000 0.000000 0.000000 0.000000 0.065427
0.002357 -0.001190
1
353.150591 427.318057
5.295000 9.953000 12.082942 30 2
0.065880 0.000000 0.000000 0.000000 0.044904
0.002237 0.005171
4
277.638113 489.272769
5.295000 9.953000 12.082942 40 1
0.000000 0.000000 0.000000 0.000000 0.073741
0.000802 0.005270
4
239.864070 398.056495
5.295000 9.953000 12.082942 32 1
0.000000 0.000000 0.000000 0.000000 0.080540
-0.000821 0.004507
1
375.529882 136.340570
5.295000 9.953000 12.082942 30 2
0.065880 0.000000 0.000000 0.000000 0.053754
0.003135 -0.002458
4
373.166741 117.921404
5.295000 9.953000 12.082942 44 1
0.000000 0.000000 0.000000 0.000000 0.064320
0.004188 -0.002224
1
340.883061 124.581449
5.295000 9.953000 12.082942 30 2
0.065880 0.000000 0.000000 0.000000 0.050466
0.003027 -0.005258
1
456.370945 121.762646
5.295000 9.953000 12.082942 30 2
0.065880 0.000000 0.000000 0.000000 0.140242
0.005031 -0.002245
4
239.452442 430.032336
5.295000 9.953000 12.082942 32 1
0.000000 0.000000 0.000000 0.000000 0.075074
-0.000940 0.005139
1
244.173514 98.553932
5.295000 9.953000 12.082942 31 2
0.065880 0.000000 0.000000 0.000000 0.062630
-0.003646 -0.004809
1
359.104715 395.969016
5.295000 9.953000 12.082942 31 2
0.065880 0.000000 0.000000 0.000000 0.055652
0.002192 0.003836
4
73.463790 361.465552
5.295000 9.953000 12.082942 53 1
0.000000 0.000000 0.000000 0.000000 0.066344
-0.003965 0.003558
4
30.070932 195.868842
5.295000 9.953000 12.082942 46 1
0.000000 0.000000 0.000000 0.000000 0.063208
-0.004413 -0.001935
1
416.045434 192.474952
5.295000 9.953000 12.082942 32 2
0.065880 0.000000 0.000000 0.000000 0.048657
0.007088 -0.002291
1
366.257537 246.221724
5.295000 9.953000 12.082942 32 2
0.065880 0.000000 0.000000 0.000000 0.069230
0.018602 0.004969
5
330.217796 65.441734
5.091141 9.569807 11.617745 39 1
0.065880 0.000000 0.000000 0.000000 0.121852
0.005893 -0.005075
4
154.107076 112.531845
5.295000 9.953000 12.082942 44 1
0.000000 0.000000 0.000000 0.000000 0.074623
-0.004937 -0.003270
1
311.776137 96.335698
5.295000 9.953000 12.082942 32 2
0.065880 0.000000 0.000000 0.000000 0.065789
0.001354 -0.005508
1
461.752894 343.655905
5.295000 9.953000 12.082942 32 2
0.065880 0.000000 0.000000 0.000000 0.068854
0.005190 0.003027
1
342.277232 78.514576
5.295000 9.953000 12.082942 32 2
0.065880 0.000000 0.000000 0.000000 0.115757
0.008478 -0.004765
4
325.983470 473.896814
5.295000 9.953000 12.082942 53 1
0.000000 0.000000 0.000000 0.000000 0.076464
0.003366 0.005626
1
121.535701 75.348128
5.295000 9.953000 12.082942 33 2
0.065880 0.000000 0.000000 0.000000 0.071581
-0.003654 -0.004480
1
220.225572 48.869738
5.295000 9.953000 12.082942 34 2
0.065880 0.000000 0.000000 0.000000 0.080732
-0.000220 -0.007861
1
162.350022 197.800393
5.295000 9.953000 12.082942 34 2
0.065880 0.000000 0.000000 0.000000 0.048366
-0.003422 -0.001687
1
459.508621 294.323438
5.295000 9.953000 12.082942 34 2
0.065880 0.000000 0.000000 0.000000 0.062293
0.007140 0.001049
4
88.832808 351.370229
5.295000 9.953000 12.082942 42 1
0.000000 0.000000 0.000000 0.000000 0.052822
-0.003900 0.002979
1
231.288566 320.560763
5.295000 9.953000 12.082942 35 2
0.065880 0.000000 0.000000 0.000000 0.035468
-0.004074 0.002714
1
315.743210 420.435818
5.295000 9.953000 12.082942 35 2
0.065880 0.000000 0.000000 0.000000 0.048120
0.002065 0.005134
1
408.494260 60.734731
5.295000 9.953000 12.082942 35 2
0.065880 0.000000 0.000000 0.000000 0.167369
0.005367 -0.006792
4
146.794474 392.396276
5.295000 9.953000 12.082942 40 1
0.000000 0.000000 0.000000 0.000000 0.074906
-0.002470 0.003279
1
281.314207 105.893229
5.295000 9.953000 12.082942 35 2
0.065880 0.000000 0.000000 0.000000 0.058175
-0.000807 -0.005417
1
304.024729 384.646096
5.295000 9.953000 12.082942 35 2
0.065880 0.000000 0.000000 0.000000 0.048353
0.001465 0.005177
1
175.418502 412.587403
5.295000 9.953000 12.082942 35 2
0.065880 0.000000 0.000000 0.000000 0.037323
-0.001757 0.004414
1
45.154744 129.230495
5.295000 9.953000 12.082942 36 2
0.065880 0.000000 0.000000 0.000000 0.240246
-0.005499 -0.002837
1
169.192881 363.767013
5.295000 9.953000 12.082942 36 2
0.065880 0.000000 0.000000 0.000000 0.052102
-0.001753 0.003236
4
269.079424 119.350401
5.295000 9.953000 12.082942 47 1
0.000000 0.000000 0.000000 0.000000 0.059933
-0.000466 -0.005148
1
113.620403 251.744091
5.295000 9.953000 12.082942 36 2
0.065880 0.000000 0.000000 0.000000 0.040545
-0.003729 0.000624
1
394.899414 281.112063
5.295000 9.953000 12.082942 37 2
0.065880 0.000000 0.000000 0.000000 0.049505
0.004338 0.000250
4
287.043723 443.047742
5.295000 9.953000 12.082942 50 1
0.000000 0.000000 0.000000 0.000000 0.047976
0.001566 0.005184
1
60.063287 409.457358
5.295000 9.953000 12.082942 37 2
0.065880 0.000000 0.000000 0.000000 0.214227
-0.003842 0.003776
1
341.147670 289.162678
5.295000 9.953000 12.082942 38 2
0.065880 0.000000 0.000000 0.000000 0.053864
-0.005058 0.032205
4
224.667697 93.747229
5.295000 9.953000 12.082942 55 1
0.000000 0.000000 0.000000 0.000000 0.053066
0.003529 0.011993
4
384.104829 415.896957
5.295000 9.953000 12.082942 49 1
0.000000 0.000000 0.000000 0.000000 0.054812
0.001641 0.005777
4
266.863275 70.851584
5.295000 9.953000 12.082942 52 1
0.000000 0.000000 0.000000 0.000000 0.095550
-0.002777 -0.005812
1
5.246495 293.262745
5.295000 9.953000 12.082942 39 2
0.065880 0.000000 0.000000 0.000000 0.079242
-0.006928 -0.001584
1
383.003001 367.257163
5.295000 9.953000 12.082942 39 2
0.065880 0.000000 0.000000 0.000000 0.079460
0.006647 0.010795
1
56.275238 334.062008
5.295000 9.953000 12.082942 39 2
0.065880 0.000000 0.000000 0.000000 0.060729
-0.003432 0.003427
4
344.639840 241.851480
5.295000 9.953000 12.082942 52 1
0.000000 0.000000 0.000000 0.000000 0.076558
-0.006637 -0.005416
1
213.541985 210.024123
5.295000 9.953000 12.082942 39 2
0.065880 0.000000 0.000000 0.000000 0.055483
0.000018 -0.004481
4
142.840425 289.810764
5.295000 9.953000 12.082942 50 1
0.000000 0.000000 0.000000 0.000000 0.036339
-0.003187 0.000987
1
29.206499 139.351346
5.295000 9.953000 12.082942 40 2
0.065880 0.000000 0.000000 0.000000 0.532161
-0.005613 -0.002824
4
454.332484 312.061960
5.295000 9.953000 12.082942 50 1
0.000000 0.000000 0.000000 0.000000 0.064482
0.007245 0.001942
1
183.427293 88.647374
5.295000 9.953000 12.082942 40 2
0.065880 0.000000 0.000000 0.000000 0.060952
-0.004063 -0.007861
1
134.512620 440.209166
5.295000 9.953000 12.082942 40 2
0.065880 0.000000 0.000000 0.000000 0.068089
-0.001714 0.005012
4
77.585191 128.212537
5.295000 9.953000 12.082942 46 1
0.000000 0.000000 0.000000 0.000000 0.079063
-0.005084 -0.003206
4
412.785768 276.727166
5.295000 9.953000 12.082942 48 1
0.000000 0.000000 0.000000 0.000000 0.086653
0.005511 -0.000367
1
458.798926 183.025413
5.295000 9.953000 12.082942 40 2
0.065880 0.000000 0.000000 0.000000 0.092123
0.007993 -0.002925
1
253.661927 302.934154
5.295000 9.953000 12.082942 41 2
0.065880 0.000000 0.000000 0.000000 0.037153
0.000407 0.003008
1
225.761116 66.901943
5.295000 9.953000 12.082942 41 2
0.065880 0.000000 0.000000 0.000000 0.058174
0.001990 -0.008960
1
152.169293 94.709638
5.295000 9.953000 12.082942 41 2
0.065880 0.000000 0.000000 0.000000 0.047660
-0.003598 -0.003519
4
70.361918 286.508109
5.295000 9.953000 12.082942 43 1
0.000000 0.000000 0.000000 0.000000 0.082538
-0.006207 0.001498
1
201.717420 44.112742
5.295000 9.953000 12.082942 41 2
0.065880 0.000000 0.000000 0.000000 0.063192
0.000681 -0.003171
4
316.867215 182.105610
5.295000 9.953000 12.082942 46 1
0.000000 0.000000 0.000000 0.000000 0.059523
0.002732 0.000925
4
232.621249 162.171459
5.295000 9.953000 12.082942 43 1
0.000000 0.000000 0.000000 0.000000 0.063649
-0.000406 0.000173
4
279.593728 154.162982
5.295000 9.953000 12.082942 50 1
0.000000 0.000000 0.000000 0.000000 0.051878
0.001729 -0.003628
1
29.793710 158.245878
5.295000 9.953000 12.082942 41 2
0.065880 0.000000 0.000000 0.000000 0.140208
-0.008136 -0.001222
1
359.270817 47.043134
5.295000 9.953000 12.082942 41 2
0.065880 0.000000 0.000000 0.000000 0.131480
0.004641 -0.005694
1
30.164046 177.123029
5.295000 9.953000 12.082942 41 2
0.065880 0.000000 0.000000 0.000000 0.068448
-0.008877 -0.004237
4
160.784754 460.283529
5.295000 9.953000 12.082942 46 1
0.000000 0.000000 0.000000 0.000000 0.135977
0.000821 0.002834
1
211.097092 445.458448
5.295000 9.953000 12.082942 42 2
0.065880 0.000000 0.000000 0.000000 0.038975
-0.001201 0.006153
4
302.043520 341.086913
5.295000 9.953000 12.082942 43 1
0.000000 0.000000 0.000000 0.000000 0.093439
0.002208 0.002978
1
413.729806 210.513018
5.295000 9.953000 12.082942 42 2
0.065880 0.000000 0.000000 0.000000 0.073475
0.008110 -0.002627
4
243.058454 480.919911
5.295000 9.953000 12.082942 52 1
0.000000 0.000000 0.000000 0.000000 0.067913
0.000585 0.002436
1
341.187815 36.007115
5.295000 9.953000 12.082942 43 2
0.065880 0.000000 0.000000 0.000000 0.153079
0.001569 -0.012628
4
362.478094 165.119239
5.295000 9.953000 12.082942 45 1
0.000000 0.000000 0.000000 0.000000 0.071866
0.002278 -0.001157
4
78.014982 220.805620
5.295000 9.953000 12.082942 44 1
0.000000 0.000000 0.000000 0.000000 0.080667
-0.003508 -0.000790
4
222.497241 335.767718
5.295000 9.953000 12.082942 46 1
0.000000 0.000000 0.000000 0.000000 0.050453
-0.000628 0.001301
1
480.013925 339.597414
5.295000 9.953000 12.082942 44 2
0.065880 0.000000 0.000000 0.000000 0.076778
0.005729 0.003406
1
490.689612 303.081000
5.295000 9.953000 12.082942 44 2
0.065880 0.000000 0.000000 0.000000 0.085840
0.007111 0.001900
4
371.078433 381.854949
5.295000 9.953000 12.082942 47 1
0.000000 0.000000 0.000000 0.000000 0.074870
0.005823 0.011619
1
469.221167 258.364141
5.295000 9.953000 12.082942 45 2
0.065880 0.000000 0.000000 0.000000 0.087351
0.007904 0.001595
1
60.864805 100.304125
5.295000 9.953000 12.082942 45 2
0.065880 0.000000 0.000000 0.000000 0.157593
-0.005754 -0.002759
4
485.272726 215.046662
5.295000 9.953000 12.082942 49 1
0.000000 0.000000 0.000000 0.000000 0.112094
0.006633 -0.003038
1
382.912107 267.329068
5.295000 9.953000 12.082942 46 2
0.065880 0.000000 0.000000 0.000000 0.052288
0.003593 -0.000034
4
243.640136 288.801939
5.295000 9.953000 12.082942 49 1
0.000000 0.000000 0.000000 0.000000 0.055472
-0.002186 0.000504
4
357.071935 349.219970
5.295000 9.953000 12.082942 55 1
0.000000 0.000000 0.000000 0.000000 0.098574
0.019116 0.110869
1
250.791812 37.942257
5.295000 9.953000 12.082942 46 2
0.065880 0.000000 0.000000 0.000000 0.137927
0.000180 -0.009177
1
339.065650 459.937099
5.295000 9.953000 12.082942 47 2
0.065880 0.000000 0.000000 0.000000 0.044083
0.004659 0.005641
4
105.459287 85.083020
5.295000 9.953000 12.082942 50 1
0.000000 0.000000 0.000000 0.000000 0.086140
-0.003754 -0.002900
1
360.007706 84.012451
5.295000 9.953000 12.082942 47 2
0.065880 0.000000 0.000000 0.000000 0.081868
0.006520 0.001445
1
411.360994 170.519081
5.295000 9.953000 12.082942 47 2
0.065880 0.000000 0.000000 0.000000 0.042731
0.004488 -0.002771
1
289.248861 40.594942
5.295000 9.953000 12.082942 47 2
0.065880 0.000000 0.000000 0.000000 0.152141
-0.000321 -0.004303
4
183.359320 461.721520
5.295000 9.953000 12.082942 50 1
0.000000 0.000000 0.000000 0.000000 0.096443
-0.003915 0.004371
1
298.869285 24.287302
5.295000 9.953000 12.082942 49 2
0.065880 0.000000 0.000000 0.000000 0.118567
0.006819 -0.000275
1
295.529622 58.095883
5.295000 9.953000 12.082942 49 2
0.065880 0.000000 0.000000 0.000000 0.156710
0.000506 -0.005169
1
22.377403 318.410822
5.295000 9.953000 12.082942 50 2
0.065880 0.000000 0.000000 0.000000 0.157235
0.001044 -0.000514
1
24.571766 355.482262
5.295000 9.953000 12.082942 51 2
0.065880 0.000000 0.000000 0.000000 0.313327
-0.004083 0.001021
1
334.538301 108.790525
5.295000 9.953000 12.082942 51 2
0.065880 0.000000 0.000000 0.000000 0.056886
-0.003787 -0.004756
1
376.393637 232.546621
5.295000 9.953000 12.082942 52 2
0.065880 0.000000 0.000000 0.000000 0.073043
0.003183 0.006132
1
323.461385 218.128006
5.295000 9.953000 12.082942 52 2
0.065880 0.000000 0.000000 0.000000 0.060504
0.002168 0.005932
1
262.161420 23.063829
5.295000 9.953000 12.082942 52 2
0.065880 0.000000 0.000000 0.000000 0.205239
0.001829 -0.009197
1
443.723311 346.876639
5.295000 9.953000 12.082942 52 2
0.065880 0.000000 0.000000 0.000000 0.052921
0.003833 0.003108
5
384.216081 336.182981
5.195070 9.765163 11.854907 38 1
0.065880 0.000000 0.000000 0.000000 0.103921
-0.065271 0.029463
5
342.834090 53.887472
5.091141 9.569807 11.617745 39 1
0.065880 0.000000 0.000000 0.000000 0.136629
0.006553 -0.007740
5
323.981492 29.900459
4.982786 9.366132 11.370484 40 1
0.065880 0.000000 0.000000 0.000000 0.114593
-0.004486 -0.005409
5
361.924614 29.177307
4.982786 9.366132 11.370484 40 1
0.065880 0.000000 0.000000 0.000000 0.402094
0.001684 -0.006732
