500.000000 500.000000
665 17
30 665
5
358.928582 282.635335
5.091141 9.569807 11.617745 1 1
0.065880 0.000000 0.000000 0.000000 0.604297
-0.001987 -0.003547
1
393.403998 396.008681
5.295000 9.953000 12.082942 0 1
0.065880 0.000000 0.000000 0.000000 0.358058
0.002598 -0.004695
5
325.578031 364.774202
4.982786 9.366132 11.370484 2 1
0.065880 0.000000 0.000000 0.000000 0.444089
0.013218 0.010952
5
47.112969 371.037484
4.625609 8.694746 10.555422 5 1
0.065880 0.000000 0.000000 0.000000 0.495707
-0.016454 0.023635
1
211.626686 330.384045
5.295000 9.953000 12.082942 0 1
0.065880 0.000000 0.000000 0.000000 0.353850
-0.007743 0.014026
2
242.637623 413.797788
5.295000 9.953000 12.082942 13 1
0.065880 0.000000 0.000000 0.000000 0.364523
0.013754 0.001131
5
83.666412 330.398575
4.493375 8.446188 10.253672 6 1
0.065880 0.000000 0.000000 0.000000 0.416900
-0.007565 0.006757
5
321.290878 259.736003
4.869501 9.153191 11.111974 3 1
0.065880 0.000000 0.000000 0.000000 0.411657
0.011560 -0.006953
1
190.216044 301.579484
5.295000 9.953000 12.082942 0 1
0.065880 0.000000 0.000000 0.000000 0.399403
0.014953 0.005938
2
134.876038 330.499763
5.295000 9.953000 12.082942 11 1
0.065880 0.000000 0.000000 0.000000 0.348888
-0.001620 0.009308
1
270.859201 475.152943
5.295000 9.953000 12.082942 0 1
0.065880 0.000000 0.000000 0.000000 0.393466
-0.001618 0.008218
2
211.497422 75.222611
5.295000 9.953000 12.082942 16 1
0.065880 0.000000 0.000000 0.000000 0.597528
0.011131 -0.001997
2
50.681860 212.975866
5.295000 9.953000 12.082942 14 1
0.065880 0.000000 0.000000 0.000000 0.393048
-0.016132 -0.016941
5
428.124712 165.933479
4.625609 8.694746 10.555422 5 1
0.065880 0.000000 0.000000 0.000000 0.386444
0.011786 -0.001602
2
232.691444 303.497657
5.295000 9.953000 12.082942 17 1
0.065880 0.000000 0.000000 0.000000 0.354991
0.000637 0.010283
5
142.539679 283.594767
5.091141 9.569807 11.617745 1 1
0.065880 0.000000 0.000000 0.000000 0.423379
-0.008220 -0.001366
2
119.129633 152.432940
5.295000 9.953000 12.082942 11 1
0.065880 0.000000 0.000000 0.000000 0.386731
-0.004172 -0.017306
5
161.038261 419.324702
4.750685 8.929853 10.840841 4 1
0.065880 0.000000 0.000000 0.000000 0.378371
-0.004385 -0.000006
1
406.173068 138.376278
5.295000 9.953000 12.082942 0 1
0.065880 0.000000 0.000000 0.000000 0.369199
0.004227 0.001695
1
239.968204 497.670097
5.295000 9.953000 12.082942 0 1
0.065880 0.000000 0.000000 0.000000 0.385221
0.000465 0.024139
1
67.526753 148.707106
5.295000 9.953000 12.082942 0 1
0.065880 0.000000 0.000000 0.000000 0.347666
-0.031763 0.015466
1
363.760709 74.578226
5.295000 9.953000 12.082942 0 1
0.065880 0.000000 0.000000 0.000000 0.589168
-0.005601 -0.012192
5
244.297403 143.578093
5.091141 9.569807 11.617745 1 1
0.065880 0.000000 0.000000 0.000000 0.467080
-0.001610 -0.011484
1
383.718637 291.854326
5.295000 9.953000 12.082942 0 1
0.065880 0.000000 0.000000 0.000000 0.446652
0.007220 -0.003037
1
92.373670 416.676089
5.295000 9.953000 12.082942 0 1
0.065880 0.000000 0.000000 0.000000 0.516376
-0.001307 0.018172
1
255.307541 282.874360
5.295000 9.953000 12.082942 0 1
0.065880 0.000000 0.000000 0.000000 0.369875
0.002670 -0.013363
5
318.126827 149.223705
4.625609 8.694746 10.555422 5 1
0.065880 0.000000 0.000000 0.000000 0.430884
0.014544 -0.008712
5
289.294646 293.552904
5.091141 9.569807 11.617745 1 1
0.065880 0.000000 0.000000 0.000000 0.418473
-0.006524 -0.010446
1
232.604602 353.282992
5.295000 9.953000 12.082942 0 1
0.065880 0.000000 0.000000 0.000000 0.361463
-0.005555 0.001124
2
328.381500 415.776196
5.295000 9.953000 12.082942 12 1
0.065880 0.000000 0.000000 0.000000 0.496500
0.005558 -0.000669
1
202.986857 396.800713
5.295000 9.953000 12.082942 0 1
0.065880 0.000000 0.000000 0.000000 0.419386
0.008433 -0.011523
2
407.283205 187.256021
5.295000 9.953000 12.082942 14 1
0.065880 0.000000 0.000000 0.000000 0.412411
-0.010259 -0.002060
1
423.771126 340.139828
5.295000 9.953000 12.082942 0 1
0.065880 0.000000 0.000000 0.000000 0.419720
0.000511 0.004674
5
439.792973 229.711097
4.625609 8.694746 10.555422 5 1
0.065880 0.000000 0.000000 0.000000 0.536196
0.001703 -0.001941
5
65.847822 348.955420
3.744130 7.037834 8.543930 8 1
0.065880 0.000000 0.000000 0.000000 0.390843
-0.040703 0.003623
1
327.628571 434.965865
5.295000 9.953000 12.082942 0 1
0.065880 0.000000 0.000000 0.000000 0.367281
-0.007650 -0.001728
1
19.686110 263.371095
5.295000 9.953000 12.082942 0 1
0.065880 0.000000 0.000000 0.000000 0.362704
-0.014545 0.006789
5
267.329460 431.073203
4.625609 8.694746 10.555422 5 1
0.065880 0.000000 0.000000 0.000000 0.364380
0.001559 -0.000203
5
293.369811 375.397656
4.982786 9.366132 11.370484 2 1
0.065880 0.000000 0.000000 0.000000 0.436738
0.007175 -0.000679
1
374.587798 275.762718
5.295000 9.953000 12.082942 0 1
0.065880 0.000000 0.000000 0.000000 0.511597
0.000383 -0.002102
5
88.816615 201.197654
4.869501 9.153191 11.111974 3 1
0.065880 0.000000 0.000000 0.000000 0.350886
-0.013979 0.004147
2
243.105715 366.830801
5.295000 9.953000 12.082942 11 1
0.065880 0.000000 0.000000 0.000000 0.404597
-0.007660 0.000970
2
25.292759 281.967482
5.295000 9.953000 12.082942 16 1
0.065880 0.000000 0.000000 0.000000 0.448177
-0.018531 0.008216
5
89.478714 216.904465
4.869501 9.153191 11.111974 3 1
0.065880 0.000000 0.000000 0.000000 0.352252
-0.009955 -0.001990
2
302.033564 391.152985
5.295000 9.953000 12.082942 17 1
0.065880 0.000000 0.000000 0.000000 0.553257
0.019611 -0.004134
1
167.121450 474.041326
5.295000 9.953000 12.082942 0 1
0.065880 0.000000 0.000000 0.000000 0.434823
-0.005162 0.013275
1
98.325889 176.607447
5.295000 9.953000 12.082942 0 1
0.065880 0.000000 0.000000 0.000000 0.335026
0.005934 -0.014080
5
372.763825 241.288276
4.982786 9.366132 11.370484 2 1
0.065880 0.000000 0.000000 0.000000 0.623458
-0.011721 -0.004762
5
120.592761 299.093397
4.493375 8.446188 10.253672 6 1
0.065880 0.000000 0.000000 0.000000 0.385035
-0.001675 0.030563
1
205.531224 113.614007
5.295000 9.953000 12.082942 0 1
0.065880 0.000000 0.000000 0.000000 0.393990
0.001093 -0.011448
1
341.582861 283.134288
5.295000 9.953000 12.082942 0 1
0.065880 0.000000 0.000000 0.000000 0.502931
0.001212 -0.004920
1
361.160616 158.643288
5.295000 9.953000 12.082942 0 1
0.065880 0.000000 0.000000 0.000000 0.640953
0.002476 0.000760
2
275.466310 456.208972
5.295000 9.953000 12.082942 12 1
0.065880 0.000000 0.000000 0.000000 0.361791
0.008555 0.008305
2
245.340404 125.767541
5.295000 9.953000 12.082942 13 1
0.065880 0.000000 0.000000 0.000000 0.417526
0.005147 -0.012352
1
216.400005 346.730997
5.295000 9.953000 12.082942 0 1
0.065880 0.000000 0.000000 0.000000 0.418330
0.002435 0.007841
1
308.847217 211.119654
5.295000 9.953000 12.082942 0 1
0.065880 0.000000 0.000000 0.000000 0.474035
0.017685 -0.008590
5
367.106829 298.253587
4.982786 9.366132 11.370484 2 1
0.065880 0.000000 0.000000 0.000000 0.414498
0.001250 -0.007356
5
98.838735 155.214791
4.982786 9.366132 11.370484 2 1
0.065880 0.000000 0.000000 0.000000 0.356989
0.001761 -0.014186
1
302.346676 236.563962
5.295000 9.953000 12.082942 0 1
0.065880 0.000000 0.000000 0.000000 0.386381
0.019762 -0.008435
1
475.882665 278.569963
5.295000 9.953000 12.082942 0 1
0.065880 0.000000 0.000000 0.000000 0.645449
-0.001915 -0.001568
1
60.220688 115.847014
5.295000 9.953000 12.082942 0 1
0.065880 0.000000 0.000000 0.000000 0.375509
-0.036238 -0.018392
5
366.087707 44.215187
3.744130 7.037834 8.543930 8 1
0.065880 0.000000 0.000000 0.000000 0.645096
-0.001104 -0.008412
2
379.626679 156.959178
5.295000 9.953000 12.082942 10 1
0.065880 0.000000 0.000000 0.000000 0.386726
0.007433 0.004071
5
170.123815 323.563801
3.744130 7.037834 8.543930 8 1
0.065880 0.000000 0.000000 0.000000 0.404987
0.012203 -0.020615
5
139.236313 212.280490
3.744130 7.037834 8.543930 8 1
0.065880 0.000000 0.000000 0.000000 0.381430
-0.004025 0.023773
5
252.438296 353.908024
4.352864 8.182070 9.933032 7 1
0.065880 0.000000 0.000000 0.000000 0.363471
0.008701 -0.002827
2
406.428643 100.327519
5.295000 9.953000 12.082942 13 1
0.065880 0.000000 0.000000 0.000000 0.481746
0.007490 -0.001725
5
165.754147 450.954882
3.744130 7.037834 8.543930 8 1
0.065880 0.000000 0.000000 0.000000 0.418789
-0.000367 0.011640
1
237.334144 286.409189
5.295000 9.953000 12.082942 0 1
0.065880 0.000000 0.000000 0.000000 0.364501
-0.002895 0.012903
5
45.351912 228.198897
4.869501 9.153191 11.111974 3 1
0.065880 0.000000 0.000000 0.000000 0.383250
-0.014911 -0.008980
5
114.918849 124.955291
4.982786 9.366132 11.370484 2 1
0.065880 0.000000 0.000000 0.000000 0.377444
-0.000312 -0.014565
5
291.815357 460.950419
4.982786 9.366132 11.370484 2 1
0.065880 0.000000 0.000000 0.000000 0.423902
0.013077 0.007951
2
388.155643 349.484137
5.295000 9.953000 12.082942 9 1
0.065880 0.000000 0.000000 0.000000 0.655697
-0.005335 -0.005660
5
453.606654 198.731864
4.869501 9.153191 11.111974 3 1
0.065880 0.000000 0.000000 0.000000 0.638129
0.010302 0.000710
5
54.681402 165.754185
5.091141 9.569807 11.617745 1 1
0.065880 0.000000 0.000000 0.000000 0.388323
-0.003043 -0.024605
2
54.591363 336.941169
5.295000 9.953000 12.082942 12 1
0.065880 0.000000 0.000000 0.000000 0.455271
-0.014139 0.016422
1
65.987882 371.960773
5.295000 9.953000 12.082942 0 1
0.065880 0.000000 0.000000 0.000000 0.396683
-0.013358 0.000973
2
139.894407 353.816311
5.295000 9.953000 12.082942 11 1
0.065880 0.000000 0.000000 0.000000 0.417063
0.006892 0.008981
5
121.792302 451.680693
4.352864 8.182070 9.933032 7 1
0.065880 0.000000 0.000000 0.000000 0.434247
-0.008540 0.020701
1
165.391446 435.690950
5.295000 9.953000 12.082942 0 1
0.065880 0.000000 0.000000 0.000000 0.493211
-0.003620 0.006744
1
175.268942 137.418190
5.295000 9.953000 12.082942 0 1
0.065880 0.000000 0.000000 0.000000 0.343454
0.005786 -0.017802
5
443.990359 301.292425
4.982786 9.366132 11.370484 2 1
0.065880 0.000000 0.000000 0.000000 0.653430
0.002720 -0.003344
5
165.634839 376.284965
4.352864 8.182070 9.933032 7 1
0.065880 0.000000 0.000000 0.000000 0.351850
0.010791 0.014993
5
80.603808 90.242938
4.869501 9.153191 11.111974 3 1
0.065880 0.000000 0.000000 0.000000 0.396688
0.000801 -0.005837
5
107.545690 314.399642
5.091141 9.569807 11.617745 1 1
0.065880 0.000000 0.000000 0.000000 0.389892
0.007221 0.007766
1
125.739732 93.558300
5.295000 9.953000 12.082942 0 1
0.065880 0.000000 0.000000 0.000000 0.494422
-0.019988 -0.023640
5
98.357081 253.414339
5.091141 9.569807 11.617745 1 1
0.065880 0.000000 0.000000 0.000000 0.383736
-0.033085 0.039130
5
34.039118 139.080485
5.091141 9.569807 11.617745 1 1
0.065880 0.000000 0.000000 0.000000 0.669519
-0.025073 -0.005858
5
225.772695 16.890665
5.091141 9.569807 11.617745 1 1
0.065880 0.000000 0.000000 0.000000 0.469153
0.001320 -0.004278
1
215.361134 93.826525
5.295000 9.953000 12.082942 0 1
0.065880 0.000000 0.000000 0.000000 0.497423
0.021991 -0.003774
5
87.339048 166.292519
4.493375 8.446188 10.253672 6 1
0.065880 0.000000 0.000000 0.000000 0.330460
0.003791 -0.012946
5
164.537808 303.969289
3.744130 7.037834 8.543930 8 1
0.065880 0.000000 0.000000 0.000000 0.454455
-0.001252 0.003824
1
52.327164 256.737780
5.295000 9.953000 12.082942 0 1
0.065880 0.000000 0.000000 0.000000 0.356897
-0.015636 0.003635
1
182.120760 441.225333
5.295000 9.953000 12.082942 0 1
0.065880 0.000000 0.000000 0.000000 0.450941
0.003998 0.006151
5
381.385579 186.579214
4.982786 9.366132 11.370484 2 1
0.065880 0.000000 0.000000 0.000000 0.362088
-0.003129 0.005269
1
137.465175 299.670983
5.295000 9.953000 12.082942 0 1
0.065880 0.000000 0.000000 0.000000 0.380320
0.006575 0.009259
5
369.388048 198.265826
4.352864 8.182070 9.933032 7 1
0.065880 0.000000 0.000000 0.000000 0.432095
-0.005870 0.010401
2
202.900006 288.319412
5.295000 9.953000 12.082942 10 1
0.065880 0.000000 0.000000 0.000000 0.376766
0.015257 0.008856
5
210.240967 412.115784
4.869501 9.153191 11.111974 3 1
0.065880 0.000000 0.000000 0.000000 0.362428
0.007759 -0.011871
1
177.930597 31.547102
5.295000 9.953000 12.082942 0 1
0.065880 0.000000 0.000000 0.000000 0.442401
0.007364 -0.002960
1
255.871810 248.632967
5.295000 9.953000 12.082942 0 1
0.065880 0.000000 0.000000 0.000000 0.389183
0.028004 0.001026
5
443.623378 368.246217
4.869501 9.153191 11.111974 3 1
0.065880 0.000000 0.000000 0.000000 0.417874
0.004326 0.009328
2
355.687334 395.407872
5.295000 9.953000 12.082942 13 1
0.065880 0.000000 0.000000 0.000000 0.563374
-0.009571 -0.014740
1
183.449830 347.872465
5.295000 9.953000 12.082942 0 1
0.065880 0.000000 0.000000 0.000000 0.452216
-0.013695 -0.005164
5
396.815563 113.166496
3.744130 7.037834 8.543930 8 1
0.065880 0.000000 0.000000 0.000000 0.572692
0.002430 -0.012544
1
282.234989 275.587508
5.295000 9.953000 12.082942 0 1
0.065880 0.000000 0.000000 0.000000 0.447648
0.014761 0.020495
5
399.786410 158.477510
4.625609 8.694746 10.555422 5 1
0.065880 0.000000 0.000000 0.000000 0.342096
0.001444 -0.014012
5
127.300154 273.327990
4.352864 8.182070 9.933032 7 1
0.065880 0.000000 0.000000 0.000000 0.485709
0.031988 0.022706
2
455.934884 355.001059
5.295000 9.953000 12.082942 15 1
0.065880 0.000000 0.000000 0.000000 0.427299
0.000396 0.002738
5
366.046199 183.619946
4.352864 8.182070 9.933032 7 1
0.065880 0.000000 0.000000 0.000000 0.361363
-0.008515 0.010499
2
477.987348 331.057253
5.295000 9.953000 12.082942 14 1
0.065880 0.000000 0.000000 0.000000 0.405366
0.010296 0.002369
5
370.814975 328.337669
5.091141 9.569807 11.617745 1 1
0.065880 0.000000 0.000000 0.000000 0.583748
0.003821 0.006354
1
130.631139 409.045545
5.295000 9.953000 12.082942 0 1
0.065880 0.000000 0.000000 0.000000 0.349398
-0.023985 0.003704
5
2.890799 221.231397
4.352864 8.182070 9.933032 7 1
0.065880 0.000000 0.000000 0.000000 0.498959
-0.036814 -0.005375
5
373.505920 422.971685
4.352864 8.182070 9.933032 7 1
0.065880 0.000000 0.000000 0.000000 0.359581
0.007353 -0.004063
5
114.781231 403.867475
4.352864 8.182070 9.933032 7 1
0.065880 0.000000 0.000000 0.000000 0.391257
-0.030764 -0.000333
5
161.529413 231.334924
4.869501 9.153191 11.111974 3 1
0.065880 0.000000 0.000000 0.000000 0.357748
0.001876 0.022458
5
433.686956 150.490344
4.869501 9.153191 11.111974 3 1
0.065880 0.000000 0.000000 0.000000 0.388396
0.014736 -0.007035
5
426.921608 366.042916
4.869501 9.153191 11.111974 3 1
0.065880 0.000000 0.000000 0.000000 0.615215
0.003598 -0.012390
2
194.525874 470.178351
5.295000 9.953000 12.082942 15 1
0.065880 0.000000 0.000000 0.000000 0.503278
-0.001379 0.017181
1
268.146245 72.985680
5.295000 9.953000 12.082942 0 1
0.065880 0.000000 0.000000 0.000000 0.497633
0.000883 -0.001808
5
63.855302 223.270627
4.982786 9.366132 11.370484 2 1
0.065880 0.000000 0.000000 0.000000 0.384308
-0.027315 0.001793
5
316.648056 226.348958
5.091141 9.569807 11.617745 1 1
0.065880 0.000000 0.000000 0.000000 0.442963
0.017819 -0.009078
1
183.128418 267.199437
5.295000 9.953000 12.082942 0 1
0.065880 0.000000 0.000000 0.000000 0.343591
0.019645 0.006597
5
51.461317 143.045374
5.091141 9.569807 11.617745 1 1
0.065880 0.000000 0.000000 0.000000 0.367490
-0.025301 -0.012379
2
249.965246 382.623759
5.295000 9.953000 12.082942 12 1
0.065880 0.000000 0.000000 0.000000 0.406881
0.002004 0.001128
1
87.115041 110.016909
5.295000 9.953000 12.082942 0 1
0.065880 0.000000 0.000000 0.000000 0.357251
-0.004284 -0.021727
2
255.923503 231.344441
5.295000 9.953000 12.082942 9 1
0.065880 0.000000 0.000000 0.000000 0.371470
0.003402 -0.005120
5
250.056558 430.008465
5.091141 9.569807 11.617745 1 1
0.065880 0.000000 0.000000 0.000000 0.440234
0.000999 0.009693
2
397.390230 83.958009
5.295000 9.953000 12.082942 17 1
0.065880 0.000000 0.000000 0.000000 0.425945
-0.000221 0.000537
1
312.394770 425.729744
5.295000 9.953000 12.082942 0 1
0.065880 0.000000 0.000000 0.000000 0.520210
-0.001328 -0.022345
1
300.468464 17.635677
5.295000 9.953000 12.082942 0 1
0.065880 0.000000 0.000000 0.000000 0.427166
0.001857 0.000481
5
294.718953 265.416551
4.493375 8.446188 10.253672 6 1
0.065880 0.000000 0.000000 0.000000 0.453380
0.009962 0.003755
1
462.636267 312.660299
5.295000 9.953000 12.082942 0 1
0.065880 0.000000 0.000000 0.000000 0.408653
0.000091 -0.004095
2
288.629040 479.033019
5.295000 9.953000 12.082942 10 1
0.065880 0.000000 0.000000 0.000000 0.472902
0.000277 0.009166
5
236.221625 31.498788
5.091141 9.569807 11.617745 1 1
0.065880 0.000000 0.000000 0.000000 0.499756
0.002996 0.001764
2
122.369797 76.720619
5.295000 9.953000 12.082942 11 1
0.065880 0.000000 0.000000 0.000000 0.477234
0.010686 -0.032472
5
116.677336 215.893754
4.352864 8.182070 9.933032 7 1
0.065880 0.000000 0.000000 0.000000 0.350111
0.005120 -0.010299
2
132.441635 55.335209
5.295000 9.953000 12.082942 14 1
0.065880 0.000000 0.000000 0.000000 0.405588
-0.011834 -0.003919
2
159.088293 64.084735
5.295000 9.953000 12.082942 9 1
0.065880 0.000000 0.000000 0.000000 0.371132
0.002049 -0.008070
5
371.327749 391.995337
4.493375 8.446188 10.253672 6 1
0.065880 0.000000 0.000000 0.000000 0.376398
0.000196 0.007982
2
174.221119 205.245906
5.295000 9.953000 12.082942 16 1
0.065880 0.000000 0.000000 0.000000 0.351669
-0.003191 0.009139
5
353.598157 192.194393
4.869501 9.153191 11.111974 3 1
0.065880 0.000000 0.000000 0.000000 0.433780
-0.019051 0.001360
5
29.474776 232.042633
5.091141 9.569807 11.617745 1 1
0.065880 0.000000 0.000000 0.000000 0.401845
-0.022284 -0.006064
1
281.390163 189.072547
5.295000 9.953000 12.082942 0 1
0.065880 0.000000 0.000000 0.000000 0.361952
0.017382 -0.004191
5
386.437714 48.469882
5.091141 9.569807 11.617745 1 1
0.065880 0.000000 0.000000 0.000000 0.474594
0.006448 -0.008855
2
258.853069 104.694307
5.295000 9.953000 12.082942 9 1
0.065880 0.000000 0.000000 0.000000 0.438335
0.001537 -0.009057
1
220.094898 315.953667
5.295000 9.953000 12.082942 0 1
0.065880 0.000000 0.000000 0.000000 0.339632
0.006621 0.023551
5
185.340759 45.168796
3.744130 7.037834 8.543930 8 1
0.065880 0.000000 0.000000 0.000000 0.355833
0.001327 0.011474
5
35.813981 258.056803
4.625609 8.694746 10.555422 5 1
0.065880 0.000000 0.000000 0.000000 0.368617
-0.018062 -0.005542
5
59.837930 269.759333
3.744130 7.037834 8.543930 8 1
0.065880 0.000000 0.000000 0.000000 0.348181
-0.017883 0.011920
1
361.510315 433.869389
5.295000 9.953000 12.082942 0 1
0.065880 0.000000 0.000000 0.000000 0.346688
0.008876 0.005751
5
285.989599 234.940951
4.750685 8.929853 10.840841 4 1
0.065880 0.000000 0.000000 0.000000 0.387153
0.021384 -0.001969
5
61.236830 290.142551
4.625609 8.694746 10.555422 5 1
0.065880 0.000000 0.000000 0.000000 0.361258
-0.014776 0.001302
1
276.113494 135.626446
5.295000 9.953000 12.082942 0 1
0.065880 0.000000 0.000000 0.000000 0.369696
0.003242 -0.005031
2
155.231884 273.467808
5.295000 9.953000 12.082942 11 1
0.065880 0.000000 0.000000 0.000000 0.361040
0.013868 0.017117
5
260.554161 368.453971
5.091141 9.569807 11.617745 1 1
0.065880 0.000000 0.000000 0.000000 0.360012
-0.003384 0.004346
1
208.514603 48.379374
5.295000 9.953000 12.082942 0 1
0.065880 0.000000 0.000000 0.000000 0.369671
0.021119 -0.000508
5
144.631537 173.940570
3.744130 7.037834 8.543930 8 1
0.065880 0.000000 0.000000 0.000000 0.345266
-0.027131 -0.009436
1
238.689118 396.238910
5.295000 9.953000 12.082942 0 1
0.065880 0.000000 0.000000 0.000000 0.356383
-0.007788 -0.004314
1
72.858947 263.679679
5.295000 9.953000 12.082942 0 1
0.065880 0.000000 0.000000 0.000000 0.340930
-0.017552 0.005755
1
183.780834 152.606296
5.295000 9.953000 12.082942 0 1
0.065880 0.000000 0.000000 0.000000 0.339011
0.004093 -0.017059
5
249.611153 327.909275
4.869501 9.153191 11.111974 3 1
0.065880 0.000000 0.000000 0.000000 0.402296
0.011549 0.009377
2
216.633010 146.234502
5.295000 9.953000 12.082942 11 1
0.065880 0.000000 0.000000 0.000000 0.570079
0.008335 -0.018038
1
395.622884 414.438156
5.295000 9.953000 12.082942 0 1
0.065880 0.000000 0.000000 0.000000 0.343444
0.005065 0.002587
5
365.767783 225.332733
4.982786 9.366132 11.370484 2 1
0.065880 0.000000 0.000000 0.000000 0.675246
0.009697 -0.013480
5
220.096471 225.130043
4.982786 9.366132 11.370484 2 1
0.065880 0.000000 0.000000 0.000000 0.622309
0.007284 0.006041
5
308.124060 290.723606
5.091141 9.569807 11.617745 1 1
0.065880 0.000000 0.000000 0.000000 0.374660
0.014277 0.013060
2
258.192708 489.288273
5.295000 9.953000 12.082942 15 1
0.065880 0.000000 0.000000 0.000000 0.376611
0.000824 0.009212
5
263.080217 305.269440
4.869501 9.153191 11.111974 3 1
0.065880 0.000000 0.000000 0.000000 0.470894
0.006194 -0.002745
5
318.838717 243.400041
4.982786 9.366132 11.370484 2 1
0.065880 0.000000 0.000000 0.000000 0.370165
0.010254 -0.005020
1
115.683816 182.177139
5.295000 9.953000 12.082942 0 1
0.065880 0.000000 0.000000 0.000000 0.365960
-0.014234 0.017736
1
399.918496 438.017830
5.295000 9.953000 12.082942 0 1
0.065880 0.000000 0.000000 0.000000 0.373208
0.018391 0.024109
5
186.155443 108.580632
4.869501 9.153191 11.111974 3 1
0.065880 0.000000 0.000000 0.000000 0.370997
0.006856 -0.017502
1
152.456794 218.099166
5.295000 9.953000 12.082942 0 1
0.065880 0.000000 0.000000 0.000000 0.342587
0.072415 0.003926
5
157.040743 395.987237
5.091141 9.569807 11.617745 1 1
0.065880 0.000000 0.000000 0.000000 0.350654
0.009059 0.016561
1
223.601727 117.334948
5.295000 9.953000 12.082942 0 1
0.065880 0.000000 0.000000 0.000000 0.584250
-0.001772 -0.019804
5
148.318683 340.358798
4.625609 8.694746 10.555422 5 1
0.065880 0.000000 0.000000 0.000000 0.351030
-0.000850 0.000973
5
150.573134 380.828656
4.869501 9.153191 11.111974 3 1
0.065880 0.000000 0.000000 0.000000 0.362006
0.011244 0.008157
1
378.957390 407.061395
5.295000 9.953000 12.082942 0 1
0.065880 0.000000 0.000000 0.000000 0.360355
0.007855 0.001537
1
125.061498 314.187189
5.295000 9.953000 12.082942 0 1
0.065880 0.000000 0.000000 0.000000 0.350502
0.006735 0.023757
1
239.941643 108.288868
5.295000 9.953000 12.082942 0 1
0.065880 0.000000 0.000000 0.000000 0.732672
0.000222 -0.009770
1
242.418278 479.803103
5.295000 9.953000 12.082942 0 1
0.065880 0.000000 0.000000 0.000000 0.371124
-0.009491 0.021136
1
78.175916 279.678370
5.295000 9.953000 12.082942 0 1
0.065880 0.000000 0.000000 0.000000 0.339958
-0.010943 0.009718
1
217.545321 364.198848
5.295000 9.953000 12.082942 0 1
0.065880 0.000000 0.000000 0.000000 0.453091
-0.000999 0.008423
1
430.441347 417.637372
5.295000 9.953000 12.082942 0 1
0.065880 0.000000 0.000000 0.000000 0.399698
0.013453 0.000215
1
293.680647 407.885122
5.295000 9.953000 12.082942 0 1
0.065880 0.000000 0.000000 0.000000 0.466011
0.012013 -0.003202
5
156.040097 113.752493
4.869501 9.153191 11.111974 3 1
0.065880 0.000000 0.000000 0.000000 0.393399
-0.002202 -0.013051
5
338.206286 198.951981
5.091141 9.569807 11.617745 1 1
0.065880 0.000000 0.000000 0.000000 0.466150
-0.013079 0.018196
5
95.425789 282.885095
5.091141 9.569807 11.617745 1 1
0.065880 0.000000 0.000000 0.000000 0.351873
-0.006363 0.007953
1
343.201425 362.192928
5.295000 9.953000 12.082942 0 1
0.065880 0.000000 0.000000 0.000000 0.621577
0.018245 0.009826
1
458.309877 286.043690
5.295000 9.953000 12.082942 0 1
0.065880 0.000000 0.000000 0.000000 0.660537
-0.001845 -0.000561
2
348.067133 225.548107
5.295000 9.953000 12.082942 14 1
0.065880 0.000000 0.000000 0.000000 0.625581
0.009828 0.001668
5
229.967717 453.371451
4.869501 9.153191 11.111974 3 1
0.065880 0.000000 0.000000 0.000000 0.464027
0.002288 0.005363
5
262.086568 445.796504
4.869501 9.153191 11.111974 3 1
0.065880 0.000000 0.000000 0.000000 0.354597
0.006243 0.002903
5
438.712944 205.734127
4.750685 8.929853 10.840841 4 1
0.065880 0.000000 0.000000 0.000000 0.537760
0.007503 0.000198
2
329.433361 336.383384
5.295000 9.953000 12.082942 9 1
0.065880 0.000000 0.000000 0.000000 0.421996
0.011097 0.002405
5
167.860854 262.100061
5.091141 9.569807 11.617745 1 1
0.065880 0.000000 0.000000 0.000000 0.336468
0.015860 0.014409
5
249.285045 184.223235
5.091141 9.569807 11.617745 1 1
0.065880 0.000000 0.000000 0.000000 0.389713
0.016233 -0.014560
1
299.936132 307.577486
5.295000 9.953000 12.082942 0 1
0.065880 0.000000 0.000000 0.000000 0.446299
-0.004138 -0.007474
5
157.830875 204.130069
4.869501 9.153191 11.111974 3 1
0.065880 0.000000 0.000000 0.000000 0.333859
-0.014228 -0.042433
2
202.634748 314.302428
5.295000 9.953000 12.082942 9 1
0.065880 0.000000 0.000000 0.000000 0.371985
0.002894 0.018704
1
261.554957 146.649292
5.295000 9.953000 12.082942 0 1
0.065880 0.000000 0.000000 0.000000 0.398605
0.001193 -0.005168
5
54.722986 357.152141
4.750685 8.929853 10.840841 4 1
0.065880 0.000000 0.000000 0.000000 0.447339
-0.032322 0.016938
1
46.593502 180.881828
5.295000 9.953000 12.082942 0 1
0.065880 0.000000 0.000000 0.000000 0.395604
-0.004330 -0.011799
1
178.233053 422.395201
5.295000 9.953000 12.082942 0 1
0.065880 0.000000 0.000000 0.000000 0.399004
0.002077 0.010671
2
100.515153 434.029276
5.295000 9.953000 12.082942 11 1
0.065880 0.000000 0.000000 0.000000 0.498692
-0.016540 0.020793
1
424.233055 321.287350
5.295000 9.953000 12.082942 0 1
0.065880 0.000000 0.000000 0.000000 0.478023
0.003413 0.000380
1
172.505425 78.023416
5.295000 9.953000 12.082942 0 1
0.065880 0.000000 0.000000 0.000000 0.389022
-0.005599 -0.010309
5
194.931195 428.911058
5.091141 9.569807 11.617745 1 1
0.065880 0.000000 0.000000 0.000000 0.418663
0.008666 -0.000388
5
16.396707 212.800639
4.869501 9.153191 11.111974 3 1
0.065880 0.000000 0.000000 0.000000 0.582431
-0.014297 0.011422
5
332.314017 29.174941
3.744130 7.037834 8.543930 8 1
0.065880 0.000000 0.000000 0.000000 0.513811
-0.002822 -0.002286
5
99.717296 360.677739
4.625609 8.694746 10.555422 5 1
0.065880 0.000000 0.000000 0.000000 0.354580
-0.022744 0.001023
5
124.059664 248.173618
4.352864 8.182070 9.933032 7 1
0.065880 0.000000 0.000000 0.000000 0.384306
-0.125754 0.045677
5
410.185131 332.473067
3.744130 7.037834 8.543930 8 1
0.065880 0.000000 0.000000 0.000000 0.513153
0.005417 -0.010838
5
198.655497 256.795372
4.982786 9.366132 11.370484 2 1
0.065880 0.000000 0.000000 0.000000 0.338477
-0.032587 -0.001144
5
141.637163 88.908442
4.869501 9.153191 11.111974 3 1
0.065880 0.000000 0.000000 0.000000 0.359892
-0.013224 -0.011934
5
148.908282 472.992611
5.091141 9.569807 11.617745 1 1
0.065880 0.000000 0.000000 0.000000 0.463434
-0.004968 0.014048
5
242.864600 271.540154
4.869501 9.153191 11.111974 3 1
0.065880 0.000000 0.000000 0.000000 0.376449
-0.029830 0.009130
5
226.684623 43.881708
3.744130 7.037834 8.543930 8 1
0.065880 0.000000 0.000000 0.000000 0.412369
-0.004187 0.000483
5
181.661715 167.556127
4.493375 8.446188 10.253672 6 1
0.065880 0.000000 0.000000 0.000000 0.337974
0.012671 -0.019841
5
10.674886 246.444173
4.493375 8.446188 10.253672 6 1
0.065880 0.000000 0.000000 0.000000 0.374593
-0.030285 0.001298
5
88.821465 266.417777
4.869501 9.153191 11.111974 3 1
0.065880 0.000000 0.000000 0.000000 0.343817
-0.004670 0.003598
1
477.075641 349.892389
5.295000 9.953000 12.082942 0 1
0.065880 0.000000 0.000000 0.000000 0.497729
-0.002433 0.002817
1
167.177125 161.866040
5.295000 9.953000 12.082942 0 1
0.065880 0.000000 0.000000 0.000000 0.340110
0.000514 -0.003370
5
317.416819 379.344567
4.750685 8.929853 10.840841 4 1
0.065880 0.000000 0.000000 0.000000 0.507288
-0.014998 0.000592
5
53.669477 304.089231
5.091141 9.569807 11.617745 1 1
0.065880 0.000000 0.000000 0.000000 0.382453
-0.005297 0.013576
1
218.464224 197.612781
5.295000 9.953000 12.082942 0 1
0.065880 0.000000 0.000000 0.000000 0.373895
0.031282 -0.005589
1
121.957771 109.627589
5.295000 9.953000 12.082942 0 1
0.065880 0.000000 0.000000 0.000000 0.403567
-0.003122 -0.016954
1
459.440532 331.078460
5.295000 9.953000 12.082942 0 1
0.065880 0.000000 0.000000 0.000000 0.420369
0.006362 -0.002595
2
111.212477 419.450704
5.295000 9.953000 12.082942 10 1
0.065880 0.000000 0.000000 0.000000 0.370684
0.000219 0.019060
5
410.837166 392.808104
4.982786 9.366132 11.370484 2 1
0.065880 0.000000 0.000000 0.000000 0.388435
0.005961 0.003690
1
423.367057 261.313384
5.295000 9.953000 12.082942 0 1
0.065880 0.000000 0.000000 0.000000 0.394289
0.008155 0.001034
1
268.416121 352.749103
5.295000 9.953000 12.082942 0 1
0.065880 0.000000 0.000000 0.000000 0.359491
0.019220 0.018640
5
427.263742 399.664910
4.982786 9.366132 11.370484 2 1
0.065880 0.000000 0.000000 0.000000 0.452034
0.007357 -0.001316
5
200.237031 180.031284
3.744130 7.037834 8.543930 8 1
0.065880 0.000000 0.000000 0.000000 0.357543
-0.007989 -0.016656
1
229.491145 377.791373
5.295000 9.953000 12.082942 0 1
0.065880 0.000000 0.000000 0.000000 0.423189
0.000858 0.029469
1
36.971792 329.218337
5.295000 9.953000 12.082942 0 1
0.065880 0.000000 0.000000 0.000000 0.775434
-0.024365 0.020803
2
154.177471 364.656501
5.295000 9.953000 12.082942 17 1
0.065880 0.000000 0.000000 0.000000 0.353739
0.010431 0.002736
5
233.569236 436.945149
4.352864 8.182070 9.933032 7 1
0.065880 0.000000 0.000000 0.000000 0.379847
0.012012 -0.007197
5
305.589189 103.930756
4.869501 9.153191 11.111974 3 1
0.065880 0.000000 0.000000 0.000000 0.573165
0.010145 -0.012001
1
236.832548 225.916478
5.295000 9.953000 12.082942 0 1
0.065880 0.000000 0.000000 0.000000 0.418588
0.012477 0.013034
1
214.378114 300.486882
5.295000 9.953000 12.082942 0 1
0.065880 0.000000 0.000000 0.000000 0.406607
-0.003224 0.027107
2
429.196321 278.969712
5.295000 9.953000 12.082942 16 1
0.065880 0.000000 0.000000 0.000000 0.456536
0.008603 0.003905
5
149.126669 48.931980
5.091141 9.569807 11.617745 1 1
0.065880 0.000000 0.000000 0.000000 0.435478
-0.006082 -0.004000
1
415.476620 428.660343
5.295000 9.953000 12.082942 0 1
0.065880 0.000000 0.000000 0.000000 0.391234
0.016081 0.008184
5
424.268539 94.838431
4.869501 9.153191 11.111974 3 1
0.065880 0.000000 0.000000 0.000000 0.457053
0.002705 -0.005042
5
249.461349 215.618774
5.091141 9.569807 11.617745 1 1
0.065880 0.000000 0.000000 0.000000 0.399739
0.003220 -0.009258
1
249.263978 72.582882
5.295000 9.953000 12.082942 0 1
0.065880 0.000000 0.000000 0.000000 0.580367
0.000835 -0.005465
1
215.251034 164.045689
5.295000 9.953000 12.082942 0 1
0.065880 0.000000 0.000000 0.000000 0.381233
0.000286 -0.020361
5
332.200278 452.311640
5.091141 9.569807 11.617745 1 1
0.065880 0.000000 0.000000 0.000000 0.364718
-0.004888 -0.000897
1
434.836068 121.124845
5.295000 9.953000 12.082942 0 1
0.065880 0.000000 0.000000 0.000000 0.430666
0.013527 -0.001606
1
319.435672 19.144458
5.295000 9.953000 12.082942 0 1
0.065880 0.000000 0.000000 0.000000 0.609281
0.002722 -0.000545
5
261.454821 197.325552
4.982786 9.366132 11.370484 2 1
0.065880 0.000000 0.000000 0.000000 0.393693
0.006908 0.000137
5
188.182043 225.878477
4.625609 8.694746 10.555422 5 1
0.065880 0.000000 0.000000 0.000000 0.411674
-0.008445 -0.015641
5
235.143181 321.132271
4.869501 9.153191 11.111974 3 1
0.065880 0.000000 0.000000 0.000000 0.365113
0.014053 0.002185
2
435.052572 246.780741
5.295000 9.953000 12.082942 9 1
0.065880 0.000000 0.000000 0.000000 0.393536
0.007091 0.002718
1
200.329186 352.749155
5.295000 9.953000 12.082942 0 1
0.065880 0.000000 0.000000 0.000000 0.411952
-0.002608 -0.012522
1
89.597955 139.766657
5.295000 9.953000 12.082942 0 1
0.065880 0.000000 0.000000 0.000000 0.380423
-0.006311 -0.015882
5
256.490382 264.168171
4.493375 8.446188 10.253672 6 1
0.065880 0.000000 0.000000 0.000000 0.382780
-0.028277 0.013724
1
131.374066 190.702274
5.295000 9.953000 12.082942 0 1
0.065880 0.000000 0.000000 0.000000 0.356889
0.004050 -0.008685
5
132.267524 121.930638
4.869501 9.153191 11.111974 3 1
0.065880 0.000000 0.000000 0.000000 0.377018
-0.007509 -0.005904
5
171.100592 50.665246
5.091141 9.569807 11.617745 1 1
0.065880 0.000000 0.000000 0.000000 0.361278
-0.006174 -0.009378
5
397.820527 378.235864
5.091141 9.569807 11.617745 1 1
0.065880 0.000000 0.000000 0.000000 0.497660
-0.001292 -0.007499
1
249.025457 160.464826
5.295000 9.953000 12.082942 0 1
0.065880 0.000000 0.000000 0.000000 0.390527
-0.002335 -0.008670
5
344.784438 327.116613
5.091141 9.569807 11.617745 1 1
0.065880 0.000000 0.000000 0.000000 0.537877
0.017523 0.014776
5
350.935015 422.267003
3.744130 7.037834 8.543930 8 1
0.065880 0.000000 0.000000 0.000000 0.352831
0.009170 -0.000838
1
142.055223 315.462672
5.295000 9.953000 12.082942 0 1
0.065880 0.000000 0.000000 0.000000 0.398457
0.003151 0.011139
2
416.313424 153.142607
5.295000 9.953000 12.082942 10 1
0.065880 0.000000 0.000000 0.000000 0.380132
0.012644 -0.001774
5
340.022293 395.284054
4.352864 8.182070 9.933032 7 1
0.065880 0.000000 0.000000 0.000000 0.597003
-0.012974 -0.017669
5
191.286980 194.562910
4.625609 8.694746 10.555422 5 1
0.065880 0.000000 0.000000 0.000000 0.374733
0.015467 -0.009207
1
273.812500 90.999726
5.295000 9.953000 12.082942 0 1
0.065880 0.000000 0.000000 0.000000 0.478760
-0.007006 0.003472
1
278.856762 418.869775
5.295000 9.953000 12.082942 0 1
0.065880 0.000000 0.000000 0.000000 0.455321
0.003587 -0.005080
5
391.539056 129.276660
4.625609 8.694746 10.555422 5 1
0.065880 0.000000 0.000000 0.000000 0.387875
0.013877 -0.023167
2
322.851852 96.608831
5.295000 9.953000 12.082942 14 1
0.065880 0.000000 0.000000 0.000000 0.500967
-0.008798 0.003117
5
145.634167 146.160417
4.352864 8.182070 9.933032 7 1
0.065880 0.000000 0.000000 0.000000 0.374947
-0.006382 0.003228
5
27.201272 201.337506
4.352864 8.182070 9.933032 7 1
0.065880 0.000000 0.000000 0.000000 0.448576
-0.017697 -0.015999
2
358.787286 139.992879
5.295000 9.953000 12.082942 12 1
0.065880 0.000000 0.000000 0.000000 0.632451
-0.009755 -0.001566
1
140.031850 393.806017
5.295000 9.953000 12.082942 0 1
0.065880 0.000000 0.000000 0.000000 0.361010
0.005893 0.009545
5
398.988689 236.615493
4.869501 9.153191 11.111974 3 1
0.065880 0.000000 0.000000 0.000000 0.611615
-0.012562 0.004298
5
310.127801 271.763845
5.091141 9.569807 11.617745 1 1
0.065880 0.000000 0.000000 0.000000 0.385294
0.015751 -0.004785
5
324.854876 393.734083
4.982786 9.366132 11.370484 2 1
0.065880 0.000000 0.000000 0.000000 0.564164
-0.023873 0.014229
1
140.431727 71.682926
5.295000 9.953000 12.082942 0 1
0.065880 0.000000 0.000000 0.000000 0.448040
0.012912 -0.018069
5
226.392240 238.883932
4.625609 8.694746 10.555422 5 1
0.065880 0.000000 0.000000 0.000000 0.509765
0.006847 0.022695
5
214.045796 256.868216
4.352864 8.182070 9.933032 7 1
0.065880 0.000000 0.000000 0.000000 0.355477
-0.022940 -0.018500
5
377.305968 126.911115
3.744130 7.037834 8.543930 8 1
0.065880 0.000000 0.000000 0.000000 0.496053
-0.001125 -0.007492
1
173.082741 120.566743
5.295000 9.953000 12.082942 0 1
0.065880 0.000000 0.000000 0.000000 0.368739
0.007151 -0.022053
5
213.351586 271.691650
5.091141 9.569807 11.617745 1 1
0.065880 0.000000 0.000000 0.000000 0.357278
0.040847 -0.007910
5
181.841190 92.525482
4.982786 9.366132 11.370484 2 1
0.065880 0.000000 0.000000 0.000000 0.357589
0.010744 -0.016735
1
413.169715 410.414793
5.295000 9.953000 12.082942 0 1
0.065880 0.000000 0.000000 0.000000 0.369955
0.009284 0.006514
1
296.984807 178.384035
5.295000 9.953000 12.082942 0 1
0.065880 0.000000 0.000000 0.000000 0.356110
0.007731 -0.007759
5
70.872973 103.045522
5.091141 9.569807 11.617745 1 1
0.065880 0.000000 0.000000 0.000000 0.377679
-0.010516 -0.006668
5
345.617749 161.550960
3.744130 7.037834 8.543930 8 1
0.065880 0.000000 0.000000 0.000000 0.500876
-0.009930 -0.012606
1
453.539911 249.943364
5.295000 9.953000 12.082942 0 1
0.065880 0.000000 0.000000 0.000000 0.438934
0.004752 0.001624
5
136.047152 443.282383
5.091141 9.569807 11.617745 1 1
0.065880 0.000000 0.000000 0.000000 0.401781
-0.013549 0.005824
2
271.128629 241.720287
5.295000 9.953000 12.082942 10 1
0.065880 0.000000 0.000000 0.000000 0.439803
0.016393 -0.021524
5
405.684167 264.326145
5.091141 9.569807 11.617745 1 1
0.065880 0.000000 0.000000 0.000000 0.451849
0.013299 0.008930
1
276.490054 493.138179
5.295000 9.953000 12.082942 0 1
0.065880 0.000000 0.000000 0.000000 0.379290
0.001310 0.010212
1
305.193500 471.819674
5.295000 9.953000 12.082942 0 1
0.065880 0.000000 0.000000 0.000000 0.377978
0.005551 0.020196
1
193.693520 241.004053
5.295000 9.953000 12.082942 0 1
0.065880 0.000000 0.000000 0.000000 0.383746
-0.001112 -0.014124
5
280.252551 171.645768
4.869501 9.153191 11.111974 3 1
0.065880 0.000000 0.000000 0.000000 0.378193
0.006960 -0.008276
5
132.487422 236.816571
4.625609 8.694746 10.555422 5 1
0.065880 0.000000 0.000000 0.000000 0.346552
0.024787 -0.040212
5
53.715966 402.981203
4.869501 9.153191 11.111974 3 1
0.065880 0.000000 0.000000 0.000000 0.729974
-0.013658 -0.000084
5
45.185841 197.462328
4.750685 8.929853 10.840841 4 1
0.065880 0.000000 0.000000 0.000000 0.397626
-0.049090 -0.010001
1
197.413240 165.873862
5.295000 9.953000 12.082942 0 1
0.065880 0.000000 0.000000 0.000000 0.343430
0.003909 -0.001485
1
294.534067 427.076950
5.295000 9.953000 12.082942 0 1
0.065880 0.000000 0.000000 0.000000 0.455884
-0.000909 0.000858
1
40.844904 272.912880
5.295000 9.953000 12.082942 0 1
0.065880 0.000000 0.000000 0.000000 0.371723
-0.027154 0.001824
5
226.065026 408.274253
4.750685 8.929853 10.840841 4 1
0.065880 0.000000 0.000000 0.000000 0.351612
0.017028 0.011566
5
201.075204 150.366402
4.625609 8.694746 10.555422 5 1
0.065880 0.000000 0.000000 0.000000 0.376437
0.010264 -0.005929
1
193.521208 79.595365
5.295000 9.953000 12.082942 0 1
0.065880 0.000000 0.000000 0.000000 0.423127
0.007961 -0.018096
5
34.507365 362.543132
3.744130 7.037834 8.543930 8 1
0.065880 0.000000 0.000000 0.000000 0.700115
0.006430 -0.002293
2
341.273789 134.004552
5.295000 9.953000 12.082942 12 1
0.065880 0.000000 0.000000 0.000000 0.482603
-0.003977 -0.008893
5
180.821250 251.390760
4.625609 8.694746 10.555422 5 1
0.065880 0.000000 0.000000 0.000000 0.361944
0.007884 0.005607
5
211.330069 456.925958
4.869501 9.153191 11.111974 3 1
0.065880 0.000000 0.000000 0.000000 0.421870
0.005666 0.007093
1
161.006557 146.809924
5.295000 9.953000 12.082942 0 1
0.065880 0.000000 0.000000 0.000000 0.361774
0.001426 -0.004056
5
51.254483 320.083907
4.750685 8.929853 10.840841 4 1
0.065880 0.000000 0.000000 0.000000 0.391014
-0.027954 0.016047
5
150.563295 161.033217
4.869501 9.153191 11.111974 3 1
0.065880 0.000000 0.000000 0.000000 0.343501
0.002458 0.006352
5
186.592182 318.664805
4.750685 8.929853 10.840841 4 1
0.065880 0.000000 0.000000 0.000000 0.437311
0.003565 0.002448
2
452.382218 115.438956
5.295000 9.953000 12.082942 10 1
0.065880 0.000000 0.000000 0.000000 0.595864
0.012813 -0.007882
5
91.494926 59.437395
4.750685 8.929853 10.840841 4 1
0.065880 0.000000 0.000000 0.000000 0.581278
-0.006550 -0.021980
5
187.243638 16.345655
4.982786 9.366132 11.370484 2 1
0.065880 0.000000 0.000000 0.000000 0.485827
0.004393 -0.013493
5
162.728279 190.350465
4.750685 8.929853 10.840841 4 1
0.065880 0.000000 0.000000 0.000000 0.339779
0.000833 -0.040748
5
80.853170 180.254040
5.091141 9.569807 11.617745 1 1
0.065880 0.000000 0.000000 0.000000 0.363641
0.021054 0.002391
5
204.468799 441.537107
4.625609 8.694746 10.555422 5 1
0.065880 0.000000 0.000000 0.000000 0.450614
-0.000383 0.012205
5
486.196418 245.628803
4.750685 8.929853 10.840841 4 1
0.065880 0.000000 0.000000 0.000000 0.509471
0.000486 -0.002922
5
188.070552 363.967040
4.352864 8.182070 9.933032 7 1
0.065880 0.000000 0.000000 0.000000 0.398928
-0.009904 -0.028554
1
303.875354 490.131370
5.295000 9.953000 12.082942 0 1
0.065880 0.000000 0.000000 0.000000 0.395231
0.000153 0.017782
5
279.454101 29.634201
4.352864 8.182070 9.933032 7 1
0.065880 0.000000 0.000000 0.000000 0.750481
-0.000165 0.000616
5
64.489164 132.104077
4.869501 9.153191 11.111974 3 1
0.065880 0.000000 0.000000 0.000000 0.344668
-0.007751 -0.003277
1
361.704058 411.981319
5.295000 9.953000 12.082942 0 1
0.065880 0.000000 0.000000 0.000000 0.346530
0.000425 -0.014711
5
123.795930 360.982160
4.982786 9.366132 11.370484 2 1
0.065880 0.000000 0.000000 0.000000 0.404755
0.003716 0.012028
5
27.934630 299.079567
4.493375 8.446188 10.253672 6 1
0.065880 0.000000 0.000000 0.000000 0.665403
-0.014270 0.002366
2
263.287707 122.693851
5.295000 9.953000 12.082942 17 1
0.065880 0.000000 0.000000 0.000000 0.388770
0.002774 -0.007332
2
116.867133 329.627846
5.295000 9.953000 12.082942 16 1
0.065880 0.000000 0.000000 0.000000 0.346639
-0.004811 0.016823
2
140.109504 106.389063
5.295000 9.953000 12.082942 15 1
0.065880 0.000000 0.000000 0.000000 0.375195
-0.009520 -0.010161
1
378.740161 85.868159
5.295000 9.953000 12.082942 0 1
0.065880 0.000000 0.000000 0.000000 0.441795
-0.004309 -0.007758
1
88.429330 232.926708
5.295000 9.953000 12.082942 0 1
0.065880 0.000000 0.000000 0.000000 0.393681
-0.006872 -0.006974
2
99.695737 331.719134
5.295000 9.953000 12.082942 13 1
0.065880 0.000000 0.000000 0.000000 0.343757
-0.006445 0.015746
2
168.718450 15.271586
5.295000 9.953000 12.082942 12 1
0.065880 0.000000 0.000000 0.000000 0.786968
-0.001708 -0.004875
5
117.452913 231.960065
4.750685 8.929853 10.840841 4 1
0.065880 0.000000 0.000000 0.000000 0.340615
-0.013539 0.011591
5
153.102120 257.752285
4.493375 8.446188 10.253672 6 1
0.065880 0.000000 0.000000 0.000000 0.337322
-0.006229 0.001637
5
368.209837 375.589118
4.625609 8.694746 10.555422 5 1
0.065880 0.000000 0.000000 0.000000 0.634285
-0.001299 0.001983
1
89.542628 299.519428
5.295000 9.953000 12.082942 0 1
0.065880 0.000000 0.000000 0.000000 0.375197
-0.007680 0.004403
1
185.335481 379.938984
5.295000 9.953000 12.082942 0 1
0.065880 0.000000 0.000000 0.000000 0.374075
0.005608 -0.024155
1
40.247057 156.008425
5.295000 9.953000 12.082942 0 1
0.065880 0.000000 0.000000 0.000000 0.397458
-0.023513 -0.001100
5
203.400631 20.206160
4.352864 8.182070 9.933032 7 1
0.065880 0.000000 0.000000 0.000000 0.373631
0.010763 -0.000695
5
261.937000 337.274436
4.869501 9.153191 11.111974 3 1
0.065880 0.000000 0.000000 0.000000 0.459857
0.005083 0.022071
1
307.579216 193.334817
5.295000 9.953000 12.082942 0 1
0.065880 0.000000 0.000000 0.000000 0.421256
0.000093 -0.006388
5
292.874305 160.833110
4.982786 9.366132 11.370484 2 1
0.065880 0.000000 0.000000 0.000000 0.376797
0.010631 -0.006431
1
129.825908 172.210603
5.295000 9.953000 12.082942 0 1
0.065880 0.000000 0.000000 0.000000 0.366460
-0.026242 0.002444
5
278.517433 221.730260
4.493375 8.446188 10.253672 6 1
0.065880 0.000000 0.000000 0.000000 0.368289
0.016133 -0.004358
2
323.067232 128.980842
5.295000 9.953000 12.082942 12 1
0.065880 0.000000 0.000000 0.000000 0.549571
0.012358 -0.001850
5
186.332189 284.397643
4.869501 9.153191 11.111974 3 1
0.065880 0.000000 0.000000 0.000000 0.360873
0.017353 0.007927
2
243.518359 54.673147
5.295000 9.953000 12.082942 9 1
0.065880 0.000000 0.000000 0.000000 0.527990
-0.007188 -0.002169
5
284.323473 389.624895
4.869501 9.153191 11.111974 3 1
0.065880 0.000000 0.000000 0.000000 0.424440
0.014057 0.008460
2
104.892244 109.573061
5.295000 9.953000 12.082942 9 1
0.065880 0.000000 0.000000 0.000000 0.391647
-0.004295 -0.017952
1
492.115593 226.070365
5.295000 9.953000 12.082942 0 1
0.065880 0.000000 0.000000 0.000000 0.443342
-0.006184 0.004508
1
285.933614 251.914665
5.295000 9.953000 12.082942 0 1
0.065880 0.000000 0.000000 0.000000 0.464371
0.002835 0.003865
1
392.575937 65.867390
5.295000 9.953000 12.082942 0 1
0.065880 0.000000 0.000000 0.000000 0.449078
-0.001461 -0.002705
1
236.469892 172.670089
5.295000 9.953000 12.082942 0 1
0.065880 0.000000 0.000000 0.000000 0.398732
-0.004348 -0.003761
5
180.377933 332.348674
4.352864 8.182070 9.933032 7 1
0.065880 0.000000 0.000000 0.000000 0.403067
0.004504 -0.005761
2
157.581766 130.215767
5.295000 9.953000 12.082942 14 1
0.065880 0.000000 0.000000 0.000000 0.424491
0.018009 -0.011486
1
473.453500 297.244684
5.295000 9.953000 12.082942 0 1
0.065880 0.000000 0.000000 0.000000 0.398416
0.000387 -0.001880
5
317.332311 304.584339
4.982786 9.366132 11.370484 2 1
0.065880 0.000000 0.000000 0.000000 0.399877
0.013182 0.015661
1
405.875548 317.272935
5.295000 9.953000 12.082942 0 1
0.065880 0.000000 0.000000 0.000000 0.599871
0.000838 -0.002452
5
125.600466 344.466814
5.091141 9.569807 11.617745 1 1
0.065880 0.000000 0.000000 0.000000 0.373524
0.005019 0.011852
1
246.215618 90.922368
5.295000 9.953000 12.082942 0 1
0.065880 0.000000 0.000000 0.000000 0.576583
-0.001532 -0.007508
5
362.427242 107.458201
4.625609 8.694746 10.555422 5 1
0.065880 0.000000 0.000000 0.000000 0.491683
-0.003812 0.000290
2
299.796527 120.927662
5.295000 9.953000 12.082942 14 1
0.065880 0.000000 0.000000 0.000000 0.410895
-0.002287 -0.011868
2
114.892183 60.649593
5.295000 9.953000 12.082942 17 1
0.065880 0.000000 0.000000 0.000000 0.512331
-0.021334 -0.016784
2
442.050154 336.569068
5.295000 9.953000 12.082942 14 1
0.065880 0.000000 0.000000 0.000000 0.511828
-0.002590 -0.015628
5
102.531857 237.218195
4.625609 8.694746 10.555422 5 1
0.065880 0.000000 0.000000 0.000000 0.371459
-0.066589 -0.042814
5
72.988537 235.764192
4.625609 8.694746 10.555422 5 1
0.065880 0.000000 0.000000 0.000000 0.418194
-0.028120 0.001726
2
460.058755 374.784400
5.295000 9.953000 12.082942 13 1
0.065880 0.000000 0.000000 0.000000 0.482610
0.012320 -0.000892
1
441.629848 264.572617
5.295000 9.953000 12.082942 0 1
0.065880 0.000000 0.000000 0.000000 0.414779
0.007737 0.004307
5
190.209937 210.800411
4.982786 9.366132 11.370484 2 1
0.065880 0.000000 0.000000 0.000000 0.451120
0.021908 -0.018401
2
285.562249 353.918965
5.295000 9.953000 12.082942 17 1
0.065880 0.000000 0.000000 0.000000 0.355891
0.023488 0.008153
5
97.684236 377.925902
4.750685 8.929853 10.840841 4 1
0.065880 0.000000 0.000000 0.000000 0.355351
-0.000441 0.013025
1
347.344178 444.526246
5.295000 9.953000 12.082942 0 1
0.065880 0.000000 0.000000 0.000000 0.348104
0.004191 0.005814
1
452.751388 134.231207
5.295000 9.953000 12.082942 0 1
0.065880 0.000000 0.000000 0.000000 0.548063
0.000176 -0.006156
2
295.123906 333.725879
5.295000 9.953000 12.082942 9 1
0.065880 0.000000 0.000000 0.000000 0.365040
0.009633 0.012183
1
138.760229 252.820249
5.295000 9.953000 12.082942 0 1
0.065880 0.000000 0.000000 0.000000 0.389630
0.043485 0.018759
1
107.294842 139.988846
5.295000 9.953000 12.082942 0 1
0.065880 0.000000 0.000000 0.000000 0.415577
-0.005517 -0.018789
1
146.424577 24.320446
5.295000 9.953000 12.082942 0 1
0.065880 0.000000 0.000000 0.000000 0.752613
0.002048 -0.016409
5
377.711078 441.922502
4.982786 9.366132 11.370484 2 1
0.065880 0.000000 0.000000 0.000000 0.372647
0.005933 0.004269
5
400.176830 281.316288
4.869501 9.153191 11.111974 3 1
0.065880 0.000000 0.000000 0.000000 0.553126
-0.004773 0.003253
1
356.404653 209.434975
5.295000 9.953000 12.082942 0 1
0.065880 0.000000 0.000000 0.000000 0.465552
0.013157 0.003106
5
452.273560 168.241829
4.493375 8.446188 10.253672 6 1
0.065880 0.000000 0.000000 0.000000 0.500736
-0.005109 0.006963
1
172.206181 361.660409
5.295000 9.953000 12.082942 0 1
0.065880 0.000000 0.000000 0.000000 0.415904
-0.010298 0.004412
1
98.979611 399.708763
5.295000 9.953000 12.082942 0 1
0.065880 0.000000 0.000000 0.000000 0.391379
-0.028395 0.002615
1
84.469590 368.270068
5.295000 9.953000 12.082942 0 1
0.065880 0.000000 0.000000 0.000000 0.412841
-0.020524 0.027064
5
424.536850 197.325487
4.869501 9.153191 11.111974 3 1
0.065880 0.000000 0.000000 0.000000 0.407173
0.005146 0.001593
1
260.951531 415.697734
5.295000 9.953000 12.082942 0 1
0.065880 0.000000 0.000000 0.000000 0.414430
0.005094 0.002745
2
256.572718 398.859075
5.295000 9.953000 12.082942 10 1
0.065880 0.000000 0.000000 0.000000 0.364587
-0.004289 0.003390
2
336.429453 115.928714
5.295000 9.953000 12.082942 14 1
0.065880 0.000000 0.000000 0.000000 0.617636
0.004732 -0.016128
5
90.816493 316.421088
5.091141 9.569807 11.617745 1 1
0.065880 0.000000 0.000000 0.000000 0.425647
0.006446 0.007266
1
281.418539 118.101491
5.295000 9.953000 12.082942 0 1
0.065880 0.000000 0.000000 0.000000 0.493164
-0.002799 -0.010046
5
101.554363 192.111489
4.982786 9.366132 11.370484 2 1
0.065880 0.000000 0.000000 0.000000 0.349852
-0.003646 0.011923
5
227.715151 469.545923
4.750685 8.929853 10.840841 4 1
0.065880 0.000000 0.000000 0.000000 0.426341
-0.003354 0.012301
5
483.844799 210.077161
4.750685 8.929853 10.840841 4 1
0.065880 0.000000 0.000000 0.000000 0.606485
0.000151 0.000291
1
84.533706 388.495945
5.295000 9.953000 12.082942 0 1
0.065880 0.000000 0.000000 0.000000 0.444000
-0.014101 -0.002393
5
82.139542 345.163740
3.744130 7.037834 8.543930 8 1
0.065880 0.000000 0.000000 0.000000 0.390892
-0.013642 0.018863
5
341.383135 96.405896
5.091141 9.569807 11.617745 1 1
0.065880 0.000000 0.000000 0.000000 0.610032
-0.006344 0.006672
5
221.384110 179.658520
4.869501 9.153191 11.111974 3 1
0.065880 0.000000 0.000000 0.000000 0.399450
-0.026684 -0.005544
1
182.945153 484.397244
5.295000 9.953000 12.082942 0 1
0.065880 0.000000 0.000000 0.000000 0.428202
-0.004460 0.013967
5
312.930457 35.788554
4.750685 8.929853 10.840841 4 1
0.065880 0.000000 0.000000 0.000000 0.503700
-0.001081 0.000243
5
307.245131 137.009075
4.982786 9.366132 11.370484 2 1
0.065880 0.000000 0.000000 0.000000 0.399655
0.007412 -0.010671
2
424.015577 135.827235
5.295000 9.953000 12.082942 12 1
0.065880 0.000000 0.000000 0.000000 0.418283
0.005428 -0.005363
5
287.164008 319.198377
4.750685 8.929853 10.840841 4 1
0.065880 0.000000 0.000000 0.000000 0.474539
0.000205 0.011454
5
389.898983 171.804506
5.091141 9.569807 11.617745 1 1
0.065880 0.000000 0.000000 0.000000 0.354350
0.011477 0.004702
5
203.123860 201.930417
4.493375 8.446188 10.253672 6 1
0.065880 0.000000 0.000000 0.000000 0.393482
0.020927 -0.029422
5
118.919700 43.405210
4.869501 9.153191 11.111974 3 1
0.065880 0.000000 0.000000 0.000000 0.780477
0.002607 -0.015092
2
185.278176 397.527826
5.295000 9.953000 12.082942 17 1
0.065880 0.000000 0.000000 0.000000 0.389662
0.014864 -0.016005
5
131.872105 426.106119
4.982786 9.366132 11.370484 2 1
0.065880 0.000000 0.000000 0.000000 0.401300
-0.013600 0.003030
1
22.200056 156.878811
5.295000 9.953000 12.082942 0 1
0.065880 0.000000 0.000000 0.000000 0.684936
-0.024757 0.005499
1
411.331002 63.073931
5.295000 9.953000 12.082942 0 1
0.065880 0.000000 0.000000 0.000000 0.550703
-0.001364 -0.006374
5
86.675135 75.129681
5.091141 9.569807 11.617745 1 1
0.065880 0.000000 0.000000 0.000000 0.650674
-0.008670 -0.017492
5
420.755460 110.854869
4.750685 8.929853 10.840841 4 1
0.065880 0.000000 0.000000 0.000000 0.444754
0.008010 0.000528
5
191.053835 123.559508
4.869501 9.153191 11.111974 3 1
0.065880 0.000000 0.000000 0.000000 0.372615
0.003844 -0.012618
2
314.403611 447.067874
5.295000 9.953000 12.082942 14 1
0.065880 0.000000 0.000000 0.000000 0.379140
-0.002543 0.016670
5
33.128885 171.147091
4.625609 8.694746 10.555422 5 1
0.065880 0.000000 0.000000 0.000000 0.444656
-0.024846 0.007142
2
309.670847 163.751362
5.295000 9.953000 12.082942 11 1
0.065880 0.000000 0.000000 0.000000 0.406153
0.014437 -0.002048
1
229.993524 210.001302
5.295000 9.953000 12.082942 0 1
0.065880 0.000000 0.000000 0.000000 0.407241
0.022426 0.014652
5
318.991878 78.815402
4.869501 9.153191 11.111974 3 1
0.065880 0.000000 0.000000 0.000000 0.775523
0.000140 0.000022
1
409.103197 204.881552
5.295000 9.953000 12.082942 0 1
0.065880 0.000000 0.000000 0.000000 0.446601
0.002171 0.001827
1
211.181474 381.164171
5.295000 9.953000 12.082942 0 1
0.065880 0.000000 0.000000 0.000000 0.408675
0.006327 -0.009764
5
324.106863 190.937546
4.352864 8.182070 9.933032 7 1
0.065880 0.000000 0.000000 0.000000 0.481212
-0.001496 0.009586
1
155.401677 326.229680
5.295000 9.953000 12.082942 0 1
0.065880 0.000000 0.000000 0.000000 0.403894
0.010771 0.001932
1
422.130837 233.497763
5.295000 9.953000 12.082942 0 1
0.065880 0.000000 0.000000 0.000000 0.483559
0.007555 0.004188
5
315.848735 352.358173
4.493375 8.446188 10.253672 6 1
0.065880 0.000000 0.000000 0.000000 0.423679
0.035839 -0.006462
5
311.735736 320.598109
4.982786 9.366132 11.370484 2 1
0.065880 0.000000 0.000000 0.000000 0.398999
-0.013450 0.000930
4
388.997008 325.440592
5.295000 9.953000 12.082942 0 1
0.000000 0.000000 0.000000 0.000000 0.645447
0.003350 0.005734
4
400.202916 299.661451
5.295000 9.953000 12.082942 0 1
0.000000 0.000000 0.000000 0.000000 0.614274
0.005964 0.002243
4
229.374778 134.448298
5.295000 9.953000 12.082942 0 1
0.000000 0.000000 0.000000 0.000000 0.603830
0.002950 -0.023169
5
374.574425 465.946633
5.091141 9.569807 11.617745 1 1
0.065880 0.000000 0.000000 0.000000 0.501697
0.011297 0.010216
1
292.642708 203.343682
5.295000 9.953000 12.082942 0 1
0.065880 0.000000 0.000000 0.000000 0.421992
0.010519 0.002393
5
350.835875 297.138073
4.625609 8.694746 10.555422 5 1
0.065880 0.000000 0.000000 0.000000 0.508403
-0.005868 0.001849
4
424.404510 215.328674
5.295000 9.953000 12.082942 0 1
0.000000 0.000000 0.000000 0.000000 0.681816
0.005517 0.001396
4
178.564820 459.764353
5.295000 9.953000 12.082942 0 1
0.000000 0.000000 0.000000 0.000000 0.521225
-0.000694 0.014330
4
407.292729 222.165397
5.295000 9.953000 12.082942 0 1
0.000000 0.000000 0.000000 0.000000 0.789206
0.007042 0.008457
4
148.433528 430.593741
5.295000 9.953000 12.082942 0 1
0.000000 0.000000 0.000000 0.000000 0.522587
-0.008494 0.002981
4
118.126544 261.256941
5.295000 9.953000 12.082942 0 1
0.000000 0.000000 0.000000 0.000000 0.572199
-0.000722 -0.039866
4
269.865828 321.441609
5.295000 9.953000 12.082942 0 1
0.000000 0.000000 0.000000 0.000000 0.663860
-0.007304 0.007273
4
477.574284 163.143292
5.295000 9.953000 12.082942 0 1
0.000000 0.000000 0.000000 0.000000 0.861522
0.002437 -0.002732
4
403.554232 360.945159
5.295000 9.953000 12.082942 0 1
0.000000 0.000000 0.000000 0.000000 0.734849
-0.000057 -0.005732
5
359.489808 264.700607
5.091141 9.569807 11.617745 1 1
0.065880 0.000000 0.000000 0.000000 0.855766
0.001951 -0.006155
5
157.642075 291.135675
5.091141 9.569807 11.617745 1 1
0.065880 0.000000 0.000000 0.000000 0.435303
-0.000051 0.004811
5
231.506028 155.677229
5.091141 9.569807 11.617745 1 1
0.065880 0.000000 0.000000 0.000000 0.521961
0.001603 -0.005433
5
271.761350 290.155565
5.091141 9.569807 11.617745 1 1
0.065880 0.000000 0.000000 0.000000 0.478424
-0.002025 -0.001537
5
71.288432 165.990289
5.091141 9.569807 11.617745 1 1
0.065880 0.000000 0.000000 0.000000 0.342771
0.001786 0.012119
5
105.600286 297.148230
5.091141 9.569807 11.617745 1 1
0.065880 0.000000 0.000000 0.000000 0.398958
-0.001835 0.005215
5
82.854049 249.409142
5.091141 9.569807 11.617745 1 1
0.065880 0.000000 0.000000 0.000000 0.378573
-0.001767 0.003585
5
237.841952 3.618494
5.091141 9.569807 11.617745 1 1
0.065880 0.000000 0.000000 0.000000 0.494805
0.005209 -0.005738
5
320.522070 481.915355
5.091141 9.569807 11.617745 1 1
0.065880 0.000000 0.000000 0.000000 0.395543
0.005472 0.019082
5
378.038879 311.431204
5.091141 9.569807 11.617745 1 1
0.065880 0.000000 0.000000 0.000000 0.455609
-0.002321 0.002813
5
332.476888 233.062691
5.091141 9.569807 11.617745 1 1
0.065880 0.000000 0.000000 0.000000 0.484634
0.011206 -0.000509
5
46.568716 126.515813
5.091141 9.569807 11.617745 1 1
0.065880 0.000000 0.000000 0.000000 0.521021
-0.027540 -0.011573
5
245.749797 446.715331
5.091141 9.569807 11.617745 1 1
0.065880 0.000000 0.000000 0.000000 0.373401
0.001691 0.012297
5
216.236726 31.993237
5.091141 9.569807 11.617745 1 1
0.065880 0.000000 0.000000 0.000000 0.380919
-0.004846 -0.008152
5
33.587864 215.667044
5.091141 9.569807 11.617745 1 1
0.065880 0.000000 0.000000 0.000000 0.371416
-0.016801 -0.009024
5
371.803980 58.693114
5.091141 9.569807 11.617745 1 1
0.065880 0.000000 0.000000 0.000000 0.441950
0.007151 -0.009045
5
267.890918 384.718792
5.091141 9.569807 11.617745 1 1
0.065880 0.000000 0.000000 0.000000 0.362746
0.006977 0.006373
5
323.906500 282.395660
5.091141 9.569807 11.617745 1 1
0.065880 0.000000 0.000000 0.000000 0.361559
0.006012 0.005017
5
170.470352 406.108165
5.091141 9.569807 11.617745 1 1
0.065880 0.000000 0.000000 0.000000 0.356162
0.019946 0.009169
5
336.374920 179.927438
5.091141 9.569807 11.617745 1 1
0.065880 0.000000 0.000000 0.000000 0.535750
-0.002142 0.003930
5
113.184041 282.054582
5.091141 9.569807 11.617745 1 1
0.065880 0.000000 0.000000 0.000000 0.412085
0.002167 0.002619
5
170.641890 279.217349
5.091141 9.569807 11.617745 1 1
0.065880 0.000000 0.000000 0.000000 0.352386
0.017141 0.011763
5
265.772080 180.754728
5.091141 9.569807 11.617745 1 1
0.065880 0.000000 0.000000 0.000000 0.387183
0.016851 0.000838
5
193.351503 412.362117
5.091141 9.569807 11.617745 1 1
0.065880 0.000000 0.000000 0.000000 0.400620
0.001105 -0.004776
5
42.405617 290.631497
5.091141 9.569807 11.617745 1 1
0.065880 0.000000 0.000000 0.000000 0.403421
-0.012275 0.010933
5
160.628957 35.766363
5.091141 9.569807 11.617745 1 1
0.065880 0.000000 0.000000 0.000000 0.554390
-0.001022 -0.007092
5
245.045595 200.562530
5.091141 9.569807 11.617745 1 1
0.065880 0.000000 0.000000 0.000000 0.394047
0.001974 -0.014805
5
320.635098 464.261008
5.091141 9.569807 11.617745 1 1
0.065880 0.000000 0.000000 0.000000 0.376115
0.006602 0.016464
5
183.156752 64.328681
5.091141 9.569807 11.617745 1 1
0.065880 0.000000 0.000000 0.000000 0.427567
-0.001256 -0.014347
5
383.262816 366.526076
5.091141 9.569807 11.617745 1 1
0.065880 0.000000 0.000000 0.000000 0.632590
-0.000459 -0.003559
5
328.879980 317.561232
5.091141 9.569807 11.617745 1 1
0.065880 0.000000 0.000000 0.000000 0.416146
0.002132 0.032917
5
305.178797 253.860650
5.091141 9.569807 11.617745 1 1
0.065880 0.000000 0.000000 0.000000 0.389172
0.006687 -0.004554
5
221.101729 285.364637
5.091141 9.569807 11.617745 1 1
0.065880 0.000000 0.000000 0.000000 0.353907
-0.006091 0.026811
5
1.482243 260.125801
5.091141 9.569807 11.617745 1 1
0.065880 0.000000 0.000000 0.000000 0.380437
-0.015184 0.018115
5
59.163139 89.703156
5.091141 9.569807 11.617745 1 1
0.065880 0.000000 0.000000 0.000000 0.753428
-0.007542 -0.009515
5
135.711554 460.972549
5.091141 9.569807 11.617745 1 1
0.065880 0.000000 0.000000 0.000000 0.401215
-0.004437 0.011648
5
388.538149 265.792783
5.091141 9.569807 11.617745 1 1
0.065880 0.000000 0.000000 0.000000 0.565986
0.015097 0.013668
5
63.424460 183.235561
5.091141 9.569807 11.617745 1 1
0.065880 0.000000 0.000000 0.000000 0.375452
0.008737 -0.038312
5
340.567833 468.501297
5.091141 9.569807 11.617745 1 1
0.065880 0.000000 0.000000 0.000000 0.427464
-0.003257 -0.000526
5
109.114829 346.718523
5.091141 9.569807 11.617745 1 1
0.065880 0.000000 0.000000 0.000000 0.341043
0.003827 0.013912
5
225.022533 486.274301
5.091141 9.569807 11.617745 1 1
0.065880 0.000000 0.000000 0.000000 0.405975
-0.006470 0.020064
5
74.981185 310.118747
5.091141 9.569807 11.617745 1 1
0.065880 0.000000 0.000000 0.000000 0.446762
0.003306 0.015470
5
358.645106 91.456455
5.091141 9.569807 11.617745 1 1
0.065880 0.000000 0.000000 0.000000 0.567256
-0.007565 -0.007412
5
82.654334 432.144163
5.091141 9.569807 11.617745 1 1
0.065880 0.000000 0.000000 0.000000 0.635521
-0.024367 0.004797
5
411.484585 170.275370
5.091141 9.569807 11.617745 1 1
0.065880 0.000000 0.000000 0.000000 0.420047
0.002761 -0.004802
5
104.261204 75.478191
5.091141 9.569807 11.617745 1 1
0.065880 0.000000 0.000000 0.000000 0.479336
-0.000600 0.007422
5
363.314137 452.275435
5.091141 9.569807 11.617745 1 1
0.065880 0.000000 0.000000 0.000000 0.390405
0.009658 0.006868
5
307.372383 366.058224
4.982786 9.366132 11.370484 2 1
0.065880 0.000000 0.000000 0.000000 0.507492
0.001708 -0.021866
5
277.435462 369.655430
4.982786 9.366132 11.370484 2 1
0.065880 0.000000 0.000000 0.000000 0.358075
0.000607 0.001296
5
388.146152 248.850932
4.982786 9.366132 11.370484 2 1
0.065880 0.000000 0.000000 0.000000 0.492940
-0.015681 0.008818
5
359.861439 314.507388
4.982786 9.366132 11.370484 2 1
0.065880 0.000000 0.000000 0.000000 0.514946
0.012699 -0.003458
5
111.324403 166.367789
4.982786 9.366132 11.370484 2 1
0.065880 0.000000 0.000000 0.000000 0.402658
0.012323 -0.005202
5
97.486625 124.939581
4.982786 9.366132 11.370484 2 1
0.065880 0.000000 0.000000 0.000000 0.406222
-0.005254 -0.018447
5
297.023184 444.606850
4.982786 9.366132 11.370484 2 1
0.065880 0.000000 0.000000 0.000000 0.420356
-0.003385 0.000992
5
445.317429 318.964030
4.982786 9.366132 11.370484 2 1
0.065880 0.000000 0.000000 0.000000 0.569192
0.003420 -0.007559
5
392.709002 199.014237
4.982786 9.366132 11.370484 2 1
0.065880 0.000000 0.000000 0.000000 0.401265
-0.007908 0.017563
5
74.633901 211.028632
4.982786 9.366132 11.370484 2 1
0.065880 0.000000 0.000000 0.000000 0.377685
-0.022592 -0.003170
5
383.348467 226.413378
4.982786 9.366132 11.370484 2 1
0.065880 0.000000 0.000000 0.000000 0.607491
0.006639 0.007921
5
210.734724 241.968604
4.982786 9.366132 11.370484 2 1
0.065880 0.000000 0.000000 0.000000 0.394533
-0.002785 -0.019159
5
335.496129 250.235184
4.982786 9.366132 11.370484 2 1
0.065880 0.000000 0.000000 0.000000 0.547317
0.013363 -0.005591
5
197.687502 272.879155
4.982786 9.366132 11.370484 2 1
0.065880 0.000000 0.000000 0.000000 0.339959
0.030601 0.006278
5
414.399056 376.249362
4.982786 9.366132 11.370484 2 1
0.065880 0.000000 0.000000 0.000000 0.627812
0.004427 -0.001453
5
443.993551 394.310143
4.982786 9.366132 11.370484 2 1
0.065880 0.000000 0.000000 0.000000 0.525932
0.007344 -0.001234
5
275.771855 205.762503
4.982786 9.366132 11.370484 2 1
0.065880 0.000000 0.000000 0.000000 0.375318
0.010353 -0.004686
5
312.711630 405.787988
4.982786 9.366132 11.370484 2 1
0.065880 0.000000 0.000000 0.000000 0.660517
-0.017775 0.030296
5
170.013005 104.087535
4.982786 9.366132 11.370484 2 1
0.065880 0.000000 0.000000 0.000000 0.378092
-0.000269 -0.022976
5
196.199764 34.608506
4.982786 9.366132 11.370484 2 1
0.065880 0.000000 0.000000 0.000000 0.352877
0.001681 0.004674
5
124.863689 378.438336
4.982786 9.366132 11.370484 2 1
0.065880 0.000000 0.000000 0.000000 0.368841
0.000777 0.011705
5
277.854312 153.396991
4.982786 9.366132 11.370484 2 1
0.065880 0.000000 0.000000 0.000000 0.386111
0.003782 -0.002068
5
332.794177 298.141932
4.982786 9.366132 11.370484 2 1
0.065880 0.000000 0.000000 0.000000 0.384133
0.013121 0.002967
5
203.782237 226.559721
4.982786 9.366132 11.370484 2 1
0.065880 0.000000 0.000000 0.000000 0.512399
-0.000624 -0.015227
5
391.125349 453.589073
4.982786 9.366132 11.370484 2 1
0.065880 0.000000 0.000000 0.000000 0.577978
-0.008575 0.015092
5
115.927277 198.661792
4.982786 9.366132 11.370484 2 1
0.065880 0.000000 0.000000 0.000000 0.372579
-0.024384 0.011565
5
291.825980 143.618443
4.982786 9.366132 11.370484 2 1
0.065880 0.000000 0.000000 0.000000 0.385424
0.005493 -0.005866
5
118.256183 435.933213
4.982786 9.366132 11.370484 2 1
0.065880 0.000000 0.000000 0.000000 0.431771
-0.007861 0.020354
5
311.938464 337.153664
4.982786 9.366132 11.370484 2 1
0.065880 0.000000 0.000000 0.000000 0.381532
0.012663 -0.000676
5
335.628518 267.408355
4.869501 9.153191 11.111974 3 1
0.065880 0.000000 0.000000 0.000000 0.535605
0.016686 -0.011477
5
75.100506 194.784039
4.869501 9.153191 11.111974 3 1
0.065880 0.000000 0.000000 0.000000 0.365725
-0.014598 -0.005641
5
103.292424 208.020933
4.869501 9.153191 11.111974 3 1
0.065880 0.000000 0.000000 0.000000 0.340798
-0.006745 -0.008341
5
432.754312 80.029997
4.869501 9.153191 11.111974 3 1
0.065880 0.000000 0.000000 0.000000 0.520127
0.001232 -0.008861
5
56.961600 238.519283
4.869501 9.153191 11.111974 3 1
0.065880 0.000000 0.000000 0.000000 0.391700
-0.020296 0.006755
5
469.330065 192.328359
4.869501 9.153191 11.111974 3 1
0.065880 0.000000 0.000000 0.000000 0.621877
0.013766 0.001125
5
96.779949 94.411804
4.869501 9.153191 11.111974 3 1
0.065880 0.000000 0.000000 0.000000 0.424780
0.005735 -0.024737
5
213.270535 427.824248
4.869501 9.153191 11.111974 3 1
0.065880 0.000000 0.000000 0.000000 0.363730
-0.017145 -0.001618
5
436.306108 352.764195
4.869501 9.153191 11.111974 3 1
0.065880 0.000000 0.000000 0.000000 0.396395
0.024910 -0.004447
5
177.042575 236.259077
4.869501 9.153191 11.111974 3 1
0.065880 0.000000 0.000000 0.000000 0.376151
0.003608 0.005084
5
450.415532 151.939525
4.869501 9.153191 11.111974 3 1
0.065880 0.000000 0.000000 0.000000 0.440070
0.018189 0.000069
5
430.683187 382.787055
4.869501 9.153191 11.111974 3 1
0.065880 0.000000 0.000000 0.000000 0.428086
0.007634 -0.006802
5
352.941442 174.761692
4.869501 9.153191 11.111974 3 1
0.065880 0.000000 0.000000 0.000000 0.387596
-0.002157 -0.007638
5
248.461682 312.612268
4.869501 9.153191 11.111974 3 1
0.065880 0.000000 0.000000 0.000000 0.412504
0.012400 0.004094
5
8.072448 276.626305
4.869501 9.153191 11.111974 3 1
0.065880 0.000000 0.000000 0.000000 0.378851
-0.013544 0.012543
5
249.000698 297.571593
4.869501 9.153191 11.111974 3 1
0.065880 0.000000 0.000000 0.000000 0.357426
0.005139 -0.000812
5
198.226280 97.208724
4.869501 9.153191 11.111974 3 1
0.065880 0.000000 0.000000 0.000000 0.371884
0.014639 -0.015833
5
138.227224 370.284952
4.869501 9.153191 11.111974 3 1
0.065880 0.000000 0.000000 0.000000 0.353675
0.007293 0.009969
5
155.402578 97.365002
4.869501 9.153191 11.111974 3 1
0.065880 0.000000 0.000000 0.000000 0.347375
-0.009984 -0.011768
5
243.001584 463.030377
4.869501 9.153191 11.111974 3 1
0.065880 0.000000 0.000000 0.000000 0.363859
-0.000173 0.017146
5
259.181413 462.392931
4.869501 9.153191 11.111974 3 1
0.065880 0.000000 0.000000 0.000000 0.392262
0.002703 0.000338
5
147.442901 187.905832
4.869501 9.153191 11.111974 3 1
0.065880 0.000000 0.000000 0.000000 0.342127
-0.005732 -0.013193
5
6.408221 198.433846
4.869501 9.153191 11.111974 3 1
0.065880 0.000000 0.000000 0.000000 0.494635
0.000765 0.001083
5
155.787633 80.894974
4.869501 9.153191 11.111974 3 1
0.065880 0.000000 0.000000 0.000000 0.356615
-0.007651 -0.009885
5
241.489181 256.520135
4.869501 9.153191 11.111974 3 1
0.065880 0.000000 0.000000 0.000000 0.384428
0.026669 0.000677
5
103.984152 268.828825
4.869501 9.153191 11.111974 3 1
0.065880 0.000000 0.000000 0.000000 0.420266
-0.017608 0.011698
5
288.332477 101.720966
4.869501 9.153191 11.111974 3 1
0.065880 0.000000 0.000000 0.000000 0.509925
0.006275 -0.007804
5
415.108401 80.602159
4.869501 9.153191 11.111974 3 1
0.065880 0.000000 0.000000 0.000000 0.393692
0.000715 -0.005922
5
229.565806 336.118882
4.869501 9.153191 11.111974 3 1
0.065880 0.000000 0.000000 0.000000 0.363757
-0.011621 -0.006682
5
126.389966 137.463585
4.869501 9.153191 11.111974 3 1
0.065880 0.000000 0.000000 0.000000 0.384142
0.008914 -0.010120
5
411.701868 247.891905
4.869501 9.153191 11.111974 3 1
0.065880 0.000000 0.000000 0.000000 0.414698
-0.001310 0.001053
5
265.385085 164.076262
4.869501 9.153191 11.111974 3 1
0.065880 0.000000 0.000000 0.000000 0.378939
-0.000670 -0.001829
5
68.574581 394.969351
4.869501 9.153191 11.111974 3 1
0.065880 0.000000 0.000000 0.000000 0.507483
-0.008781 0.009097
5
194.489805 453.274371
4.869501 9.153191 11.111974 3 1
0.065880 0.000000 0.000000 0.000000 0.525503
-0.000135 0.015399
5
134.952636 156.333427
4.869501 9.153191 11.111974 3 1
0.065880 0.000000 0.000000 0.000000 0.369232
-0.003600 0.012074
5
79.836167 125.756882
4.869501 9.153191 11.111974 3 1
0.065880 0.000000 0.000000 0.000000 0.376217
-0.009305 -0.019146
5
278.310227 337.394833
4.869501 9.153191 11.111974 3 1
0.065880 0.000000 0.000000 0.000000 0.478629
0.007013 0.006727
5
174.678185 295.128607
4.869501 9.153191 11.111974 3 1
0.065880 0.000000 0.000000 0.000000 0.364003
0.010233 0.014202
5
273.602786 402.335861
4.869501 9.153191 11.111974 3 1
0.065880 0.000000 0.000000 0.000000 0.421925
-0.002713 -0.003917
5
415.317945 290.333523
4.869501 9.153191 11.111974 3 1
0.065880 0.000000 0.000000 0.000000 0.556108
0.002076 -0.003606
5
439.472877 188.507210
4.869501 9.153191 11.111974 3 1
0.065880 0.000000 0.000000 0.000000 0.509792
0.004815 0.000961
5
233.235830 190.205791
4.869501 9.153191 11.111974 3 1
0.065880 0.000000 0.000000 0.000000 0.366455
0.014270 -0.037126
5
134.837787 37.710111
4.869501 9.153191 11.111974 3 1
0.065880 0.000000 0.000000 0.000000 0.650877
0.012967 -0.001754
5
206.566830 131.684183
4.869501 9.153191 11.111974 3 1
0.065880 0.000000 0.000000 0.000000 0.453484
0.013122 -0.017204
5
302.515557 84.513426
4.869501 9.153191 11.111974 3 1
0.065880 0.000000 0.000000 0.000000 0.660781
0.000331 0.003016
5
147.841945 410.008929
4.750685 8.929853 10.840841 4 1
0.065880 0.000000 0.000000 0.000000 0.349001
-0.018955 0.010184
5
294.332634 220.795746
4.750685 8.929853 10.840841 4 1
0.065880 0.000000 0.000000 0.000000 0.380667
0.018958 -0.003153
5
450.886232 216.927486
4.750685 8.929853 10.840841 4 1
0.065880 0.000000 0.000000 0.000000 0.497254
0.007786 0.000338
5
40.926032 347.544530
4.750685 8.929853 10.840841 4 1
0.065880 0.000000 0.000000 0.000000 0.684636
-0.024481 0.008131
5
335.139544 378.868378
4.750685 8.929853 10.840841 4 1
0.065880 0.000000 0.000000 0.000000 0.479058
-0.002703 0.014318
5
61.178492 200.827760
4.750685 8.929853 10.840841 4 1
0.065880 0.000000 0.000000 0.000000 0.374013
-0.029856 -0.034003
5
222.201661 393.118305
4.750685 8.929853 10.840841 4 1
0.065880 0.000000 0.000000 0.000000 0.355732
-0.026970 0.028452
5
66.510490 323.208989
4.750685 8.929853 10.840841 4 1
0.065880 0.000000 0.000000 0.000000 0.482227
-0.024346 0.004300
5
195.337249 333.436060
4.750685 8.929853 10.840841 4 1
0.065880 0.000000 0.000000 0.000000 0.492240
-0.002399 0.018659
5
102.909765 48.000036
4.750685 8.929853 10.840841 4 1
0.065880 0.000000 0.000000 0.000000 0.861622
-0.005999 -0.027639
5
170.645615 177.379804
4.750685 8.929853 10.840841 4 1
0.065880 0.000000 0.000000 0.000000 0.350826
0.016514 -0.002977
5
474.223733 233.510595
4.750685 8.929853 10.840841 4 1
0.065880 0.000000 0.000000 0.000000 0.675307
-0.001345 -0.002262
5
130.424017 222.225736
4.750685 8.929853 10.840841 4 1
0.065880 0.000000 0.000000 0.000000 0.348163
-0.001256 -0.019282
5
480.735625 313.479419
4.750685 8.929853 10.840841 4 1
0.065880 0.000000 0.000000 0.000000 0.377766
0.000219 -0.000747
5
110.626872 387.119248
4.750685 8.929853 10.840841 4 1
0.065880 0.000000 0.000000 0.000000 0.364942
0.001020 0.017934
5
6.827520 298.795417
4.750685 8.929853 10.840841 4 1
0.065880 0.000000 0.000000 0.000000 0.562569
-0.000000 -0.000000
5
211.856646 473.912219
4.750685 8.929853 10.840841 4 1
0.065880 0.000000 0.000000 0.000000 0.485146
-0.002895 0.014005
5
311.568388 52.663567
4.750685 8.929853 10.840841 4 1
0.065880 0.000000 0.000000 0.000000 0.639062
-0.000173 0.002136
5
278.780596 305.940794
4.750685 8.929853 10.840841 4 1
0.065880 0.000000 0.000000 0.000000 0.547188
0.005829 0.004953
5
408.746345 121.651137
4.750685 8.929853 10.840841 4 1
0.065880 0.000000 0.000000 0.000000 0.394358
-0.002220 -0.003367
5
54.925130 385.392395
4.625609 8.694746 10.555422 5 1
0.065880 0.000000 0.000000 0.000000 0.536603
-0.012959 0.016207
5
424.220390 181.285982
4.625609 8.694746 10.555422 5 1
0.065880 0.000000 0.000000 0.000000 0.393987
-0.000072 -0.000335
5
334.027745 149.761340
4.625609 8.694746 10.555422 5 1
0.065880 0.000000 0.000000 0.000000 0.416919
0.021012 0.009583
5
456.483987 232.543823
4.625609 8.694746 10.555422 5 1
0.065880 0.000000 0.000000 0.000000 0.453471
0.003088 0.001450
5
281.253499 439.155549
4.625609 8.694746 10.555422 5 1
0.065880 0.000000 0.000000 0.000000 0.419651
-0.003080 0.000975
5
391.203194 145.272254
4.625609 8.694746 10.555422 5 1
0.065880 0.000000 0.000000 0.000000 0.343290
-0.007264 -0.018120
5
491.072846 295.389804
4.625609 8.694746 10.555422 5 1
0.065880 0.000000 0.000000 0.000000 0.500148
0.000869 0.000044
5
41.574643 243.706864
4.625609 8.694746 10.555422 5 1
0.065880 0.000000 0.000000 0.000000 0.409555
-0.020975 -0.004827
5
74.766211 294.811874
4.625609 8.694746 10.555422 5 1
0.065880 0.000000 0.000000 0.000000 0.378260
-0.014613 0.010672
5
160.225747 350.059000
4.625609 8.694746 10.555422 5 1
0.065880 0.000000 0.000000 0.000000 0.369033
0.006217 -0.010270
5
111.252882 370.636967
4.625609 8.694746 10.555422 5 1
0.065880 0.000000 0.000000 0.000000 0.362668
-0.005656 0.004270
5
173.472366 220.923413
4.625609 8.694746 10.555422 5 1
0.065880 0.000000 0.000000 0.000000 0.413889
-0.019086 0.009324
5
177.404594 190.375792
4.625609 8.694746 10.555422 5 1
0.065880 0.000000 0.000000 0.000000 0.344304
-0.009891 0.012205
5
375.869025 140.786222
4.625609 8.694746 10.555422 5 1
0.065880 0.000000 0.000000 0.000000 0.397178
-0.011643 -0.000433
5
241.522208 241.016253
4.625609 8.694746 10.555422 5 1
0.065880 0.000000 0.000000 0.000000 0.419128
0.014667 0.008326
5
144.715773 230.801433
4.625609 8.694746 10.555422 5 1
0.065880 0.000000 0.000000 0.000000 0.349070
-0.012733 -0.017161
5
191.837937 138.619636
4.625609 8.694746 10.555422 5 1
0.065880 0.000000 0.000000 0.000000 0.375979
0.014892 -0.012100
5
165.699985 246.717359
4.625609 8.694746 10.555422 5 1
0.065880 0.000000 0.000000 0.000000 0.347355
0.000792 0.017246
5
219.431072 442.341723
4.625609 8.694746 10.555422 5 1
0.065880 0.000000 0.000000 0.000000 0.396969
0.005976 -0.004932
5
351.880791 378.456501
4.625609 8.694746 10.555422 5 1
0.065880 0.000000 0.000000 0.000000 0.695214
-0.004844 -0.016695
5
378.328038 103.191054
4.625609 8.694746 10.555422 5 1
0.065880 0.000000 0.000000 0.000000 0.470943
-0.005606 -0.004855
5
103.756609 223.375911
4.625609 8.694746 10.555422 5 1
0.065880 0.000000 0.000000 0.000000 0.357007
0.002664 0.034277
5
66.931637 249.520141
4.625609 8.694746 10.555422 5 1
0.065880 0.000000 0.000000 0.000000 0.366965
-0.013513 0.003118
5
17.702465 174.245435
4.625609 8.694746 10.555422 5 1
0.065880 0.000000 0.000000 0.000000 0.585123
-0.029099 0.002784
5
343.690082 310.636053
4.625609 8.694746 10.555422 5 1
0.065880 0.000000 0.000000 0.000000 0.404681
0.003266 0.014084
5
71.060393 337.129499
4.493375 8.446188 10.253672 6 1
0.065880 0.000000 0.000000 0.000000 0.495014
-0.009945 0.008072
5
127.827181 286.980775
4.493375 8.446188 10.253672 6 1
0.065880 0.000000 0.000000 0.000000 0.394951
-0.009542 0.014859
5
82.375630 153.374355
4.493375 8.446188 10.253672 6 1
0.065880 0.000000 0.000000 0.000000 0.340356
-0.013535 -0.015269
5
297.013447 280.067727
4.493375 8.446188 10.253672 6 1
0.065880 0.000000 0.000000 0.000000 0.435713
0.022832 0.003586
5
382.646395 382.727340
4.493375 8.446188 10.253672 6 1
0.065880 0.000000 0.000000 0.000000 0.428488
-0.003217 -0.002242
5
200.728851 485.953663
4.493375 8.446188 10.253672 6 1
0.065880 0.000000 0.000000 0.000000 0.404020
-0.001815 0.018659
5
187.461741 180.051871
4.493375 8.446188 10.253672 6 1
0.065880 0.000000 0.000000 0.000000 0.348473
0.003090 -0.011068
5
25.729617 247.307729
4.493375 8.446188 10.253672 6 1
0.065880 0.000000 0.000000 0.000000 0.374151
-0.026391 -0.002522
5
267.449552 273.336466
4.493375 8.446188 10.253672 6 1
0.065880 0.000000 0.000000 0.000000 0.391150
0.011440 -0.021710
5
38.180076 311.062537
4.493375 8.446188 10.253672 6 1
0.065880 0.000000 0.000000 0.000000 0.696412
-0.017025 0.004086
5
151.427037 243.401296
4.493375 8.446188 10.253672 6 1
0.065880 0.000000 0.000000 0.000000 0.336947
-0.010162 0.004605
5
264.658531 216.995656
4.493375 8.446188 10.253672 6 1
0.065880 0.000000 0.000000 0.000000 0.406319
0.009721 -0.002635
5
466.016829 176.124973
4.493375 8.446188 10.253672 6 1
0.065880 0.000000 0.000000 0.000000 0.608102
0.002766 0.000234
5
212.149109 212.781672
4.493375 8.446188 10.253672 6 1
0.065880 0.000000 0.000000 0.000000 0.560424
0.010900 -0.001987
5
300.961963 349.494701
4.493375 8.446188 10.253672 6 1
0.065880 0.000000 0.000000 0.000000 0.357599
0.028499 0.012675
5
358.486159 28.996149
4.352864 8.182070 9.933032 7 1
0.065880 0.000000 0.000000 0.000000 0.576218
0.000090 0.002702
5
244.414600 341.979698
4.352864 8.182070 9.933032 7 1
0.065880 0.000000 0.000000 0.000000 0.406757
-0.013807 0.003804
5
171.424481 389.449134
4.352864 8.182070 9.933032 7 1
0.065880 0.000000 0.000000 0.000000 0.349644
0.012710 0.010747
5
379.014227 210.199588
4.352864 8.182070 9.933032 7 1
0.065880 0.000000 0.000000 0.000000 0.443133
0.010051 0.004035
5
140.361979 267.955701
4.352864 8.182070 9.933032 7 1
0.065880 0.000000 0.000000 0.000000 0.443322
0.022526 -0.010786
5
373.036401 171.240034
4.352864 8.182070 9.933032 7 1
0.065880 0.000000 0.000000 0.000000 0.354739
0.005960 0.011487
5
13.787977 231.438078
4.352864 8.182070 9.933032 7 1
0.065880 0.000000 0.000000 0.000000 0.402219
-0.029634 -0.005415
5
386.839519 428.373241
4.352864 8.182070 9.933032 7 1
0.065880 0.000000 0.000000 0.000000 0.357560
0.013022 0.013790
5
124.463187 393.612651
4.352864 8.182070 9.933032 7 1
0.065880 0.000000 0.000000 0.000000 0.377717
0.000725 0.016102
5
128.170539 206.951081
4.352864 8.182070 9.933032 7 1
0.065880 0.000000 0.000000 0.000000 0.406943
0.064657 0.025720
5
112.630370 247.475746
4.352864 8.182070 9.933032 7 1
0.065880 0.000000 0.000000 0.000000 0.382207
0.119634 0.050880
5
228.681794 423.248317
4.352864 8.182070 9.933032 7 1
0.065880 0.000000 0.000000 0.000000 0.375182
-0.004743 0.003245
5
344.861131 409.592140
4.352864 8.182070 9.933032 7 1
0.065880 0.000000 0.000000 0.000000 0.427722
-0.012524 -0.002565
5
141.699823 132.960612
4.352864 8.182070 9.933032 7 1
0.065880 0.000000 0.000000 0.000000 0.415602
0.015169 -0.012996
5
32.193121 187.807321
4.352864 8.182070 9.933032 7 1
0.065880 0.000000 0.000000 0.000000 0.490427
-0.033962 -0.038653
5
227.305143 253.188117
4.352864 8.182070 9.933032 7 1
0.065880 0.000000 0.000000 0.000000 0.368885
0.007740 0.036662
5
201.550185 368.961935
4.352864 8.182070 9.933032 7 1
0.065880 0.000000 0.000000 0.000000 0.410635
-0.018813 -0.000289
5
283.471264 14.594099
4.352864 8.182070 9.933032 7 1
0.065880 0.000000 0.000000 0.000000 0.515429
-0.000286 -0.000696
5
211.900353 7.643705
4.352864 8.182070 9.933032 7 1
0.065880 0.000000 0.000000 0.000000 0.494740
0.002867 -0.016969
5
167.052781 337.365398
4.352864 8.182070 9.933032 7 1
0.065880 0.000000 0.000000 0.000000 0.370796
0.012262 -0.010633
5
315.093388 178.875706
4.352864 8.182070 9.933032 7 1
0.065880 0.000000 0.000000 0.000000 0.416222
0.014222 0.000338
5
73.732546 358.276779
3.744130 7.037834 8.543930 8 1
0.065880 0.000000 0.000000 0.000000 0.390843
-0.002760 -0.012489
5
352.773949 44.983545
3.744130 7.037834 8.543930 8 1
0.065880 0.000000 0.000000 0.000000 0.645096
-0.001742 -0.001347
5
174.251676 311.582546
3.744130 7.037834 8.543930 8 1
0.065880 0.000000 0.000000 0.000000 0.404987
0.021047 -0.024798
5
143.662671 201.083005
3.744130 7.037834 8.543930 8 1
0.065880 0.000000 0.000000 0.000000 0.381430
-0.020710 -0.026672
5
155.568509 458.940711
3.744130 7.037834 8.543930 8 1
0.065880 0.000000 0.000000 0.000000 0.418789
-0.010601 0.005586
5
155.696159 311.356466
3.744130 7.037834 8.543930 8 1
0.065880 0.000000 0.000000 0.000000 0.454455
-0.003627 0.000281
5
384.344939 116.341570
3.744130 7.037834 8.543930 8 1
0.065880 0.000000 0.000000 0.000000 0.572692
0.002683 -0.008629
5
194.297816 54.427907
3.744130 7.037834 8.543930 8 1
0.065880 0.000000 0.000000 0.000000 0.355833
0.019816 0.001790
5
53.349524 279.874631
3.744130 7.037834 8.543930 8 1
0.065880 0.000000 0.000000 0.000000 0.348181
-0.029010 0.008202
5
156.811937 176.907118
3.744130 7.037834 8.543930 8 1
0.065880 0.000000 0.000000 0.000000 0.345266
0.002709 -0.056740
5
341.851575 19.748229
3.744130 7.037834 8.543930 8 1
0.065880 0.000000 0.000000 0.000000 0.513811
-0.000052 0.000052
5
398.424676 337.870530
3.744130 7.037834 8.543930 8 1
0.065880 0.000000 0.000000 0.000000 0.513153
0.010572 0.006054
5
226.429742 57.143678
3.744130 7.037834 8.543930 8 1
0.065880 0.000000 0.000000 0.000000 0.412369
0.005772 0.004396
5
209.507397 186.900545
3.744130 7.037834 8.543930 8 1
0.065880 0.000000 0.000000 0.000000 0.357543
-0.005912 0.046339
5
341.572389 430.103810
3.744130 7.037834 8.543930 8 1
0.065880 0.000000 0.000000 0.000000 0.352831
0.001951 0.000396
5
366.049727 121.159248
3.744130 7.037834 8.543930 8 1
0.065880 0.000000 0.000000 0.000000 0.496053
-0.026036 0.016591
5
332.832849 164.522864
3.744130 7.037834 8.543930 8 1
0.065880 0.000000 0.000000 0.000000 0.500876
-0.011590 0.007393
5
94.323056 347.504659
3.744130 7.037834 8.543930 8 1
0.065880 0.000000 0.000000 0.000000 0.390892
0.001644 -0.024912
