500.000000 500.000000
636 15
18 636
5
359.398374 283.561851
4.869501 9.153191 11.111974 1 1
0.065880 0.000000 0.000000 0.000000 0.504899
-0.007920 0.004156
1
393.179496 396.507656
5.295000 9.953000 12.082942 0 1
0.065880 0.000000 0.000000 0.000000 0.404631
0.002583 -0.001914
5
321.681120 361.635009
4.750685 8.929853 10.840841 2 1
0.065880 0.000000 0.000000 0.000000 0.476456
0.018303 0.011933
5
48.730201 370.278088
4.352864 8.182070 9.933032 5 1
0.065880 0.000000 0.000000 0.000000 0.455528
-0.008391 0.000565
1
213.245939 329.037654
5.295000 9.953000 12.082942 0 1
0.065880 0.000000 0.000000 0.000000 0.402935
-0.007102 0.005611
2
235.686693 414.945930
5.295000 9.953000 12.082942 13 1
0.065880 0.000000 0.000000 0.000000 0.411385
0.019973 0.000555
2
356.161929 25.796641
5.295000 9.953000 12.082942 7 1
0.065880 0.000000 0.000000 0.000000 0.591604
0.000692 -0.001384
5
85.025810 331.805036
3.744130 7.037834 8.543930 6 1
0.065880 0.000000 0.000000 0.000000 0.589070
-0.010947 -0.005952
5
320.921363 260.859673
4.625609 8.694746 10.555422 3 1
0.065880 0.000000 0.000000 0.000000 0.458780
-0.003790 -0.003427
1
188.624235 301.691541
5.295000 9.953000 12.082942 0 1
0.065880 0.000000 0.000000 0.000000 0.449938
0.007673 -0.010822
2
135.036167 330.703643
5.295000 9.953000 12.082942 11 1
0.065880 0.000000 0.000000 0.000000 0.397072
0.005670 -0.002409
1
270.694356 473.902000
5.295000 9.953000 12.082942 0 1
0.065880 0.000000 0.000000 0.000000 0.436074
0.002836 0.005976
1
210.431611 75.576386
5.295000 9.953000 12.082942 0 1
0.065880 0.000000 0.000000 0.000000 0.662967
0.007216 -0.005326
2
52.628978 215.204841
5.295000 9.953000 12.082942 14 1
0.065880 0.000000 0.000000 0.000000 0.461105
-0.007902 -0.010308
5
425.743095 166.369798
4.352864 8.182070 9.933032 5 1
0.065880 0.000000 0.000000 0.000000 0.432867
0.007573 0.005662
1
234.254786 301.845812
5.295000 9.953000 12.082942 0 1
0.065880 0.000000 0.000000 0.000000 0.399700
-0.011980 0.008137
5
143.890166 283.631245
4.869501 9.153191 11.111974 1 1
0.065880 0.000000 0.000000 0.000000 0.505090
-0.016606 -0.020697
2
121.337022 154.757495
5.295000 9.953000 12.082942 11 1
0.065880 0.000000 0.000000 0.000000 0.440535
-0.000602 -0.011169
5
160.687182 417.947105
4.493375 8.446188 10.253672 4 1
0.065880 0.000000 0.000000 0.000000 0.424860
0.005335 0.018270
1
405.729075 138.296027
5.295000 9.953000 12.082942 0 1
0.065880 0.000000 0.000000 0.000000 0.411350
-0.010046 -0.005142
1
239.230666 494.663111
5.295000 9.953000 12.082942 0 1
0.065880 0.000000 0.000000 0.000000 0.434349
0.005078 0.015036
1
71.893099 148.337445
5.295000 9.953000 12.082942 0 1
0.065880 0.000000 0.000000 0.000000 0.395525
-0.019957 -0.011308
1
364.782053 75.669043
5.295000 9.953000 12.082942 0 1
0.065880 0.000000 0.000000 0.000000 0.634622
-0.005273 -0.003642
5
244.307224 145.146700
4.869501 9.153191 11.111974 1 1
0.065880 0.000000 0.000000 0.000000 0.511782
0.008000 -0.012821
1
381.772076 292.345234
5.295000 9.953000 12.082942 0 1
0.065880 0.000000 0.000000 0.000000 0.434436
0.018691 -0.004192
1
94.123073 414.695382
5.295000 9.953000 12.082942 0 1
0.065880 0.000000 0.000000 0.000000 0.571539
-0.007424 0.004884
1
254.674389 283.287306
5.295000 9.953000 12.082942 0 1
0.065880 0.000000 0.000000 0.000000 0.425782
0.009263 -0.000318
5
316.412092 150.412459
4.352864 8.182070 9.933032 5 1
0.065880 0.000000 0.000000 0.000000 0.505010
0.006199 0.000240
5
289.138161 292.504178
4.869501 9.153191 11.111974 1 1
0.065880 0.000000 0.000000 0.000000 0.445197
-0.011119 0.009667
1
232.108312 353.425767
5.295000 9.953000 12.082942 0 1
0.065880 0.000000 0.000000 0.000000 0.407463
-0.009834 0.007864
2
328.017569 415.933544
5.295000 9.953000 12.082942 12 1
0.065880 0.000000 0.000000 0.000000 0.550034
0.000162 -0.003484
1
203.617990 397.434562
5.295000 9.953000 12.082942 0 1
0.065880 0.000000 0.000000 0.000000 0.468915
-0.001070 0.002996
2
408.929245 187.507334
5.295000 9.953000 12.082942 14 1
0.065880 0.000000 0.000000 0.000000 0.429221
-0.015149 -0.008345
1
422.532357 340.340261
5.295000 9.953000 12.082942 0 1
0.065880 0.000000 0.000000 0.000000 0.454834
0.002229 -0.004583
5
440.599157 229.948563
4.352864 8.182070 9.933032 5 1
0.065880 0.000000 0.000000 0.000000 0.503430
-0.002174 -0.001918
2
72.072742 350.903394
5.295000 9.953000 12.082942 8 1
0.065880 0.000000 0.000000 0.000000 0.436973
0.006356 0.016414
1
329.543279 434.796658
5.295000 9.953000 12.082942 0 1
0.065880 0.000000 0.000000 0.000000 0.412510
0.002254 -0.002620
1
21.544233 262.491171
5.295000 9.953000 12.082942 0 1
0.065880 0.000000 0.000000 0.000000 0.407978
-0.011509 -0.000314
5
267.720488 432.151722
4.352864 8.182070 9.933032 5 1
0.065880 0.000000 0.000000 0.000000 0.409101
-0.003418 -0.004765
5
292.014035 375.205785
4.750685 8.929853 10.840841 2 1
0.065880 0.000000 0.000000 0.000000 0.478919
0.008782 0.001067
1
374.938004 275.484425
5.295000 9.953000 12.082942 0 1
0.065880 0.000000 0.000000 0.000000 0.567261
-0.013280 0.004028
5
89.973342 201.098498
4.625609 8.694746 10.555422 3 1
0.065880 0.000000 0.000000 0.000000 0.403259
-0.000204 0.002870
2
246.071007 364.196361
5.295000 9.953000 12.082942 11 1
0.065880 0.000000 0.000000 0.000000 0.475165
-0.008343 0.000244
1
26.818680 280.740147
5.295000 9.953000 12.082942 0 1
0.065880 0.000000 0.000000 0.000000 0.495265
-0.012852 0.004310
5
92.032032 217.074050
4.625609 8.694746 10.555422 3 1
0.065880 0.000000 0.000000 0.000000 0.406017
0.000614 0.000532
1
298.871048 391.337842
5.295000 9.953000 12.082942 0 1
0.065880 0.000000 0.000000 0.000000 0.456794
0.024882 -0.000694
1
167.381510 472.669353
5.295000 9.953000 12.082942 0 1
0.065880 0.000000 0.000000 0.000000 0.476547
0.004709 0.006946
1
97.500869 177.359942
5.295000 9.953000 12.082942 0 1
0.065880 0.000000 0.000000 0.000000 0.385763
0.007493 -0.006686
5
374.808259 241.287382
4.750685 8.929853 10.840841 2 1
0.065880 0.000000 0.000000 0.000000 0.688507
-0.011749 -0.001566
5
121.017433 295.137770
3.744130 7.037834 8.543930 6 1
0.065880 0.000000 0.000000 0.000000 0.443634
0.012447 0.003937
1
206.015795 113.402054
5.295000 9.953000 12.082942 0 1
0.065880 0.000000 0.000000 0.000000 0.431861
-0.001253 0.000105
1
341.737965 285.016133
5.295000 9.953000 12.082942 0 1
0.065880 0.000000 0.000000 0.000000 0.572355
-0.005406 -0.017858
1
359.038591 159.455265
5.295000 9.953000 12.082942 0 1
0.065880 0.000000 0.000000 0.000000 0.705751
-0.002661 -0.004587
2
274.044074 455.227803
5.295000 9.953000 12.082942 12 1
0.065880 0.000000 0.000000 0.000000 0.405569
0.005878 -0.000946
2
244.903062 127.734455
5.295000 9.953000 12.082942 13 1
0.065880 0.000000 0.000000 0.000000 0.458788
0.000108 -0.016370
1
215.551271 346.287509
5.295000 9.953000 12.082942 0 1
0.065880 0.000000 0.000000 0.000000 0.475494
0.005630 -0.001766
1
306.047235 213.932379
5.295000 9.953000 12.082942 0 1
0.065880 0.000000 0.000000 0.000000 0.546739
0.008610 -0.021014
5
366.399743 299.183552
4.750685 8.929853 10.840841 2 1
0.065880 0.000000 0.000000 0.000000 0.465076
0.011854 0.003036
5
98.078366 157.163397
4.750685 8.929853 10.840841 2 1
0.065880 0.000000 0.000000 0.000000 0.416898
-0.014658 0.000657
1
300.048905 238.351449
5.295000 9.953000 12.082942 0 1
0.065880 0.000000 0.000000 0.000000 0.421418
0.011738 -0.008651
1
476.049218 278.587807
5.295000 9.953000 12.082942 0 1
0.065880 0.000000 0.000000 0.000000 0.680906
-0.000653 0.003234
1
63.378699 117.598570
5.295000 9.953000 12.082942 0 1
0.065880 0.000000 0.000000 0.000000 0.423648
-0.017135 -0.011004
2
360.211295 44.234384
5.295000 9.953000 12.082942 8 1
0.065880 0.000000 0.000000 0.000000 0.488410
-0.001603 -0.000643
2
377.843572 158.313424
5.295000 9.953000 12.082942 10 1
0.065880 0.000000 0.000000 0.000000 0.424439
0.002577 -0.001709
2
171.358561 321.638221
5.295000 9.953000 12.082942 8 1
0.065880 0.000000 0.000000 0.000000 0.442946
0.022304 -0.005453
2
136.994439 206.586055
5.295000 9.953000 12.082942 8 1
0.065880 0.000000 0.000000 0.000000 0.432314
-0.003171 -0.007434
2
249.226998 346.589192
5.295000 9.953000 12.082942 7 1
0.065880 0.000000 0.000000 0.000000 0.412347
-0.007783 0.003222
2
406.485843 99.915126
5.295000 9.953000 12.082942 13 1
0.065880 0.000000 0.000000 0.000000 0.450429
-0.001866 0.001560
2
160.643994 454.160531
5.295000 9.953000 12.082942 8 1
0.065880 0.000000 0.000000 0.000000 0.460823
-0.004671 0.006131
1
236.314757 283.854977
5.295000 9.953000 12.082942 0 1
0.065880 0.000000 0.000000 0.000000 0.405193
0.017161 0.010228
5
47.027003 229.967771
4.625609 8.694746 10.555422 3 1
0.065880 0.000000 0.000000 0.000000 0.482775
-0.027918 -0.015298
5
114.506221 126.813701
4.750685 8.929853 10.840841 2 1
0.065880 0.000000 0.000000 0.000000 0.425453
-0.010885 -0.002275
5
290.264996 459.834868
4.750685 8.929853 10.840841 2 1
0.065880 0.000000 0.000000 0.000000 0.458122
0.006139 0.005823
2
387.836688 351.435514
5.295000 9.953000 12.082942 9 1
0.065880 0.000000 0.000000 0.000000 0.678647
-0.000496 -0.009391
5
451.910989 198.679409
4.625609 8.694746 10.555422 3 1
0.065880 0.000000 0.000000 0.000000 0.704400
0.004385 -0.007388
5
54.041904 170.240995
4.869501 9.153191 11.111974 1 1
0.065880 0.000000 0.000000 0.000000 0.472749
0.000309 -0.011709
2
57.313515 335.622161
5.295000 9.953000 12.082942 12 1
0.065880 0.000000 0.000000 0.000000 0.504300
-0.015439 0.005806
1
68.722612 369.250941
5.295000 9.953000 12.082942 0 1
0.065880 0.000000 0.000000 0.000000 0.444464
-0.024880 0.003809
2
138.823567 353.986442
5.295000 9.953000 12.082942 11 1
0.065880 0.000000 0.000000 0.000000 0.491686
0.016881 -0.003119
2
120.966524 453.610993
5.295000 9.953000 12.082942 7 1
0.065880 0.000000 0.000000 0.000000 0.516429
-0.008169 0.013780
1
165.876840 435.530338
5.295000 9.953000 12.082942 0 1
0.065880 0.000000 0.000000 0.000000 0.544660
-0.009479 0.000593
1
173.322180 139.903838
5.295000 9.953000 12.082942 0 1
0.065880 0.000000 0.000000 0.000000 0.388903
-0.003434 -0.000810
5
443.765086 301.821726
4.750685 8.929853 10.840841 2 1
0.065880 0.000000 0.000000 0.000000 0.723668
0.000615 -0.002150
2
165.839963 378.078665
5.295000 9.953000 12.082942 7 1
0.065880 0.000000 0.000000 0.000000 0.397430
-0.004715 0.004892
5
81.013207 91.213052
4.625609 8.694746 10.555422 3 1
0.065880 0.000000 0.000000 0.000000 0.440954
-0.001659 -0.008513
5
105.817347 314.684981
4.869501 9.153191 11.111974 1 1
0.065880 0.000000 0.000000 0.000000 0.438296
0.002013 -0.001063
1
128.651398 95.900894
5.295000 9.953000 12.082942 0 1
0.065880 0.000000 0.000000 0.000000 0.450507
-0.020073 -0.002512
5
101.217487 249.067960
4.869501 9.153191 11.111974 1 1
0.065880 0.000000 0.000000 0.000000 0.428951
-0.004260 0.024204
5
38.015194 140.076447
4.869501 9.153191 11.111974 1 1
0.065880 0.000000 0.000000 0.000000 0.563673
-0.023440 -0.007285
5
223.512419 16.777380
4.869501 9.153191 11.111974 1 1
0.065880 0.000000 0.000000 0.000000 0.511629
0.007304 -0.001975
1
211.172231 94.428471
5.295000 9.953000 12.082942 0 1
0.065880 0.000000 0.000000 0.000000 0.439260
0.027955 -0.002320
5
87.176393 167.449295
3.744130 7.037834 8.543930 6 1
0.065880 0.000000 0.000000 0.000000 0.377493
-0.028046 -0.019686
2
164.095699 306.142655
5.295000 9.953000 12.082942 8 1
0.065880 0.000000 0.000000 0.000000 0.522309
-0.037790 0.011116
1
54.821670 257.075352
5.295000 9.953000 12.082942 0 1
0.065880 0.000000 0.000000 0.000000 0.406060
-0.013128 -0.011641
1
182.614713 440.641170
5.295000 9.953000 12.082942 0 1
0.065880 0.000000 0.000000 0.000000 0.501011
-0.005683 -0.001934
5
381.841937 186.414375
4.750685 8.929853 10.840841 2 1
0.065880 0.000000 0.000000 0.000000 0.402394
-0.007338 0.006513
1
135.895784 297.914537
5.295000 9.953000 12.082942 0 1
0.065880 0.000000 0.000000 0.000000 0.434548
-0.013191 0.024944
2
373.538536 201.925447
5.295000 9.953000 12.082942 7 1
0.065880 0.000000 0.000000 0.000000 0.477275
-0.001498 0.009681
2
200.703561 287.963900
5.295000 9.953000 12.082942 10 1
0.065880 0.000000 0.000000 0.000000 0.432346
0.002484 -0.008109
5
209.649557 413.254155
4.625609 8.694746 10.555422 3 1
0.065880 0.000000 0.000000 0.000000 0.414036
0.008151 -0.002188
1
178.251331 33.210744
5.295000 9.953000 12.082942 0 1
0.065880 0.000000 0.000000 0.000000 0.484215
0.004137 -0.007498
1
253.218185 249.485681
5.295000 9.953000 12.082942 0 1
0.065880 0.000000 0.000000 0.000000 0.444888
0.005828 0.002288
5
442.516998 367.178549
4.625609 8.694746 10.555422 3 1
0.065880 0.000000 0.000000 0.000000 0.466972
0.005237 0.002469
2
359.202227 395.997811
5.295000 9.953000 12.082942 13 1
0.065880 0.000000 0.000000 0.000000 0.451770
-0.012871 -0.008573
1
184.615122 346.029548
5.295000 9.953000 12.082942 0 1
0.065880 0.000000 0.000000 0.000000 0.513692
0.005356 -0.003685
2
390.491370 116.829794
5.295000 9.953000 12.082942 8 1
0.065880 0.000000 0.000000 0.000000 0.643051
0.007422 -0.021892
1
279.284760 274.213444
5.295000 9.953000 12.082942 0 1
0.065880 0.000000 0.000000 0.000000 0.478881
0.037943 -0.004136
5
335.339058 484.671287
4.869501 9.153191 11.111974 1 1
0.065880 0.000000 0.000000 0.000000 0.559692
0.008488 0.006081
5
399.449439 159.338205
4.352864 8.182070 9.933032 5 1
0.065880 0.000000 0.000000 0.000000 0.387934
-0.002777 0.005499
2
132.302736 271.387827
5.295000 9.953000 12.082942 7 1
0.065880 0.000000 0.000000 0.000000 0.443625
0.039575 -0.005689
2
455.289710 355.215030
5.295000 9.953000 12.082942 15 1
0.065880 0.000000 0.000000 0.000000 0.461529
0.002061 -0.002168
2
369.483406 174.706016
5.295000 9.953000 12.082942 7 1
0.065880 0.000000 0.000000 0.000000 0.406666
-0.004178 -0.001898
1
287.313686 3.626467
5.295000 9.953000 12.082942 0 1
0.065880 0.000000 0.000000 0.000000 0.544598
0.000046 0.000018
2
476.594521 330.637893
5.295000 9.953000 12.082942 14 1
0.065880 0.000000 0.000000 0.000000 0.442203
0.009775 0.000713
5
370.870125 327.340562
4.869501 9.153191 11.111974 1 1
0.065880 0.000000 0.000000 0.000000 0.633063
-0.003476 0.004035
1
132.199728 409.992276
5.295000 9.953000 12.082942 0 1
0.065880 0.000000 0.000000 0.000000 0.394616
0.000766 0.007893
2
15.475209 225.948022
5.295000 9.953000 12.082942 7 1
0.065880 0.000000 0.000000 0.000000 0.564918
-0.021073 0.006957
2
378.719263 424.748152
5.295000 9.953000 12.082942 7 1
0.065880 0.000000 0.000000 0.000000 0.409693
-0.001605 -0.001810
2
120.580797 397.171802
5.295000 9.953000 12.082942 7 1
0.065880 0.000000 0.000000 0.000000 0.434857
-0.004233 0.004303
5
160.489471 230.893043
4.625609 8.694746 10.555422 3 1
0.065880 0.000000 0.000000 0.000000 0.389062
0.035600 -0.030512
5
431.960415 152.163783
4.625609 8.694746 10.555422 3 1
0.065880 0.000000 0.000000 0.000000 0.430944
0.008768 -0.001364
5
426.534081 367.861838
4.625609 8.694746 10.555422 3 1
0.065880 0.000000 0.000000 0.000000 0.670916
0.003715 -0.005613
2
194.586337 468.113404
5.295000 9.953000 12.082942 15 1
0.065880 0.000000 0.000000 0.000000 0.549859
0.002548 0.011306
1
268.119210 73.485573
5.295000 9.953000 12.082942 0 1
0.065880 0.000000 0.000000 0.000000 0.533272
0.000146 -0.004723
5
67.207250 222.587972
4.750685 8.929853 10.840841 2 1
0.065880 0.000000 0.000000 0.000000 0.439708
-0.011472 0.004163
5
314.970863 228.928631
4.869501 9.153191 11.111974 1 1
0.065880 0.000000 0.000000 0.000000 0.418914
0.008215 -0.017662
1
180.939605 264.773326
5.295000 9.953000 12.082942 0 1
0.065880 0.000000 0.000000 0.000000 0.392476
-0.001002 0.015639
5
55.205388 145.240821
4.869501 9.153191 11.111974 1 1
0.065880 0.000000 0.000000 0.000000 0.419414
-0.014493 -0.018262
2
248.778508 381.956846
5.295000 9.953000 12.082942 12 1
0.065880 0.000000 0.000000 0.000000 0.463234
0.005786 -0.003014
1
87.093715 112.907417
5.295000 9.953000 12.082942 0 1
0.065880 0.000000 0.000000 0.000000 0.399759
0.003792 -0.018768
2
254.714845 232.213190
5.295000 9.953000 12.082942 9 1
0.065880 0.000000 0.000000 0.000000 0.418249
0.012237 0.000810
5
251.643563 430.166432
4.869501 9.153191 11.111974 1 1
0.065880 0.000000 0.000000 0.000000 0.439687
-0.010687 -0.002458
1
397.430887 83.906219
5.295000 9.953000 12.082942 0 1
0.065880 0.000000 0.000000 0.000000 0.467720
0.000581 -0.002019
1
312.497319 426.874616
5.295000 9.953000 12.082942 0 1
0.065880 0.000000 0.000000 0.000000 0.589473
0.003645 -0.003069
1
300.160371 17.571045
5.295000 9.953000 12.082942 0 1
0.065880 0.000000 0.000000 0.000000 0.505398
0.000042 -0.000008
5
293.326147 265.968484
3.744130 7.037834 8.543930 6 1
0.065880 0.000000 0.000000 0.000000 0.508404
-0.021871 -0.008931
1
462.758466 313.195906
5.295000 9.953000 12.082942 0 1
0.065880 0.000000 0.000000 0.000000 0.453977
0.000614 -0.003793
2
288.959367 477.750147
5.295000 9.953000 12.082942 10 1
0.065880 0.000000 0.000000 0.000000 0.543278
-0.004955 0.005815
5
234.987637 29.656152
4.869501 9.153191 11.111974 1 1
0.065880 0.000000 0.000000 0.000000 0.573714
0.001643 0.004050
2
121.091813 80.042854
5.295000 9.953000 12.082942 11 1
0.065880 0.000000 0.000000 0.000000 0.512029
0.003948 -0.014125
2
120.576642 212.928902
5.295000 9.953000 12.082942 7 1
0.065880 0.000000 0.000000 0.000000 0.414160
-0.007853 0.008031
2
133.457528 56.119591
5.295000 9.953000 12.082942 14 1
0.065880 0.000000 0.000000 0.000000 0.452186
-0.004611 -0.017605
2
158.340246 64.830525
5.295000 9.953000 12.082942 9 1
0.065880 0.000000 0.000000 0.000000 0.409384
0.007563 0.000480
5
373.243372 390.207091
3.744130 7.037834 8.543930 6 1
0.065880 0.000000 0.000000 0.000000 0.486576
-0.002021 0.003428
1
171.595334 205.462824
5.295000 9.953000 12.082942 0 1
0.065880 0.000000 0.000000 0.000000 0.400444
0.017885 -0.003113
5
360.507525 189.978837
4.625609 8.694746 10.555422 3 1
0.065880 0.000000 0.000000 0.000000 0.406183
0.001346 0.005557
5
31.431826 232.643981
4.869501 9.153191 11.111974 1 1
0.065880 0.000000 0.000000 0.000000 0.462856
-0.020725 0.011010
1
280.246051 188.751016
5.295000 9.953000 12.082942 0 1
0.065880 0.000000 0.000000 0.000000 0.408042
-0.013116 0.005394
5
385.630545 49.679132
4.869501 9.153191 11.111974 1 1
0.065880 0.000000 0.000000 0.000000 0.485547
0.001000 -0.005716
2
258.639978 105.833272
5.295000 9.953000 12.082942 9 1
0.065880 0.000000 0.000000 0.000000 0.484705
0.002670 -0.007833
1
221.251908 313.897674
5.295000 9.953000 12.082942 0 1
0.065880 0.000000 0.000000 0.000000 0.389342
-0.011669 0.004819
2
188.756652 48.225717
5.295000 9.953000 12.082942 8 1
0.065880 0.000000 0.000000 0.000000 0.399535
-0.000150 -0.005027
5
37.219632 257.453031
4.352864 8.182070 9.933032 5 1
0.065880 0.000000 0.000000 0.000000 0.421414
-0.004179 0.000595
2
60.398370 274.230426
5.295000 9.953000 12.082942 8 1
0.065880 0.000000 0.000000 0.000000 0.391785
-0.013880 -0.001402
1
362.342780 432.894585
5.295000 9.953000 12.082942 0 1
0.065880 0.000000 0.000000 0.000000 0.392019
0.001618 0.001593
5
283.974697 234.848177
4.493375 8.446188 10.253672 4 1
0.065880 0.000000 0.000000 0.000000 0.438669
0.004704 0.003015
5
63.560380 289.289427
4.352864 8.182070 9.933032 5 1
0.065880 0.000000 0.000000 0.000000 0.413454
-0.024674 0.009502
1
49.584110 105.582816
5.295000 9.953000 12.082942 0 1
0.065880 0.000000 0.000000 0.000000 0.555906
-0.014223 -0.009784
1
276.133980 136.312468
5.295000 9.953000 12.082942 0 1
0.065880 0.000000 0.000000 0.000000 0.413416
0.001099 -0.002467
2
148.812869 268.812350
5.295000 9.953000 12.082942 11 1
0.065880 0.000000 0.000000 0.000000 0.418344
-0.007734 0.097547
5
262.291892 368.227345
4.869501 9.153191 11.111974 1 1
0.065880 0.000000 0.000000 0.000000 0.404715
-0.012773 0.008381
1
207.186393 47.679564
5.295000 9.953000 12.082942 0 1
0.065880 0.000000 0.000000 0.000000 0.415252
0.001075 0.000126
2
150.612683 178.545238
5.295000 9.953000 12.082942 8 1
0.065880 0.000000 0.000000 0.000000 0.406223
0.020114 -0.004478
1
238.700723 397.289038
5.295000 9.953000 12.082942 0 1
0.065880 0.000000 0.000000 0.000000 0.400084
-0.002067 -0.005407
1
73.371773 263.226979
5.295000 9.953000 12.082942 0 1
0.065880 0.000000 0.000000 0.000000 0.390964
-0.008551 0.003360
1
182.416604 155.159920
5.295000 9.953000 12.082942 0 1
0.065880 0.000000 0.000000 0.000000 0.388826
0.013274 -0.001373
5
247.831894 329.687861
4.625609 8.694746 10.555422 3 1
0.065880 0.000000 0.000000 0.000000 0.466589
-0.005420 0.006260
2
216.316122 149.748961
5.295000 9.953000 12.082942 11 1
0.065880 0.000000 0.000000 0.000000 0.472226
0.009436 -0.024005
1
394.325484 415.084540
5.295000 9.953000 12.082942 0 1
0.065880 0.000000 0.000000 0.000000 0.390145
-0.001755 -0.000464
5
365.602254 227.378776
4.750685 8.929853 10.840841 2 1
0.065880 0.000000 0.000000 0.000000 0.770017
-0.001328 -0.007455
5
218.812432 226.437343
4.750685 8.929853 10.840841 2 1
0.065880 0.000000 0.000000 0.000000 0.752357
-0.002107 -0.015587
5
305.208118 287.281429
4.869501 9.153191 11.111974 1 1
0.065880 0.000000 0.000000 0.000000 0.428331
0.007865 0.017513
2
257.632093 487.983507
5.295000 9.953000 12.082942 15 1
0.065880 0.000000 0.000000 0.000000 0.421814
0.005993 0.008273
5
263.242649 307.622733
4.625609 8.694746 10.555422 3 1
0.065880 0.000000 0.000000 0.000000 0.524099
0.017752 -0.029886
5
316.517783 245.324754
4.750685 8.929853 10.840841 2 1
0.065880 0.000000 0.000000 0.000000 0.418962
0.017326 -0.013282
1
115.682569 181.318304
5.295000 9.953000 12.082942 0 1
0.065880 0.000000 0.000000 0.000000 0.416984
0.000371 -0.006265
1
395.415588 433.909557
5.295000 9.953000 12.082942 0 1
0.065880 0.000000 0.000000 0.000000 0.419079
-0.003801 0.001662
5
185.611812 111.659494
4.625609 8.694746 10.555422 3 1
0.065880 0.000000 0.000000 0.000000 0.428417
-0.001594 -0.028105
1
149.328434 219.421033
5.295000 9.953000 12.082942 0 1
0.065880 0.000000 0.000000 0.000000 0.430454
0.001113 -0.008125
5
157.312748 393.914455
4.869501 9.153191 11.111974 1 1
0.065880 0.000000 0.000000 0.000000 0.405427
0.002018 0.007874
1
223.711547 119.678202
5.295000 9.953000 12.082942 0 1
0.065880 0.000000 0.000000 0.000000 0.501020
0.001178 -0.014949
5
147.378753 340.713958
4.352864 8.182070 9.933032 5 1
0.065880 0.000000 0.000000 0.000000 0.412313
0.017859 -0.007521
5
149.315713 380.542504
4.625609 8.694746 10.555422 3 1
0.065880 0.000000 0.000000 0.000000 0.399485
-0.006648 0.007628
1
377.364727 405.860855
5.295000 9.953000 12.082942 0 1
0.065880 0.000000 0.000000 0.000000 0.401634
0.000010 -0.000218
1
122.602833 310.290859
5.295000 9.953000 12.082942 0 1
0.065880 0.000000 0.000000 0.000000 0.413941
0.006231 0.020086
1
240.015370 109.826521
5.295000 9.953000 12.082942 0 1
0.065880 0.000000 0.000000 0.000000 0.490951
0.000239 -0.015766
1
243.065748 476.725841
5.295000 9.953000 12.082942 0 1
0.065880 0.000000 0.000000 0.000000 0.420526
-0.002052 0.015018
1
79.422794 279.634502
5.295000 9.953000 12.082942 0 1
0.065880 0.000000 0.000000 0.000000 0.388773
-0.003792 0.004239
1
217.025527 364.009427
5.295000 9.953000 12.082942 0 1
0.065880 0.000000 0.000000 0.000000 0.537287
-0.017697 0.001621
1
429.050611 416.769171
5.295000 9.953000 12.082942 0 1
0.065880 0.000000 0.000000 0.000000 0.445221
0.001380 0.007623
1
292.245923 408.431082
5.295000 9.953000 12.082942 0 1
0.065880 0.000000 0.000000 0.000000 0.508395
0.007977 -0.003183
5
157.089568 114.903591
4.625609 8.694746 10.555422 3 1
0.065880 0.000000 0.000000 0.000000 0.447745
0.001066 -0.014798
5
339.703257 197.595808
4.869501 9.153191 11.111974 1 1
0.065880 0.000000 0.000000 0.000000 0.667561
-0.000213 0.001274
5
97.464113 281.035869
4.869501 9.153191 11.111974 1 1
0.065880 0.000000 0.000000 0.000000 0.397027
-0.000316 0.008441
1
338.889112 362.770015
5.295000 9.953000 12.082942 0 1
0.065880 0.000000 0.000000 0.000000 0.524964
0.026625 -0.004014
1
458.669788 286.202653
5.295000 9.953000 12.082942 0 1
0.065880 0.000000 0.000000 0.000000 0.695699
-0.003140 -0.001693
2
347.819674 225.124124
5.295000 9.953000 12.082942 14 1
0.065880 0.000000 0.000000 0.000000 0.658374
0.007515 -0.009262
5
230.117866 451.341810
4.625609 8.694746 10.555422 3 1
0.065880 0.000000 0.000000 0.000000 0.553627
0.000241 0.012527
5
260.231946 445.563719
4.625609 8.694746 10.555422 3 1
0.065880 0.000000 0.000000 0.000000 0.395474
0.003251 0.000249
5
437.876209 205.697869
4.493375 8.446188 10.253672 4 1
0.065880 0.000000 0.000000 0.000000 0.609972
0.004031 -0.005423
2
326.837509 336.945194
5.295000 9.953000 12.082942 9 1
0.065880 0.000000 0.000000 0.000000 0.463587
0.019942 -0.006292
5
164.494017 261.759968
4.869501 9.153191 11.111974 1 1
0.065880 0.000000 0.000000 0.000000 0.385881
0.040677 -0.002777
5
247.528606 185.987576
4.869501 9.153191 11.111974 1 1
0.065880 0.000000 0.000000 0.000000 0.443573
0.011713 -0.010606
1
301.680654 310.690775
5.295000 9.953000 12.082942 0 1
0.065880 0.000000 0.000000 0.000000 0.442559
-0.007795 -0.017556
5
155.543962 205.412145
4.625609 8.694746 10.555422 3 1
0.065880 0.000000 0.000000 0.000000 0.387034
0.015157 -0.011552
2
203.237721 312.848102
5.295000 9.953000 12.082942 9 1
0.065880 0.000000 0.000000 0.000000 0.417863
-0.005777 0.013898
1
261.567591 147.216635
5.295000 9.953000 12.082942 0 1
0.065880 0.000000 0.000000 0.000000 0.444067
0.003630 0.004664
5
56.407063 357.060881
4.493375 8.446188 10.253672 4 1
0.065880 0.000000 0.000000 0.000000 0.488709
-0.008454 -0.007277
1
45.040593 184.836313
5.295000 9.953000 12.082942 0 1
0.065880 0.000000 0.000000 0.000000 0.443427
-0.006598 -0.012154
1
177.626134 420.797916
5.295000 9.953000 12.082942 0 1
0.065880 0.000000 0.000000 0.000000 0.450577
0.009294 0.014473
2
104.633901 430.128685
5.295000 9.953000 12.082942 11 1
0.065880 0.000000 0.000000 0.000000 0.450340
-0.011602 0.004613
1
423.390142 321.803089
5.295000 9.953000 12.082942 0 1
0.065880 0.000000 0.000000 0.000000 0.521938
0.007906 -0.007101
1
173.921425 78.237312
5.295000 9.953000 12.082942 0 1
0.065880 0.000000 0.000000 0.000000 0.430309
-0.006111 -0.001208
5
201.374765 495.069848
3.744130 7.037834 8.543930 6 1
0.065880 0.000000 0.000000 0.000000 0.443954
-0.005831 0.027877
5
195.157083 429.286760
4.869501 9.153191 11.111974 1 1
0.065880 0.000000 0.000000 0.000000 0.461075
-0.006403 -0.005391
5
20.465443 209.708246
4.625609 8.694746 10.555422 3 1
0.065880 0.000000 0.000000 0.000000 0.480433
-0.014820 0.004150
2
337.267702 24.594248
5.295000 9.953000 12.082942 8 1
0.065880 0.000000 0.000000 0.000000 0.551129
0.000004 0.000125
5
101.077094 359.217579
4.352864 8.182070 9.933032 5 1
0.065880 0.000000 0.000000 0.000000 0.399088
-0.010374 0.006639
2
117.625738 244.871632
5.295000 9.953000 12.082942 7 1
0.065880 0.000000 0.000000 0.000000 0.435412
-0.016922 0.024652
2
404.793786 334.761225
5.295000 9.953000 12.082942 8 1
0.065880 0.000000 0.000000 0.000000 0.556020
-0.004199 0.007518
5
201.805257 256.475693
4.750685 8.929853 10.840841 2 1
0.065880 0.000000 0.000000 0.000000 0.385237
0.025676 -0.001285
5
144.116519 90.237427
4.625609 8.694746 10.555422 3 1
0.065880 0.000000 0.000000 0.000000 0.404285
-0.017440 -0.004705
5
150.262406 469.651798
4.869501 9.153191 11.111974 1 1
0.065880 0.000000 0.000000 0.000000 0.439881
0.001549 0.011285
5
244.965016 269.523368
4.625609 8.694746 10.555422 3 1
0.065880 0.000000 0.000000 0.000000 0.419067
-0.002094 0.000390
2
225.660927 49.748297
5.295000 9.953000 12.082942 8 1
0.065880 0.000000 0.000000 0.000000 0.449731
0.002988 -0.003571
5
181.344139 170.024805
3.744130 7.037834 8.543930 6 1
0.065880 0.000000 0.000000 0.000000 0.392728
-0.013226 -0.004293
5
15.224810 243.970286
3.744130 7.037834 8.543930 6 1
0.065880 0.000000 0.000000 0.000000 0.413506
-0.001827 -0.004225
5
89.403648 266.321728
4.625609 8.694746 10.555422 3 1
0.065880 0.000000 0.000000 0.000000 0.396737
-0.008246 0.000591
1
477.283842 349.507703
5.295000 9.953000 12.082942 0 1
0.065880 0.000000 0.000000 0.000000 0.539006
-0.000744 0.001868
1
167.011817 163.788663
5.295000 9.953000 12.082942 0 1
0.065880 0.000000 0.000000 0.000000 0.394806
0.001264 -0.023204
5
318.694456 377.714065
4.493375 8.446188 10.253672 4 1
0.065880 0.000000 0.000000 0.000000 0.577999
0.001791 0.007420
5
53.781714 300.961985
4.869501 9.153191 11.111974 1 1
0.065880 0.000000 0.000000 0.000000 0.438784
-0.013854 0.024442
2
9.282961 182.756876
5.295000 9.953000 12.082942 14 1
0.065880 0.000000 0.000000 0.000000 0.590009
-0.024323 -0.001207
1
214.567981 196.885495
5.295000 9.953000 12.082942 0 1
0.065880 0.000000 0.000000 0.000000 0.420898
0.004472 0.009985
1
123.442175 112.567048
5.295000 9.953000 12.082942 0 1
0.065880 0.000000 0.000000 0.000000 0.450002
0.000678 0.003741
1
458.106900 331.391613
5.295000 9.953000 12.082942 0 1
0.065880 0.000000 0.000000 0.000000 0.468547
0.008025 -0.004567
2
113.081806 413.651417
5.295000 9.953000 12.082942 10 1
0.065880 0.000000 0.000000 0.000000 0.413488
-0.003254 0.006908
5
410.006578 392.056058
4.750685 8.929853 10.840841 2 1
0.065880 0.000000 0.000000 0.000000 0.405785
0.006927 0.004514
1
422.432263 260.426862
5.295000 9.953000 12.082942 0 1
0.065880 0.000000 0.000000 0.000000 0.440101
0.001538 0.010004
1
267.176680 351.712552
5.295000 9.953000 12.082942 0 1
0.065880 0.000000 0.000000 0.000000 0.405063
-0.003021 0.004546
5
426.338888 399.177403
4.750685 8.929853 10.840841 2 1
0.065880 0.000000 0.000000 0.000000 0.511544
-0.000053 0.003994
2
203.828371 182.068759
5.295000 9.953000 12.082942 8 1
0.065880 0.000000 0.000000 0.000000 0.405451
0.013707 0.004917
1
231.644530 374.966420
5.295000 9.953000 12.082942 0 1
0.065880 0.000000 0.000000 0.000000 0.483906
-0.005822 -0.005765
1
40.646829 326.525221
5.295000 9.953000 12.082942 0 1
0.065880 0.000000 0.000000 0.000000 0.541783
-0.018544 0.010983
1
154.023443 364.770304
5.295000 9.953000 12.082942 0 1
0.065880 0.000000 0.000000 0.000000 0.404546
-0.004264 0.008264
2
232.400011 432.286936
5.295000 9.953000 12.082942 7 1
0.065880 0.000000 0.000000 0.000000 0.427194
0.003757 0.000965
5
303.816059 105.763220
4.625609 8.694746 10.555422 3 1
0.065880 0.000000 0.000000 0.000000 0.625403
0.008336 -0.013970
1
235.842036 225.850917
5.295000 9.953000 12.082942 0 1
0.065880 0.000000 0.000000 0.000000 0.477482
0.000714 -0.009630
1
70.981168 76.587685
5.295000 9.953000 12.082942 0 1
0.065880 0.000000 0.000000 0.000000 0.773692
-0.011473 -0.006653
1
215.284154 298.155264
5.295000 9.953000 12.082942 0 1
0.065880 0.000000 0.000000 0.000000 0.472446
-0.017949 0.006326
1
428.122797 277.960075
5.295000 9.953000 12.082942 0 1
0.065880 0.000000 0.000000 0.000000 0.491674
0.006534 0.011720
5
149.460893 49.169543
4.869501 9.153191 11.111974 1 1
0.065880 0.000000 0.000000 0.000000 0.475917
0.005616 -0.001783
1
413.279829 427.569904
5.295000 9.953000 12.082942 0 1
0.065880 0.000000 0.000000 0.000000 0.435820
0.002853 0.012293
5
423.698308 95.159532
4.625609 8.694746 10.555422 3 1
0.065880 0.000000 0.000000 0.000000 0.501418
0.000415 0.002836
5
250.060045 216.480809
4.869501 9.153191 11.111974 1 1
0.065880 0.000000 0.000000 0.000000 0.427822
0.003609 -0.009533
1
249.264579 72.864943
5.295000 9.953000 12.082942 0 1
0.065880 0.000000 0.000000 0.000000 0.612647
-0.000713 0.000892
1
215.401052 167.455192
5.295000 9.953000 12.082942 0 1
0.065880 0.000000 0.000000 0.000000 0.423505
-0.003790 -0.020925
2
0.812823 236.988544
5.295000 9.953000 12.082942 8 1
0.065880 0.000000 0.000000 0.000000 0.450948
-0.016339 0.014562
5
333.689034 452.307356
4.869501 9.153191 11.111974 1 1
0.065880 0.000000 0.000000 0.000000 0.411166
-0.006996 0.000690
1
433.036098 121.184211
5.295000 9.953000 12.082942 0 1
0.065880 0.000000 0.000000 0.000000 0.469543
0.008743 -0.005411
1
319.021253 19.548190
5.295000 9.953000 12.082942 0 1
0.065880 0.000000 0.000000 0.000000 0.648752
0.000141 -0.002641
5
260.318397 196.957055
4.750685 8.929853 10.840841 2 1
0.065880 0.000000 0.000000 0.000000 0.443576
0.006533 0.001109
5
188.068313 228.282371
4.352864 8.182070 9.933032 5 1
0.065880 0.000000 0.000000 0.000000 0.465399
0.012877 -0.011980
5
234.743294 322.226731
4.625609 8.694746 10.555422 3 1
0.065880 0.000000 0.000000 0.000000 0.415925
0.000715 -0.012064
2
434.595963 245.916055
5.295000 9.953000 12.082942 9 1
0.065880 0.000000 0.000000 0.000000 0.432096
0.002179 0.006010
1
200.230999 354.442115
5.295000 9.953000 12.082942 0 1
0.065880 0.000000 0.000000 0.000000 0.459866
0.006047 -0.004637
1
89.815300 142.571785
5.295000 9.953000 12.082942 0 1
0.065880 0.000000 0.000000 0.000000 0.470800
-0.007124 -0.016420
5
257.617933 263.050070
3.744130 7.037834 8.543930 6 1
0.065880 0.000000 0.000000 0.000000 0.484944
0.010147 0.026631
1
131.581565 189.002015
5.295000 9.953000 12.082942 0 1
0.065880 0.000000 0.000000 0.000000 0.406036
0.005792 -0.009289
5
134.668353 125.286187
4.625609 8.694746 10.555422 3 1
0.065880 0.000000 0.000000 0.000000 0.425645
0.006595 -0.011035
5
170.801765 51.196017
4.869501 9.153191 11.111974 1 1
0.065880 0.000000 0.000000 0.000000 0.402565
0.001357 0.001090
5
397.669420 378.981928
4.869501 9.153191 11.111974 1 1
0.065880 0.000000 0.000000 0.000000 0.553187
0.000890 -0.004089
1
249.882540 161.531024
5.295000 9.953000 12.082942 0 1
0.065880 0.000000 0.000000 0.000000 0.418762
-0.014804 -0.000445
5
344.130468 323.746661
4.869501 9.153191 11.111974 1 1
0.065880 0.000000 0.000000 0.000000 0.616527
0.002380 0.018467
2
345.091664 424.184493
5.295000 9.953000 12.082942 8 1
0.065880 0.000000 0.000000 0.000000 0.396953
0.001456 0.003692
1
140.795630 314.165368
5.295000 9.953000 12.082942 0 1
0.065880 0.000000 0.000000 0.000000 0.403798
0.019525 -0.001838
2
415.001103 153.735635
5.295000 9.953000 12.082942 10 1
0.065880 0.000000 0.000000 0.000000 0.438172
0.003883 -0.005981
2
344.264437 406.151433
5.295000 9.953000 12.082942 7 1
0.065880 0.000000 0.000000 0.000000 0.477750
-0.009698 0.001423
5
191.693188 193.452421
4.352864 8.182070 9.933032 5 1
0.065880 0.000000 0.000000 0.000000 0.430916
0.000107 0.004914
1
274.910567 90.955433
5.295000 9.953000 12.082942 0 1
0.065880 0.000000 0.000000 0.000000 0.519072
-0.005873 -0.000072
1
277.589901 419.047748
5.295000 9.953000 12.082942 0 1
0.065880 0.000000 0.000000 0.000000 0.528535
0.009530 0.001145
5
390.120759 133.013427
4.352864 8.182070 9.933032 5 1
0.065880 0.000000 0.000000 0.000000 0.408610
-0.016719 -0.016286
2
323.786191 96.163372
5.295000 9.953000 12.082942 14 1
0.065880 0.000000 0.000000 0.000000 0.537600
-0.002832 0.000955
2
142.016501 140.466121
5.295000 9.953000 12.082942 7 1
0.065880 0.000000 0.000000 0.000000 0.420734
-0.006251 -0.014509
2
32.930330 198.346789
5.295000 9.953000 12.082942 7 1
0.065880 0.000000 0.000000 0.000000 0.548550
-0.017544 -0.008335
2
361.128632 140.934891
5.295000 9.953000 12.082942 12 1
0.065880 0.000000 0.000000 0.000000 0.598048
-0.024330 -0.015942
1
138.876893 393.350305
5.295000 9.953000 12.082942 0 1
0.065880 0.000000 0.000000 0.000000 0.411961
-0.003828 0.007864
5
400.513960 236.444263
4.625609 8.694746 10.555422 3 1
0.065880 0.000000 0.000000 0.000000 0.695642
-0.008114 0.007209
5
308.411599 271.223358
4.869501 9.153191 11.111974 1 1
0.065880 0.000000 0.000000 0.000000 0.438711
-0.015537 0.003004
5
330.823768 395.253093
4.750685 8.929853 10.840841 2 1
0.065880 0.000000 0.000000 0.000000 0.516317
-0.010933 -0.004620
1
138.785141 74.020554
5.295000 9.953000 12.082942 0 1
0.065880 0.000000 0.000000 0.000000 0.509591
0.004928 -0.016721
5
225.952071 240.129012
4.352864 8.182070 9.933032 5 1
0.065880 0.000000 0.000000 0.000000 0.469705
0.003115 -0.015386
2
220.927474 255.682088
5.295000 9.953000 12.082942 7 1
0.065880 0.000000 0.000000 0.000000 0.419476
-0.001499 -0.010294
2
372.679738 125.189054
5.295000 9.953000 12.082942 8 1
0.065880 0.000000 0.000000 0.000000 0.552960
0.002043 -0.007907
1
172.456624 122.579066
5.295000 9.953000 12.082942 0 1
0.065880 0.000000 0.000000 0.000000 0.422886
0.008558 -0.007897
5
211.412441 269.079261
4.869501 9.153191 11.111974 1 1
0.065880 0.000000 0.000000 0.000000 0.395522
0.012502 0.011332
5
180.213983 93.903812
4.750685 8.929853 10.840841 2 1
0.065880 0.000000 0.000000 0.000000 0.425493
0.014391 -0.002806
1
411.835078 409.195399
5.295000 9.953000 12.082942 0 1
0.065880 0.000000 0.000000 0.000000 0.418839
0.001812 0.009011
1
296.327020 178.361196
5.295000 9.953000 12.082942 0 1
0.065880 0.000000 0.000000 0.000000 0.403348
-0.002545 0.011377
5
71.904035 103.615262
4.869501 9.153191 11.111974 1 1
0.065880 0.000000 0.000000 0.000000 0.421836
-0.004781 -0.005739
2
340.763936 163.105197
5.295000 9.953000 12.082942 8 1
0.065880 0.000000 0.000000 0.000000 0.558184
-0.002021 0.007779
1
453.308555 249.938332
5.295000 9.953000 12.082942 0 1
0.065880 0.000000 0.000000 0.000000 0.468537
0.000280 -0.002831
5
136.657955 442.191718
4.869501 9.153191 11.111974 1 1
0.065880 0.000000 0.000000 0.000000 0.449470
-0.010566 0.013099
2
269.650026 242.802256
5.295000 9.953000 12.082942 10 1
0.065880 0.000000 0.000000 0.000000 0.481573
0.007470 0.011061
5
403.989358 262.137969
4.869501 9.153191 11.111974 1 1
0.065880 0.000000 0.000000 0.000000 0.507501
0.009147 0.014754
1
276.138406 491.645087
5.295000 9.953000 12.082942 0 1
0.065880 0.000000 0.000000 0.000000 0.429021
0.004505 0.011322
1
304.946698 468.462496
5.295000 9.953000 12.082942 0 1
0.065880 0.000000 0.000000 0.000000 0.437337
-0.000405 0.021999
1
194.243991 242.219871
5.295000 9.953000 12.082942 0 1
0.065880 0.000000 0.000000 0.000000 0.435739
-0.003408 -0.000387
5
280.365438 171.543978
4.625609 8.694746 10.555422 3 1
0.065880 0.000000 0.000000 0.000000 0.408434
-0.002817 -0.000217
5
131.321919 237.655238
4.352864 8.182070 9.933032 5 1
0.065880 0.000000 0.000000 0.000000 0.400755
0.037889 0.002555
5
55.884392 402.051124
4.625609 8.694746 10.555422 3 1
0.065880 0.000000 0.000000 0.000000 0.776105
-0.015126 0.010733
5
49.705086 199.765624
4.493375 8.446188 10.253672 4 1
0.065880 0.000000 0.000000 0.000000 0.415040
-0.013335 -0.009568
1
197.089290 165.406324
5.295000 9.953000 12.082942 0 1
0.065880 0.000000 0.000000 0.000000 0.392536
-0.011479 0.019177
1
293.825041 427.254006
5.295000 9.953000 12.082942 0 1
0.065880 0.000000 0.000000 0.000000 0.525052
0.006610 0.001844
1
43.038722 272.037900
5.295000 9.953000 12.082942 0 1
0.065880 0.000000 0.000000 0.000000 0.420976
-0.014334 0.004395
5
222.348699 404.651151
4.493375 8.446188 10.253672 4 1
0.065880 0.000000 0.000000 0.000000 0.391978
0.015312 0.001105
5
200.678159 149.344243
4.352864 8.182070 9.933032 5 1
0.065880 0.000000 0.000000 0.000000 0.426219
-0.003826 0.019919
1
193.014983 82.212349
5.295000 9.953000 12.082942 0 1
0.065880 0.000000 0.000000 0.000000 0.474506
0.000595 -0.018191
2
32.348291 366.676091
5.295000 9.953000 12.082942 8 1
0.065880 0.000000 0.000000 0.000000 0.753845
-0.016368 -0.003581
2
340.280485 135.899611
5.295000 9.953000 12.082942 12 1
0.065880 0.000000 0.000000 0.000000 0.439092
0.011014 -0.010128
5
179.994992 248.928238
4.352864 8.182070 9.933032 5 1
0.065880 0.000000 0.000000 0.000000 0.423409
0.006586 0.022896
5
211.344125 455.284313
4.625609 8.694746 10.555422 3 1
0.065880 0.000000 0.000000 0.000000 0.477491
-0.004946 0.006239
1
158.181580 148.671191
5.295000 9.953000 12.082942 0 1
0.065880 0.000000 0.000000 0.000000 0.409953
-0.018686 -0.017143
5
54.078948 316.507581
4.493375 8.446188 10.253672 4 1
0.065880 0.000000 0.000000 0.000000 0.436109
-0.004989 0.029698
5
150.485051 162.874076
4.625609 8.694746 10.555422 3 1
0.065880 0.000000 0.000000 0.000000 0.393179
-0.007611 -0.005216
5
187.141571 318.260692
4.493375 8.446188 10.253672 4 1
0.065880 0.000000 0.000000 0.000000 0.483541
0.017175 -0.006956
2
450.672373 115.727395
5.295000 9.953000 12.082942 10 1
0.065880 0.000000 0.000000 0.000000 0.640750
0.013033 -0.000178
5
92.350572 62.239092
4.493375 8.446188 10.253672 4 1
0.065880 0.000000 0.000000 0.000000 0.621769
0.002807 -0.015121
5
188.135561 18.480399
4.750685 8.929853 10.840841 2 1
0.065880 0.000000 0.000000 0.000000 0.530653
0.001087 -0.009187
5
161.991343 191.523079
4.493375 8.446188 10.253672 4 1
0.065880 0.000000 0.000000 0.000000 0.391359
0.011412 -0.006704
5
79.118393 179.250911
4.869501 9.153191 11.111974 1 1
0.065880 0.000000 0.000000 0.000000 0.395218
0.000308 0.011270
5
205.316849 440.460172
4.352864 8.182070 9.933032 5 1
0.065880 0.000000 0.000000 0.000000 0.517314
-0.002800 -0.000188
5
485.843155 245.548403
4.493375 8.446188 10.253672 4 1
0.065880 0.000000 0.000000 0.000000 0.532664
0.000555 -0.000213
2
195.063255 371.043099
5.295000 9.953000 12.082942 7 1
0.065880 0.000000 0.000000 0.000000 0.446047
0.005736 -0.007348
1
304.191082 488.860533
5.295000 9.953000 12.082942 0 1
0.065880 0.000000 0.000000 0.000000 0.447540
-0.007054 0.000926
2
281.658411 21.719238
5.295000 9.953000 12.082942 7 1
0.065880 0.000000 0.000000 0.000000 0.531465
0.000069 0.000007
5
66.352918 133.441568
4.625609 8.694746 10.555422 3 1
0.065880 0.000000 0.000000 0.000000 0.392976
-0.015178 -0.008405
1
361.211601 414.615083
5.295000 9.953000 12.082942 0 1
0.065880 0.000000 0.000000 0.000000 0.391936
-0.004726 -0.003778
5
124.115501 362.704815
4.750685 8.929853 10.840841 2 1
0.065880 0.000000 0.000000 0.000000 0.462057
-0.000279 -0.025114
5
32.432285 299.956601
3.744130 7.037834 8.543930 6 1
0.065880 0.000000 0.000000 0.000000 0.691678
-0.015789 0.007585
1
263.136914 123.654552
5.295000 9.953000 12.082942 0 1
0.065880 0.000000 0.000000 0.000000 0.433796
-0.001068 -0.004915
1
117.596603 327.803374
5.295000 9.953000 12.082942 0 1
0.065880 0.000000 0.000000 0.000000 0.394544
-0.004865 0.019966
2
141.465624 109.043903
5.295000 9.953000 12.082942 15 1
0.065880 0.000000 0.000000 0.000000 0.423971
-0.001198 -0.018512
1
379.071803 87.688050
5.295000 9.953000 12.082942 0 1
0.065880 0.000000 0.000000 0.000000 0.483225
-0.002833 -0.006461
1
90.522764 233.824617
5.295000 9.953000 12.082942 0 1
0.065880 0.000000 0.000000 0.000000 0.423537
-0.006009 0.003883
2
100.121937 331.165742
5.295000 9.953000 12.082942 13 1
0.065880 0.000000 0.000000 0.000000 0.401015
-0.007538 -0.000560
2
170.513068 15.880647
5.295000 9.953000 12.082942 12 1
0.065880 0.000000 0.000000 0.000000 0.601200
-0.004212 0.000155
5
119.474119 228.639968
4.493375 8.446188 10.253672 4 1
0.065880 0.000000 0.000000 0.000000 0.391319
-0.002045 0.006223
5
151.739140 253.734998
3.744130 7.037834 8.543930 6 1
0.065880 0.000000 0.000000 0.000000 0.385297
0.016819 -0.131949
5
367.755646 375.413990
4.352864 8.182070 9.933032 5 1
0.065880 0.000000 0.000000 0.000000 0.660352
0.003580 0.003455
1
91.353972 298.670248
5.295000 9.953000 12.082942 0 1
0.065880 0.000000 0.000000 0.000000 0.418830
-0.005386 0.028494
1
182.436795 382.779690
5.295000 9.953000 12.082942 0 1
0.065880 0.000000 0.000000 0.000000 0.417921
0.000097 -0.016458
1
43.010466 156.639337
5.295000 9.953000 12.082942 0 1
0.065880 0.000000 0.000000 0.000000 0.450062
-0.009750 -0.008611
2
205.969028 18.596272
5.295000 9.953000 12.082942 7 1
0.065880 0.000000 0.000000 0.000000 0.521940
0.003513 -0.009930
5
261.838001 335.332840
4.625609 8.694746 10.555422 3 1
0.065880 0.000000 0.000000 0.000000 0.516607
0.000962 0.007279
1
306.325027 194.200675
5.295000 9.953000 12.082942 0 1
0.065880 0.000000 0.000000 0.000000 0.465361
0.015438 0.010728
5
292.504436 160.802300
4.750685 8.929853 10.840841 2 1
0.065880 0.000000 0.000000 0.000000 0.430662
0.006975 0.004697
1
130.915406 171.248543
5.295000 9.953000 12.082942 0 1
0.065880 0.000000 0.000000 0.000000 0.412402
0.000401 -0.011179
5
276.055309 223.166259
3.744130 7.037834 8.543930 6 1
0.065880 0.000000 0.000000 0.000000 0.409417
0.010635 -0.006153
2
320.987326 129.324436
5.295000 9.953000 12.082942 12 1
0.065880 0.000000 0.000000 0.000000 0.594182
0.009578 -0.003617
5
184.536270 281.638350
4.625609 8.694746 10.555422 3 1
0.065880 0.000000 0.000000 0.000000 0.412213
0.001569 0.016656
2
243.672742 54.907612
5.295000 9.953000 12.082942 9 1
0.065880 0.000000 0.000000 0.000000 0.560373
0.003978 -0.001826
5
281.892270 387.727775
4.625609 8.694746 10.555422 3 1
0.065880 0.000000 0.000000 0.000000 0.477941
0.018093 0.012421
2
105.390783 111.867929
5.295000 9.953000 12.082942 9 1
0.065880 0.000000 0.000000 0.000000 0.438082
0.002367 -0.012478
1
492.613205 225.461837
5.295000 9.953000 12.082942 0 1
0.065880 0.000000 0.000000 0.000000 0.480379
-0.002500 0.001897
1
285.726056 252.042282
5.295000 9.953000 12.082942 0 1
0.065880 0.000000 0.000000 0.000000 0.522793
0.007817 0.001118
1
392.622249 66.075433
5.295000 9.953000 12.082942 0 1
0.065880 0.000000 0.000000 0.000000 0.495310
-0.000267 -0.003372
1
236.370662 173.032771
5.295000 9.953000 12.082942 0 1
0.065880 0.000000 0.000000 0.000000 0.450175
-0.018732 0.010939
2
168.613927 338.450659
5.295000 9.953000 12.082942 7 1
0.065880 0.000000 0.000000 0.000000 0.415553
0.000933 -0.002948
2
156.898923 131.268725
5.295000 9.953000 12.082942 14 1
0.065880 0.000000 0.000000 0.000000 0.488526
-0.000844 -0.016035
1
473.674755 297.546878
5.295000 9.953000 12.082942 0 1
0.065880 0.000000 0.000000 0.000000 0.437034
-0.000603 -0.000928
5
314.582367 300.267702
4.750685 8.929853 10.840841 2 1
0.065880 0.000000 0.000000 0.000000 0.443774
0.019328 0.007652
1
405.661271 316.177366
5.295000 9.953000 12.082942 0 1
0.065880 0.000000 0.000000 0.000000 0.628741
0.002517 0.007794
5
124.487415 344.465488
4.869501 9.153191 11.111974 1 1
0.065880 0.000000 0.000000 0.000000 0.427445
0.007714 0.009101
1
246.818673 91.562976
5.295000 9.953000 12.082942 0 1
0.065880 0.000000 0.000000 0.000000 0.622781
-0.009823 0.001100
5
364.592037 108.016328
4.352864 8.182070 9.933032 5 1
0.065880 0.000000 0.000000 0.000000 0.533933
-0.004188 0.007857
2
300.722754 122.739435
5.295000 9.953000 12.082942 14 1
0.065880 0.000000 0.000000 0.000000 0.450728
-0.005295 -0.011827
1
116.501944 62.445515
5.295000 9.953000 12.082942 0 1
0.065880 0.000000 0.000000 0.000000 0.570789
-0.004438 -0.008636
2
442.048162 339.998331
5.295000 9.953000 12.082942 14 1
0.065880 0.000000 0.000000 0.000000 0.453087
0.000050 -0.016983
5
105.975774 234.745638
4.352864 8.182070 9.933032 5 1
0.065880 0.000000 0.000000 0.000000 0.430230
-0.008162 0.023716
5
74.878990 235.181728
4.352864 8.182070 9.933032 5 1
0.065880 0.000000 0.000000 0.000000 0.492339
-0.008925 0.007097
2
458.103774 374.746260
5.295000 9.953000 12.082942 13 1
0.065880 0.000000 0.000000 0.000000 0.535690
0.009791 -0.002442
1
440.754110 263.822913
5.295000 9.953000 12.082942 0 1
0.065880 0.000000 0.000000 0.000000 0.461957
0.004112 0.006310
5
192.375594 214.057863
4.750685 8.929853 10.840841 2 1
0.065880 0.000000 0.000000 0.000000 0.580277
-0.016476 -0.026254
1
285.469159 351.546518
5.295000 9.953000 12.082942 0 1
0.065880 0.000000 0.000000 0.000000 0.405031
-0.005013 0.015173
5
97.996704 377.825945
4.493375 8.446188 10.253672 4 1
0.065880 0.000000 0.000000 0.000000 0.400759
-0.011553 -0.018641
1
347.058690 442.120180
5.295000 9.953000 12.082942 0 1
0.065880 0.000000 0.000000 0.000000 0.391288
0.001132 0.006142
1
452.315285 136.664546
5.295000 9.953000 12.082942 0 1
0.065880 0.000000 0.000000 0.000000 0.609672
0.004191 -0.019235
2
292.883412 333.396974
5.295000 9.953000 12.082942 9 1
0.065880 0.000000 0.000000 0.000000 0.409189
0.021917 0.005294
1
136.218941 253.288726
5.295000 9.953000 12.082942 0 1
0.065880 0.000000 0.000000 0.000000 0.437652
0.001710 0.019934
1
108.036696 142.617174
5.295000 9.953000 12.082942 0 1
0.065880 0.000000 0.000000 0.000000 0.485807
-0.009588 -0.000335
1
146.296571 26.805070
5.295000 9.953000 12.082942 0 1
0.065880 0.000000 0.000000 0.000000 0.805232
-0.002241 -0.009899
5
376.929663 442.652123
4.750685 8.929853 10.840841 2 1
0.065880 0.000000 0.000000 0.000000 0.421480
0.007862 -0.000395
5
400.716658 282.176592
4.625609 8.694746 10.555422 3 1
0.065880 0.000000 0.000000 0.000000 0.612498
-0.000602 -0.005732
1
355.279972 206.958847
5.295000 9.953000 12.082942 0 1
0.065880 0.000000 0.000000 0.000000 0.504302
-0.003098 0.008131
5
453.701531 166.291756
3.744130 7.037834 8.543930 6 1
0.065880 0.000000 0.000000 0.000000 0.526082
-0.000953 0.014622
1
177.776143 363.677810
5.295000 9.953000 12.082942 0 1
0.065880 0.000000 0.000000 0.000000 0.457280
0.002470 0.002379
1
101.065762 397.503123
5.295000 9.953000 12.082942 0 1
0.065880 0.000000 0.000000 0.000000 0.434637
-0.006109 0.010187
1
86.295690 365.801295
5.295000 9.953000 12.082942 0 1
0.065880 0.000000 0.000000 0.000000 0.484911
-0.024132 -0.011230
5
424.422819 197.001012
4.625609 8.694746 10.555422 3 1
0.065880 0.000000 0.000000 0.000000 0.451628
0.002427 -0.008251
1
259.952421 415.508699
5.295000 9.953000 12.082942 0 1
0.065880 0.000000 0.000000 0.000000 0.534959
0.010751 0.004210
5
216.437178 495.897565
4.869501 9.153191 11.111974 1 1
0.065880 0.000000 0.000000 0.000000 0.475089
-0.001949 0.019177
2
257.027922 398.215854
5.295000 9.953000 12.082942 10 1
0.065880 0.000000 0.000000 0.000000 0.414395
-0.002771 0.001728
2
335.792396 117.847665
5.295000 9.953000 12.082942 14 1
0.065880 0.000000 0.000000 0.000000 0.659871
0.001592 -0.012142
5
89.638877 317.461960
4.869501 9.153191 11.111974 1 1
0.065880 0.000000 0.000000 0.000000 0.509996
-0.001503 -0.008162
1
282.265237 119.192114
5.295000 9.953000 12.082942 0 1
0.065880 0.000000 0.000000 0.000000 0.555002
-0.007288 -0.008688
5
102.542338 192.066564
4.750685 8.929853 10.840841 2 1
0.065880 0.000000 0.000000 0.000000 0.398344
0.001390 -0.017499
5
228.539491 466.567726
4.493375 8.446188 10.253672 4 1
0.065880 0.000000 0.000000 0.000000 0.465680
-0.005695 0.013643
5
483.937352 210.243291
4.493375 8.446188 10.253672 4 1
0.065880 0.000000 0.000000 0.000000 0.654196
-0.000096 -0.000168
1
84.734318 387.321281
5.295000 9.953000 12.082942 0 1
0.065880 0.000000 0.000000 0.000000 0.483371
0.001061 0.015224
2
90.030635 346.917939
5.295000 9.953000 12.082942 8 1
0.065880 0.000000 0.000000 0.000000 0.404128
0.000475 -0.005570
5
341.861900 95.948403
4.869501 9.153191 11.111974 1 1
0.065880 0.000000 0.000000 0.000000 0.656143
-0.000374 0.000695
5
222.398140 182.133194
4.625609 8.694746 10.555422 3 1
0.065880 0.000000 0.000000 0.000000 0.465555
-0.034264 -0.002950
1
182.946997 482.897923
5.295000 9.953000 12.082942 0 1
0.065880 0.000000 0.000000 0.000000 0.468334
0.007241 0.005848
5
313.109201 35.943193
4.493375 8.446188 10.253672 4 1
0.065880 0.000000 0.000000 0.000000 0.542765
-0.000659 -0.000009
5
306.350134 138.903366
4.750685 8.929853 10.840841 2 1
0.065880 0.000000 0.000000 0.000000 0.456307
0.005517 -0.008553
2
424.029776 137.086683
5.295000 9.953000 12.082942 12 1
0.065880 0.000000 0.000000 0.000000 0.461937
-0.003518 -0.005452
5
287.507495 318.104496
4.493375 8.446188 10.253672 4 1
0.065880 0.000000 0.000000 0.000000 0.528725
-0.004618 0.002856
5
389.834083 171.839886
4.869501 9.153191 11.111974 1 1
0.065880 0.000000 0.000000 0.000000 0.399615
-0.005307 0.007300
5
200.859363 202.893690
3.744130 7.037834 8.543930 6 1
0.065880 0.000000 0.000000 0.000000 0.439762
0.037835 0.017298
5
118.617330 45.479373
4.625609 8.694746 10.555422 3 1
0.065880 0.000000 0.000000 0.000000 0.862356
-0.001929 -0.010403
1
185.470895 399.655301
5.295000 9.953000 12.082942 0 1
0.065880 0.000000 0.000000 0.000000 0.418269
-0.001663 -0.014307
5
132.903405 426.232414
4.750685 8.929853 10.840841 2 1
0.065880 0.000000 0.000000 0.000000 0.451629
-0.015023 0.011522
1
24.629199 156.505705
5.295000 9.953000 12.082942 0 1
0.065880 0.000000 0.000000 0.000000 0.753044
-0.011619 -0.006862
1
411.416049 63.853083
5.295000 9.953000 12.082942 0 1
0.065880 0.000000 0.000000 0.000000 0.598581
0.000534 -0.001030
5
88.617843 77.688043
4.869501 9.153191 11.111974 1 1
0.065880 0.000000 0.000000 0.000000 0.705636
-0.010843 -0.017684
5
419.456335 110.904296
4.493375 8.446188 10.253672 4 1
0.065880 0.000000 0.000000 0.000000 0.487894
0.003881 -0.001816
5
188.876219 126.550456
4.625609 8.694746 10.555422 3 1
0.065880 0.000000 0.000000 0.000000 0.401276
0.020795 -0.026189
2
314.212400 445.728261
5.295000 9.953000 12.082942 14 1
0.065880 0.000000 0.000000 0.000000 0.422440
0.006756 -0.000009
5
37.190819 171.269453
4.352864 8.182070 9.933032 5 1
0.065880 0.000000 0.000000 0.000000 0.490163
-0.014855 -0.009371
2
309.087740 164.975820
5.295000 9.953000 12.082942 11 1
0.065880 0.000000 0.000000 0.000000 0.458412
0.009189 0.010414
1
226.225016 210.628449
5.295000 9.953000 12.082942 0 1
0.065880 0.000000 0.000000 0.000000 0.597942
-0.003398 -0.004171
5
318.660292 79.197306
4.625609 8.694746 10.555422 3 1
0.065880 0.000000 0.000000 0.000000 0.814019
0.000150 -0.001027
1
409.233827 204.709502
5.295000 9.953000 12.082942 0 1
0.065880 0.000000 0.000000 0.000000 0.483574
0.003579 -0.002070
1
210.177642 380.546681
5.295000 9.953000 12.082942 0 1
0.065880 0.000000 0.000000 0.000000 0.458820
-0.005438 0.005144
2
318.554554 180.468653
5.295000 9.953000 12.082942 7 1
0.065880 0.000000 0.000000 0.000000 0.461929
0.013788 0.008815
1
153.922271 326.100834
5.295000 9.953000 12.082942 0 1
0.065880 0.000000 0.000000 0.000000 0.458404
0.019944 -0.007783
1
420.656900 233.157376
5.295000 9.953000 12.082942 0 1
0.065880 0.000000 0.000000 0.000000 0.521149
0.009080 0.003469
5
310.344890 352.836791
3.744130 7.037834 8.543930 6 1
0.065880 0.000000 0.000000 0.000000 0.456049
0.024555 -0.007131
5
314.165394 322.331028
4.750685 8.929853 10.840841 2 1
0.065880 0.000000 0.000000 0.000000 0.454223
-0.013655 0.003356
4
388.898454 324.868558
5.295000 9.953000 12.082942 0 1
0.000000 0.000000 0.000000 0.000000 0.689770
0.000766 0.004621
4
398.226900 299.547937
5.295000 9.953000 12.082942 0 1
0.000000 0.000000 0.000000 0.000000 0.681395
0.024382 -0.003524
4
228.821620 137.294069
5.295000 9.953000 12.082942 0 1
0.000000 0.000000 0.000000 0.000000 0.640838
0.011949 -0.020042
5
373.182565 464.434554
4.869501 9.153191 11.111974 1 1
0.065880 0.000000 0.000000 0.000000 0.558447
0.004323 0.005141
1
290.856019 203.669783
5.295000 9.953000 12.082942 0 1
0.065880 0.000000 0.000000 0.000000 0.482977
-0.000144 -0.003817
5
351.589161 297.995632
4.352864 8.182070 9.933032 5 1
0.065880 0.000000 0.000000 0.000000 0.491805
0.004080 -0.027189
4
424.002201 215.251191
5.295000 9.953000 12.082942 0 1
0.000000 0.000000 0.000000 0.000000 0.735977
0.004882 -0.001995
4
178.891754 458.437164
5.295000 9.953000 12.082942 0 1
0.000000 0.000000 0.000000 0.000000 0.560919
-0.000611 0.001466
4
405.982461 221.398765
5.295000 9.953000 12.082942 0 1
0.000000 0.000000 0.000000 0.000000 0.839779
0.009871 0.006619
4
149.231627 429.921887
5.295000 9.953000 12.082942 0 1
0.000000 0.000000 0.000000 0.000000 0.530359
-0.012774 0.005625
4
119.468692 260.982123
5.295000 9.953000 12.082942 0 1
0.000000 0.000000 0.000000 0.000000 0.644674
-0.015246 0.007613
4
271.672028 321.601565
5.295000 9.953000 12.082942 0 1
0.000000 0.000000 0.000000 0.000000 0.713023
-0.011145 -0.003240
4
476.788356 163.899654
5.295000 9.953000 12.082942 0 1
0.000000 0.000000 0.000000 0.000000 0.876267
0.002890 -0.002286
4
403.523666 361.853650
5.295000 9.953000 12.082942 0 1
0.000000 0.000000 0.000000 0.000000 0.772787
-0.001044 -0.003961
5
359.881789 265.946593
4.869501 9.153191 11.111974 1 1
0.065880 0.000000 0.000000 0.000000 0.817768
-0.007816 -0.002164
5
158.390439 290.371118
4.869501 9.153191 11.111974 1 1
0.065880 0.000000 0.000000 0.000000 0.494018
-0.007528 -0.002706
5
232.047836 156.406701
4.869501 9.153191 11.111974 1 1
0.065880 0.000000 0.000000 0.000000 0.585387
0.012164 -0.002536
5
271.611823 290.966788
4.869501 9.153191 11.111974 1 1
0.065880 0.000000 0.000000 0.000000 0.551316
-0.011804 -0.013480
5
70.017173 165.421000
4.869501 9.153191 11.111974 1 1
0.065880 0.000000 0.000000 0.000000 0.441385
0.011139 0.001453
5
107.668495 298.307506
4.869501 9.153191 11.111974 1 1
0.065880 0.000000 0.000000 0.000000 0.458720
-0.001052 -0.009294
5
85.263754 250.433198
4.869501 9.153191 11.111974 1 1
0.065880 0.000000 0.000000 0.000000 0.429230
-0.020052 -0.001916
5
236.201815 5.313567
4.869501 9.153191 11.111974 1 1
0.065880 0.000000 0.000000 0.000000 0.546890
0.006903 -0.006218
5
319.168353 479.197960
4.869501 9.153191 11.111974 1 1
0.065880 0.000000 0.000000 0.000000 0.406950
0.004423 0.013706
5
377.330420 311.352173
4.869501 9.153191 11.111974 1 1
0.065880 0.000000 0.000000 0.000000 0.501854
0.011576 0.006091
5
331.480359 232.691457
4.869501 9.153191 11.111974 1 1
0.065880 0.000000 0.000000 0.000000 0.524122
0.007515 -0.002936
5
50.476336 129.041551
4.869501 9.153191 11.111974 1 1
0.065880 0.000000 0.000000 0.000000 0.449375
-0.027553 -0.018412
5
244.402224 444.449012
4.869501 9.153191 11.111974 1 1
0.065880 0.000000 0.000000 0.000000 0.422526
0.001404 0.009565
5
217.832073 33.125535
4.869501 9.153191 11.111974 1 1
0.065880 0.000000 0.000000 0.000000 0.417524
-0.000885 -0.003168
5
35.519939 216.222956
4.869501 9.153191 11.111974 1 1
0.065880 0.000000 0.000000 0.000000 0.415626
-0.011786 0.003169
5
370.887200 58.808187
4.869501 9.153191 11.111974 1 1
0.065880 0.000000 0.000000 0.000000 0.480013
0.002126 -0.002647
5
266.348517 383.924574
4.869501 9.153191 11.111974 1 1
0.065880 0.000000 0.000000 0.000000 0.413347
0.013536 0.006237
5
321.888120 282.595065
4.869501 9.153191 11.111974 1 1
0.065880 0.000000 0.000000 0.000000 0.407143
0.001401 -0.003681
5
169.403333 404.748553
4.869501 9.153191 11.111974 1 1
0.065880 0.000000 0.000000 0.000000 0.398707
0.003549 0.013905
5
336.340455 180.579757
4.869501 9.153191 11.111974 1 1
0.065880 0.000000 0.000000 0.000000 0.603510
-0.001736 0.003799
5
114.264047 277.721216
4.869501 9.153191 11.111974 1 1
0.065880 0.000000 0.000000 0.000000 0.528612
0.009773 0.026232
5
168.625417 277.457430
4.869501 9.153191 11.111974 1 1
0.065880 0.000000 0.000000 0.000000 0.404966
0.000732 0.003674
5
263.910766 180.740868
4.869501 9.153191 11.111974 1 1
0.065880 0.000000 0.000000 0.000000 0.436989
0.011814 -0.001332
5
193.883197 413.586371
4.869501 9.153191 11.111974 1 1
0.065880 0.000000 0.000000 0.000000 0.473753
0.002998 -0.011224
5
42.590401 289.004783
4.869501 9.153191 11.111974 1 1
0.065880 0.000000 0.000000 0.000000 0.456765
-0.007934 0.009479
5
161.014789 36.913227
4.869501 9.153191 11.111974 1 1
0.065880 0.000000 0.000000 0.000000 0.624772
0.002153 -0.007640
5
244.712645 202.114649
4.869501 9.153191 11.111974 1 1
0.065880 0.000000 0.000000 0.000000 0.454422
-0.003105 -0.011203
5
321.073815 462.411719
4.869501 9.153191 11.111974 1 1
0.065880 0.000000 0.000000 0.000000 0.428629
-0.004275 0.008397
5
182.774712 63.964400
4.869501 9.153191 11.111974 1 1
0.065880 0.000000 0.000000 0.000000 0.482558
0.010980 0.003340
5
383.164594 368.722398
4.869501 9.153191 11.111974 1 1
0.065880 0.000000 0.000000 0.000000 0.679970
-0.002358 -0.005336
5
376.078169 35.342188
4.869501 9.153191 11.111974 1 1
0.065880 0.000000 0.000000 0.000000 0.632157
-0.003205 -0.004779
5
328.260947 315.150442
4.869501 9.153191 11.111974 1 1
0.065880 0.000000 0.000000 0.000000 0.471964
0.003963 -0.000320
5
303.427591 255.351093
4.869501 9.153191 11.111974 1 1
0.065880 0.000000 0.000000 0.000000 0.444743
0.010185 -0.002937
5
219.471480 282.226676
4.869501 9.153191 11.111974 1 1
0.065880 0.000000 0.000000 0.000000 0.423609
0.020725 0.011613
5
5.110763 255.526413
4.869501 9.153191 11.111974 1 1
0.065880 0.000000 0.000000 0.000000 0.433967
-0.011672 -0.008718
5
60.366022 91.057934
4.869501 9.153191 11.111974 1 1
0.065880 0.000000 0.000000 0.000000 0.636574
-0.008814 -0.004946
5
137.917240 458.645641
4.869501 9.153191 11.111974 1 1
0.065880 0.000000 0.000000 0.000000 0.438612
-0.007301 0.016429
5
387.073437 263.477077
4.869501 9.153191 11.111974 1 1
0.065880 0.000000 0.000000 0.000000 0.615402
0.006786 0.017251
5
62.753748 185.146423
4.869501 9.153191 11.111974 1 1
0.065880 0.000000 0.000000 0.000000 0.427407
-0.001949 -0.002547
5
340.534730 468.146293
4.869501 9.153191 11.111974 1 1
0.065880 0.000000 0.000000 0.000000 0.466519
0.001065 0.001205
5
108.370455 345.786010
4.869501 9.153191 11.111974 1 1
0.065880 0.000000 0.000000 0.000000 0.386824
0.000700 0.003242
5
226.061541 482.208278
4.869501 9.153191 11.111974 1 1
0.065880 0.000000 0.000000 0.000000 0.456967
-0.002750 0.015923
5
75.711263 309.481643
4.869501 9.153191 11.111974 1 1
0.065880 0.000000 0.000000 0.000000 0.504424
-0.014250 0.007179
5
358.848369 92.624617
4.869501 9.153191 11.111974 1 1
0.065880 0.000000 0.000000 0.000000 0.606447
0.002975 0.002057
5
87.009396 431.503300
4.869501 9.153191 11.111974 1 1
0.065880 0.000000 0.000000 0.000000 0.675082
-0.014069 -0.000100
5
409.842485 170.753495
4.869501 9.153191 11.111974 1 1
0.065880 0.000000 0.000000 0.000000 0.441062
0.037952 -0.012288
5
104.539603 74.902046
4.869501 9.153191 11.111974 1 1
0.065880 0.000000 0.000000 0.000000 0.532316
-0.003278 -0.000693
5
362.150072 451.267407
4.869501 9.153191 11.111974 1 1
0.065880 0.000000 0.000000 0.000000 0.424916
0.006527 0.001329
5
306.086474 367.238971
4.750685 8.929853 10.840841 2 1
0.065880 0.000000 0.000000 0.000000 0.557766
0.008923 -0.007323
5
278.311060 366.615409
4.750685 8.929853 10.840841 2 1
0.065880 0.000000 0.000000 0.000000 0.401346
-0.009504 0.021031
5
389.929974 247.659525
4.750685 8.929853 10.840841 2 1
0.065880 0.000000 0.000000 0.000000 0.514530
-0.014719 0.007731
5
359.202937 314.563024
4.750685 8.929853 10.840841 2 1
0.065880 0.000000 0.000000 0.000000 0.585388
-0.001722 -0.000534
5
110.277046 166.405169
4.750685 8.929853 10.840841 2 1
0.065880 0.000000 0.000000 0.000000 0.469285
0.001740 -0.011217
5
97.969706 127.592511
4.750685 8.929853 10.840841 2 1
0.065880 0.000000 0.000000 0.000000 0.467141
-0.006357 -0.012587
5
296.563167 444.504566
4.750685 8.929853 10.840841 2 1
0.065880 0.000000 0.000000 0.000000 0.481979
0.005256 0.004067
5
445.527055 318.678927
4.750685 8.929853 10.840841 2 1
0.065880 0.000000 0.000000 0.000000 0.609603
-0.000304 0.000026
5
394.022795 196.872439
4.750685 8.929853 10.840841 2 1
0.065880 0.000000 0.000000 0.000000 0.444650
-0.009656 0.016404
5
77.758378 210.862743
4.750685 8.929853 10.840841 2 1
0.065880 0.000000 0.000000 0.000000 0.429021
-0.005485 0.001974
5
382.730773 226.139255
4.750685 8.929853 10.840841 2 1
0.065880 0.000000 0.000000 0.000000 0.654125
-0.004058 0.001978
5
210.823959 241.890420
4.750685 8.929853 10.840841 2 1
0.065880 0.000000 0.000000 0.000000 0.418803
0.003406 -0.016458
5
332.784055 249.536610
4.750685 8.929853 10.840841 2 1
0.065880 0.000000 0.000000 0.000000 0.569223
0.016032 0.001912
5
196.068282 271.494357
4.750685 8.929853 10.840841 2 1
0.065880 0.000000 0.000000 0.000000 0.389860
0.006933 -0.001017
5
413.720787 376.447024
4.750685 8.929853 10.840841 2 1
0.065880 0.000000 0.000000 0.000000 0.691456
0.003413 -0.000437
5
442.753305 393.901297
4.750685 8.929853 10.840841 2 1
0.065880 0.000000 0.000000 0.000000 0.580096
-0.000644 0.004166
5
273.777380 205.969234
4.750685 8.929853 10.840841 2 1
0.065880 0.000000 0.000000 0.000000 0.419638
-0.000674 0.020968
5
315.872602 402.627635
4.750685 8.929853 10.840841 2 1
0.065880 0.000000 0.000000 0.000000 0.741388
-0.010777 0.003216
5
170.549492 106.179457
4.750685 8.929853 10.840841 2 1
0.065880 0.000000 0.000000 0.000000 0.426460
-0.004382 -0.013886
5
196.474396 33.072138
4.750685 8.929853 10.840841 2 1
0.065880 0.000000 0.000000 0.000000 0.398081
0.004298 -0.006706
5
126.555013 380.668691
4.750685 8.929853 10.840841 2 1
0.065880 0.000000 0.000000 0.000000 0.427364
-0.010450 0.003811
5
277.799804 153.718644
4.750685 8.929853 10.840841 2 1
0.065880 0.000000 0.000000 0.000000 0.446812
0.005002 0.001594
5
330.064314 297.623909
4.750685 8.929853 10.840841 2 1
0.065880 0.000000 0.000000 0.000000 0.421374
0.020794 0.002257
5
203.137332 227.001898
4.750685 8.929853 10.840841 2 1
0.065880 0.000000 0.000000 0.000000 0.577490
-0.000637 -0.019298
5
391.192432 451.338618
4.750685 8.929853 10.840841 2 1
0.065880 0.000000 0.000000 0.000000 0.646122
0.007238 0.005827
5
117.373702 197.474659
4.750685 8.929853 10.840841 2 1
0.065880 0.000000 0.000000 0.000000 0.434934
0.009258 -0.002663
5
291.265905 144.329477
4.750685 8.929853 10.840841 2 1
0.065880 0.000000 0.000000 0.000000 0.429997
0.004349 0.000019
5
120.639512 436.343384
4.750685 8.929853 10.840841 2 1
0.065880 0.000000 0.000000 0.000000 0.446517
-0.013601 0.013592
5
309.634521 337.427280
4.750685 8.929853 10.840841 2 1
0.065880 0.000000 0.000000 0.000000 0.412643
0.022699 0.030804
5
333.739002 270.251266
4.625609 8.694746 10.555422 3 1
0.065880 0.000000 0.000000 0.000000 0.521092
0.002313 -0.012774
5
76.172366 194.526578
4.625609 8.694746 10.555422 3 1
0.065880 0.000000 0.000000 0.000000 0.418590
0.001020 0.004705
5
104.489387 207.026510
4.625609 8.694746 10.555422 3 1
0.065880 0.000000 0.000000 0.000000 0.397545
0.006824 0.012558
5
432.631267 81.184947
4.625609 8.694746 10.555422 3 1
0.065880 0.000000 0.000000 0.000000 0.560208
-0.006809 0.000765
5
58.122369 240.248665
4.625609 8.694746 10.555422 3 1
0.065880 0.000000 0.000000 0.000000 0.428532
-0.007294 -0.028209
5
467.075365 192.834887
4.625609 8.694746 10.555422 3 1
0.065880 0.000000 0.000000 0.000000 0.663966
0.008398 -0.003260
5
95.699964 97.780298
4.625609 8.694746 10.555422 3 1
0.065880 0.000000 0.000000 0.000000 0.461950
0.006529 -0.019344
5
215.431320 427.468097
4.625609 8.694746 10.555422 3 1
0.065880 0.000000 0.000000 0.000000 0.407822
-0.001254 0.004418
5
432.854299 353.946130
4.625609 8.694746 10.555422 3 1
0.065880 0.000000 0.000000 0.000000 0.437521
0.012169 -0.005968
5
174.922828 234.750953
4.625609 8.694746 10.555422 3 1
0.065880 0.000000 0.000000 0.000000 0.431166
0.018950 0.010589
5
447.616602 153.278133
4.625609 8.694746 10.555422 3 1
0.065880 0.000000 0.000000 0.000000 0.477342
0.019072 -0.005743
5
429.894317 383.362568
4.625609 8.694746 10.555422 3 1
0.065880 0.000000 0.000000 0.000000 0.481596
-0.000808 -0.000105
5
352.335533 175.857591
4.625609 8.694746 10.555422 3 1
0.065880 0.000000 0.000000 0.000000 0.433218
-0.003002 0.006220
5
247.872249 313.787058
4.625609 8.694746 10.555422 3 1
0.065880 0.000000 0.000000 0.000000 0.478671
0.015800 0.005177
5
10.154181 275.782994
4.625609 8.694746 10.555422 3 1
0.065880 0.000000 0.000000 0.000000 0.422880
-0.014491 0.002037
5
250.637612 298.686258
4.625609 8.694746 10.555422 3 1
0.065880 0.000000 0.000000 0.000000 0.432557
-0.013860 -0.000005
5
195.186248 99.598443
4.625609 8.694746 10.555422 3 1
0.065880 0.000000 0.000000 0.000000 0.425737
0.020729 -0.016363
5
138.098178 370.345036
4.625609 8.694746 10.555422 3 1
0.065880 0.000000 0.000000 0.000000 0.404003
-0.008832 0.001233
5
156.678582 99.031924
4.625609 8.694746 10.555422 3 1
0.065880 0.000000 0.000000 0.000000 0.419570
-0.005993 -0.014922
5
242.989646 460.162419
4.625609 8.694746 10.555422 3 1
0.065880 0.000000 0.000000 0.000000 0.414621
0.000167 0.014042
5
258.410211 461.992307
4.625609 8.694746 10.555422 3 1
0.065880 0.000000 0.000000 0.000000 0.451386
0.005039 0.002361
5
146.737680 193.725569
4.625609 8.694746 10.555422 3 1
0.065880 0.000000 0.000000 0.000000 0.391360
0.006933 -0.003326
5
8.004636 199.863167
4.625609 8.694746 10.555422 3 1
0.065880 0.000000 0.000000 0.000000 0.530482
-0.020342 0.004177
5
157.702649 82.386262
4.625609 8.694746 10.555422 3 1
0.065880 0.000000 0.000000 0.000000 0.402275
-0.008950 0.000657
5
237.421674 256.114917
4.625609 8.694746 10.555422 3 1
0.065880 0.000000 0.000000 0.000000 0.435207
0.003844 -0.006990
5
104.111312 264.901670
4.625609 8.694746 10.555422 3 1
0.065880 0.000000 0.000000 0.000000 0.483839
-0.002740 0.038144
5
287.736079 102.769115
4.625609 8.694746 10.555422 3 1
0.065880 0.000000 0.000000 0.000000 0.564069
0.004820 -0.007184
5
414.999118 81.216184
4.625609 8.694746 10.555422 3 1
0.065880 0.000000 0.000000 0.000000 0.436748
0.004184 0.000195
5
229.296207 336.681570
4.625609 8.694746 10.555422 3 1
0.065880 0.000000 0.000000 0.000000 0.408392
0.009544 -0.002163
5
125.282323 138.550962
4.625609 8.694746 10.555422 3 1
0.065880 0.000000 0.000000 0.000000 0.434710
-0.005395 -0.011634
5
411.535805 247.552709
4.625609 8.694746 10.555422 3 1
0.065880 0.000000 0.000000 0.000000 0.456181
0.000824 0.004630
5
266.226548 164.548646
4.625609 8.694746 10.555422 3 1
0.065880 0.000000 0.000000 0.000000 0.435893
-0.006863 -0.005117
5
68.960517 392.832200
4.625609 8.694746 10.555422 3 1
0.065880 0.000000 0.000000 0.000000 0.548967
-0.004921 0.019656
5
195.298937 451.645333
4.625609 8.694746 10.555422 3 1
0.065880 0.000000 0.000000 0.000000 0.614500
-0.004676 0.004153
5
137.342768 155.994399
4.625609 8.694746 10.555422 3 1
0.065880 0.000000 0.000000 0.000000 0.418020
-0.001818 -0.012963
5
81.241388 128.538661
4.625609 8.694746 10.555422 3 1
0.065880 0.000000 0.000000 0.000000 0.423859
-0.010352 -0.019435
5
276.867480 337.507645
4.625609 8.694746 10.555422 3 1
0.065880 0.000000 0.000000 0.000000 0.514773
0.010292 -0.001626
5
174.327914 292.920875
4.625609 8.694746 10.555422 3 1
0.065880 0.000000 0.000000 0.000000 0.415275
-0.012482 0.017203
5
274.498848 402.044910
4.625609 8.694746 10.555422 3 1
0.065880 0.000000 0.000000 0.000000 0.488304
-0.008066 0.001550
5
415.251875 290.028555
4.625609 8.694746 10.555422 3 1
0.065880 0.000000 0.000000 0.000000 0.563898
-0.004871 0.004727
5
438.187637 188.209170
4.625609 8.694746 10.555422 3 1
0.065880 0.000000 0.000000 0.000000 0.545535
0.021734 0.011372
5
231.611589 194.210567
4.625609 8.694746 10.555422 3 1
0.065880 0.000000 0.000000 0.000000 0.417175
-0.010221 -0.010227
5
132.928657 38.074994
4.625609 8.694746 10.555422 3 1
0.065880 0.000000 0.000000 0.000000 0.697645
0.007813 0.005981
5
204.172307 131.372805
4.625609 8.694746 10.555422 3 1
0.065880 0.000000 0.000000 0.000000 0.517753
0.011567 0.005734
5
302.895409 84.228075
4.625609 8.694746 10.555422 3 1
0.065880 0.000000 0.000000 0.000000 0.719672
-0.000421 0.000134
5
148.848632 407.605939
4.493375 8.446188 10.253672 4 1
0.065880 0.000000 0.000000 0.000000 0.396170
0.004503 0.010743
5
290.129882 220.576978
4.493375 8.446188 10.253672 4 1
0.065880 0.000000 0.000000 0.000000 0.442498
0.015567 0.004257
5
449.309547 216.899880
4.493375 8.446188 10.253672 4 1
0.065880 0.000000 0.000000 0.000000 0.556676
0.007057 -0.000883
5
44.501091 346.628344
4.493375 8.446188 10.253672 4 1
0.065880 0.000000 0.000000 0.000000 0.761852
-0.021237 0.007158
5
334.652469 379.536703
4.493375 8.446188 10.253672 4 1
0.065880 0.000000 0.000000 0.000000 0.511013
0.005749 -0.005241
5
64.160383 203.589389
4.493375 8.446188 10.253672 4 1
0.065880 0.000000 0.000000 0.000000 0.424618
-0.008259 -0.009064
5
223.864004 389.638289
4.493375 8.446188 10.253672 4 1
0.065880 0.000000 0.000000 0.000000 0.401758
-0.001601 -0.003542
5
67.920304 322.654417
4.493375 8.446188 10.253672 4 1
0.065880 0.000000 0.000000 0.000000 0.563586
0.002569 0.017602
5
196.768119 329.969725
4.493375 8.446188 10.253672 4 1
0.065880 0.000000 0.000000 0.000000 0.451923
-0.011671 0.025314
5
103.460978 51.244600
4.493375 8.446188 10.253672 4 1
0.065880 0.000000 0.000000 0.000000 0.701668
0.001798 -0.014486
5
170.148143 179.065342
4.493375 8.446188 10.253672 4 1
0.065880 0.000000 0.000000 0.000000 0.396636
-0.002740 -0.020679
5
474.591957 234.071819
4.493375 8.446188 10.253672 4 1
0.065880 0.000000 0.000000 0.000000 0.743347
0.000771 -0.001589
5
133.589869 223.013022
4.493375 8.446188 10.253672 4 1
0.065880 0.000000 0.000000 0.000000 0.399422
0.006713 0.017362
5
480.248746 313.676036
4.493375 8.446188 10.253672 4 1
0.065880 0.000000 0.000000 0.000000 0.410807
0.002745 -0.001853
5
111.384492 384.324189
4.493375 8.446188 10.253672 4 1
0.065880 0.000000 0.000000 0.000000 0.415688
-0.015342 0.004116
5
6.827520 298.795417
4.493375 8.446188 10.253672 4 1
0.065880 0.000000 0.000000 0.000000 0.584589
-0.000000 -0.000000
5
213.347963 471.141030
4.493375 8.446188 10.253672 4 1
0.065880 0.000000 0.000000 0.000000 0.477626
-0.009695 0.013110
5
311.637032 51.880841
4.493375 8.446188 10.253672 4 1
0.065880 0.000000 0.000000 0.000000 0.687285
-0.000229 0.002471
5
279.542304 305.239882
4.493375 8.446188 10.253672 4 1
0.065880 0.000000 0.000000 0.000000 0.510463
-0.048843 0.012887
5
407.309199 121.193195
4.493375 8.446188 10.253672 4 1
0.065880 0.000000 0.000000 0.000000 0.437704
0.000340 -0.006577
5
57.919612 382.058458
4.352864 8.182070 9.933032 5 1
0.065880 0.000000 0.000000 0.000000 0.582710
-0.011137 0.014576
5
424.122556 181.064148
4.352864 8.182070 9.933032 5 1
0.065880 0.000000 0.000000 0.000000 0.467950
0.008133 0.014094
5
331.073322 149.736696
4.352864 8.182070 9.933032 5 1
0.065880 0.000000 0.000000 0.000000 0.451647
0.012164 -0.004070
5
455.889336 232.943364
4.352864 8.182070 9.933032 5 1
0.065880 0.000000 0.000000 0.000000 0.506519
0.000215 -0.006666
5
281.222533 439.609539
4.352864 8.182070 9.933032 5 1
0.065880 0.000000 0.000000 0.000000 0.421677
0.005135 -0.006430
5
391.124979 147.699954
4.352864 8.182070 9.933032 5 1
0.065880 0.000000 0.000000 0.000000 0.390198
-0.001370 -0.011036
5
490.763594 295.418026
4.352864 8.182070 9.933032 5 1
0.065880 0.000000 0.000000 0.000000 0.542358
0.001435 -0.000179
5
42.874082 244.336344
4.352864 8.182070 9.933032 5 1
0.065880 0.000000 0.000000 0.000000 0.478669
0.004282 -0.001472
5
76.326031 294.815738
4.352864 8.182070 9.933032 5 1
0.065880 0.000000 0.000000 0.000000 0.426777
-0.012150 0.003508
5
158.334799 350.027232
4.352864 8.182070 9.933032 5 1
0.065880 0.000000 0.000000 0.000000 0.402688
0.009788 0.010005
5
110.852645 369.747504
4.352864 8.182070 9.933032 5 1
0.065880 0.000000 0.000000 0.000000 0.419211
0.006059 -0.000754
5
176.710080 219.831131
4.352864 8.182070 9.933032 5 1
0.065880 0.000000 0.000000 0.000000 0.428663
-0.011157 0.009645
5
177.749005 191.183196
4.352864 8.182070 9.933032 5 1
0.065880 0.000000 0.000000 0.000000 0.395231
0.015629 -0.014617
5
377.657232 141.401266
4.352864 8.182070 9.933032 5 1
0.065880 0.000000 0.000000 0.000000 0.439612
-0.014946 -0.002393
5
240.208582 241.091391
4.352864 8.182070 9.933032 5 1
0.065880 0.000000 0.000000 0.000000 0.443173
0.013462 -0.005381
5
143.953477 233.636596
4.352864 8.182070 9.933032 5 1
0.065880 0.000000 0.000000 0.000000 0.405750
-0.057438 -0.048472
5
189.475242 140.929453
4.352864 8.182070 9.933032 5 1
0.065880 0.000000 0.000000 0.000000 0.390481
0.009972 -0.020423
5
165.561724 246.533452
4.352864 8.182070 9.933032 5 1
0.065880 0.000000 0.000000 0.000000 0.398550
-0.025714 -0.009034
5
219.302504 441.884109
4.352864 8.182070 9.933032 5 1
0.065880 0.000000 0.000000 0.000000 0.451678
0.001695 0.005930
5
352.361780 378.782351
4.352864 8.182070 9.933032 5 1
0.065880 0.000000 0.000000 0.000000 0.756443
0.001472 0.004353
5
379.507964 104.499259
4.352864 8.182070 9.933032 5 1
0.065880 0.000000 0.000000 0.000000 0.499056
-0.009115 -0.007950
5
106.561114 220.961223
4.352864 8.182070 9.933032 5 1
0.065880 0.000000 0.000000 0.000000 0.413661
-0.003062 0.000274
5
69.967709 248.450140
4.352864 8.182070 9.933032 5 1
0.065880 0.000000 0.000000 0.000000 0.427058
-0.025463 0.004896
5
22.763633 173.394728
4.352864 8.182070 9.933032 5 1
0.065880 0.000000 0.000000 0.000000 0.664845
-0.018670 -0.003628
5
341.640785 308.137179
4.352864 8.182070 9.933032 5 1
0.065880 0.000000 0.000000 0.000000 0.449654
0.026666 0.010673
5
73.020784 335.541113
3.744130 7.037834 8.543930 6 1
0.065880 0.000000 0.000000 0.000000 0.589070
-0.007992 0.018473
5
127.354980 284.971480
3.744130 7.037834 8.543930 6 1
0.065880 0.000000 0.000000 0.000000 0.443634
0.018551 0.005001
5
83.775189 156.437905
3.744130 7.037834 8.543930 6 1
0.065880 0.000000 0.000000 0.000000 0.377493
0.002257 -0.000650
5
293.654651 278.546321
3.744130 7.037834 8.543930 6 1
0.065880 0.000000 0.000000 0.000000 0.508404
0.035226 0.000806
5
383.899277 383.627151
3.744130 7.037834 8.543930 6 1
0.065880 0.000000 0.000000 0.000000 0.486576
-0.000649 -0.001732
5
199.201042 482.466051
3.744130 7.037834 8.543930 6 1
0.065880 0.000000 0.000000 0.000000 0.443954
0.008688 0.019011
5
187.590488 180.749097
3.744130 7.037834 8.543930 6 1
0.065880 0.000000 0.000000 0.000000 0.392728
0.023091 0.009277
5
28.014628 247.055205
3.744130 7.037834 8.543930 6 1
0.065880 0.000000 0.000000 0.000000 0.413506
-0.005298 0.013004
5
264.722001 272.614403
3.744130 7.037834 8.543930 6 1
0.065880 0.000000 0.000000 0.000000 0.484944
0.027494 0.010215
5
41.138199 309.961865
3.744130 7.037834 8.543930 6 1
0.065880 0.000000 0.000000 0.000000 0.691678
-0.000160 0.003369
5
153.324870 243.396618
3.744130 7.037834 8.543930 6 1
0.065880 0.000000 0.000000 0.000000 0.385297
0.024607 0.129654
5
264.214386 219.014099
3.744130 7.037834 8.543930 6 1
0.065880 0.000000 0.000000 0.000000 0.409417
0.008703 -0.009998
5
464.261077 173.950387
3.744130 7.037834 8.543930 6 1
0.065880 0.000000 0.000000 0.000000 0.526082
0.009587 0.011432
5
209.471976 212.253084
3.744130 7.037834 8.543930 6 1
0.065880 0.000000 0.000000 0.000000 0.439762
0.023325 0.032826
5
299.398799 347.127451
3.744130 7.037834 8.543930 6 1
0.065880 0.000000 0.000000 0.000000 0.456049
0.002124 0.020882
