500.000000 500.000000
626 65
230 626
1
379.586257 284.399426
5.295000 9.953000 12.082942 46 2
0.065880 0.000000 0.000000 0.000000 0.033904
0.003626 0.000121
4
416.844189 408.629650
5.295000 9.953000 12.082942 38 1
0.000000 0.000000 0.000000 0.000000 0.089693
0.001509 0.004953
4
354.231736 381.435202
5.295000 9.953000 12.082942 65 1
0.000000 0.000000 0.000000 0.000000 0.035146
0.000852 0.003738
4
212.293178 352.606166
5.295000 9.953000 12.082942 58 1
0.000000 0.000000 0.000000 0.000000 0.045547
-0.001169 0.002586
4
257.520845 433.410093
5.295000 9.953000 12.082942 44 1
0.000000 0.000000 0.000000 0.000000 0.051184
-0.000323 0.003463
4
54.336977 354.553720
5.295000 9.953000 12.082942 38 1
0.000000 0.000000 0.000000 0.000000 0.095386
-0.002954 0.001303
4
337.677383 258.495230
5.295000 9.953000 12.082942 40 1
0.000000 0.000000 0.000000 0.000000 0.066043
-0.001574 0.005270
4
179.441130 316.610007
5.295000 9.953000 12.082942 41 1
0.000000 0.000000 0.000000 0.000000 0.055508
0.000874 0.001570
4
117.927606 350.701699
5.295000 9.953000 12.082942 44 1
0.000000 0.000000 0.000000 0.000000 0.048079
-0.002200 0.001281
4
239.531761 47.779474
5.295000 9.953000 12.082942 52 1
0.000000 0.000000 0.000000 0.000000 0.054034
0.000475 -0.004146
1
11.206526 205.247522
5.295000 9.953000 12.082942 32 2
0.065880 0.000000 0.000000 0.000000 0.041078
-0.003112 -0.000524
4
461.158962 156.158355
5.295000 9.953000 12.082942 57 1
0.000000 0.000000 0.000000 0.000000 0.134771
0.047231 0.024514
4
248.676989 321.859544
5.295000 9.953000 12.082942 42 1
0.000000 0.000000 0.000000 0.000000 0.033447
0.005331 0.001537
4
128.307424 302.872093
5.295000 9.953000 12.082942 55 1
0.000000 0.000000 0.000000 0.000000 0.050786
-0.002019 0.000696
4
90.696215 135.290894
5.295000 9.953000 12.082942 58 1
0.000000 0.000000 0.000000 0.000000 0.046635
-0.003617 -0.001908
1
153.339325 445.747430
5.295000 9.953000 12.082942 22 2
0.065880 0.000000 0.000000 0.000000 0.061083
0.000737 0.002564
4
425.521334 121.669427
5.295000 9.953000 12.082942 49 1
0.000000 0.000000 0.000000 0.000000 0.082168
0.001353 -0.002402
4
238.758122 127.234929
5.295000 9.953000 12.082942 53 1
0.000000 0.000000 0.000000 0.000000 0.077016
0.000058 -0.001802
4
411.169473 293.189611
5.295000 9.953000 12.082942 53 1
0.000000 0.000000 0.000000 0.000000 0.075110
0.003487 0.000302
1
260.353266 283.154796
5.295000 9.953000 12.082942 41 2
0.065880 0.000000 0.000000 0.000000 0.023658
0.000689 -0.002071
4
325.061973 130.606312
5.295000 9.953000 12.082942 37 1
0.000000 0.000000 0.000000 0.000000 0.054777
0.000993 -0.002707
4
306.771061 294.644027
5.295000 9.953000 12.082942 61 1
0.000000 0.000000 0.000000 0.000000 0.039160
-0.007789 0.008280
4
240.380997 368.990064
5.295000 9.953000 12.082942 34 1
0.000000 0.000000 0.000000 0.000000 0.069876
-0.000211 0.002946
4
341.879371 444.679450
5.295000 9.953000 12.082942 64 1
0.000000 0.000000 0.000000 0.000000 0.033023
0.000796 0.001399
4
192.859976 415.945939
5.295000 9.953000 12.082942 65 1
0.000000 0.000000 0.000000 0.000000 0.025928
-0.000503 0.002117
4
430.492273 176.953681
5.295000 9.953000 12.082942 57 1
0.000000 0.000000 0.000000 0.000000 0.066482
-0.000921 0.001185
4
436.020752 364.223520
5.295000 9.953000 12.082942 50 1
0.000000 0.000000 0.000000 0.000000 0.107590
-0.000331 0.000446
1
469.525935 214.940316
5.295000 9.953000 12.082942 23 2
0.065880 0.000000 0.000000 0.000000 0.053475
0.002216 -0.002838
4
359.584603 466.965218
5.295000 9.953000 12.082942 50 1
0.000000 0.000000 0.000000 0.000000 0.119193
0.001915 0.002384
1
258.113962 465.928577
5.295000 9.953000 12.082942 23 2
0.065880 0.000000 0.000000 0.000000 0.039317
-0.001807 0.003625
1
323.784103 391.756437
5.295000 9.953000 12.082942 20 2
0.065880 0.000000 0.000000 0.000000 0.030964
0.002288 0.001559
1
403.452793 262.821229
5.295000 9.953000 12.082942 37 2
0.065880 0.000000 0.000000 0.000000 0.037959
0.003323 -0.000640
1
59.651116 193.211994
5.295000 9.953000 12.082942 21 2
0.065880 0.000000 0.000000 0.000000 0.045165
-0.003607 -0.001235
4
249.357222 384.865487
5.295000 9.953000 12.082942 61 1
0.000000 0.000000 0.000000 0.000000 0.059276
0.000082 0.003161
4
59.847072 211.816968
5.295000 9.953000 12.082942 33 1
0.000000 0.000000 0.000000 0.000000 0.071264
-0.002925 -0.000880
4
311.834417 405.467087
5.295000 9.953000 12.082942 44 1
0.000000 0.000000 0.000000 0.000000 0.046836
0.001846 0.001826
4
74.731117 164.172805
5.295000 9.953000 12.082942 46 1
0.000000 0.000000 0.000000 0.000000 0.049716
-0.003474 -0.001443
1
395.683230 231.708125
5.295000 9.953000 12.082942 52 2
0.065880 0.000000 0.000000 0.000000 0.036480
0.003580 -0.001171
4
100.779288 302.184073
5.295000 9.953000 12.082942 38 1
0.000000 0.000000 0.000000 0.000000 0.056464
-0.003083 0.000674
1
202.833887 90.931539
5.295000 9.953000 12.082942 0 1
0.065880 0.000000 0.000000 0.000000 0.030147
0.003331 -0.002784
4
361.309131 287.233778
5.295000 9.953000 12.082942 45 1
0.000000 0.000000 0.000000 0.000000 0.048619
-0.001856 0.013980
4
379.302807 153.340185
5.295000 9.953000 12.082942 46 1
0.000000 0.000000 0.000000 0.000000 0.057897
0.002056 -0.001215
4
294.471148 482.176146
5.295000 9.953000 12.082942 58 1
0.000000 0.000000 0.000000 0.000000 0.068259
0.001455 0.002899
4
250.185121 113.158756
5.295000 9.953000 12.082942 39 1
0.000000 0.000000 0.000000 0.000000 0.064275
-0.000114 -0.002346
4
221.752404 368.759240
5.295000 9.953000 12.082942 65 1
0.000000 0.000000 0.000000 0.000000 0.036989
-0.000528 0.002685
4
321.258522 199.661958
5.295000 9.953000 12.082942 38 1
0.000000 0.000000 0.000000 0.000000 0.067273
0.000863 -0.001096
1
391.506784 298.559707
5.295000 9.953000 12.082942 20 2
0.065880 0.000000 0.000000 0.000000 0.035061
0.002694 0.000057
4
74.291990 145.143186
5.295000 9.953000 12.082942 48 1
0.000000 0.000000 0.000000 0.000000 0.044813
-0.003583 -0.001820
1
312.657534 246.478653
5.295000 9.953000 12.082942 0 1
0.065880 0.000000 0.000000 0.000000 0.029022
-0.009408 -0.025926
1
486.322276 272.809132
5.295000 9.953000 12.082942 40 2
0.065880 0.000000 0.000000 0.000000 0.069597
0.002817 0.002981
4
394.613005 142.636377
5.295000 9.953000 12.082942 38 1
0.000000 0.000000 0.000000 0.000000 0.052895
0.002440 -0.001714
1
149.586581 326.712687
5.295000 9.953000 12.082942 26 2
0.065880 0.000000 0.000000 0.000000 0.045781
-0.001873 0.001267
4
129.848314 206.115648
5.295000 9.953000 12.082942 34 1
0.000000 0.000000 0.000000 0.000000 0.052638
-0.001710 -0.000498
4
259.097257 368.918053
5.295000 9.953000 12.082942 32 1
0.000000 0.000000 0.000000 0.000000 0.075235
0.000223 0.003328
4
422.202200 84.345954
5.295000 9.953000 12.082942 38 1
0.000000 0.000000 0.000000 0.000000 0.243093
0.000082 -0.002672
5
150.994102 477.834987
5.195070 9.765163 11.854907 48 1
0.065880 0.000000 0.000000 0.000000 0.160893
0.003000 -0.004399
4
234.305229 304.864410
5.295000 9.953000 12.082942 47 1
0.000000 0.000000 0.000000 0.000000 0.046688
-0.000021 0.000813
4
12.189066 224.499591
5.295000 9.953000 12.082942 39 1
0.000000 0.000000 0.000000 0.000000 0.058375
-0.002857 -0.000497
1
106.309676 106.393689
5.295000 9.953000 12.082942 20 2
0.065880 0.000000 0.000000 0.000000 0.058224
-0.002705 -0.001973
4
404.256957 374.045058
5.295000 9.953000 12.082942 47 1
0.000000 0.000000 0.000000 0.000000 0.101860
0.001559 0.003331
1
21.018155 337.640799
5.295000 9.953000 12.082942 30 2
0.065880 0.000000 0.000000 0.000000 0.153475
-0.003083 0.000707
4
137.755937 376.829359
5.295000 9.953000 12.082942 34 1
0.000000 0.000000 0.000000 0.000000 0.076316
-0.001857 0.001955
4
168.289411 116.402347
5.295000 9.953000 12.082942 42 1
0.000000 0.000000 0.000000 0.000000 0.060527
-0.002369 -0.002015
1
475.948314 309.171382
5.295000 9.953000 12.082942 40 2
0.065880 0.000000 0.000000 0.000000 0.038126
0.000737 0.003593
1
164.633587 397.610003
5.295000 9.953000 12.082942 25 2
0.065880 0.000000 0.000000 0.000000 0.039081
-0.001158 0.002331
4
85.141084 313.901246
5.295000 9.953000 12.082942 40 1
0.000000 0.000000 0.000000 0.000000 0.053590
-0.003045 0.000799
4
102.557879 64.492438
5.295000 9.953000 12.082942 42 1
0.000000 0.000000 0.000000 0.000000 0.216473
-0.002205 -0.001396
4
62.655781 249.897749
5.295000 9.953000 12.082942 39 1
0.000000 0.000000 0.000000 0.000000 0.062523
-0.002678 -0.000250
1
215.463724 76.864093
5.295000 9.953000 12.082942 41 2
0.065880 0.000000 0.000000 0.000000 0.032590
0.002325 -0.003560
4
58.401902 155.332101
5.295000 9.953000 12.082942 33 1
0.000000 0.000000 0.000000 0.000000 0.057434
-0.004275 -0.001853
4
145.431280 308.262984
5.295000 9.953000 12.082942 37 1
0.000000 0.000000 0.000000 0.000000 0.051141
-0.001185 0.001195
4
15.094185 262.756678
5.295000 9.953000 12.082942 42 1
0.000000 0.000000 0.000000 0.000000 0.063776
-0.002963 -0.000233
1
169.833798 479.393109
5.295000 9.953000 12.082942 48 2
0.065880 0.000000 0.000000 0.000000 0.128534
-0.007068 0.001808
4
383.750408 189.511021
5.295000 9.953000 12.082942 45 1
0.000000 0.000000 0.000000 0.000000 0.037072
0.002043 -0.000664
4
114.818290 314.151234
5.295000 9.953000 12.082942 34 1
0.000000 0.000000 0.000000 0.000000 0.065059
-0.002423 0.000575
4
385.937008 207.377858
5.295000 9.953000 12.082942 55 1
0.000000 0.000000 0.000000 0.000000 0.059908
0.002646 0.000396
4
196.586308 300.840747
5.295000 9.953000 12.082942 63 1
0.000000 0.000000 0.000000 0.000000 0.047304
-0.000177 0.000858
4
201.596668 432.569656
5.295000 9.953000 12.082942 57 1
0.000000 0.000000 0.000000 0.000000 0.042229
-0.000667 0.002897
4
264.701035 249.222027
5.295000 9.953000 12.082942 50 1
0.000000 0.000000 0.000000 0.000000 0.025168
-0.000287 -0.001607
4
366.922068 416.367218
5.295000 9.953000 12.082942 44 1
0.000000 0.000000 0.000000 0.000000 0.045218
0.001225 0.003505
4
174.204030 348.441325
5.295000 9.953000 12.082942 43 1
0.000000 0.000000 0.000000 0.000000 0.039612
-0.001431 0.001504
4
406.590858 95.185645
5.295000 9.953000 12.082942 40 1
0.000000 0.000000 0.000000 0.000000 0.106215
0.000508 -0.002253
4
295.718198 278.859641
5.295000 9.953000 12.082942 41 1
0.000000 0.000000 0.000000 0.000000 0.053590
0.000873 -0.000629
4
427.324629 140.207295
5.295000 9.953000 12.082942 45 1
0.000000 0.000000 0.000000 0.000000 0.054086
-0.000711 -0.003249
4
101.580995 283.123030
5.295000 9.953000 12.082942 46 1
0.000000 0.000000 0.000000 0.000000 0.054658
-0.001076 0.000367
1
381.426523 171.459329
5.295000 9.953000 12.082942 25 2
0.065880 0.000000 0.000000 0.000000 0.034091
0.002210 -0.001013
1
373.119686 336.241876
5.295000 9.953000 12.082942 56 2
0.065880 0.000000 0.000000 0.000000 0.066648
0.021559 0.001684
4
110.534351 436.456169
5.295000 9.953000 12.082942 61 1
0.000000 0.000000 0.000000 0.000000 0.086057
-0.004411 0.000913
1
91.910021 428.622837
5.295000 9.953000 12.082942 25 2
0.065880 0.000000 0.000000 0.000000 0.099655
-0.001885 0.002046
1
153.813278 228.085500
5.295000 9.953000 12.082942 21 2
0.065880 0.000000 0.000000 0.000000 0.035760
-0.000939 -0.000317
4
459.889616 137.591870
5.295000 9.953000 12.082942 57 1
0.000000 0.000000 0.000000 0.000000 0.117089
0.000249 -0.014845
4
445.855117 380.392750
5.295000 9.953000 12.082942 44 1
0.000000 0.000000 0.000000 0.000000 0.128851
-0.001958 0.001581
1
269.935503 35.390045
5.295000 9.953000 12.082942 0 1
0.065880 0.000000 0.000000 0.000000 0.091005
0.001469 -0.005324
1
27.839987 213.906292
5.295000 9.953000 12.082942 20 2
0.065880 0.000000 0.000000 0.000000 0.036748
-0.002958 -0.000662
1
309.582121 229.280619
5.295000 9.953000 12.082942 19 2
0.065880 0.000000 0.000000 0.000000 0.036814
0.003202 0.011141
4
183.867318 266.340868
5.295000 9.953000 12.082942 42 1
0.000000 0.000000 0.000000 0.000000 0.069879
-0.000106 0.000027
4
258.049088 400.947963
5.295000 9.953000 12.082942 49 1
0.000000 0.000000 0.000000 0.000000 0.056272
0.000295 0.003297
1
260.702650 231.430971
5.295000 9.953000 12.082942 27 2
0.065880 0.000000 0.000000 0.000000 0.022739
-0.000878 -0.000088
1
248.458929 449.684846
5.295000 9.953000 12.082942 19 2
0.065880 0.000000 0.000000 0.000000 0.046654
-0.001118 0.003459
4
404.993072 76.548817
5.295000 9.953000 12.082942 49 1
0.000000 0.000000 0.000000 0.000000 0.108462
-0.000351 -0.002800
4
323.097099 458.763727
5.295000 9.953000 12.082942 58 1
0.000000 0.000000 0.000000 0.000000 0.039261
0.000365 0.003378
4
300.943571 260.954574
5.295000 9.953000 12.082942 59 1
0.000000 0.000000 0.000000 0.000000 0.039819
-0.002307 0.000323
1
488.601795 323.156132
5.295000 9.953000 12.082942 52 2
0.065880 0.000000 0.000000 0.000000 0.059396
0.003639 0.002607
2
112.153694 48.144696
5.295000 9.953000 12.082942 62 1
0.065880 0.000000 0.000000 0.000000 0.321092
0.000157 -0.000050
4
94.013445 209.825184
5.295000 9.953000 12.082942 33 1
0.000000 0.000000 0.000000 0.000000 0.065839
-0.003765 -0.001000
4
162.414037 34.012283
5.295000 9.953000 12.082942 38 1
0.000000 0.000000 0.000000 0.000000 0.119449
0.000038 -0.001830
4
398.054766 405.527285
5.295000 9.953000 12.082942 49 1
0.000000 0.000000 0.000000 0.000000 0.068643
0.001958 0.004394
4
155.148985 179.096824
5.295000 9.953000 12.082942 36 1
0.000000 0.000000 0.000000 0.000000 0.053676
-0.002015 -0.001058
4
369.131297 200.688112
5.295000 9.953000 12.082942 36 1
0.000000 0.000000 0.000000 0.000000 0.070907
0.002079 -0.000268
4
297.985486 156.937035
5.295000 9.953000 12.082942 43 1
0.000000 0.000000 0.000000 0.000000 0.033355
0.001169 -0.002370
4
254.299396 82.373051
5.295000 9.953000 12.082942 42 1
0.000000 0.000000 0.000000 0.000000 0.071722
-0.001129 -0.002859
4
213.949639 320.970037
5.295000 9.953000 12.082942 46 1
0.000000 0.000000 0.000000 0.000000 0.049119
0.004324 0.002045
4
175.968356 20.651186
5.295000 9.953000 12.082942 55 1
0.000000 0.000000 0.000000 0.000000 0.128549
-0.000165 -0.001955
4
32.300521 270.937178
5.295000 9.953000 12.082942 35 1
0.000000 0.000000 0.000000 0.000000 0.072371
-0.003072 -0.000033
4
292.123189 224.311712
5.295000 9.953000 12.082942 34 1
0.000000 0.000000 0.000000 0.000000 0.044129
-0.002292 -0.002950
4
34.142250 289.630902
5.295000 9.953000 12.082942 61 1
0.000000 0.000000 0.000000 0.000000 0.056910
-0.003264 0.000252
4
287.666662 120.780969
5.295000 9.953000 12.082942 56 1
0.000000 0.000000 0.000000 0.000000 0.036460
0.000377 -0.002564
4
134.390880 273.673233
5.295000 9.953000 12.082942 59 1
0.000000 0.000000 0.000000 0.000000 0.029357
-0.001239 0.000316
4
267.954990 384.891102
5.295000 9.953000 12.082942 31 1
0.000000 0.000000 0.000000 0.000000 0.063816
0.000504 0.003286
4
206.721187 9.848842
5.295000 9.953000 12.082942 34 1
0.000000 0.000000 0.000000 0.000000 0.089828
-0.000702 -0.003174
4
126.616413 152.725152
5.295000 9.953000 12.082942 48 1
0.000000 0.000000 0.000000 0.000000 0.059390
-0.004036 -0.001971
4
229.981996 416.991219
5.295000 9.953000 12.082942 39 1
0.000000 0.000000 0.000000 0.000000 0.068411
-0.000414 0.003100
4
47.594167 260.425881
5.295000 9.953000 12.082942 38 1
0.000000 0.000000 0.000000 0.000000 0.086377
-0.002901 -0.000135
4
173.278787 134.104639
5.295000 9.953000 12.082942 44 1
0.000000 0.000000 0.000000 0.000000 0.067030
-0.001616 -0.002097
4
258.663142 337.112101
5.295000 9.953000 12.082942 54 1
0.000000 0.000000 0.000000 0.000000 0.044308
0.000531 0.002940
4
220.867755 126.900650
5.295000 9.953000 12.082942 50 1
0.000000 0.000000 0.000000 0.000000 0.063674
-0.000525 -0.001454
1
423.069278 426.245396
5.295000 9.953000 12.082942 0 1
0.065880 0.000000 0.000000 0.000000 0.140722
0.002091 0.004688
4
372.293344 218.778707
5.295000 9.953000 12.082942 40 1
0.000000 0.000000 0.000000 0.000000 0.076078
0.001777 -0.000015
4
225.535190 221.008474
5.295000 9.953000 12.082942 35 1
0.000000 0.000000 0.000000 0.000000 0.050214
-0.003236 0.001817
1
324.808803 292.500096
5.295000 9.953000 12.082942 38 2
0.065880 0.000000 0.000000 0.000000 0.027346
0.022085 0.028467
4
282.303192 313.033536
5.295000 9.953000 12.082942 53 1
0.000000 0.000000 0.000000 0.000000 0.044045
0.003145 -0.000941
4
327.097234 235.848593
5.295000 9.953000 12.082942 39 1
0.000000 0.000000 0.000000 0.000000 0.038212
-0.002187 -0.000038
4
90.921245 173.073228
5.295000 9.953000 12.082942 54 1
0.000000 0.000000 0.000000 0.000000 0.040007
-0.003367 -0.001439
4
196.726569 72.988158
5.295000 9.953000 12.082942 46 1
0.000000 0.000000 0.000000 0.000000 0.051430
0.001450 -0.002320
4
147.981864 210.526470
5.295000 9.953000 12.082942 48 1
0.000000 0.000000 0.000000 0.000000 0.053590
-0.001364 -0.000537
4
145.294934 428.949925
5.295000 9.953000 12.082942 48 1
0.000000 0.000000 0.000000 0.000000 0.061378
-0.001775 0.002291
1
211.850349 107.704755
5.295000 9.953000 12.082942 38 2
0.065880 0.000000 0.000000 0.000000 0.033698
-0.000605 -0.001337
4
134.085465 357.951250
5.295000 9.953000 12.082942 50 1
0.000000 0.000000 0.000000 0.000000 0.052347
-0.001899 0.001560
4
121.689772 406.737003
5.295000 9.953000 12.082942 46 1
0.000000 0.000000 0.000000 0.000000 0.079692
-0.001926 0.002018
1
404.344644 422.968932
5.295000 9.953000 12.082942 0 1
0.065880 0.000000 0.000000 0.000000 0.059050
0.001617 0.004798
4
100.341661 324.339623
5.295000 9.953000 12.082942 36 1
0.000000 0.000000 0.000000 0.000000 0.066158
-0.002761 0.000977
4
235.264918 79.458238
5.295000 9.953000 12.082942 64 1
0.000000 0.000000 0.000000 0.000000 0.042172
-0.001583 -0.002973
4
49.595941 279.083810
5.295000 9.953000 12.082942 31 1
0.000000 0.000000 0.000000 0.000000 0.082440
-0.003157 0.000150
1
212.241091 384.487746
5.295000 9.953000 12.082942 0 1
0.065880 0.000000 0.000000 0.000000 0.037174
-0.000449 0.002690
1
299.799482 431.025953
5.295000 9.953000 12.082942 0 1
0.065880 0.000000 0.000000 0.000000 0.039844
0.001806 0.002580
1
165.052940 80.651926
5.295000 9.953000 12.082942 41 2
0.065880 0.000000 0.000000 0.000000 0.039183
-0.000150 -0.002206
1
338.215410 205.959618
5.295000 9.953000 12.082942 52 2
0.065880 0.000000 0.000000 0.000000 0.049207
0.001397 -0.000311
4
51.316897 297.730219
5.295000 9.953000 12.082942 43 1
0.000000 0.000000 0.000000 0.000000 0.065935
-0.003297 0.000472
4
378.694405 354.234765
5.295000 9.953000 12.082942 47 1
0.000000 0.000000 0.000000 0.000000 0.082374
-0.003193 0.003014
4
481.267505 291.058441
5.295000 9.953000 12.082942 63 1
0.000000 0.000000 0.000000 0.000000 0.058621
0.002720 0.000196
4
359.084422 231.265504
5.295000 9.953000 12.082942 41 1
0.000000 0.000000 0.000000 0.000000 0.074890
0.001360 0.000290
1
277.130394 473.259669
5.295000 9.953000 12.082942 21 2
0.065880 0.000000 0.000000 0.000000 0.038056
0.001632 0.004028
1
457.874137 200.681731
5.295000 9.953000 12.082942 22 2
0.065880 0.000000 0.000000 0.000000 0.061162
0.000602 -0.001465
1
347.764574 363.681588
5.295000 9.953000 12.082942 46 2
0.065880 0.000000 0.000000 0.000000 0.050874
0.008803 -0.004602
4
165.751356 263.137124
5.295000 9.953000 12.082942 32 1
0.000000 0.000000 0.000000 0.000000 0.059814
-0.000530 0.000035
1
267.499147 164.991783
5.295000 9.953000 12.082942 19 2
0.065880 0.000000 0.000000 0.000000 0.036645
0.000208 -0.001643
4
318.186876 309.591851
5.295000 9.953000 12.082942 41 1
0.000000 0.000000 0.000000 0.000000 0.035973
0.021776 -0.005462
4
142.642465 193.006509
5.295000 9.953000 12.082942 29 1
0.000000 0.000000 0.000000 0.000000 0.050925
-0.001968 -0.000805
4
203.810491 336.161527
5.295000 9.953000 12.082942 39 1
0.000000 0.000000 0.000000 0.000000 0.052198
-0.001074 0.002391
4
257.037907 130.182556
5.295000 9.953000 12.082942 62 1
0.000000 0.000000 0.000000 0.000000 0.046867
0.000079 -0.001930
4
172.538982 447.203691
5.295000 9.953000 12.082942 37 1
0.000000 0.000000 0.000000 0.000000 0.069173
-0.001523 0.002839
1
436.101365 321.443061
5.295000 9.953000 12.082942 0 1
0.065880 0.000000 0.000000 0.000000 0.041461
0.002373 0.000446
1
167.879935 52.062251
5.295000 9.953000 12.082942 0 1
0.065880 0.000000 0.000000 0.000000 0.040771
-0.000869 -0.001421
4
191.566794 448.522757
5.295000 9.953000 12.082942 50 1
0.000000 0.000000 0.000000 0.000000 0.061908
-0.000169 0.002295
4
72.032984 382.145507
5.295000 9.953000 12.082942 37 1
0.000000 0.000000 0.000000 0.000000 0.111272
-0.002667 0.001594
4
94.146161 246.426529
5.295000 9.953000 12.082942 57 1
0.000000 0.000000 0.000000 0.000000 0.048350
-0.002292 -0.000075
4
428.508956 339.842247
5.295000 9.953000 12.082942 54 1
0.000000 0.000000 0.000000 0.000000 0.056173
0.002216 0.000215
4
196.369495 251.917311
5.295000 9.953000 12.082942 41 1
0.000000 0.000000 0.000000 0.000000 0.059676
0.000430 -0.000453
1
135.682473 63.746077
5.295000 9.953000 12.082942 21 2
0.065880 0.000000 0.000000 0.000000 0.055336
-0.002278 -0.001868
4
237.807343 273.817878
5.295000 9.953000 12.082942 46 1
0.000000 0.000000 0.000000 0.000000 0.060679
0.001454 0.001969
4
225.625471 12.480885
5.295000 9.953000 12.082942 62 1
0.000000 0.000000 0.000000 0.000000 0.088918
-0.000238 -0.004077
4
178.777644 151.519485
5.295000 9.953000 12.082942 38 1
0.000000 0.000000 0.000000 0.000000 0.056073
-0.001690 -0.001797
4
64.946672 268.565967
5.295000 9.953000 12.082942 35 1
0.000000 0.000000 0.000000 0.000000 0.088703
-0.002932 0.000037
4
160.566672 147.325495
5.295000 9.953000 12.082942 45 1
0.000000 0.000000 0.000000 0.000000 0.064407
-0.001449 -0.001116
4
329.902703 409.377205
5.295000 9.953000 12.082942 62 1
0.000000 0.000000 0.000000 0.000000 0.037619
0.002050 0.002814
4
18.583295 300.226419
5.295000 9.953000 12.082942 39 1
0.000000 0.000000 0.000000 0.000000 0.121492
-0.003287 0.000318
4
237.585482 181.071251
5.295000 9.953000 12.082942 48 1
0.000000 0.000000 0.000000 0.000000 0.066878
0.000225 -0.005196
4
90.035218 97.398746
5.295000 9.953000 12.082942 52 1
0.000000 0.000000 0.000000 0.000000 0.102462
-0.003040 -0.001919
1
435.479518 411.757391
5.295000 9.953000 12.082942 20 2
0.065880 0.000000 0.000000 0.000000 0.138466
0.001588 0.003331
4
452.664631 267.214713
5.295000 9.953000 12.082942 51 1
0.000000 0.000000 0.000000 0.000000 0.065770
0.004453 -0.000630
4
277.800496 368.791746
5.295000 9.953000 12.082942 30 1
0.000000 0.000000 0.000000 0.000000 0.078200
0.000629 0.003225
4
202.489192 172.761002
5.295000 9.953000 12.082942 36 1
0.000000 0.000000 0.000000 0.000000 0.045715
-0.001446 -0.001458
4
221.068268 400.700122
5.295000 9.953000 12.082942 38 1
0.000000 0.000000 0.000000 0.000000 0.066824
-0.000367 0.002862
4
156.793156 380.405458
5.295000 9.953000 12.082942 42 1
0.000000 0.000000 0.000000 0.000000 0.066612
-0.001443 0.002254
4
238.794232 465.787406
5.295000 9.953000 12.082942 34 1
0.000000 0.000000 0.000000 0.000000 0.053269
-0.001378 0.003725
4
301.211473 72.593085
5.295000 9.953000 12.082942 59 1
0.000000 0.000000 0.000000 0.000000 0.072610
0.000178 -0.002689
4
243.040341 226.072685
5.295000 9.953000 12.082942 55 1
0.000000 0.000000 0.000000 0.000000 0.043273
-0.002597 0.000494
4
215.357074 303.038454
5.295000 9.953000 12.082942 64 1
0.000000 0.000000 0.000000 0.000000 0.037074
-0.000064 0.001180
1
447.498177 285.172361
5.295000 9.953000 12.082942 34 2
0.065880 0.000000 0.000000 0.000000 0.052427
0.004087 0.000088
1
256.893354 213.523886
5.295000 9.953000 12.082942 19 2
0.065880 0.000000 0.000000 0.000000 0.027555
-0.002732 -0.000362
4
258.223907 50.302323
5.295000 9.953000 12.082942 61 1
0.000000 0.000000 0.000000 0.000000 0.079693
0.000152 -0.003802
4
214.736843 158.960228
5.295000 9.953000 12.082942 45 1
0.000000 0.000000 0.000000 0.000000 0.052855
-0.002328 -0.002222
4
271.208597 182.961678
5.295000 9.953000 12.082942 50 1
0.000000 0.000000 0.000000 0.000000 0.030393
0.002858 -0.000876
1
183.965019 217.812475
5.295000 9.953000 12.082942 23 2
0.065880 0.000000 0.000000 0.000000 0.027942
0.000032 -0.000770
1
240.335487 337.836305
5.295000 9.953000 12.082942 21 2
0.065880 0.000000 0.000000 0.000000 0.030444
-0.000306 0.004588
4
457.539912 249.278813
5.295000 9.953000 12.082942 53 1
0.000000 0.000000 0.000000 0.000000 0.054414
0.004863 0.000416
4
203.464629 368.188638
5.295000 9.953000 12.082942 45 1
0.000000 0.000000 0.000000 0.000000 0.048608
-0.000307 0.002219
4
57.765758 117.411427
5.295000 9.953000 12.082942 44 1
0.000000 0.000000 0.000000 0.000000 0.179543
-0.003639 -0.002065
1
268.456217 266.852580
5.295000 9.953000 12.082942 24 2
0.065880 0.000000 0.000000 0.000000 0.031589
0.001414 -0.000889
4
107.406603 181.933512
5.295000 9.953000 12.082942 42 1
0.000000 0.000000 0.000000 0.000000 0.049438
-0.003166 -0.000951
4
119.108856 92.423543
5.295000 9.953000 12.082942 36 1
0.000000 0.000000 0.000000 0.000000 0.067840
-0.002012 -0.001735
4
422.622081 377.060040
5.295000 9.953000 12.082942 46 1
0.000000 0.000000 0.000000 0.000000 0.115136
0.001968 0.003087
1
244.857568 143.928416
5.295000 9.953000 12.082942 0 1
0.065880 0.000000 0.000000 0.000000 0.033716
-0.000451 -0.001235
4
355.013740 334.425956
5.295000 9.953000 12.082942 45 1
0.000000 0.000000 0.000000 0.000000 0.097355
-0.041227 -0.080801
1
379.332115 451.626236
5.295000 9.953000 12.082942 26 2
0.065880 0.000000 0.000000 0.000000 0.100787
0.000750 0.003941
1
117.540174 332.450276
5.295000 9.953000 12.082942 0 1
0.065880 0.000000 0.000000 0.000000 0.044828
-0.002565 0.000942
4
442.755879 129.782998
5.295000 9.953000 12.082942 53 1
0.000000 0.000000 0.000000 0.000000 0.087233
0.003398 -0.004629
4
348.354587 412.895869
5.295000 9.953000 12.082942 41 1
0.000000 0.000000 0.000000 0.000000 0.052175
0.001464 0.002832
4
190.407625 186.493729
5.295000 9.953000 12.082942 59 1
0.000000 0.000000 0.000000 0.000000 0.029644
-0.001428 -0.000974
1
276.780423 52.601227
5.295000 9.953000 12.082942 39 2
0.065880 0.000000 0.000000 0.000000 0.072899
-0.000112 -0.003556
4
267.498890 449.636371
5.295000 9.953000 12.082942 59 1
0.000000 0.000000 0.000000 0.000000 0.037974
-0.001248 0.003692
4
408.222061 113.707037
5.295000 9.953000 12.082942 41 1
0.000000 0.000000 0.000000 0.000000 0.072303
0.001360 -0.002222
1
318.646804 76.141263
5.295000 9.953000 12.082942 32 2
0.065880 0.000000 0.000000 0.000000 0.063548
0.000552 -0.002176
4
123.129538 134.557659
5.295000 9.953000 12.082942 37 1
0.000000 0.000000 0.000000 0.000000 0.045257
-0.004159 -0.001937
1
360.042781 128.145747
5.295000 9.953000 12.082942 30 2
0.065880 0.000000 0.000000 0.000000 0.046931
0.001442 -0.001763
4
126.215954 425.731233
5.295000 9.953000 12.082942 49 1
0.000000 0.000000 0.000000 0.000000 0.074951
-0.001925 0.003458
1
426.762568 240.530990
5.295000 9.953000 12.082942 21 2
0.065880 0.000000 0.000000 0.000000 0.047338
0.004759 -0.000898
1
331.613666 275.664533
5.295000 9.953000 12.082942 19 2
0.065880 0.000000 0.000000 0.000000 0.037284
-0.005735 -0.012948
4
335.886069 426.870012
5.295000 9.953000 12.082942 37 1
0.000000 0.000000 0.000000 0.000000 0.044100
0.001639 0.003487
4
130.898653 45.265303
5.295000 9.953000 12.082942 56 1
0.000000 0.000000 0.000000 0.000000 0.167751
-0.000235 -0.002714
4
228.566406 238.858873
5.295000 9.953000 12.082942 43 1
0.000000 0.000000 0.000000 0.000000 0.055870
-0.003584 0.002413
4
214.529922 254.469374
5.295000 9.953000 12.082942 42 1
0.000000 0.000000 0.000000 0.000000 0.064211
0.000716 0.000760
1
390.847214 105.865632
5.295000 9.953000 12.082942 26 2
0.065880 0.000000 0.000000 0.000000 0.058905
0.000978 -0.002014
4
169.718776 98.345471
5.295000 9.953000 12.082942 51 1
0.000000 0.000000 0.000000 0.000000 0.038289
0.001302 -0.002109
4
219.950751 271.476773
5.295000 9.953000 12.082942 31 1
0.000000 0.000000 0.000000 0.000000 0.080966
0.000736 0.000909
4
190.711301 55.107284
5.295000 9.953000 12.082942 55 1
0.000000 0.000000 0.000000 0.000000 0.047959
0.000911 -0.002366
4
315.319371 162.554159
5.295000 9.953000 12.082942 39 1
0.000000 0.000000 0.000000 0.000000 0.052175
0.001535 -0.002151
4
362.002560 146.308409
5.295000 9.953000 12.082942 36 1
0.000000 0.000000 0.000000 0.000000 0.047101
0.001873 -0.001440
4
491.101008 254.455798
5.295000 9.953000 12.082942 60 1
0.000000 0.000000 0.000000 0.000000 0.089502
0.003806 0.003409
4
282.764049 255.556546
5.295000 9.953000 12.082942 38 1
0.000000 0.000000 0.000000 0.000000 0.048352
0.000086 -0.001227
4
434.488985 271.695841
5.295000 9.953000 12.082942 36 1
0.000000 0.000000 0.000000 0.000000 0.076761
0.003822 -0.000360
4
190.330820 235.012911
5.295000 9.953000 12.082942 57 1
0.000000 0.000000 0.000000 0.000000 0.032337
-0.000922 -0.000949
1
293.300416 138.890477
5.295000 9.953000 12.082942 21 2
0.065880 0.000000 0.000000 0.000000 0.028297
0.000633 -0.002421
4
124.686166 238.540262
5.295000 9.953000 12.082942 62 1
0.000000 0.000000 0.000000 0.000000 0.029690
-0.001603 -0.000023
4
196.860633 155.295816
5.295000 9.953000 12.082942 57 1
0.000000 0.000000 0.000000 0.000000 0.052880
-0.002236 -0.001760
4
306.575934 449.269823
5.295000 9.953000 12.082942 34 1
0.000000 0.000000 0.000000 0.000000 0.046893
0.002012 0.003766
4
220.293881 433.081321
5.295000 9.953000 12.082942 41 1
0.000000 0.000000 0.000000 0.000000 0.053479
-0.000988 0.003061
4
191.221885 137.959864
5.295000 9.953000 12.082942 36 1
0.000000 0.000000 0.000000 0.000000 0.065999
-0.001571 -0.002245
4
213.989193 27.110000
5.295000 9.953000 12.082942 43 1
0.000000 0.000000 0.000000 0.000000 0.096836
0.000089 -0.003614
4
357.987267 109.901752
5.295000 9.953000 12.082942 51 1
0.000000 0.000000 0.000000 0.000000 0.052057
0.000975 -0.002005
4
178.079850 249.033059
5.295000 9.953000 12.082942 41 1
0.000000 0.000000 0.000000 0.000000 0.048991
-0.000059 -0.000279
4
206.634981 484.422499
5.295000 9.953000 12.082942 37 1
0.000000 0.000000 0.000000 0.000000 0.083628
0.001050 -0.004242
4
155.527116 129.558407
5.295000 9.953000 12.082942 35 1
0.000000 0.000000 0.000000 0.000000 0.074447
-0.002097 -0.000943
4
142.229860 142.660504
5.295000 9.953000 12.082942 48 1
0.000000 0.000000 0.000000 0.000000 0.065224
-0.001630 0.000496
1
185.683811 334.081040
5.295000 9.953000 12.082942 22 2
0.065880 0.000000 0.000000 0.000000 0.031080
-0.000862 0.000975
4
137.963075 175.565037
5.295000 9.953000 12.082942 44 1
0.000000 0.000000 0.000000 0.000000 0.057577
-0.002621 -0.000841
1
58.985775 174.340473
5.295000 9.953000 12.082942 19 2
0.065880 0.000000 0.000000 0.000000 0.040467
-0.003751 -0.001430
4
200.272070 465.556167
5.295000 9.953000 12.082942 65 1
0.000000 0.000000 0.000000 0.000000 0.042165
-0.000904 0.003433
1
185.630166 367.422575
5.295000 9.953000 12.082942 25 2
0.065880 0.000000 0.000000 0.000000 0.034726
-0.000930 0.002040
4
281.689398 20.421262
5.295000 9.953000 12.082942 62 1
0.000000 0.000000 0.000000 0.000000 0.103474
0.000369 -0.001497
4
391.897826 437.389938
5.295000 9.953000 12.082942 46 1
0.000000 0.000000 0.000000 0.000000 0.084944
0.001393 0.004482
4
104.606093 380.089679
5.295000 9.953000 12.082942 39 1
0.000000 0.000000 0.000000 0.000000 0.059891
-0.002444 0.001553
4
262.068150 99.352128
5.295000 9.953000 12.082942 60 1
0.000000 0.000000 0.000000 0.000000 0.070174
-0.000355 -0.002714
4
85.120157 334.104988
5.295000 9.953000 12.082942 47 1
0.000000 0.000000 0.000000 0.000000 0.060981
-0.002799 0.001284
4
135.471247 82.825047
5.295000 9.953000 12.082942 51 1
0.000000 0.000000 0.000000 0.000000 0.050071
-0.001187 -0.001714
1
60.826514 230.898451
5.295000 9.953000 12.082942 0 1
0.065880 0.000000 0.000000 0.000000 0.050924
-0.002607 -0.000570
1
69.838102 344.250636
5.295000 9.953000 12.082942 31 2
0.065880 0.000000 0.000000 0.000000 0.041098
-0.002909 0.001322
1
107.767775 234.212596
5.295000 9.953000 12.082942 22 2
0.065880 0.000000 0.000000 0.000000 0.039915
-0.001993 -0.000099
4
147.476494 259.772244
5.295000 9.953000 12.082942 32 1
0.000000 0.000000 0.000000 0.000000 0.038569
-0.000980 0.000098
4
379.360181 402.330114
5.295000 9.953000 12.082942 44 1
0.000000 0.000000 0.000000 0.000000 0.047401
0.001527 0.002937
4
52.579856 316.499032
5.295000 9.953000 12.082942 42 1
0.000000 0.000000 0.000000 0.000000 0.060091
-0.003203 0.000789
1
183.712762 399.298873
5.295000 9.953000 12.082942 0 1
0.065880 0.000000 0.000000 0.000000 0.030960
-0.000946 0.002468
4
268.423261 352.814307
5.295000 9.953000 12.082942 58 1
0.000000 0.000000 0.000000 0.000000 0.065920
0.000557 0.003543
1
301.603282 175.246163
5.295000 9.953000 12.082942 41 2
0.065880 0.000000 0.000000 0.000000 0.034757
0.001461 -0.002907
1
311.542262 143.951435
5.295000 9.953000 12.082942 20 2
0.065880 0.000000 0.000000 0.000000 0.034112
0.001330 -0.002359
4
105.842892 162.686753
5.295000 9.953000 12.082942 36 1
0.000000 0.000000 0.000000 0.000000 0.037680
-0.003315 -0.001385
1
288.719875 206.317930
5.295000 9.953000 12.082942 24 2
0.065880 0.000000 0.000000 0.000000 0.037256
-0.001069 -0.001034
1
331.744075 88.071928
5.295000 9.953000 12.082942 30 2
0.065880 0.000000 0.000000 0.000000 0.049793
0.002664 -0.003860
4
189.862010 283.693972
5.295000 9.953000 12.082942 46 1
0.000000 0.000000 0.000000 0.000000 0.073896
-0.000101 0.000372
1
255.827633 0.652950
5.295000 9.953000 12.082942 52 2
0.065880 0.000000 0.000000 0.000000 0.111141
0.000476 -0.004259
1
294.330207 401.820641
5.295000 9.953000 12.082942 21 2
0.065880 0.000000 0.000000 0.000000 0.044866
0.001194 0.003118
4
73.539429 88.462124
5.295000 9.953000 12.082942 38 1
0.000000 0.000000 0.000000 0.000000 0.307146
-0.003096 -0.002000
4
295.562538 242.457293
5.295000 9.953000 12.082942 50 1
0.000000 0.000000 0.000000 0.000000 0.047707
0.007479 -0.000617
4
250.015460 160.783222
5.295000 9.953000 12.082942 43 1
0.000000 0.000000 0.000000 0.000000 0.045143
-0.000334 -0.000043
4
167.523622 331.004377
5.295000 9.953000 12.082942 65 1
0.000000 0.000000 0.000000 0.000000 0.030499
-0.001539 0.001518
4
138.227259 124.283152
5.295000 9.953000 12.082942 33 1
0.000000 0.000000 0.000000 0.000000 0.056998
-0.002736 0.000407
1
335.578262 306.245962
5.295000 9.953000 12.082942 20 2
0.065880 0.000000 0.000000 0.000000 0.027885
-0.081212 -0.079838
1
417.793043 324.730778
5.295000 9.953000 12.082942 0 1
0.065880 0.000000 0.000000 0.000000 0.061485
0.002500 0.000460
4
103.028402 361.444239
5.295000 9.953000 12.082942 61 1
0.000000 0.000000 0.000000 0.000000 0.049229
-0.002374 0.001413
4
246.719660 65.046123
5.295000 9.953000 12.082942 49 1
0.000000 0.000000 0.000000 0.000000 0.071980
-0.000438 -0.003202
1
378.649003 72.192770
5.295000 9.953000 12.082942 47 2
0.065880 0.000000 0.000000 0.000000 0.045801
0.002868 -0.005991
4
300.147469 107.452763
5.295000 9.953000 12.082942 60 1
0.000000 0.000000 0.000000 0.000000 0.035352
0.001814 -0.001680
4
451.976327 331.094438
5.295000 9.953000 12.082942 62 1
0.000000 0.000000 0.000000 0.000000 0.040649
0.002175 0.001239
4
77.315772 239.103022
5.295000 9.953000 12.082942 43 1
0.000000 0.000000 0.000000 0.000000 0.053912
-0.002457 -0.000384
4
44.395496 222.427502
5.295000 9.953000 12.082942 32 1
0.000000 0.000000 0.000000 0.000000 0.054240
-0.002813 -0.000640
4
468.001193 277.747062
5.295000 9.953000 12.082942 50 1
0.000000 0.000000 0.000000 0.000000 0.078553
0.003420 0.002602
4
178.188272 200.358410
5.295000 9.953000 12.082942 59 1
0.000000 0.000000 0.000000 0.000000 0.027113
-0.001002 -0.000599
4
296.597038 369.462486
5.295000 9.953000 12.082942 39 1
0.000000 0.000000 0.000000 0.000000 0.085900
0.001188 0.002530
4
73.267298 401.137976
5.295000 9.953000 12.082942 48 1
0.000000 0.000000 0.000000 0.000000 0.150982
-0.002691 0.001805
4
311.102895 326.616519
5.295000 9.953000 12.082942 32 1
0.000000 0.000000 0.000000 0.000000 0.060104
0.002033 0.003988
4
129.435949 256.169781
5.295000 9.953000 12.082942 61 1
0.000000 0.000000 0.000000 0.000000 0.022927
-0.001480 0.000103
4
90.402209 116.423415
5.295000 9.953000 12.082942 40 1
0.000000 0.000000 0.000000 0.000000 0.069389
-0.003368 -0.002051
4
429.327276 289.445690
5.295000 9.953000 12.082942 64 1
0.000000 0.000000 0.000000 0.000000 0.074305
0.003635 -0.000132
4
355.264632 212.623570
5.295000 9.953000 12.082942 58 1
0.000000 0.000000 0.000000 0.000000 0.058055
0.001510 -0.000271
4
175.315592 382.689270
5.295000 9.953000 12.082942 50 1
0.000000 0.000000 0.000000 0.000000 0.042286
-0.001031 0.002263
1
74.841186 420.114288
5.295000 9.953000 12.082942 37 2
0.065880 0.000000 0.000000 0.000000 0.169044
-0.002175 0.002061
4
56.357765 392.481629
5.295000 9.953000 12.082942 44 1
0.000000 0.000000 0.000000 0.000000 0.249153
-0.002711 0.001546
4
445.844784 186.812521
5.295000 9.953000 12.082942 37 1
0.000000 0.000000 0.000000 0.000000 0.083781
0.003491 -0.003505
1
275.796300 433.034988
5.295000 9.953000 12.082942 0 1
0.065880 0.000000 0.000000 0.000000 0.035100
-0.000074 0.003842
1
248.520244 417.122802
5.295000 9.953000 12.082942 28 2
0.065880 0.000000 0.000000 0.000000 0.053973
-0.000043 0.003276
4
349.200592 93.873129
5.295000 9.953000 12.082942 63 1
0.000000 0.000000 0.000000 0.000000 0.038913
0.002689 -0.003352
4
69.288638 324.761662
5.295000 9.953000 12.082942 31 1
0.000000 0.000000 0.000000 0.000000 0.065587
-0.003006 0.000984
1
294.426364 89.699143
5.295000 9.953000 12.082942 0 1
0.065880 0.000000 0.000000 0.000000 0.055537
0.002809 -0.001572
4
75.405452 183.141889
5.295000 9.953000 12.082942 54 1
0.000000 0.000000 0.000000 0.000000 0.033288
-0.003750 -0.001457
4
38.510947 364.809498
5.295000 9.953000 12.082942 39 1
0.000000 0.000000 0.000000 0.000000 0.260453
-0.002873 0.001345
1
359.991792 63.106413
5.295000 9.953000 12.082942 43 2
0.065880 0.000000 0.000000 0.000000 0.062193
0.002842 -0.004091
4
220.204762 176.766111
5.295000 9.953000 12.082942 35 1
0.000000 0.000000 0.000000 0.000000 0.068480
-0.000646 -0.003221
1
314.034793 9.961163
5.295000 9.953000 12.082942 58 2
0.065880 0.000000 0.000000 0.000000 0.074908
0.000288 -0.003018
4
318.172530 112.411448
5.295000 9.953000 12.082942 61 1
0.000000 0.000000 0.000000 0.000000 0.036469
0.002281 -0.001965
4
441.043818 111.069179
5.295000 9.953000 12.082942 64 1
0.000000 0.000000 0.000000 0.000000 0.121116
0.001464 -0.003514
4
292.641682 327.866481
5.295000 9.953000 12.082942 62 1
0.000000 0.000000 0.000000 0.000000 0.043845
-0.000580 -0.000194
1
398.562415 178.940276
5.295000 9.953000 12.082942 47 2
0.065880 0.000000 0.000000 0.000000 0.035749
0.002381 -0.001543
4
195.970886 203.915785
5.295000 9.953000 12.082942 32 1
0.000000 0.000000 0.000000 0.000000 0.037228
-0.000105 -0.001193
4
156.420826 413.921091
5.295000 9.953000 12.082942 45 1
0.000000 0.000000 0.000000 0.000000 0.052429
-0.001505 0.001505
1
439.401831 92.309457
5.295000 9.953000 12.082942 22 2
0.065880 0.000000 0.000000 0.000000 0.201312
0.000344 -0.002854
4
188.429857 102.837103
5.295000 9.953000 12.082942 48 1
0.000000 0.000000 0.000000 0.000000 0.041001
0.002519 -0.002799
4
312.397353 489.672681
5.295000 9.953000 12.082942 42 1
0.000000 0.000000 0.000000 0.000000 0.106448
0.001223 0.002013
4
346.876409 157.597140
5.295000 9.953000 12.082942 49 1
0.000000 0.000000 0.000000 0.000000 0.056185
0.001944 -0.001426
4
239.043354 208.017610
5.295000 9.953000 12.082942 47 1
0.000000 0.000000 0.000000 0.000000 0.060282
-0.003631 0.000723
4
326.677693 45.240997
5.295000 9.953000 12.082942 55 1
0.000000 0.000000 0.000000 0.000000 0.092351
0.000360 -0.002472
4
437.071815 203.681143
5.295000 9.953000 12.082942 62 1
0.000000 0.000000 0.000000 0.000000 0.064773
0.007384 -0.001089
4
202.471974 400.221649
5.295000 9.953000 12.082942 34 1
0.000000 0.000000 0.000000 0.000000 0.048776
-0.000809 0.002815
4
335.335497 187.573006
5.295000 9.953000 12.082942 47 1
0.000000 0.000000 0.000000 0.000000 0.050217
0.001823 -0.001149
4
135.706283 339.420415
5.295000 9.953000 12.082942 54 1
0.000000 0.000000 0.000000 0.000000 0.039099
-0.002603 0.001183
1
444.426828 235.752220
5.295000 9.953000 12.082942 0 1
0.065880 0.000000 0.000000 0.000000 0.061971
0.004791 -0.000642
4
329.413971 360.094511
5.295000 9.953000 12.082942 46 1
0.000000 0.000000 0.000000 0.000000 0.069558
0.001496 0.000700
1
329.202262 324.845911
5.295000 9.953000 12.082942 20 2
0.065880 0.000000 0.000000 0.000000 0.053064
-0.007813 0.006207
4
399.608359 326.275056
5.295000 9.953000 12.082942 0 1
0.000000 0.000000 0.000000 0.000000 0.069346
0.001431 0.001451
4
423.967727 307.150464
5.295000 9.953000 12.082942 0 1
0.000000 0.000000 0.000000 0.000000 0.079584
0.002922 0.000079
4
230.587661 110.818999
5.295000 9.953000 12.082942 0 1
0.000000 0.000000 0.000000 0.000000 0.073630
-0.000761 -0.001765
4
304.549966 193.520957
5.295000 9.953000 12.082942 45 1
0.000000 0.000000 0.000000 0.000000 0.049514
0.003215 -0.000509
4
372.930314 301.722873
5.295000 9.953000 12.082942 50 1
0.000000 0.000000 0.000000 0.000000 0.062571
-0.005656 -0.000186
4
449.979318 217.512679
5.295000 9.953000 12.082942 0 1
0.000000 0.000000 0.000000 0.000000 0.087079
0.005461 0.000877
4
431.918885 222.080975
5.295000 9.953000 12.082942 0 1
0.000000 0.000000 0.000000 0.000000 0.100652
0.005269 -0.000763
4
142.520850 460.951595
5.295000 9.953000 12.082942 0 1
0.000000 0.000000 0.000000 0.000000 0.197993
0.002558 0.008782
4
97.610806 264.772336
5.295000 9.953000 12.082942 0 1
0.000000 0.000000 0.000000 0.000000 0.055442
-0.002330 0.000299
4
276.781753 336.292094
5.295000 9.953000 12.082942 0 1
0.000000 0.000000 0.000000 0.000000 0.066489
0.001077 0.003811
4
417.037009 359.243981
5.295000 9.953000 12.082942 0 1
0.000000 0.000000 0.000000 0.000000 0.117867
0.001764 0.003083
1
390.895206 249.263584
5.295000 9.953000 12.082942 19 2
0.065880 0.000000 0.000000 0.000000 0.034054
0.003906 -0.000983
4
159.318552 294.840609
5.295000 9.953000 12.082942 43 1
0.000000 0.000000 0.000000 0.000000 0.050912
-0.000835 0.000877
1
226.921064 144.854978
5.295000 9.953000 12.082942 19 2
0.065880 0.000000 0.000000 0.000000 0.044086
-0.001276 -0.002934
4
289.055721 296.312885
5.295000 9.953000 12.082942 48 1
0.000000 0.000000 0.000000 0.000000 0.040954
0.005490 0.000543
4
41.914376 146.446600
5.295000 9.953000 12.082942 54 1
0.000000 0.000000 0.000000 0.000000 0.098987
-0.003788 -0.001634
1
68.272844 305.865094
5.295000 9.953000 12.082942 19 2
0.065880 0.000000 0.000000 0.000000 0.056457
-0.003273 0.000718
4
45.770376 241.540397
5.295000 9.953000 12.082942 30 1
0.000000 0.000000 0.000000 0.000000 0.063418
-0.002728 -0.000401
1
405.849382 310.027912
5.295000 9.953000 12.082942 19 2
0.065880 0.000000 0.000000 0.000000 0.058729
0.002827 -0.000778
4
341.298748 224.059498
5.295000 9.953000 12.082942 54 1
0.000000 0.000000 0.000000 0.000000 0.055100
0.001496 -0.000407
4
262.071264 484.330299
5.295000 9.953000 12.082942 41 1
0.000000 0.000000 0.000000 0.000000 0.065675
0.001098 0.003116
4
276.392974 401.227105
5.295000 9.953000 12.082942 45 1
0.000000 0.000000 0.000000 0.000000 0.070146
0.000695 0.003387
4
349.547688 272.780295
5.295000 9.953000 12.082942 44 1
0.000000 0.000000 0.000000 0.000000 0.053414
0.003666 -0.004853
1
164.185439 430.633659
5.295000 9.953000 12.082942 19 2
0.065880 0.000000 0.000000 0.000000 0.041211
-0.001060 0.002084
4
352.252962 194.182539
5.295000 9.953000 12.082942 45 1
0.000000 0.000000 0.000000 0.000000 0.060899
0.001905 -0.000645
1
83.790192 295.045821
5.295000 9.953000 12.082942 19 2
0.065880 0.000000 0.000000 0.000000 0.042121
-0.003341 0.000639
4
171.641470 280.691855
5.295000 9.953000 12.082942 27 1
0.000000 0.000000 0.000000 0.000000 0.068501
-0.000499 0.000362
1
284.597234 169.956644
5.295000 9.953000 12.082942 41 2
0.065880 0.000000 0.000000 0.000000 0.023122
0.001263 -0.002007
4
182.939507 431.753086
5.295000 9.953000 12.082942 42 1
0.000000 0.000000 0.000000 0.000000 0.058343
-0.000337 0.001430
1
252.875030 195.708387
5.295000 9.953000 12.082942 19 2
0.065880 0.000000 0.000000 0.000000 0.026172
-0.003878 0.000089
4
181.394645 38.647753
5.295000 9.953000 12.082942 54 1
0.000000 0.000000 0.000000 0.000000 0.077372
-0.000537 -0.001715
4
391.785742 388.195891
5.295000 9.953000 12.082942 42 1
0.000000 0.000000 0.000000 0.000000 0.076506
0.002019 0.004021
4
346.930829 320.351327
5.295000 9.953000 12.082942 39 1
0.000000 0.000000 0.000000 0.000000 0.048238
0.070383 0.123115
1
320.121187 262.023541
5.295000 9.953000 12.082942 19 2
0.065880 0.000000 0.000000 0.000000 0.032847
0.011660 0.027303
4
226.255180 288.393207
5.295000 9.953000 12.082942 32 1
0.000000 0.000000 0.000000 0.000000 0.078140
0.001247 0.001668
4
421.528979 258.296255
5.295000 9.953000 12.082942 45 1
0.000000 0.000000 0.000000 0.000000 0.055049
0.003788 -0.000834
4
42.516600 165.540554
5.295000 9.953000 12.082942 55 1
0.000000 0.000000 0.000000 0.000000 0.060694
-0.003824 -0.001607
4
87.648681 371.801788
5.295000 9.953000 12.082942 41 1
0.000000 0.000000 0.000000 0.000000 0.076780
-0.002554 0.001546
4
36.842506 327.071076
5.295000 9.953000 12.082942 53 1
0.000000 0.000000 0.000000 0.000000 0.086670
-0.003148 0.000820
1
376.619895 53.771143
5.295000 9.953000 12.082942 41 2
0.065880 0.000000 0.000000 0.000000 0.079489
0.003093 -0.004245
4
429.128043 158.673140
5.295000 9.953000 12.082942 39 1
0.000000 0.000000 0.000000 0.000000 0.044921
-0.001104 0.000055
4
335.972429 377.780906
5.295000 9.953000 12.082942 55 1
0.000000 0.000000 0.000000 0.000000 0.047468
0.001521 0.002508
4
286.483066 385.146364
5.295000 9.953000 12.082942 48 1
0.000000 0.000000 0.000000 0.000000 0.070268
0.001036 0.003071
4
408.710358 245.013109
5.295000 9.953000 12.082942 47 1
0.000000 0.000000 0.000000 0.000000 0.045689
0.003723 -0.000980
4
384.153164 316.307077
5.295000 9.953000 12.082942 65 1
0.000000 0.000000 0.000000 0.000000 0.054546
0.003364 0.000818
1
90.318927 153.867949
5.295000 9.953000 12.082942 20 2
0.065880 0.000000 0.000000 0.000000 0.029663
-0.003515 -0.001630
4
73.984031 107.451962
5.295000 9.953000 12.082942 43 1
0.000000 0.000000 0.000000 0.000000 0.121379
-0.003397 -0.001957
4
309.702165 471.305884
5.295000 9.953000 12.082942 47 1
0.000000 0.000000 0.000000 0.000000 0.067022
0.002446 0.002282
4
470.228317 327.308721
5.295000 9.953000 12.082942 59 1
0.000000 0.000000 0.000000 0.000000 0.049974
0.002155 0.001437
4
401.072442 196.838703
5.295000 9.953000 12.082942 61 1
0.000000 0.000000 0.000000 0.000000 0.032678
0.001336 -0.001567
4
43.540561 203.383003
5.295000 9.953000 12.082942 31 1
0.000000 0.000000 0.000000 0.000000 0.058642
-0.003159 -0.000936
4
414.256947 227.452764
5.295000 9.953000 12.082942 63 1
0.000000 0.000000 0.000000 0.000000 0.054839
0.004707 -0.001160
4
209.615966 237.281303
5.295000 9.953000 12.082942 41 1
0.000000 0.000000 0.000000 0.000000 0.034203
-0.004754 0.002664
4
355.733201 255.695306
5.295000 9.953000 12.082942 55 1
0.000000 0.000000 0.000000 0.000000 0.067398
0.003920 0.001928
4
201.936795 269.098400
5.295000 9.953000 12.082942 31 1
0.000000 0.000000 0.000000 0.000000 0.071845
0.000318 0.000278
1
431.597410 393.331779
5.295000 9.953000 12.082942 20 2
0.065880 0.000000 0.000000 0.000000 0.074723
-0.000260 0.003790
4
287.862089 188.099905
5.295000 9.953000 12.082942 43 1
0.000000 0.000000 0.000000 0.000000 0.029937
0.001059 -0.002918
1
323.285583 440.460398
5.295000 9.953000 12.082942 20 2
0.065880 0.000000 0.000000 0.000000 0.029283
0.001124 0.003071
4
177.954856 67.832880
5.295000 9.953000 12.082942 33 1
0.000000 0.000000 0.000000 0.000000 0.041079
0.000530 -0.002382
4
105.509264 398.618269
5.295000 9.953000 12.082942 33 1
0.000000 0.000000 0.000000 0.000000 0.062288
-0.002187 0.001734
1
275.234568 134.153969
5.295000 9.953000 12.082942 20 2
0.065880 0.000000 0.000000 0.000000 0.030742
0.000193 -0.002098
4
354.688470 303.872372
5.295000 9.953000 12.082942 50 1
0.000000 0.000000 0.000000 0.000000 0.058878
0.033854 -0.036365
1
202.013099 221.098198
5.295000 9.953000 12.082942 39 2
0.065880 0.000000 0.000000 0.000000 0.027971
0.001123 -0.000951
4
92.024080 191.693997
5.295000 9.953000 12.082942 41 1
0.000000 0.000000 0.000000 0.000000 0.052883
-0.003702 -0.001388
4
306.055820 125.884300
5.295000 9.953000 12.082942 55 1
0.000000 0.000000 0.000000 0.000000 0.036176
0.000947 -0.002436
4
321.809874 342.376187
5.295000 9.953000 12.082942 34 1
0.000000 0.000000 0.000000 0.000000 0.090958
0.001111 0.000101
1
367.545546 270.188850
5.295000 9.953000 12.082942 21 2
0.065880 0.000000 0.000000 0.000000 0.042315
0.003036 -0.003875
4
43.080168 184.510903
5.295000 9.953000 12.082942 47 1
0.000000 0.000000 0.000000 0.000000 0.051485
-0.003691 -0.001171
4
76.411084 201.848559
5.295000 9.953000 12.082942 33 1
0.000000 0.000000 0.000000 0.000000 0.052537
-0.003645 -0.001222
1
28.988365 233.056630
5.295000 9.953000 12.082942 21 2
0.065880 0.000000 0.000000 0.000000 0.051991
-0.002798 -0.000488
1
219.568759 465.428373
5.295000 9.953000 12.082942 21 2
0.065880 0.000000 0.000000 0.000000 0.035762
-0.001481 0.003499
4
455.386489 363.832454
5.295000 9.953000 12.082942 44 1
0.000000 0.000000 0.000000 0.000000 0.122572
-0.000494 0.002536
4
171.987348 231.731694
5.295000 9.953000 12.082942 36 1
0.000000 0.000000 0.000000 0.000000 0.043358
-0.000423 -0.000472
1
477.004399 145.643736
5.295000 9.953000 12.082942 64 2
0.065880 0.000000 0.000000 0.000000 0.272772
-0.002107 0.007427
4
449.609776 398.986663
5.295000 9.953000 12.082942 63 1
0.000000 0.000000 0.000000 0.000000 0.118721
0.000275 0.001346
4
366.648846 182.578705
5.295000 9.953000 12.082942 59 1
0.000000 0.000000 0.000000 0.000000 0.048877
0.001763 -0.000669
4
266.242394 320.184847
5.295000 9.953000 12.082942 47 1
0.000000 0.000000 0.000000 0.000000 0.042179
-0.001168 0.005060
4
270.831719 298.677618
5.295000 9.953000 12.082942 60 1
0.000000 0.000000 0.000000 0.000000 0.030380
-0.000825 -0.001962
1
209.131760 59.178276
5.295000 9.953000 12.082942 21 2
0.065880 0.000000 0.000000 0.000000 0.046465
0.000931 -0.003180
4
121.959121 388.057099
5.295000 9.953000 12.082942 33 1
0.000000 0.000000 0.000000 0.000000 0.082217
-0.002391 0.001793
4
154.459403 65.662761
5.295000 9.953000 12.082942 31 1
0.000000 0.000000 0.000000 0.000000 0.042344
-0.001939 -0.001625
4
121.502833 170.303223
5.295000 9.953000 12.082942 38 1
0.000000 0.000000 0.000000 0.000000 0.059901
-0.002997 -0.001103
1
149.467001 47.926351
5.295000 9.953000 12.082942 21 2
0.065880 0.000000 0.000000 0.000000 0.096299
-0.000370 -0.002334
4
251.008901 261.652263
5.295000 9.953000 12.082942 48 1
0.000000 0.000000 0.000000 0.000000 0.035308
0.000187 0.000318
4
82.770662 276.400132
5.295000 9.953000 12.082942 43 1
0.000000 0.000000 0.000000 0.000000 0.068546
-0.003113 0.000209
1
283.483262 69.782950
5.295000 9.953000 12.082942 21 2
0.065880 0.000000 0.000000 0.000000 0.067395
-0.000230 -0.003017
4
231.054820 353.282305
5.295000 9.953000 12.082942 34 1
0.000000 0.000000 0.000000 0.000000 0.055128
0.000147 0.002267
4
122.299546 115.486074
5.295000 9.953000 12.082942 58 1
0.000000 0.000000 0.000000 0.000000 0.047881
-0.002181 -0.001928
1
439.576113 253.861215
5.295000 9.953000 12.082942 21 2
0.065880 0.000000 0.000000 0.000000 0.042309
0.004538 -0.000613
4
262.718360 147.492979
5.295000 9.953000 12.082942 32 1
0.000000 0.000000 0.000000 0.000000 0.036533
-0.000062 -0.001282
4
188.538673 480.824297
5.295000 9.953000 12.082942 60 1
0.000000 0.000000 0.000000 0.000000 0.112482
-0.000608 0.002437
4
107.212988 144.326171
5.295000 9.953000 12.082942 43 1
0.000000 0.000000 0.000000 0.000000 0.037361
-0.003961 -0.001734
4
287.044705 352.555036
5.295000 9.953000 12.082942 36 1
0.000000 0.000000 0.000000 0.000000 0.080738
0.000731 0.003313
4
177.856822 298.204902
5.295000 9.953000 12.082942 36 1
0.000000 0.000000 0.000000 0.000000 0.067407
-0.000390 0.000454
4
285.934143 417.878902
5.295000 9.953000 12.082942 32 1
0.000000 0.000000 0.000000 0.000000 0.066459
0.000408 0.003484
1
442.100301 303.221926
5.295000 9.953000 12.082942 21 2
0.065880 0.000000 0.000000 0.000000 0.039637
0.003626 0.000438
4
483.110134 180.504966
5.295000 9.953000 12.082942 64 1
0.000000 0.000000 0.000000 0.000000 0.131993
0.008932 -0.009139
1
254.623157 177.815605
5.295000 9.953000 12.082942 21 2
0.065880 0.000000 0.000000 0.000000 0.035713
0.000402 0.000048
4
203.202435 123.822688
5.295000 9.953000 12.082942 51 1
0.000000 0.000000 0.000000 0.000000 0.057748
-0.001016 -0.001687
4
313.557994 58.411506
5.295000 9.953000 12.082942 63 1
0.000000 0.000000 0.000000 0.000000 0.081939
0.000477 -0.002363
4
118.233917 453.856210
5.295000 9.953000 12.082942 45 1
0.000000 0.000000 0.000000 0.000000 0.280875
-0.002533 0.000063
4
306.407260 211.513022
5.295000 9.953000 12.082942 62 1
0.000000 0.000000 0.000000 0.000000 0.034420
-0.001377 -0.006099
4
476.643073 197.833147
5.295000 9.953000 12.082942 58 1
0.000000 0.000000 0.000000 0.000000 0.081726
-0.002529 0.012589
4
342.111797 395.374292
5.295000 9.953000 12.082942 39 1
0.000000 0.000000 0.000000 0.000000 0.052108
0.002274 0.001568
4
10.502360 186.136022
5.295000 9.953000 12.082942 65 1
0.000000 0.000000 0.000000 0.000000 0.080309
-0.003536 -0.000569
4
211.410217 416.624647
5.295000 9.953000 12.082942 43 1
0.000000 0.000000 0.000000 0.000000 0.055173
-0.000896 0.003006
4
193.439043 351.153993
5.295000 9.953000 12.082942 34 1
0.000000 0.000000 0.000000 0.000000 0.049854
-0.000868 0.001427
4
166.440743 164.971635
5.295000 9.953000 12.082942 44 1
0.000000 0.000000 0.000000 0.000000 0.051503
-0.001222 -0.001033
4
493.577237 231.869712
5.295000 9.953000 12.082942 59 1
0.000000 0.000000 0.000000 0.000000 0.080381
0.001936 -0.003515
4
117.130310 218.845102
5.295000 9.953000 12.082942 51 1
0.000000 0.000000 0.000000 0.000000 0.062198
-0.001715 -0.000247
4
90.303149 409.518788
5.295000 9.953000 12.082942 49 1
0.000000 0.000000 0.000000 0.000000 0.073959
-0.002617 0.001652
1
307.794450 40.629070
5.295000 9.953000 12.082942 47 2
0.065880 0.000000 0.000000 0.000000 0.075743
-0.000077 -0.002250
4
300.179406 311.417759
5.295000 9.953000 12.082942 61 1
0.000000 0.000000 0.000000 0.000000 0.036977
-0.005545 -0.002070
4
423.827867 103.061093
5.295000 9.953000 12.082942 38 1
0.000000 0.000000 0.000000 0.000000 0.137975
0.001071 -0.002636
4
446.405819 167.629897
5.295000 9.953000 12.082942 44 1
0.000000 0.000000 0.000000 0.000000 0.066973
-0.003398 -0.002790
4
344.603191 139.591936
5.295000 9.953000 12.082942 57 1
0.000000 0.000000 0.000000 0.000000 0.047498
0.001977 -0.001708
4
477.500294 241.623662
5.295000 9.953000 12.082942 53 1
0.000000 0.000000 0.000000 0.000000 0.082587
0.005119 0.002217
4
293.094992 463.460803
5.295000 9.953000 12.082942 49 1
0.000000 0.000000 0.000000 0.000000 0.053564
0.000442 0.002895
4
410.040347 132.181764
5.295000 9.953000 12.082942 54 1
0.000000 0.000000 0.000000 0.000000 0.059244
0.002051 -0.001869
4
13.496089 243.718620
5.295000 9.953000 12.082942 40 1
0.000000 0.000000 0.000000 0.000000 0.064591
-0.002820 -0.000419
1
35.669374 308.317062
5.295000 9.953000 12.082942 23 2
0.065880 0.000000 0.000000 0.000000 0.071541
-0.003275 0.000542
4
150.760685 362.999518
5.295000 9.953000 12.082942 41 1
0.000000 0.000000 0.000000 0.000000 0.059682
-0.001622 0.001836
1
88.810487 390.537808
5.295000 9.953000 12.082942 23 2
0.065880 0.000000 0.000000 0.000000 0.080662
-0.002500 0.001627
4
165.996280 214.274906
5.295000 9.953000 12.082942 40 1
0.000000 0.000000 0.000000 0.000000 0.038348
-0.000833 -0.000513
1
172.669905 182.778135
5.295000 9.953000 12.082942 23 2
0.065880 0.000000 0.000000 0.000000 0.027156
-0.001787 -0.000812
4
392.699827 124.301304
5.295000 9.953000 12.082942 46 1
0.000000 0.000000 0.000000 0.000000 0.059187
0.001752 -0.001884
1
246.697277 243.923274
5.295000 9.953000 12.082942 23 2
0.065880 0.000000 0.000000 0.000000 0.029232
-0.001495 0.000328
4
135.533700 224.001372
5.295000 9.953000 12.082942 44 1
0.000000 0.000000 0.000000 0.000000 0.046155
-0.001385 -0.000265
4
185.660763 120.625337
5.295000 9.953000 12.082942 38 1
0.000000 0.000000 0.000000 0.000000 0.060727
-0.001519 -0.002835
4
159.950873 245.721568
5.295000 9.953000 12.082942 51 1
0.000000 0.000000 0.000000 0.000000 0.041981
-0.000632 -0.000180
4
225.148232 483.272440
5.295000 9.953000 12.082942 33 1
0.000000 0.000000 0.000000 0.000000 0.081644
0.000328 0.003377
4
366.634605 368.043901
5.295000 9.953000 12.082942 56 1
0.000000 0.000000 0.000000 0.000000 0.063044
-0.000607 -0.015943
1
393.941963 61.353709
5.295000 9.953000 12.082942 23 2
0.065880 0.000000 0.000000 0.000000 0.091112
0.002260 -0.005337
4
91.634315 227.885170
5.295000 9.953000 12.082942 44 1
0.000000 0.000000 0.000000 0.000000 0.066843
-0.002238 -0.000443
4
30.497416 252.100493
5.295000 9.953000 12.082942 39 1
0.000000 0.000000 0.000000 0.000000 0.073722
-0.002860 -0.000291
4
365.516199 319.081113
5.295000 9.953000 12.082942 38 1
0.000000 0.000000 0.000000 0.000000 0.085376
-0.004332 0.004668
4
37.843587 345.886516
5.295000 9.953000 12.082942 61 1
0.000000 0.000000 0.000000 0.000000 0.118765
-0.003080 0.001099
1
120.293213 286.830408
5.295000 9.953000 12.082942 24 2
0.065880 0.000000 0.000000 0.000000 0.027416
-0.001196 0.000233
1
58.011393 136.334944
5.295000 9.953000 12.082942 24 2
0.065880 0.000000 0.000000 0.000000 0.070474
-0.003892 -0.001705
4
313.459012 278.003490
5.295000 9.953000 12.082942 31 1
0.000000 0.000000 0.000000 0.000000 0.043196
0.007402 -0.015968
4
410.472795 391.337325
5.295000 9.953000 12.082942 44 1
0.000000 0.000000 0.000000 0.000000 0.093965
0.002793 0.004280
1
184.548720 168.946491
5.295000 9.953000 12.082942 24 2
0.065880 0.000000 0.000000 0.000000 0.040574
-0.001703 -0.001169
4
278.223964 281.827584
5.295000 9.953000 12.082942 50 1
0.000000 0.000000 0.000000 0.000000 0.029173
0.000474 -0.002236
4
142.121759 242.128832
5.295000 9.953000 12.082942 45 1
0.000000 0.000000 0.000000 0.000000 0.037284
-0.001155 -0.000083
4
270.883971 201.087782
5.295000 9.953000 12.082942 47 1
0.000000 0.000000 0.000000 0.000000 0.036486
-0.003101 -0.001339
4
226.234140 194.779989
5.295000 9.953000 12.082942 39 1
0.000000 0.000000 0.000000 0.000000 0.072432
-0.000042 -0.003295
1
317.908366 374.515833
5.295000 9.953000 12.082942 24 2
0.065880 0.000000 0.000000 0.000000 0.044834
0.001966 0.001678
4
249.815461 353.243454
5.295000 9.953000 12.082942 38 1
0.000000 0.000000 0.000000 0.000000 0.061373
-0.000410 0.002808
4
138.695556 411.765053
5.295000 9.953000 12.082942 52 1
0.000000 0.000000 0.000000 0.000000 0.066374
-0.001944 0.002243
4
401.870304 214.818867
5.295000 9.953000 12.082942 62 1
0.000000 0.000000 0.000000 0.000000 0.042306
0.004758 -0.001922
1
115.820261 269.489998
5.295000 9.953000 12.082942 25 2
0.065880 0.000000 0.000000 0.000000 0.032528
-0.001782 0.000135
4
396.579303 160.845602
5.295000 9.953000 12.082942 36 1
0.000000 0.000000 0.000000 0.000000 0.050383
0.002680 -0.001799
1
410.620530 440.591932
5.295000 9.953000 12.082942 25 2
0.065880 0.000000 0.000000 0.000000 0.226259
0.001679 0.004703
4
107.195162 417.926034
5.295000 9.953000 12.082942 32 1
0.000000 0.000000 0.000000 0.000000 0.084354
-0.002637 0.000935
4
110.778655 200.967090
5.295000 9.953000 12.082942 39 1
0.000000 0.000000 0.000000 0.000000 0.062677
-0.002747 -0.000228
4
79.891425 257.854094
5.295000 9.953000 12.082942 54 1
0.000000 0.000000 0.000000 0.000000 0.060661
-0.002597 -0.000042
4
229.459759 449.438781
5.295000 9.953000 12.082942 53 1
0.000000 0.000000 0.000000 0.000000 0.042583
-0.001163 0.003449
1
373.143415 433.937552
5.295000 9.953000 12.082942 25 2
0.065880 0.000000 0.000000 0.000000 0.036788
0.001342 0.003331
4
135.043354 101.839897
5.295000 9.953000 12.082942 31 1
0.000000 0.000000 0.000000 0.000000 0.066780
-0.001760 -0.002283
1
232.835771 256.543820
5.295000 9.953000 12.082942 25 2
0.065880 0.000000 0.000000 0.000000 0.035461
0.000332 0.001849
4
193.804407 383.898799
5.295000 9.953000 12.082942 31 1
0.000000 0.000000 0.000000 0.000000 0.045887
-0.000752 0.002513
4
154.858707 344.753146
5.295000 9.953000 12.082942 35 1
0.000000 0.000000 0.000000 0.000000 0.044964
-0.001551 0.001494
1
332.421142 168.979770
5.295000 9.953000 12.082942 25 2
0.065880 0.000000 0.000000 0.000000 0.047510
0.001821 -0.001508
1
39.524667 383.759353
5.295000 9.953000 12.082942 26 2
0.065880 0.000000 0.000000 0.000000 0.427307
-0.002792 0.001451
4
162.345656 313.060263
5.295000 9.953000 12.082942 47 1
0.000000 0.000000 0.000000 0.000000 0.054307
-0.002718 0.000930
1
124.662348 188.520661
5.295000 9.953000 12.082942 26 2
0.065880 0.000000 0.000000 0.000000 0.047954
-0.002681 -0.000646
4
132.062150 321.082982
5.295000 9.953000 12.082942 32 1
0.000000 0.000000 0.000000 0.000000 0.051570
-0.002258 0.000969
4
389.380432 87.392118
5.295000 9.953000 12.082942 47 1
0.000000 0.000000 0.000000 0.000000 0.049181
0.000122 -0.002172
4
194.623219 24.555459
5.295000 9.953000 12.082942 40 1
0.000000 0.000000 0.000000 0.000000 0.082947
-0.000226 -0.002468
1
16.887062 281.566884
5.295000 9.953000 12.082942 26 2
0.065880 0.000000 0.000000 0.000000 0.054179
-0.003176 0.000030
4
148.161081 160.649732
5.295000 9.953000 12.082942 49 1
0.000000 0.000000 0.000000 0.000000 0.055784
-0.000813 0.000028
4
409.612243 341.961080
5.295000 9.953000 12.082942 50 1
0.000000 0.000000 0.000000 0.000000 0.094126
0.002818 0.002147
1
232.579669 30.201233
5.295000 9.953000 12.082942 26 2
0.065880 0.000000 0.000000 0.000000 0.055400
0.000293 -0.004263
4
208.253713 190.323078
5.295000 9.953000 12.082942 32 1
0.000000 0.000000 0.000000 0.000000 0.049534
-0.000480 -0.002314
4
360.630037 448.146439
5.295000 9.953000 12.082942 46 1
0.000000 0.000000 0.000000 0.000000 0.057309
0.001141 0.004141
4
373.385933 98.054912
5.295000 9.953000 12.082942 54 1
0.000000 0.000000 0.000000 0.000000 0.049044
0.000605 -0.001874
4
349.546717 175.843788
5.295000 9.953000 12.082942 48 1
0.000000 0.000000 0.000000 0.000000 0.044615
0.001810 -0.001062
4
55.284477 373.503557
5.295000 9.953000 12.082942 45 1
0.000000 0.000000 0.000000 0.000000 0.155411
-0.002754 0.001477
4
398.162604 357.080150
5.295000 9.953000 12.082942 54 1
0.000000 0.000000 0.000000 0.000000 0.082084
0.001443 0.004780
4
274.619632 218.986947
5.295000 9.953000 12.082942 38 1
0.000000 0.000000 0.000000 0.000000 0.035178
-0.000793 -0.000639
1
143.269249 30.397385
5.295000 9.953000 12.082942 27 2
0.065880 0.000000 0.000000 0.000000 0.167212
0.000225 -0.002617
4
273.548619 85.175395
5.295000 9.953000 12.082942 46 1
0.000000 0.000000 0.000000 0.000000 0.083156
-0.001162 -0.003332
4
340.609601 345.756196
5.295000 9.953000 12.082942 47 1
0.000000 0.000000 0.000000 0.000000 0.090823
0.000262 0.001246
4
196.646537 319.126661
5.295000 9.953000 12.082942 34 1
0.000000 0.000000 0.000000 0.000000 0.049605
-0.003847 0.000701
4
462.178536 231.522601
5.295000 9.953000 12.082942 54 1
0.000000 0.000000 0.000000 0.000000 0.073642
0.006379 -0.001025
1
244.230733 15.507443
5.295000 9.953000 12.082942 46 2
0.065880 0.000000 0.000000 0.000000 0.094413
0.000250 -0.004392
2
86.325942 74.417367
5.295000 9.953000 12.082942 65 1
0.065880 0.000000 0.000000 0.000000 0.262335
-0.002408 -0.001512
4
311.183352 358.011839
5.295000 9.953000 12.082942 34 1
0.000000 0.000000 0.000000 0.000000 0.090645
0.001280 0.001534
1
411.937734 150.613550
5.295000 9.953000 12.082942 28 2
0.065880 0.000000 0.000000 0.000000 0.033188
0.002235 -0.001675
4
208.106289 286.194429
5.295000 9.953000 12.082942 29 1
0.000000 0.000000 0.000000 0.000000 0.073486
0.000149 0.000664
4
444.332304 148.464688
5.295000 9.953000 12.082942 65 1
0.000000 0.000000 0.000000 0.000000 0.062717
-0.016062 -0.015579
4
278.309507 237.056888
5.295000 9.953000 12.082942 55 1
0.000000 0.000000 0.000000 0.000000 0.033157
-0.002482 -0.002115
4
267.021630 417.078814
5.295000 9.953000 12.082942 32 1
0.000000 0.000000 0.000000 0.000000 0.056421
0.000193 0.003468
4
101.648205 342.641940
5.295000 9.953000 12.082942 38 1
0.000000 0.000000 0.000000 0.000000 0.054872
-0.002514 0.001227
1
106.707608 125.525163
5.295000 9.953000 12.082942 29 2
0.065880 0.000000 0.000000 0.000000 0.040794
-0.003411 -0.002264
4
230.765199 384.792144
5.295000 9.953000 12.082942 34 1
0.000000 0.000000 0.000000 0.000000 0.058911
-0.000196 0.002865
4
119.975824 369.569994
5.295000 9.953000 12.082942 37 1
0.000000 0.000000 0.000000 0.000000 0.060234
-0.002167 0.001561
4
153.465389 277.022019
5.295000 9.953000 12.082942 55 1
0.000000 0.000000 0.000000 0.000000 0.046408
-0.000861 0.000404
4
209.121640 141.346413
5.295000 9.953000 12.082942 49 1
0.000000 0.000000 0.000000 0.000000 0.062824
-0.001551 -0.001805
4
329.293424 150.144297
5.295000 9.953000 12.082942 42 1
0.000000 0.000000 0.000000 0.000000 0.050130
0.001770 -0.001776
1
354.447822 430.504316
5.295000 9.953000 12.082942 30 2
0.065880 0.000000 0.000000 0.000000 0.030377
0.000584 0.003360
4
278.853976 492.376541
5.295000 9.953000 12.082942 40 1
0.000000 0.000000 0.000000 0.000000 0.079313
0.001033 0.003515
4
239.598525 400.905897
5.295000 9.953000 12.082942 32 1
0.000000 0.000000 0.000000 0.000000 0.071154
0.000001 0.003097
1
377.317642 135.111820
5.295000 9.953000 12.082942 30 2
0.065880 0.000000 0.000000 0.000000 0.037332
0.001731 -0.001523
4
375.374176 116.700412
5.295000 9.953000 12.082942 44 1
0.000000 0.000000 0.000000 0.000000 0.058736
0.001246 -0.001801
4
342.641581 121.779641
5.295000 9.953000 12.082942 57 1
0.000000 0.000000 0.000000 0.000000 0.045066
0.001154 -0.002055
1
458.227151 118.959191
5.295000 9.953000 12.082942 30 2
0.065880 0.000000 0.000000 0.000000 0.208793
0.001607 -0.004102
4
238.987453 433.330071
5.295000 9.953000 12.082942 32 1
0.000000 0.000000 0.000000 0.000000 0.061078
-0.000580 0.003347
1
242.484905 96.537824
5.295000 9.953000 12.082942 31 2
0.065880 0.000000 0.000000 0.000000 0.043488
-0.001220 -0.002482
1
360.650746 398.861013
5.295000 9.953000 12.082942 31 2
0.065880 0.000000 0.000000 0.000000 0.037019
0.002053 0.002318
4
70.929752 363.243346
5.295000 9.953000 12.082942 53 1
0.000000 0.000000 0.000000 0.000000 0.074826
-0.002754 0.001475
4
27.083688 194.800048
5.295000 9.953000 12.082942 46 1
0.000000 0.000000 0.000000 0.000000 0.052335
-0.003329 -0.000890
1
418.124208 190.238292
5.295000 9.953000 12.082942 32 2
0.065880 0.000000 0.000000 0.000000 0.032381
0.000090 -0.002115
1
373.302435 253.114495
5.295000 9.953000 12.082942 32 2
0.065880 0.000000 0.000000 0.000000 0.035821
0.001091 0.001676
1
331.721450 63.243186
5.295000 9.953000 12.082942 57 2
0.065880 0.000000 0.000000 0.000000 0.073025
0.000981 -0.002406
4
151.006744 111.153837
5.295000 9.953000 12.082942 44 1
0.000000 0.000000 0.000000 0.000000 0.067730
-0.003137 -0.000534
1
313.276948 94.084278
5.295000 9.953000 12.082942 32 2
0.065880 0.000000 0.000000 0.000000 0.038370
0.002478 -0.001731
1
464.067222 345.609913
5.295000 9.953000 12.082942 32 2
0.065880 0.000000 0.000000 0.000000 0.053480
0.001828 0.001386
1
345.690252 75.497859
5.295000 9.953000 12.082942 32 2
0.065880 0.000000 0.000000 0.000000 0.058177
0.002652 -0.003780
4
327.526489 477.184970
5.295000 9.953000 12.082942 53 1
0.000000 0.000000 0.000000 0.000000 0.086777
0.000606 0.003567
1
119.192681 73.460582
5.295000 9.953000 12.082942 33 2
0.065880 0.000000 0.000000 0.000000 0.091926
-0.001966 -0.001406
4
220.996902 44.831828
5.295000 9.953000 12.082942 62 1
0.000000 0.000000 0.000000 0.000000 0.058745
0.000544 -0.003924
1
160.420758 196.742296
5.295000 9.953000 12.082942 34 2
0.065880 0.000000 0.000000 0.000000 0.033285
-0.001581 -0.000781
1
462.872024 295.645658
5.295000 9.953000 12.082942 34 2
0.065880 0.000000 0.000000 0.000000 0.043338
0.004144 0.002454
4
86.368872 352.968349
5.295000 9.953000 12.082942 42 1
0.000000 0.000000 0.000000 0.000000 0.051619
-0.002651 0.001396
1
231.231310 322.179887
5.295000 9.953000 12.082942 35 2
0.065880 0.000000 0.000000 0.000000 0.027908
-0.004885 0.003006
4
317.031849 423.143447
5.295000 9.953000 12.082942 65 1
0.000000 0.000000 0.000000 0.000000 0.034653
0.001829 0.002281
4
145.227384 394.506486
5.295000 9.953000 12.082942 40 1
0.000000 0.000000 0.000000 0.000000 0.071379
-0.001691 0.002561
1
281.297442 102.724022
5.295000 9.953000 12.082942 35 2
0.065880 0.000000 0.000000 0.000000 0.037560
0.000550 -0.003181
1
305.106207 387.205731
5.295000 9.953000 12.082942 35 2
0.065880 0.000000 0.000000 0.000000 0.041251
0.001544 0.002328
4
174.480440 415.043391
5.295000 9.953000 12.082942 65 1
0.000000 0.000000 0.000000 0.000000 0.026025
-0.000994 0.001849
1
41.570103 127.409300
5.295000 9.953000 12.082942 36 2
0.065880 0.000000 0.000000 0.000000 0.202307
-0.003749 -0.001915
4
168.095738 365.679160
5.295000 9.953000 12.082942 57 1
0.000000 0.000000 0.000000 0.000000 0.052155
-0.001107 0.001817
4
269.151723 116.528296
5.295000 9.953000 12.082942 47 1
0.000000 0.000000 0.000000 0.000000 0.053881
0.000239 -0.002618
1
111.564397 251.965916
5.295000 9.953000 12.082942 36 2
0.065880 0.000000 0.000000 0.000000 0.025464
-0.001961 0.000058
1
397.841317 280.683749
5.295000 9.953000 12.082942 37 2
0.065880 0.000000 0.000000 0.000000 0.030367
0.002717 0.000002
4
288.286096 445.932008
5.295000 9.953000 12.082942 50 1
0.000000 0.000000 0.000000 0.000000 0.037683
0.002105 0.002147
4
343.056951 289.882721
5.295000 9.953000 12.082942 59 1
0.000000 0.000000 0.000000 0.000000 0.043081
0.000159 0.018075
4
223.590508 93.617724
5.295000 9.953000 12.082942 55 1
0.000000 0.000000 0.000000 0.000000 0.044489
-0.001246 -0.001998
4
385.625650 419.773579
5.295000 9.953000 12.082942 49 1
0.000000 0.000000 0.000000 0.000000 0.056481
0.001638 0.004002
4
265.303655 67.647337
5.295000 9.953000 12.082942 52 1
0.000000 0.000000 0.000000 0.000000 0.081533
-0.000556 -0.003129
1
385.520538 371.027191
5.295000 9.953000 12.082942 39 2
0.065880 0.000000 0.000000 0.000000 0.054956
0.002982 0.004463
4
53.577020 335.396393
5.295000 9.953000 12.082942 56 1
0.000000 0.000000 0.000000 0.000000 0.066983
-0.003046 0.001061
4
344.279898 241.769604
5.295000 9.953000 12.082942 52 1
0.000000 0.000000 0.000000 0.000000 0.073240
0.001772 -0.002222
4
213.795795 207.613813
5.295000 9.953000 12.082942 64 1
0.000000 0.000000 0.000000 0.000000 0.053733
0.000759 -0.002268
4
141.273547 290.423033
5.295000 9.953000 12.082942 50 1
0.000000 0.000000 0.000000 0.000000 0.043011
-0.001151 0.000529
4
457.579893 313.448749
5.295000 9.953000 12.082942 50 1
0.000000 0.000000 0.000000 0.000000 0.047274
0.004677 0.001133
1
183.217947 85.479566
5.295000 9.953000 12.082942 40 2
0.065880 0.000000 0.000000 0.000000 0.038203
0.000561 -0.002624
4
134.171866 443.798699
5.295000 9.953000 12.082942 57 1
0.000000 0.000000 0.000000 0.000000 0.103445
-0.001884 0.000672
4
74.269802 126.350811
5.295000 9.953000 12.082942 46 1
0.000000 0.000000 0.000000 0.000000 0.078933
-0.003577 -0.001942
4
416.315347 275.899437
5.295000 9.953000 12.082942 48 1
0.000000 0.000000 0.000000 0.000000 0.064575
0.003520 -0.000516
4
464.315906 183.082870
5.295000 9.953000 12.082942 64 1
0.000000 0.000000 0.000000 0.000000 0.074280
0.006891 -0.002850
4
254.049772 305.058774
5.295000 9.953000 12.082942 61 1
0.000000 0.000000 0.000000 0.000000 0.033756
0.001982 0.003958
1
227.733017 62.460044
5.295000 9.953000 12.082942 41 2
0.065880 0.000000 0.000000 0.000000 0.035263
0.000768 -0.004199
4
151.356524 92.748516
5.295000 9.953000 12.082942 57 1
0.000000 0.000000 0.000000 0.000000 0.049462
-0.000254 -0.001082
4
66.903928 287.063757
5.295000 9.953000 12.082942 43 1
0.000000 0.000000 0.000000 0.000000 0.082900
-0.003262 0.000360
4
202.576899 41.452532
5.295000 9.953000 12.082942 56 1
0.000000 0.000000 0.000000 0.000000 0.063638
0.000559 -0.002963
4
318.495190 181.178850
5.295000 9.953000 12.082942 46 1
0.000000 0.000000 0.000000 0.000000 0.048521
0.001987 -0.001838
4
232.343937 162.991609
5.295000 9.953000 12.082942 43 1
0.000000 0.000000 0.000000 0.000000 0.056695
-0.001108 -0.003846
4
280.417356 151.952432
5.295000 9.953000 12.082942 50 1
0.000000 0.000000 0.000000 0.000000 0.036806
0.000322 -0.002082
1
25.972876 156.742153
5.295000 9.953000 12.082942 41 2
0.065880 0.000000 0.000000 0.000000 0.225616
-0.004009 -0.001288
1
361.886317 42.388983
5.295000 9.953000 12.082942 41 2
0.065880 0.000000 0.000000 0.000000 0.098691
0.000449 -0.004152
4
26.470635 175.757644
5.295000 9.953000 12.082942 57 1
0.000000 0.000000 0.000000 0.000000 0.107366
-0.003868 -0.001091
4
161.757542 462.468449
5.295000 9.953000 12.082942 46 1
0.000000 0.000000 0.000000 0.000000 0.123695
-0.007711 0.010182
1
210.405975 449.162630
5.295000 9.953000 12.082942 42 2
0.065880 0.000000 0.000000 0.000000 0.034351
-0.001090 0.003180
4
302.621261 342.655111
5.295000 9.953000 12.082942 43 1
0.000000 0.000000 0.000000 0.000000 0.083799
0.000396 0.000633
1
419.028270 208.793791
5.295000 9.953000 12.082942 42 2
0.065880 0.000000 0.000000 0.000000 0.037854
0.006033 -0.002109
4
243.613404 483.956918
5.295000 9.953000 12.082942 52 1
0.000000 0.000000 0.000000 0.000000 0.072265
0.000563 0.003175
1
340.068181 32.166852
5.295000 9.953000 12.082942 43 2
0.065880 0.000000 0.000000 0.000000 0.111137
-0.000433 -0.003158
4
364.213070 164.431055
5.295000 9.953000 12.082942 45 1
0.000000 0.000000 0.000000 0.000000 0.062494
0.001838 -0.001118
4
75.796451 220.180946
5.295000 9.953000 12.082942 44 1
0.000000 0.000000 0.000000 0.000000 0.069396
-0.002503 -0.000802
4
221.989968 337.460547
5.295000 9.953000 12.082942 46 1
0.000000 0.000000 0.000000 0.000000 0.044362
0.000320 0.000317
1
482.683470 341.269917
5.295000 9.953000 12.082942 44 2
0.065880 0.000000 0.000000 0.000000 0.119767
0.001583 0.003420
4
373.098209 385.084885
5.295000 9.953000 12.082942 47 1
0.000000 0.000000 0.000000 0.000000 0.061720
0.003582 0.006916
1
472.864190 259.739986
5.295000 9.953000 12.082942 45 2
0.065880 0.000000 0.000000 0.000000 0.072425
0.003150 0.002018
2
57.464620 98.485721
5.295000 9.953000 12.082942 58 1
0.065880 0.000000 0.000000 0.000000 0.419352
-0.003310 -0.002098
4
488.167863 213.532585
5.295000 9.953000 12.082942 49 1
0.000000 0.000000 0.000000 0.000000 0.091175
0.002545 -0.003636
4
385.543996 266.935375
5.295000 9.953000 12.082942 64 1
0.000000 0.000000 0.000000 0.000000 0.030020
0.002485 -0.000150
4
244.238613 290.179102
5.295000 9.953000 12.082942 49 1
0.000000 0.000000 0.000000 0.000000 0.050814
0.000850 0.002658
4
360.846721 351.280345
5.295000 9.953000 12.082942 55 1
0.000000 0.000000 0.000000 0.000000 0.078486
0.019487 0.058916
1
251.209364 32.986468
5.295000 9.953000 12.082942 46 2
0.065880 0.000000 0.000000 0.000000 0.074234
0.000528 -0.004191
4
341.058223 463.572112
5.295000 9.953000 12.082942 56 1
0.000000 0.000000 0.000000 0.000000 0.080025
0.004563 0.006592
4
102.850098 83.373956
5.295000 9.953000 12.082942 50 1
0.000000 0.000000 0.000000 0.000000 0.092033
-0.002317 -0.001437
1
363.207781 82.053138
5.295000 9.953000 12.082942 47 2
0.065880 0.000000 0.000000 0.000000 0.040751
0.003173 -0.003700
1
413.774638 169.082092
5.295000 9.953000 12.082942 47 2
0.065880 0.000000 0.000000 0.000000 0.031907
0.001661 -0.001722
4
288.722886 37.815393
5.295000 9.953000 12.082942 64 1
0.000000 0.000000 0.000000 0.000000 0.087852
-0.000743 -0.005244
4
180.869232 463.909279
5.295000 9.953000 12.082942 50 1
0.000000 0.000000 0.000000 0.000000 0.089889
0.000211 0.002408
1
300.579199 23.204300
5.295000 9.953000 12.082942 49 2
0.065880 0.000000 0.000000 0.000000 0.066938
0.001070 -0.002663
1
295.305007 55.068432
5.295000 9.953000 12.082942 49 2
0.065880 0.000000 0.000000 0.000000 0.076510
-0.000121 -0.003283
4
19.934141 318.881887
5.295000 9.953000 12.082942 64 1
0.000000 0.000000 0.000000 0.000000 0.119041
-0.003205 0.000558
1
335.020680 105.693190
5.295000 9.953000 12.082942 51 2
0.065880 0.000000 0.000000 0.000000 0.032969
0.002430 -0.003279
1
377.679512 235.803380
5.295000 9.953000 12.082942 52 2
0.065880 0.000000 0.000000 0.000000 0.054018
0.003280 -0.001296
1
323.930325 217.751794
5.295000 9.953000 12.082942 52 2
0.065880 0.000000 0.000000 0.000000 0.040164
0.001958 -0.001571
4
262.899249 18.109884
5.295000 9.953000 12.082942 61 1
0.000000 0.000000 0.000000 0.000000 0.148151
0.000676 -0.004277
4
445.249615 348.184317
5.295000 9.953000 12.082942 56 1
0.000000 0.000000 0.000000 0.000000 0.055794
0.001710 0.001192
1
390.512932 340.937169
5.295000 9.953000 12.082942 56 2
0.065880 0.000000 0.000000 0.000000 0.069997
0.000662 -0.001389
1
345.165516 50.541287
5.295000 9.953000 12.082942 57 2
0.065880 0.000000 0.000000 0.000000 0.078233
0.001234 -0.003352
1
321.408259 27.317063
5.295000 9.953000 12.082942 58 2
0.065880 0.000000 0.000000 0.000000 0.085340
-0.000740 -0.002501
5
476.839223 164.642291
4.352864 8.182070 9.933032 55 1
0.065880 0.000000 0.000000 0.000000 0.160836
-0.008822 -0.014548
