500.000000 500.000000
613 88
248 613
1
382.415336 284.757690
5.295000 9.953000 12.082942 46 2
0.065880 0.000000 0.000000 0.000000 0.019533
0.001218 0.000279
4
418.498688 412.847002
5.295000 9.953000 12.082942 38 1
0.000000 0.000000 0.000000 0.000000 0.102806
0.000303 0.001643
4
356.015855 383.523072
5.295000 9.953000 12.082942 65 1
0.000000 0.000000 0.000000 0.000000 0.039913
0.000633 0.001113
4
212.223356 354.785593
5.295000 9.953000 12.082942 58 1
0.000000 0.000000 0.000000 0.000000 0.044401
0.000457 0.000810
4
256.819755 437.547072
5.295000 9.953000 12.082942 44 1
0.000000 0.000000 0.000000 0.000000 0.030097
-0.000046 0.001585
4
51.231471 355.411324
5.295000 9.953000 12.082942 38 1
0.000000 0.000000 0.000000 0.000000 0.114723
-0.001172 0.000022
4
340.114093 258.774484
5.295000 9.953000 12.082942 40 1
0.000000 0.000000 0.000000 0.000000 0.053468
0.000681 0.000774
4
178.908180 317.749338
5.295000 9.953000 12.082942 41 1
0.000000 0.000000 0.000000 0.000000 0.049434
0.000100 0.000705
4
115.814241 351.406363
5.295000 9.953000 12.082942 44 1
0.000000 0.000000 0.000000 0.000000 0.052433
-0.000885 0.000164
4
239.755773 44.111521
5.295000 9.953000 12.082942 52 1
0.000000 0.000000 0.000000 0.000000 0.041073
-0.000001 -0.001183
1
7.909524 205.242703
5.295000 9.953000 12.082942 32 2
0.065880 0.000000 0.000000 0.000000 0.028120
-0.001187 -0.000004
4
463.528834 153.443271
5.295000 9.953000 12.082942 57 1
0.000000 0.000000 0.000000 0.000000 0.151936
0.000886 -0.001570
4
250.776403 324.944245
5.295000 9.953000 12.082942 42 1
0.000000 0.000000 0.000000 0.000000 0.040171
0.001473 0.001041
4
126.841730 303.634693
5.295000 9.953000 12.082942 55 1
0.000000 0.000000 0.000000 0.000000 0.040494
-0.000340 0.000242
4
86.838978 133.583728
5.295000 9.953000 12.082942 58 1
0.000000 0.000000 0.000000 0.000000 0.054243
-0.001798 -0.000708
1
152.242815 448.757393
5.295000 9.953000 12.082942 22 2
0.065880 0.000000 0.000000 0.000000 0.055414
-0.000321 0.000994
4
426.915058 118.742532
5.295000 9.953000 12.082942 49 1
0.000000 0.000000 0.000000 0.000000 0.108737
0.000579 -0.001341
4
237.790863 126.050340
5.295000 9.953000 12.082942 53 1
0.000000 0.000000 0.000000 0.000000 0.051860
-0.001069 -0.001692
4
415.037058 293.388466
5.295000 9.953000 12.082942 53 1
0.000000 0.000000 0.000000 0.000000 0.048820
0.001276 0.000223
1
260.321457 282.032553
5.295000 9.953000 12.082942 41 2
0.065880 0.000000 0.000000 0.000000 0.017482
0.000048 -0.000182
4
326.954761 129.277601
5.295000 9.953000 12.082942 37 1
0.000000 0.000000 0.000000 0.000000 0.036933
0.001020 -0.000591
4
308.182851 294.731284
5.295000 9.953000 12.082942 61 1
0.000000 0.000000 0.000000 0.000000 0.039443
0.000504 -0.000288
4
240.555356 372.200288
5.295000 9.953000 12.082942 34 1
0.000000 0.000000 0.000000 0.000000 0.058845
0.000325 0.001233
4
342.996265 448.047966
5.295000 9.953000 12.082942 64 1
0.000000 0.000000 0.000000 0.000000 0.043041
0.000583 0.001178
4
191.723100 418.464131
5.295000 9.953000 12.082942 65 1
0.000000 0.000000 0.000000 0.000000 0.035372
-0.000147 0.001157
4
432.672290 174.938033
5.295000 9.953000 12.082942 57 1
0.000000 0.000000 0.000000 0.000000 0.054434
0.001071 -0.001011
4
436.655509 366.144661
5.295000 9.953000 12.082942 50 1
0.000000 0.000000 0.000000 0.000000 0.104896
0.000754 0.001952
1
472.964772 213.359276
5.295000 9.953000 12.082942 23 2
0.065880 0.000000 0.000000 0.000000 0.044395
0.001676 -0.000502
4
362.958854 470.356255
5.295000 9.953000 12.082942 50 1
0.000000 0.000000 0.000000 0.000000 0.281274
0.001297 0.001310
4
255.573281 470.380458
5.295000 9.953000 12.082942 79 1
0.000000 0.000000 0.000000 0.000000 0.041021
-0.000292 0.001422
1
325.322178 393.956470
5.295000 9.953000 12.082942 20 2
0.065880 0.000000 0.000000 0.000000 0.016775
0.000433 0.001070
4
407.106930 262.758272
5.295000 9.953000 12.082942 73 1
0.000000 0.000000 0.000000 0.000000 0.029375
0.001433 0.000011
1
56.157686 192.182596
5.295000 9.953000 12.082942 21 2
0.065880 0.000000 0.000000 0.000000 0.030103
-0.001184 -0.000303
4
249.517638 388.453730
5.295000 9.953000 12.082942 61 1
0.000000 0.000000 0.000000 0.000000 0.058572
0.000215 0.001421
4
56.961519 211.071991
5.295000 9.953000 12.082942 33 1
0.000000 0.000000 0.000000 0.000000 0.048228
-0.000993 -0.000215
4
313.451273 408.057230
5.295000 9.953000 12.082942 44 1
0.000000 0.000000 0.000000 0.000000 0.026379
0.000565 0.001337
4
71.248028 162.912570
5.295000 9.953000 12.082942 46 1
0.000000 0.000000 0.000000 0.000000 0.041671
-0.001466 -0.000488
4
399.833421 231.067745
5.295000 9.953000 12.082942 75 1
0.000000 0.000000 0.000000 0.000000 0.034984
0.001571 -0.000137
4
97.857376 302.501003
5.295000 9.953000 12.082942 38 1
0.000000 0.000000 0.000000 0.000000 0.042425
-0.001097 0.000130
1
204.905729 88.103091
5.295000 9.953000 12.082942 0 1
0.065880 0.000000 0.000000 0.000000 0.021582
-0.000501 -0.001251
4
363.806655 287.758514
5.295000 9.953000 12.082942 45 1
0.000000 0.000000 0.000000 0.000000 0.039700
0.001077 0.000285
4
381.239510 151.532434
5.295000 9.953000 12.082942 46 1
0.000000 0.000000 0.000000 0.000000 0.042175
0.001069 -0.000898
4
296.446553 484.660317
5.295000 9.953000 12.082942 58 1
0.000000 0.000000 0.000000 0.000000 0.070045
0.000138 0.001159
4
249.630191 111.516019
5.295000 9.953000 12.082942 39 1
0.000000 0.000000 0.000000 0.000000 0.049421
-0.000545 -0.000968
4
221.649533 371.444151
5.295000 9.953000 12.082942 65 1
0.000000 0.000000 0.000000 0.000000 0.046078
0.000226 0.000983
4
323.798289 198.212615
5.295000 9.953000 12.082942 38 1
0.000000 0.000000 0.000000 0.000000 0.046959
0.058981 0.026421
4
394.198692 299.307471
5.295000 9.953000 12.082942 76 1
0.000000 0.000000 0.000000 0.000000 0.026327
0.001167 0.000485
4
70.658764 143.772884
5.295000 9.953000 12.082942 48 1
0.000000 0.000000 0.000000 0.000000 0.050056
-0.001621 -0.000596
4
312.687327 245.663034
5.295000 9.953000 12.082942 72 1
0.000000 0.000000 0.000000 0.000000 0.032780
-0.000085 -0.000589
1
488.578675 275.778401
5.295000 9.953000 12.082942 40 2
0.065880 0.000000 0.000000 0.000000 0.032120
0.001009 0.001186
4
396.349186 140.433197
5.295000 9.953000 12.082942 38 1
0.000000 0.000000 0.000000 0.000000 0.041106
0.000744 -0.000956
4
147.935812 328.598209
5.295000 9.953000 12.082942 82 1
0.000000 0.000000 0.000000 0.000000 0.037882
-0.000379 0.000804
4
128.984972 206.037398
5.295000 9.953000 12.082942 34 1
0.000000 0.000000 0.000000 0.000000 0.039736
-0.000852 0.000528
4
259.646605 372.674605
5.295000 9.953000 12.082942 32 1
0.000000 0.000000 0.000000 0.000000 0.064034
0.000442 0.001495
4
422.529537 81.271762
5.295000 9.953000 12.082942 38 1
0.000000 0.000000 0.000000 0.000000 0.257672
0.000309 -0.001376
4
233.547386 306.695831
5.295000 9.953000 12.082942 47 1
0.000000 0.000000 0.000000 0.000000 0.043041
0.000080 0.000485
4
9.251731 224.345186
5.295000 9.953000 12.082942 39 1
0.000000 0.000000 0.000000 0.000000 0.037415
-0.001105 -0.000041
4
102.871436 104.437881
5.295000 9.953000 12.082942 70 1
0.000000 0.000000 0.000000 0.000000 0.066617
-0.001562 -0.000636
4
406.244472 377.307564
5.295000 9.953000 12.082942 47 1
0.000000 0.000000 0.000000 0.000000 0.078101
0.000652 0.001333
4
17.839223 338.045282
5.295000 9.953000 12.082942 67 1
0.000000 0.000000 0.000000 0.000000 0.215850
-0.001305 -0.000030
4
135.027429 378.244030
5.295000 9.953000 12.082942 34 1
0.000000 0.000000 0.000000 0.000000 0.066835
-0.001736 0.000194
4
165.434438 114.700680
5.295000 9.953000 12.082942 42 1
0.000000 0.000000 0.000000 0.000000 0.057106
-0.001367 -0.001414
1
478.055744 312.011943
5.295000 9.953000 12.082942 40 2
0.065880 0.000000 0.000000 0.000000 0.027718
0.000052 0.001230
4
163.987978 400.217334
5.295000 9.953000 12.082942 69 1
0.000000 0.000000 0.000000 0.000000 0.040351
0.000228 0.001213
4
82.127677 314.304915
5.295000 9.953000 12.082942 40 1
0.000000 0.000000 0.000000 0.000000 0.047093
-0.001218 0.000126
4
100.792316 63.780495
5.295000 9.953000 12.082942 42 1
0.000000 0.000000 0.000000 0.000000 0.214590
-0.001918 0.000050
4
60.108954 249.509947
5.295000 9.953000 12.082942 39 1
0.000000 0.000000 0.000000 0.000000 0.059313
-0.000874 -0.000172
4
216.431667 73.584883
5.295000 9.953000 12.082942 70 1
0.000000 0.000000 0.000000 0.000000 0.026375
-0.000072 -0.001285
4
54.698624 154.104508
5.295000 9.953000 12.082942 33 1
0.000000 0.000000 0.000000 0.000000 0.063912
-0.001538 -0.000467
4
144.001775 309.564244
5.295000 9.953000 12.082942 37 1
0.000000 0.000000 0.000000 0.000000 0.045735
-0.000306 0.000598
4
12.255822 262.562245
5.295000 9.953000 12.082942 42 1
0.000000 0.000000 0.000000 0.000000 0.062332
-0.001071 -0.000135
4
169.383372 482.594106
5.295000 9.953000 12.082942 72 1
0.000000 0.000000 0.000000 0.000000 0.169827
-0.000361 0.001229
4
386.129225 188.524692
5.295000 9.953000 12.082942 45 1
0.000000 0.000000 0.000000 0.000000 0.042667
0.002049 -0.000846
4
112.453970 314.408920
5.295000 9.953000 12.082942 34 1
0.000000 0.000000 0.000000 0.000000 0.051656
-0.000747 -0.000064
4
388.781612 206.905629
5.295000 9.953000 12.082942 55 1
0.000000 0.000000 0.000000 0.000000 0.052402
0.002280 -0.000472
4
196.261964 301.678585
5.295000 9.953000 12.082942 63 1
0.000000 0.000000 0.000000 0.000000 0.053988
-0.000018 0.000524
4
200.343209 435.193678
5.295000 9.953000 12.082942 57 1
0.000000 0.000000 0.000000 0.000000 0.044108
-0.000214 0.001280
4
263.935491 248.188000
5.295000 9.953000 12.082942 50 1
0.000000 0.000000 0.000000 0.000000 0.023714
-0.000543 -0.000487
4
368.483902 419.525562
5.295000 9.953000 12.082942 44 1
0.000000 0.000000 0.000000 0.000000 0.038872
0.000533 0.001268
4
173.676092 350.121285
5.295000 9.953000 12.082942 43 1
0.000000 0.000000 0.000000 0.000000 0.041190
0.000190 0.000935
4
407.149406 92.334471
5.295000 9.953000 12.082942 40 1
0.000000 0.000000 0.000000 0.000000 0.102188
0.000377 -0.001277
4
297.266114 278.395878
5.295000 9.953000 12.082942 41 1
0.000000 0.000000 0.000000 0.000000 0.039965
0.000510 -0.000367
4
429.080158 137.465862
5.295000 9.953000 12.082942 45 1
0.000000 0.000000 0.000000 0.000000 0.070136
0.000727 -0.001282
4
101.707527 283.406318
5.295000 9.953000 12.082942 46 1
0.000000 0.000000 0.000000 0.000000 0.040182
-0.000139 0.000089
4
383.594912 170.024848
5.295000 9.953000 12.082942 68 1
0.000000 0.000000 0.000000 0.000000 0.041331
0.001505 -0.000818
4
375.588823 338.312940
5.295000 9.953000 12.082942 72 1
0.000000 0.000000 0.000000 0.000000 0.065192
0.000754 0.000866
4
108.452444 437.567158
5.295000 9.953000 12.082942 61 1
0.000000 0.000000 0.000000 0.000000 0.122784
-0.002146 0.000019
1
90.583566 431.465425
5.295000 9.953000 12.082942 25 2
0.065880 0.000000 0.000000 0.000000 0.131730
-0.002873 -0.001156
1
153.514652 227.685721
5.295000 9.953000 12.082942 21 2
0.065880 0.000000 0.000000 0.000000 0.025040
-0.000027 0.000025
4
461.680592 134.499589
5.295000 9.953000 12.082942 57 1
0.000000 0.000000 0.000000 0.000000 0.217717
0.000689 -0.001578
4
443.330257 383.760219
5.295000 9.953000 12.082942 44 1
0.000000 0.000000 0.000000 0.000000 0.154579
0.000571 0.002082
4
270.374528 32.006393
5.295000 9.953000 12.082942 87 1
0.000000 0.000000 0.000000 0.000000 0.046186
0.000086 -0.000902
4
24.788346 213.463320
5.295000 9.953000 12.082942 85 1
0.000000 0.000000 0.000000 0.000000 0.025567
-0.001109 -0.000083
4
309.356351 227.515915
5.295000 9.953000 12.082942 71 1
0.000000 0.000000 0.000000 0.000000 0.035189
-0.000957 -0.001551
4
183.721981 266.511077
5.295000 9.953000 12.082942 42 1
0.000000 0.000000 0.000000 0.000000 0.062819
-0.000126 0.000275
4
258.178004 404.873260
5.295000 9.953000 12.082942 49 1
0.000000 0.000000 0.000000 0.000000 0.052342
0.000146 0.001566
4
258.540180 230.407444
5.295000 9.953000 12.082942 83 1
0.000000 0.000000 0.000000 0.000000 0.022548
-0.000765 -0.000592
1
246.828486 453.563272
5.295000 9.953000 12.082942 19 2
0.065880 0.000000 0.000000 0.000000 0.027768
-0.000255 0.001489
4
405.131862 73.617457
5.295000 9.953000 12.082942 49 1
0.000000 0.000000 0.000000 0.000000 0.166719
0.000268 -0.001258
4
326.511968 461.656890
5.295000 9.953000 12.082942 58 1
0.000000 0.000000 0.000000 0.000000 0.068285
0.000990 0.001371
4
300.059504 259.520527
5.295000 9.953000 12.082942 59 1
0.000000 0.000000 0.000000 0.000000 0.036154
-0.000523 -0.000806
4
89.949955 209.084530
5.295000 9.953000 12.082942 33 1
0.000000 0.000000 0.000000 0.000000 0.056909
-0.001683 -0.000108
4
164.161960 32.293667
5.295000 9.953000 12.082942 38 1
0.000000 0.000000 0.000000 0.000000 0.107996
0.001405 0.000140
4
399.829534 409.309183
5.295000 9.953000 12.082942 49 1
0.000000 0.000000 0.000000 0.000000 0.067649
0.000385 0.001371
4
153.856560 178.271999
5.295000 9.953000 12.082942 36 1
0.000000 0.000000 0.000000 0.000000 0.047351
-0.000516 -0.000291
4
371.564427 200.026615
5.295000 9.953000 12.082942 36 1
0.000000 0.000000 0.000000 0.000000 0.057890
-0.001331 0.000261
4
298.966850 154.744558
5.295000 9.953000 12.082942 43 1
0.000000 0.000000 0.000000 0.000000 0.023616
-0.002694 -0.001651
4
254.025190 79.401299
5.295000 9.953000 12.082942 42 1
0.000000 0.000000 0.000000 0.000000 0.062181
-0.000202 -0.000993
4
214.754543 322.688875
5.295000 9.953000 12.082942 46 1
0.000000 0.000000 0.000000 0.000000 0.041361
0.000743 0.000694
4
176.518449 18.072277
5.295000 9.953000 12.082942 55 1
0.000000 0.000000 0.000000 0.000000 0.157902
0.000136 -0.001071
4
29.391647 270.809799
5.295000 9.953000 12.082942 35 1
0.000000 0.000000 0.000000 0.000000 0.062128
-0.001073 -0.000135
4
290.604023 222.316705
5.295000 9.953000 12.082942 34 1
0.000000 0.000000 0.000000 0.000000 0.036850
-0.000641 -0.001245
4
31.040093 289.713232
5.295000 9.953000 12.082942 61 1
0.000000 0.000000 0.000000 0.000000 0.064108
-0.001174 -0.000101
4
287.338893 118.126588
5.295000 9.953000 12.082942 56 1
0.000000 0.000000 0.000000 0.000000 0.031855
-0.000494 -0.001043
4
134.050622 273.691646
5.295000 9.953000 12.082942 59 1
0.000000 0.000000 0.000000 0.000000 0.027942
0.000027 0.000187
4
268.483961 388.887548
5.295000 9.953000 12.082942 31 1
0.000000 0.000000 0.000000 0.000000 0.064995
0.000336 0.001620
4
206.916706 6.394123
5.295000 9.953000 12.082942 34 1
0.000000 0.000000 0.000000 0.000000 0.090464
0.000325 -0.001433
4
123.560701 151.306165
5.295000 9.953000 12.082942 48 1
0.000000 0.000000 0.000000 0.000000 0.052240
-0.000997 -0.000806
4
229.319980 420.206933
5.295000 9.953000 12.082942 39 1
0.000000 0.000000 0.000000 0.000000 0.051505
-0.000095 0.001348
4
44.829911 260.159743
5.295000 9.953000 12.082942 38 1
0.000000 0.000000 0.000000 0.000000 0.074109
-0.000988 -0.000156
4
171.225351 132.267151
5.295000 9.953000 12.082942 44 1
0.000000 0.000000 0.000000 0.000000 0.061830
-0.000740 -0.000719
4
260.126055 340.867457
5.295000 9.953000 12.082942 54 1
0.000000 0.000000 0.000000 0.000000 0.058280
0.001031 0.001464
4
219.363629 123.247717
5.295000 9.953000 12.082942 50 1
0.000000 0.000000 0.000000 0.000000 0.043952
-0.000279 -0.000621
4
374.472758 218.427337
5.295000 9.953000 12.082942 40 1
0.000000 0.000000 0.000000 0.000000 0.060161
-0.001293 -0.001145
4
221.395965 223.160988
5.295000 9.953000 12.082942 35 1
0.000000 0.000000 0.000000 0.000000 0.041982
-0.000690 -0.000188
4
326.501300 292.846607
5.295000 9.953000 12.082942 81 1
0.000000 0.000000 0.000000 0.000000 0.026341
0.000568 -0.000008
4
282.331244 312.390788
5.295000 9.953000 12.082942 53 1
0.000000 0.000000 0.000000 0.000000 0.045303
0.000080 -0.000217
4
327.693201 234.926677
5.295000 9.953000 12.082942 39 1
0.000000 0.000000 0.000000 0.000000 0.035902
0.001438 0.000933
4
87.785679 171.804468
5.295000 9.953000 12.082942 54 1
0.000000 0.000000 0.000000 0.000000 0.040445
-0.001335 -0.000655
4
197.182023 70.939897
5.295000 9.953000 12.082942 46 1
0.000000 0.000000 0.000000 0.000000 0.033351
0.000365 -0.001261
4
147.471545 210.027320
5.295000 9.953000 12.082942 48 1
0.000000 0.000000 0.000000 0.000000 0.040466
-0.000384 -0.000068
4
144.111594 431.733150
5.295000 9.953000 12.082942 48 1
0.000000 0.000000 0.000000 0.000000 0.075690
-0.000530 0.000886
1
211.994162 105.607717
5.295000 9.953000 12.082942 38 2
0.065880 0.000000 0.000000 0.000000 0.019555
0.000486 -0.001174
4
132.207222 359.278101
5.295000 9.953000 12.082942 50 1
0.000000 0.000000 0.000000 0.000000 0.051634
-0.000764 0.000411
4
119.595878 407.795708
5.295000 9.953000 12.082942 46 1
0.000000 0.000000 0.000000 0.000000 0.076765
-0.001073 0.000700
4
405.805556 427.158962
5.295000 9.953000 12.082942 68 1
0.000000 0.000000 0.000000 0.000000 0.100339
0.000316 0.001467
4
97.593127 324.798632
5.295000 9.953000 12.082942 36 1
0.000000 0.000000 0.000000 0.000000 0.055588
-0.000969 -0.000096
4
235.267444 76.479737
5.295000 9.953000 12.082942 64 1
0.000000 0.000000 0.000000 0.000000 0.033018
-0.000117 -0.001172
4
46.588578 279.037237
5.295000 9.953000 12.082942 31 1
0.000000 0.000000 0.000000 0.000000 0.072909
-0.001092 -0.000122
4
211.817877 387.157278
5.295000 9.953000 12.082942 69 1
0.000000 0.000000 0.000000 0.000000 0.043060
0.000047 0.000990
4
301.593541 431.739055
5.295000 9.953000 12.082942 74 1
0.000000 0.000000 0.000000 0.000000 0.034488
0.000584 0.000756
1
163.982678 78.911454
5.295000 9.953000 12.082942 41 2
0.065880 0.000000 0.000000 0.000000 0.028848
-0.002735 -0.001390
4
340.110314 204.972946
5.295000 9.953000 12.082942 72 1
0.000000 0.000000 0.000000 0.000000 0.047661
-0.025533 -0.012128
4
48.137587 297.963417
5.295000 9.953000 12.082942 43 1
0.000000 0.000000 0.000000 0.000000 0.064233
-0.001215 -0.000048
4
381.516205 356.465900
5.295000 9.953000 12.082942 47 1
0.000000 0.000000 0.000000 0.000000 0.061696
0.000831 0.000845
4
483.304466 293.905468
5.295000 9.953000 12.082942 63 1
0.000000 0.000000 0.000000 0.000000 0.042849
0.000657 0.001248
4
360.359885 230.517703
5.295000 9.953000 12.082942 41 1
0.000000 0.000000 0.000000 0.000000 0.058259
0.000789 -0.001038
4
279.103081 476.758933
5.295000 9.953000 12.082942 72 1
0.000000 0.000000 0.000000 0.000000 0.041425
0.000308 0.000761
4
460.607750 199.154979
5.295000 9.953000 12.082942 75 1
0.000000 0.000000 0.000000 0.000000 0.073496
0.001357 -0.000385
4
349.244803 365.384650
5.295000 9.953000 12.082942 78 1
0.000000 0.000000 0.000000 0.000000 0.050908
0.000931 0.001363
4
165.369131 263.232656
5.295000 9.953000 12.082942 32 1
0.000000 0.000000 0.000000 0.000000 0.052784
-0.000115 0.000243
4
267.968739 164.346993
5.295000 9.953000 12.082942 73 1
0.000000 0.000000 0.000000 0.000000 0.030232
0.005458 0.016220
4
319.200979 310.204348
5.295000 9.953000 12.082942 41 1
0.000000 0.000000 0.000000 0.000000 0.043500
0.000370 -0.000048
4
141.435070 192.480186
5.295000 9.953000 12.082942 29 1
0.000000 0.000000 0.000000 0.000000 0.039032
-0.000841 0.000133
4
203.926379 337.810217
5.295000 9.953000 12.082942 39 1
0.000000 0.000000 0.000000 0.000000 0.042748
0.000483 0.000715
4
256.387667 129.006139
5.295000 9.953000 12.082942 62 1
0.000000 0.000000 0.000000 0.000000 0.050314
0.000223 0.000303
4
171.158652 450.027761
5.295000 9.953000 12.082942 37 1
0.000000 0.000000 0.000000 0.000000 0.057201
-0.000307 0.001139
4
440.081637 321.623205
5.295000 9.953000 12.082942 77 1
0.000000 0.000000 0.000000 0.000000 0.037003
0.002128 -0.000374
4
168.388487 50.692072
5.295000 9.953000 12.082942 79 1
0.000000 0.000000 0.000000 0.000000 0.036973
-0.000307 0.001053
4
190.064793 450.998846
5.295000 9.953000 12.082942 50 1
0.000000 0.000000 0.000000 0.000000 0.060907
-0.000274 0.001287
4
69.148960 383.119854
5.295000 9.953000 12.082942 37 1
0.000000 0.000000 0.000000 0.000000 0.167239
-0.001115 0.000200
4
92.267253 246.265740
5.295000 9.953000 12.082942 57 1
0.000000 0.000000 0.000000 0.000000 0.048132
-0.000446 -0.000224
4
432.451338 340.317941
5.295000 9.953000 12.082942 54 1
0.000000 0.000000 0.000000 0.000000 0.067711
0.001853 0.000517
4
196.231441 251.942054
5.295000 9.953000 12.082942 41 1
0.000000 0.000000 0.000000 0.000000 0.057228
-0.000220 0.000151
4
134.795473 63.694590
5.295000 9.953000 12.082942 77 1
0.000000 0.000000 0.000000 0.000000 0.066422
-0.001928 -0.000772
4
238.978146 275.730989
5.295000 9.953000 12.082942 46 1
0.000000 0.000000 0.000000 0.000000 0.050364
-0.000038 0.000120
4
225.757460 9.028905
5.295000 9.953000 12.082942 62 1
0.000000 0.000000 0.000000 0.000000 0.074766
0.000180 -0.001157
4
177.395082 149.723435
5.295000 9.953000 12.082942 38 1
0.000000 0.000000 0.000000 0.000000 0.058893
-0.001001 -0.001211
4
62.147212 268.362960
5.295000 9.953000 12.082942 35 1
0.000000 0.000000 0.000000 0.000000 0.075256
-0.000958 -0.000158
4
158.951169 146.318571
5.295000 9.953000 12.082942 45 1
0.000000 0.000000 0.000000 0.000000 0.062030
-0.000642 -0.000421
4
331.730090 411.761337
5.295000 9.953000 12.082942 62 1
0.000000 0.000000 0.000000 0.000000 0.036038
0.000602 0.001136
4
15.430035 300.355523
5.295000 9.953000 12.082942 39 1
0.000000 0.000000 0.000000 0.000000 0.104811
-0.001233 -0.000112
4
237.744215 176.023858
5.295000 9.953000 12.082942 48 1
0.000000 0.000000 0.000000 0.000000 0.052227
-0.048036 -0.004833
4
86.246945 95.081307
5.295000 9.953000 12.082942 52 1
0.000000 0.000000 0.000000 0.000000 0.145294
-0.001637 -0.000514
4
456.992109 267.032318
5.295000 9.953000 12.082942 51 1
0.000000 0.000000 0.000000 0.000000 0.055475
0.001434 0.000191
4
278.790799 372.895685
5.295000 9.953000 12.082942 30 1
0.000000 0.000000 0.000000 0.000000 0.070788
0.000624 0.001712
4
201.971335 170.408908
5.295000 9.953000 12.082942 36 1
0.000000 0.000000 0.000000 0.000000 0.042443
-0.007590 -0.002233
4
220.574007 403.655893
5.295000 9.953000 12.082942 38 1
0.000000 0.000000 0.000000 0.000000 0.054503
-0.000013 0.001191
4
155.616681 383.000481
5.295000 9.953000 12.082942 42 1
0.000000 0.000000 0.000000 0.000000 0.057785
-0.000246 0.001437
4
236.574804 469.430792
5.295000 9.953000 12.082942 34 1
0.000000 0.000000 0.000000 0.000000 0.044767
-0.000237 0.001548
4
301.303719 70.768956
5.295000 9.953000 12.082942 59 1
0.000000 0.000000 0.000000 0.000000 0.040750
0.000193 -0.000397
4
240.007983 226.536930
5.295000 9.953000 12.082942 55 1
0.000000 0.000000 0.000000 0.000000 0.033903
-0.000687 -0.000485
4
214.916242 304.245949
5.295000 9.953000 12.082942 64 1
0.000000 0.000000 0.000000 0.000000 0.049095
0.000029 0.000521
4
451.683593 285.119793
5.295000 9.953000 12.082942 76 1
0.000000 0.000000 0.000000 0.000000 0.044666
0.001229 0.000165
1
252.817307 212.522791
5.295000 9.953000 12.082942 19 2
0.065880 0.000000 0.000000 0.000000 0.018947
-0.001383 -0.001053
4
258.410490 46.825632
5.295000 9.953000 12.082942 61 1
0.000000 0.000000 0.000000 0.000000 0.043388
0.000041 -0.001023
4
213.843269 155.674195
5.295000 9.953000 12.082942 45 1
0.000000 0.000000 0.000000 0.000000 0.047723
-0.002975 -0.003630
4
272.541930 182.057604
5.295000 9.953000 12.082942 50 1
0.000000 0.000000 0.000000 0.000000 0.027144
-0.104951 -0.024394
4
184.339836 216.816953
5.295000 9.953000 12.082942 72 1
0.000000 0.000000 0.000000 0.000000 0.027853
-0.000432 -0.000192
4
241.365642 340.706472
5.295000 9.953000 12.082942 70 1
0.000000 0.000000 0.000000 0.000000 0.042796
0.000896 0.000977
4
462.213953 248.970414
5.295000 9.953000 12.082942 53 1
0.000000 0.000000 0.000000 0.000000 0.062854
0.001689 0.000105
4
203.127342 370.577793
5.295000 9.953000 12.082942 45 1
0.000000 0.000000 0.000000 0.000000 0.037938
0.000061 0.000792
4
53.755457 116.049185
5.295000 9.953000 12.082942 44 1
0.000000 0.000000 0.000000 0.000000 0.192275
-0.001829 -0.000852
1
269.042737 265.794315
5.295000 9.953000 12.082942 24 2
0.065880 0.000000 0.000000 0.000000 0.022042
-0.000104 -0.000367
4
104.604634 180.729071
5.295000 9.953000 12.082942 42 1
0.000000 0.000000 0.000000 0.000000 0.047368
-0.001263 -0.001804
4
117.043663 91.570171
5.295000 9.953000 12.082942 36 1
0.000000 0.000000 0.000000 0.000000 0.067613
-0.001332 -0.000378
4
424.638065 380.469293
5.295000 9.953000 12.082942 46 1
0.000000 0.000000 0.000000 0.000000 0.100894
0.000621 0.001801
4
244.156193 143.566502
5.295000 9.953000 12.082942 71 1
0.000000 0.000000 0.000000 0.000000 0.036934
0.002683 0.002830
4
357.221493 336.682381
5.295000 9.953000 12.082942 45 1
0.000000 0.000000 0.000000 0.000000 0.073542
0.000580 0.000757
1
380.263288 455.367737
5.295000 9.953000 12.082942 26 2
0.065880 0.000000 0.000000 0.000000 0.110243
0.000443 0.001470
4
114.776805 332.897241
5.295000 9.953000 12.082942 68 1
0.000000 0.000000 0.000000 0.000000 0.049567
-0.001029 0.000019
4
444.347165 126.625163
5.295000 9.953000 12.082942 53 1
0.000000 0.000000 0.000000 0.000000 0.119887
0.000628 -0.001461
4
350.033548 415.632035
5.295000 9.953000 12.082942 41 1
0.000000 0.000000 0.000000 0.000000 0.039146
0.000585 0.001182
4
190.304561 184.928283
5.295000 9.953000 12.082942 59 1
0.000000 0.000000 0.000000 0.000000 0.030343
0.000239 -0.001363
4
276.974871 49.570384
5.295000 9.953000 12.082942 84 1
0.000000 0.000000 0.000000 0.000000 0.039150
0.000071 -0.000784
4
265.730350 454.283527
5.295000 9.953000 12.082942 59 1
0.000000 0.000000 0.000000 0.000000 0.027457
-0.000217 0.001622
4
409.339071 110.978020
5.295000 9.953000 12.082942 41 1
0.000000 0.000000 0.000000 0.000000 0.062737
0.000542 -0.001238
4
319.174651 74.410286
5.295000 9.953000 12.082942 78 1
0.000000 0.000000 0.000000 0.000000 0.040842
0.000419 -0.000484
4
119.047713 133.113433
5.295000 9.953000 12.082942 37 1
0.000000 0.000000 0.000000 0.000000 0.030923
-0.001738 -0.000635
1
361.314208 125.940376
5.295000 9.953000 12.082942 30 2
0.065880 0.000000 0.000000 0.000000 0.027467
0.000592 -0.000967
4
125.471520 429.609531
5.295000 9.953000 12.082942 49 1
0.000000 0.000000 0.000000 0.000000 0.087018
-0.000818 0.001279
4
431.072979 240.033989
5.295000 9.953000 12.082942 79 1
0.000000 0.000000 0.000000 0.000000 0.042867
0.001624 -0.000175
1
333.683838 275.874015
5.295000 9.953000 12.082942 19 2
0.065880 0.000000 0.000000 0.000000 0.022601
0.000987 -0.000429
4
337.538289 429.753000
5.295000 9.953000 12.082942 37 1
0.000000 0.000000 0.000000 0.000000 0.035634
0.000635 0.001225
4
130.847126 45.279047
5.295000 9.953000 12.082942 56 1
0.000000 0.000000 0.000000 0.000000 0.163945
0.000307 -0.001433
4
227.251397 240.689681
5.295000 9.953000 12.082942 43 1
0.000000 0.000000 0.000000 0.000000 0.047369
-0.000481 -0.000109
4
214.602769 254.995727
5.295000 9.953000 12.082942 42 1
0.000000 0.000000 0.000000 0.000000 0.056197
-0.000259 0.000140
4
391.714003 103.295960
5.295000 9.953000 12.082942 85 1
0.000000 0.000000 0.000000 0.000000 0.049851
0.000556 -0.001092
4
169.235893 96.618003
5.295000 9.953000 12.082942 51 1
0.000000 0.000000 0.000000 0.000000 0.035170
-0.000120 -0.001791
4
220.525694 272.456271
5.295000 9.953000 12.082942 31 1
0.000000 0.000000 0.000000 0.000000 0.060172
-0.000091 0.000268
4
190.660569 53.171980
5.295000 9.953000 12.082942 55 1
0.000000 0.000000 0.000000 0.000000 0.047404
-0.000827 -0.000580
4
316.969321 160.597749
5.295000 9.953000 12.082942 39 1
0.000000 0.000000 0.000000 0.000000 0.031204
0.005304 -0.001293
4
363.823736 144.380774
5.295000 9.953000 12.082942 36 1
0.000000 0.000000 0.000000 0.000000 0.037194
0.000433 -0.000730
4
493.810506 257.600141
5.295000 9.953000 12.082942 60 1
0.000000 0.000000 0.000000 0.000000 0.069163
0.001308 0.001180
4
282.306860 253.285452
5.295000 9.953000 12.082942 38 1
0.000000 0.000000 0.000000 0.000000 0.036678
-0.000466 -0.000872
4
438.633307 271.529712
5.295000 9.953000 12.082942 36 1
0.000000 0.000000 0.000000 0.000000 0.056771
0.001409 0.000002
4
190.350364 234.365789
5.295000 9.953000 12.082942 57 1
0.000000 0.000000 0.000000 0.000000 0.034523
-0.000302 -0.000031
1
293.679401 136.449081
5.295000 9.953000 12.082942 21 2
0.065880 0.000000 0.000000 0.000000 0.018787
0.000036 -0.000901
4
123.543785 238.386555
5.295000 9.953000 12.082942 62 1
0.000000 0.000000 0.000000 0.000000 0.034657
-0.000169 0.000097
4
195.687953 152.817125
5.295000 9.953000 12.082942 57 1
0.000000 0.000000 0.000000 0.000000 0.047179
0.000639 0.000152
4
309.178529 454.298548
5.295000 9.953000 12.082942 34 1
0.000000 0.000000 0.000000 0.000000 0.046948
0.000960 0.001856
4
219.191831 436.056411
5.295000 9.953000 12.082942 41 1
0.000000 0.000000 0.000000 0.000000 0.044007
-0.000191 0.001370
4
189.436221 135.320951
5.295000 9.953000 12.082942 36 1
0.000000 0.000000 0.000000 0.000000 0.059596
-0.001255 -0.001549
4
213.996876 23.877575
5.295000 9.953000 12.082942 43 1
0.000000 0.000000 0.000000 0.000000 0.077294
-0.000003 -0.001183
4
358.792572 107.498710
5.295000 9.953000 12.082942 51 1
0.000000 0.000000 0.000000 0.000000 0.035937
0.000677 -0.001003
4
177.886969 248.809462
5.295000 9.953000 12.082942 41 1
0.000000 0.000000 0.000000 0.000000 0.044111
-0.000158 0.000121
4
207.318285 484.513748
5.295000 9.953000 12.082942 37 1
0.000000 0.000000 0.000000 0.000000 0.084768
-0.000252 0.001463
4
153.019105 128.716044
5.295000 9.953000 12.082942 35 1
0.000000 0.000000 0.000000 0.000000 0.064212
-0.001064 -0.000629
4
140.307032 142.572603
5.295000 9.953000 12.082942 48 1
0.000000 0.000000 0.000000 0.000000 0.060771
-0.000709 -0.000224
4
185.334935 335.433151
5.295000 9.953000 12.082942 74 1
0.000000 0.000000 0.000000 0.000000 0.036998
0.000235 0.000756
4
135.976822 175.133296
5.295000 9.953000 12.082942 44 1
0.000000 0.000000 0.000000 0.000000 0.049196
-0.000960 0.000026
4
55.378886 173.203533
5.295000 9.953000 12.082942 72 1
0.000000 0.000000 0.000000 0.000000 0.045655
-0.001308 -0.000323
4
198.671351 467.738112
5.295000 9.953000 12.082942 65 1
0.000000 0.000000 0.000000 0.000000 0.068608
-0.000282 0.001397
4
184.935772 369.386879
5.295000 9.953000 12.082942 81 1
0.000000 0.000000 0.000000 0.000000 0.034108
-0.000159 0.000756
4
282.544922 17.413880
5.295000 9.953000 12.082942 62 1
0.000000 0.000000 0.000000 0.000000 0.101874
0.000125 -0.000806
4
393.032281 441.296083
5.295000 9.953000 12.082942 46 1
0.000000 0.000000 0.000000 0.000000 0.140818
0.000410 0.001443
4
101.873929 380.989517
5.295000 9.953000 12.082942 39 1
0.000000 0.000000 0.000000 0.000000 0.066490
-0.001202 0.000340
4
261.410936 97.043486
5.295000 9.953000 12.082942 60 1
0.000000 0.000000 0.000000 0.000000 0.053837
-0.000394 -0.000877
4
82.287168 334.907145
5.295000 9.953000 12.082942 47 1
0.000000 0.000000 0.000000 0.000000 0.054497
-0.001054 -0.000035
4
133.900771 82.367828
5.295000 9.953000 12.082942 51 1
0.000000 0.000000 0.000000 0.000000 0.051117
-0.001340 -0.000574
4
58.343159 230.286307
5.295000 9.953000 12.082942 75 1
0.000000 0.000000 0.000000 0.000000 0.052639
-0.000892 -0.000152
4
66.839098 345.099397
5.295000 9.953000 12.082942 75 1
0.000000 0.000000 0.000000 0.000000 0.066791
-0.001135 -0.000004
4
106.251471 233.741490
5.295000 9.953000 12.082942 70 1
0.000000 0.000000 0.000000 0.000000 0.043566
-0.000158 -0.000613
4
146.922229 259.729390
5.295000 9.953000 12.082942 32 1
0.000000 0.000000 0.000000 0.000000 0.036172
-0.000105 0.000190
4
381.127334 405.626849
5.295000 9.953000 12.082942 44 1
0.000000 0.000000 0.000000 0.000000 0.056211
0.000485 0.001209
4
49.428473 316.983231
5.295000 9.953000 12.082942 42 1
0.000000 0.000000 0.000000 0.000000 0.070540
-0.001266 0.000014
4
182.891678 401.661944
5.295000 9.953000 12.082942 72 1
0.000000 0.000000 0.000000 0.000000 0.030538
0.000052 0.001040
4
269.546754 356.819385
5.295000 9.953000 12.082942 58 1
0.000000 0.000000 0.000000 0.000000 0.064653
0.000778 0.001636
1
303.262841 173.197024
5.295000 9.953000 12.082942 41 2
0.065880 0.000000 0.000000 0.000000 0.020349
-0.007897 0.014675
4
313.029284 142.294251
5.295000 9.953000 12.082942 88 1
0.000000 0.000000 0.000000 0.000000 0.020302
0.001373 -0.000688
4
103.046200 161.414351
5.295000 9.953000 12.082942 36 1
0.000000 0.000000 0.000000 0.000000 0.042603
-0.001144 -0.000806
4
285.463816 204.385765
5.295000 9.953000 12.082942 66 1
0.000000 0.000000 0.000000 0.000000 0.033934
-0.000859 -0.001468
1
334.752606 83.723382
5.295000 9.953000 12.082942 30 2
0.065880 0.000000 0.000000 0.000000 0.017347
0.001707 -0.002306
4
189.759429 284.157384
5.295000 9.953000 12.082942 46 1
0.000000 0.000000 0.000000 0.000000 0.065631
-0.000066 0.000405
4
295.291713 406.125071
5.295000 9.953000 12.082942 70 1
0.000000 0.000000 0.000000 0.000000 0.044844
0.000404 0.001807
4
69.069336 86.990983
5.295000 9.953000 12.082942 38 1
0.000000 0.000000 0.000000 0.000000 0.429492
-0.001254 -0.001082
4
295.256609 240.286735
5.295000 9.953000 12.082942 50 1
0.000000 0.000000 0.000000 0.000000 0.038769
-0.000232 -0.000870
4
249.956473 161.062908
5.295000 9.953000 12.082942 43 1
0.000000 0.000000 0.000000 0.000000 0.035788
-0.006818 -0.012879
4
166.703120 332.453292
5.295000 9.953000 12.082942 65 1
0.000000 0.000000 0.000000 0.000000 0.034314
-0.000022 0.000837
4
135.094086 124.184745
5.295000 9.953000 12.082942 33 1
0.000000 0.000000 0.000000 0.000000 0.055708
-0.001331 -0.000061
4
337.492398 307.364650
5.295000 9.953000 12.082942 72 1
0.000000 0.000000 0.000000 0.000000 0.030929
0.000608 0.000164
4
421.340055 325.269409
5.295000 9.953000 12.082942 80 1
0.000000 0.000000 0.000000 0.000000 0.037587
0.001826 0.000338
4
100.467181 362.198263
5.295000 9.953000 12.082942 61 1
0.000000 0.000000 0.000000 0.000000 0.058019
-0.001080 0.000130
4
246.727387 61.704247
5.295000 9.953000 12.082942 49 1
0.000000 0.000000 0.000000 0.000000 0.047532
-0.000043 -0.001119
4
381.433800 67.519860
5.295000 9.953000 12.082942 70 1
0.000000 0.000000 0.000000 0.000000 0.088868
0.001688 -0.001752
4
302.319236 106.662514
5.295000 9.953000 12.082942 60 1
0.000000 0.000000 0.000000 0.000000 0.023239
0.000424 -0.000131
4
454.169065 334.025950
5.295000 9.953000 12.082942 62 1
0.000000 0.000000 0.000000 0.000000 0.051738
0.000294 0.001659
4
75.047946 238.689461
5.295000 9.953000 12.082942 43 1
0.000000 0.000000 0.000000 0.000000 0.055154
-0.000733 -0.000143
4
41.582870 221.878881
5.295000 9.953000 12.082942 32 1
0.000000 0.000000 0.000000 0.000000 0.045217
-0.001004 -0.000143
4
470.144908 280.404586
5.295000 9.953000 12.082942 50 1
0.000000 0.000000 0.000000 0.000000 0.042994
0.001056 0.000803
4
178.199113 199.262565
5.295000 9.953000 12.082942 59 1
0.000000 0.000000 0.000000 0.000000 0.021544
-0.000673 -0.000323
4
298.069894 373.338776
5.295000 9.953000 12.082942 39 1
0.000000 0.000000 0.000000 0.000000 0.065187
0.000890 0.001665
4
70.487801 402.142216
5.295000 9.953000 12.082942 48 1
0.000000 0.000000 0.000000 0.000000 0.172568
-0.001318 0.000351
4
311.394631 327.318078
5.295000 9.953000 12.082942 32 1
0.000000 0.000000 0.000000 0.000000 0.053322
0.000022 0.000048
4
128.436978 256.118146
5.295000 9.953000 12.082942 61 1
0.000000 0.000000 0.000000 0.000000 0.020379
-0.000235 0.000154
4
86.612008 114.413658
5.295000 9.953000 12.082942 40 1
0.000000 0.000000 0.000000 0.000000 0.089046
-0.001745 -0.000697
4
433.356701 289.499386
5.295000 9.953000 12.082942 64 1
0.000000 0.000000 0.000000 0.000000 0.054639
0.001225 0.000024
4
357.277783 211.934219
5.295000 9.953000 12.082942 58 1
0.000000 0.000000 0.000000 0.000000 0.055504
0.010990 0.002200
4
174.404951 384.820636
5.295000 9.953000 12.082942 50 1
0.000000 0.000000 0.000000 0.000000 0.038769
-0.000078 0.000928
4
53.489873 393.564145
5.295000 9.953000 12.082942 44 1
0.000000 0.000000 0.000000 0.000000 0.299307
-0.001161 0.000108
4
448.649174 184.631767
5.295000 9.953000 12.082942 37 1
0.000000 0.000000 0.000000 0.000000 0.069475
0.000775 -0.000063
1
275.512787 438.075134
5.295000 9.953000 12.082942 0 1
0.065880 0.000000 0.000000 0.000000 0.027377
0.000159 0.001878
1
248.104800 420.877959
5.295000 9.953000 12.082942 28 2
0.065880 0.000000 0.000000 0.000000 0.035014
-0.000030 0.001500
4
352.074797 90.145445
5.295000 9.953000 12.082942 63 1
0.000000 0.000000 0.000000 0.000000 0.030656
0.001317 -0.001348
4
66.279683 325.366830
5.295000 9.953000 12.082942 31 1
0.000000 0.000000 0.000000 0.000000 0.058775
-0.001235 0.000089
1
296.178424 88.948234
5.295000 9.953000 12.082942 0 1
0.065880 0.000000 0.000000 0.000000 0.029680
0.000053 -0.000209
4
72.041758 181.914086
5.295000 9.953000 12.082942 54 1
0.000000 0.000000 0.000000 0.000000 0.036271
-0.001078 -0.000355
4
35.374967 365.586061
5.295000 9.953000 12.082942 39 1
0.000000 0.000000 0.000000 0.000000 0.293905
-0.001149 0.000058
4
363.891823 59.616647
5.295000 9.953000 12.082942 66 1
0.000000 0.000000 0.000000 0.000000 0.062223
0.002420 -0.000839
4
220.151326 173.378844
5.295000 9.953000 12.082942 35 1
0.000000 0.000000 0.000000 0.000000 0.052482
0.020462 0.001978
4
320.910407 110.931075
5.295000 9.953000 12.082942 61 1
0.000000 0.000000 0.000000 0.000000 0.031553
0.000794 -0.000733
4
442.231210 107.757410
5.295000 9.953000 12.082942 64 1
0.000000 0.000000 0.000000 0.000000 0.180478
0.000485 -0.001483
4
292.461584 328.097011
5.295000 9.953000 12.082942 62 1
0.000000 0.000000 0.000000 0.000000 0.052555
-0.000034 0.000049
4
400.800114 177.278797
5.295000 9.953000 12.082942 70 1
0.000000 0.000000 0.000000 0.000000 0.030334
0.000873 -0.000626
4
196.656620 202.485800
5.295000 9.953000 12.082942 32 1
0.000000 0.000000 0.000000 0.000000 0.032474
0.000045 -0.000748
4
154.771466 416.315852
5.295000 9.953000 12.082942 45 1
0.000000 0.000000 0.000000 0.000000 0.050682
-0.000467 0.000929
1
439.941799 88.933916
5.295000 9.953000 12.082942 22 2
0.065880 0.000000 0.000000 0.000000 0.312220
0.000349 -0.001485
4
192.980067 102.173883
5.295000 9.953000 12.082942 48 1
0.000000 0.000000 0.000000 0.000000 0.033559
0.004269 0.003002
4
348.920023 155.734211
5.295000 9.953000 12.082942 49 1
0.000000 0.000000 0.000000 0.000000 0.046596
0.002366 -0.001880
4
233.899219 208.940020
5.295000 9.953000 12.082942 47 1
0.000000 0.000000 0.000000 0.000000 0.048146
0.000189 -0.000840
4
326.545358 42.790986
5.295000 9.953000 12.082942 55 1
0.000000 0.000000 0.000000 0.000000 0.050432
-0.000189 -0.000902
4
441.903436 202.934428
5.295000 9.953000 12.082942 62 1
0.000000 0.000000 0.000000 0.000000 0.060253
0.001566 0.000001
4
201.744108 402.799689
5.295000 9.953000 12.082942 34 1
0.000000 0.000000 0.000000 0.000000 0.041490
-0.000017 0.001069
4
337.517223 186.108950
5.295000 9.953000 12.082942 47 1
0.000000 0.000000 0.000000 0.000000 0.042991
-0.009222 0.004361
4
132.270497 340.545747
5.295000 9.953000 12.082942 54 1
0.000000 0.000000 0.000000 0.000000 0.044686
-0.001354 0.000424
4
449.171897 235.352726
5.295000 9.953000 12.082942 67 1
0.000000 0.000000 0.000000 0.000000 0.056170
0.001838 -0.000089
4
330.422058 361.785308
5.295000 9.953000 12.082942 46 1
0.000000 0.000000 0.000000 0.000000 0.054081
0.000717 0.000970
4
330.127810 325.703576
5.295000 9.953000 12.082942 71 1
0.000000 0.000000 0.000000 0.000000 0.052573
0.000265 0.000102
4
402.807662 327.355887
5.295000 9.953000 12.082942 0 1
0.000000 0.000000 0.000000 0.000000 0.046117
0.001552 0.000695
4
427.734846 307.438205
5.295000 9.953000 12.082942 0 1
0.000000 0.000000 0.000000 0.000000 0.047161
0.001342 0.000171
4
230.821120 108.552723
5.295000 9.953000 12.082942 0 1
0.000000 0.000000 0.000000 0.000000 0.038424
-0.000214 -0.000812
4
306.682344 191.436032
5.295000 9.953000 12.082942 45 1
0.000000 0.000000 0.000000 0.000000 0.037757
-0.090918 -0.031247
4
375.401011 302.535578
5.295000 9.953000 12.082942 50 1
0.000000 0.000000 0.000000 0.000000 0.050885
0.001073 0.000452
4
454.530353 217.083666
5.295000 9.953000 12.082942 0 1
0.000000 0.000000 0.000000 0.000000 0.058951
0.001801 -0.000117
4
436.426009 221.631483
5.295000 9.953000 12.082942 0 1
0.000000 0.000000 0.000000 0.000000 0.051690
0.001693 -0.000111
4
141.604871 464.266049
5.295000 9.953000 12.082942 0 1
0.000000 0.000000 0.000000 0.000000 0.196839
-0.000303 0.001025
4
95.735269 265.073352
5.295000 9.953000 12.082942 0 1
0.000000 0.000000 0.000000 0.000000 0.049611
-0.000507 -0.000040
4
278.859205 340.668113
5.295000 9.953000 12.082942 0 1
0.000000 0.000000 0.000000 0.000000 0.064869
0.001318 0.001879
4
418.372691 362.260149
5.295000 9.953000 12.082942 0 1
0.000000 0.000000 0.000000 0.000000 0.097561
0.000788 0.001552
1
394.523437 248.987279
5.295000 9.953000 12.082942 19 2
0.065880 0.000000 0.000000 0.000000 0.023051
0.001405 -0.000133
4
158.742784 295.671936
5.295000 9.953000 12.082942 43 1
0.000000 0.000000 0.000000 0.000000 0.049647
-0.000081 0.000507
4
225.854989 140.800682
5.295000 9.953000 12.082942 82 1
0.000000 0.000000 0.000000 0.000000 0.039140
-0.002367 -0.002524
4
289.978766 295.746122
5.295000 9.953000 12.082942 48 1
0.000000 0.000000 0.000000 0.000000 0.036987
0.000258 -0.000274
4
38.054558 145.296087
5.295000 9.953000 12.082942 54 1
0.000000 0.000000 0.000000 0.000000 0.188047
-0.001606 -0.000379
4
65.096178 306.257445
5.295000 9.953000 12.082942 72 1
0.000000 0.000000 0.000000 0.000000 0.053325
-0.001230 0.000027
4
43.124175 241.097036
5.295000 9.953000 12.082942 30 1
0.000000 0.000000 0.000000 0.000000 0.058148
-0.000968 -0.000152
1
409.257874 310.549708
5.295000 9.953000 12.082942 19 2
0.065880 0.000000 0.000000 0.000000 0.034841
0.001392 0.000453
4
342.481203 223.364874
5.295000 9.953000 12.082942 54 1
0.000000 0.000000 0.000000 0.000000 0.049884
0.000521 0.005385
4
263.766083 487.586884
5.295000 9.953000 12.082942 41 1
0.000000 0.000000 0.000000 0.000000 0.052539
0.000214 0.000952
4
276.848770 405.426938
5.295000 9.953000 12.082942 45 1
0.000000 0.000000 0.000000 0.000000 0.057830
0.000253 0.001704
4
352.054193 273.096216
5.295000 9.953000 12.082942 44 1
0.000000 0.000000 0.000000 0.000000 0.042384
0.000991 0.000079
4
162.846243 433.193063
5.295000 9.953000 12.082942 75 1
0.000000 0.000000 0.000000 0.000000 0.044554
-0.000369 0.001006
4
354.521935 193.154797
5.295000 9.953000 12.082942 45 1
0.000000 0.000000 0.000000 0.000000 0.053139
0.006400 -0.001995
4
80.598786 295.335484
5.295000 9.953000 12.082942 81 1
0.000000 0.000000 0.000000 0.000000 0.042077
-0.001166 0.000059
4
171.265543 281.107798
5.295000 9.953000 12.082942 27 1
0.000000 0.000000 0.000000 0.000000 0.062129
-0.000089 0.000385
4
285.754269 168.145163
5.295000 9.953000 12.082942 71 1
0.000000 0.000000 0.000000 0.000000 0.026246
0.001340 -0.018572
4
181.550182 434.240737
5.295000 9.953000 12.082942 42 1
0.000000 0.000000 0.000000 0.000000 0.046711
-0.000268 0.001166
4
246.082598 194.788625
5.295000 9.953000 12.082942 72 1
0.000000 0.000000 0.000000 0.000000 0.042504
-0.004369 0.003629
4
182.914324 35.985939
5.295000 9.953000 12.082942 54 1
0.000000 0.000000 0.000000 0.000000 0.085903
0.001183 -0.001479
4
393.758814 391.597879
5.295000 9.953000 12.082942 42 1
0.000000 0.000000 0.000000 0.000000 0.065954
0.000536 0.001222
4
348.446514 321.427730
5.295000 9.953000 12.082942 39 1
0.000000 0.000000 0.000000 0.000000 0.060141
0.000544 0.000313
4
322.002398 261.124105
5.295000 9.953000 12.082942 80 1
0.000000 0.000000 0.000000 0.000000 0.029446
0.001026 -0.000752
4
226.773663 289.736926
5.295000 9.953000 12.082942 32 1
0.000000 0.000000 0.000000 0.000000 0.060213
0.000038 0.000367
4
425.595071 258.018689
5.295000 9.953000 12.082942 45 1
0.000000 0.000000 0.000000 0.000000 0.044029
0.001514 -0.000047
4
38.770653 164.464654
5.295000 9.953000 12.082942 55 1
0.000000 0.000000 0.000000 0.000000 0.074353
-0.001419 -0.000267
4
84.857123 372.684447
5.295000 9.953000 12.082942 41 1
0.000000 0.000000 0.000000 0.000000 0.078677
-0.001123 0.000191
4
33.675877 327.565539
5.295000 9.953000 12.082942 53 1
0.000000 0.000000 0.000000 0.000000 0.106325
-0.001297 0.000001
4
379.543645 48.836066
5.295000 9.953000 12.082942 80 1
0.000000 0.000000 0.000000 0.000000 0.139701
0.001607 -0.002055
4
431.159031 156.203527
5.295000 9.953000 12.082942 39 1
0.000000 0.000000 0.000000 0.000000 0.060240
0.000869 -0.001186
4
337.347689 379.663662
5.295000 9.953000 12.082942 55 1
0.000000 0.000000 0.000000 0.000000 0.036945
0.000431 0.001042
4
287.399185 389.305350
5.295000 9.953000 12.082942 48 1
0.000000 0.000000 0.000000 0.000000 0.063784
0.000472 0.001751
4
412.712933 244.629013
5.295000 9.953000 12.082942 47 1
0.000000 0.000000 0.000000 0.000000 0.038967
0.001577 -0.000130
4
386.825414 317.253027
5.295000 9.953000 12.082942 65 1
0.000000 0.000000 0.000000 0.000000 0.052724
0.001178 0.000616
4
86.954998 152.576715
5.295000 9.953000 12.082942 70 1
0.000000 0.000000 0.000000 0.000000 0.041772
-0.001488 -0.000559
4
69.987927 105.796877
5.295000 9.953000 12.082942 43 1
0.000000 0.000000 0.000000 0.000000 0.143267
-0.001694 -0.000873
4
311.739982 473.285986
5.295000 9.953000 12.082942 47 1
0.000000 0.000000 0.000000 0.000000 0.082136
0.001241 0.002160
4
472.672631 330.126942
5.295000 9.953000 12.082942 59 1
0.000000 0.000000 0.000000 0.000000 0.073663
0.000116 0.001153
4
403.548467 195.416711
5.295000 9.953000 12.082942 61 1
0.000000 0.000000 0.000000 0.000000 0.035951
0.001117 -0.000493
4
40.273664 202.644341
5.295000 9.953000 12.082942 31 1
0.000000 0.000000 0.000000 0.000000 0.043819
-0.001121 -0.000158
4
418.379520 226.698010
5.295000 9.953000 12.082942 63 1
0.000000 0.000000 0.000000 0.000000 0.041852
0.001668 -0.000141
4
208.795067 237.481865
5.295000 9.953000 12.082942 41 1
0.000000 0.000000 0.000000 0.000000 0.032883
-0.000368 -0.000020
4
358.245510 255.359940
5.295000 9.953000 12.082942 55 1
0.000000 0.000000 0.000000 0.000000 0.054774
0.001537 0.000127
4
202.114323 269.500290
5.295000 9.953000 12.082942 31 1
0.000000 0.000000 0.000000 0.000000 0.064765
-0.000120 0.000295
4
430.982693 398.299731
5.295000 9.953000 12.082942 74 1
0.000000 0.000000 0.000000 0.000000 0.119415
0.000466 0.001941
4
290.541513 186.540477
5.295000 9.953000 12.082942 43 1
0.000000 0.000000 0.000000 0.000000 0.027987
0.110792 0.030721
1
324.581498 443.310668
5.295000 9.953000 12.082942 20 2
0.065880 0.000000 0.000000 0.000000 0.024354
0.000613 0.001336
4
178.364779 67.019011
5.295000 9.953000 12.082942 33 1
0.000000 0.000000 0.000000 0.000000 0.033915
0.000544 0.001823
4
103.014548 399.703344
5.295000 9.953000 12.082942 33 1
0.000000 0.000000 0.000000 0.000000 0.069890
-0.001350 0.000620
4
275.020405 132.372698
5.295000 9.953000 12.082942 76 1
0.000000 0.000000 0.000000 0.000000 0.030968
-0.000575 -0.001310
4
356.766935 305.057162
5.295000 9.953000 12.082942 50 1
0.000000 0.000000 0.000000 0.000000 0.051733
0.000872 0.000353
4
202.838968 219.980823
5.295000 9.953000 12.082942 86 1
0.000000 0.000000 0.000000 0.000000 0.029545
-0.000350 -0.000298
4
88.902872 190.598519
5.295000 9.953000 12.082942 41 1
0.000000 0.000000 0.000000 0.000000 0.046816
-0.000596 -0.000353
4
308.092648 124.435632
5.295000 9.953000 12.082942 55 1
0.000000 0.000000 0.000000 0.000000 0.029333
0.001043 -0.000275
4
321.815630 343.395591
5.295000 9.953000 12.082942 34 1
0.000000 0.000000 0.000000 0.000000 0.072490
-0.000305 0.000003
4
370.328234 270.279227
5.295000 9.953000 12.082942 72 1
0.000000 0.000000 0.000000 0.000000 0.028780
0.001212 0.000120
4
39.428985 183.595575
5.295000 9.953000 12.082942 47 1
0.000000 0.000000 0.000000 0.000000 0.063288
-0.001287 -0.000209
4
72.959900 200.691556
5.295000 9.953000 12.082942 33 1
0.000000 0.000000 0.000000 0.000000 0.046246
-0.001109 -0.000421
4
26.189858 232.694415
5.295000 9.953000 12.082942 72 1
0.000000 0.000000 0.000000 0.000000 0.045193
-0.001040 -0.000113
4
217.620962 468.597284
5.295000 9.953000 12.082942 66 1
0.000000 0.000000 0.000000 0.000000 0.045984
-0.000248 0.001498
4
455.310521 368.898947
5.295000 9.953000 12.082942 44 1
0.000000 0.000000 0.000000 0.000000 0.141344
0.000681 0.002188
4
171.929488 231.139821
5.295000 9.953000 12.082942 36 1
0.000000 0.000000 0.000000 0.000000 0.034414
-0.000145 -0.000066
4
368.907463 181.451133
5.295000 9.953000 12.082942 59 1
0.000000 0.000000 0.000000 0.000000 0.051131
-0.000696 -0.000192
4
269.027206 324.637424
5.295000 9.953000 12.082942 47 1
0.000000 0.000000 0.000000 0.000000 0.047329
0.001768 0.001892
4
271.350987 297.346571
5.295000 9.953000 12.082942 60 1
0.000000 0.000000 0.000000 0.000000 0.028405
0.000070 -0.000236
4
209.261185 56.225162
5.295000 9.953000 12.082942 81 1
0.000000 0.000000 0.000000 0.000000 0.043421
-0.000256 -0.001334
4
119.107633 389.057397
5.295000 9.953000 12.082942 33 1
0.000000 0.000000 0.000000 0.000000 0.068681
-0.001354 0.000531
4
153.882966 63.158324
5.295000 9.953000 12.082942 31 1
0.000000 0.000000 0.000000 0.000000 0.037825
-0.002098 -0.001486
4
119.139381 169.475224
5.295000 9.953000 12.082942 38 1
0.000000 0.000000 0.000000 0.000000 0.047857
-0.000664 -0.000735
1
150.009757 44.835506
5.295000 9.953000 12.082942 21 2
0.065880 0.000000 0.000000 0.000000 0.054099
0.000125 -0.001830
4
251.186404 261.972754
5.295000 9.953000 12.082942 48 1
0.000000 0.000000 0.000000 0.000000 0.029345
-0.000268 -0.000221
4
79.659423 276.335157
5.295000 9.953000 12.082942 43 1
0.000000 0.000000 0.000000 0.000000 0.069175
-0.001082 -0.000057
1
283.404642 67.124438
5.295000 9.953000 12.082942 21 2
0.065880 0.000000 0.000000 0.000000 0.032324
0.000073 -0.000688
4
231.359832 355.992438
5.295000 9.953000 12.082942 34 1
0.000000 0.000000 0.000000 0.000000 0.047434
0.000545 0.000977
4
119.209327 114.049971
5.295000 9.953000 12.082942 58 1
0.000000 0.000000 0.000000 0.000000 0.044963
-0.001429 -0.000507
4
443.948664 253.523614
5.295000 9.953000 12.082942 68 1
0.000000 0.000000 0.000000 0.000000 0.049267
0.001615 -0.000037
4
262.452627 146.581985
5.295000 9.953000 12.082942 32 1
0.000000 0.000000 0.000000 0.000000 0.033533
-0.003565 -0.004811
4
188.358913 483.606754
5.295000 9.953000 12.082942 60 1
0.000000 0.000000 0.000000 0.000000 0.112379
-0.000327 0.001354
4
103.163810 142.731309
5.295000 9.953000 12.082942 43 1
0.000000 0.000000 0.000000 0.000000 0.037907
-0.001791 -0.000789
4
288.650995 356.779149
5.295000 9.953000 12.082942 36 1
0.000000 0.000000 0.000000 0.000000 0.073834
0.000998 0.001844
4
177.532554 298.856204
5.295000 9.953000 12.082942 36 1
0.000000 0.000000 0.000000 0.000000 0.060042
-0.000049 0.000512
4
285.548099 422.128412
5.295000 9.953000 12.082942 32 1
0.000000 0.000000 0.000000 0.000000 0.041588
0.000045 0.001743
4
446.202202 303.320483
5.295000 9.953000 12.082942 77 1
0.000000 0.000000 0.000000 0.000000 0.034801
0.001104 -0.000066
4
486.105008 178.352205
5.295000 9.953000 12.082942 64 1
0.000000 0.000000 0.000000 0.000000 0.129286
0.000608 -0.001249
4
255.853894 178.806456
5.295000 9.953000 12.082942 70 1
0.000000 0.000000 0.000000 0.000000 0.035282
0.079342 0.012111
4
201.135351 120.554947
5.295000 9.953000 12.082942 51 1
0.000000 0.000000 0.000000 0.000000 0.048826
-0.001243 -0.002061
4
313.892558 56.560748
5.295000 9.953000 12.082942 63 1
0.000000 0.000000 0.000000 0.000000 0.047491
0.000229 -0.000508
4
116.059819 454.964031
5.295000 9.953000 12.082942 45 1
0.000000 0.000000 0.000000 0.000000 0.324993
-0.000804 -0.000207
4
304.227239 209.700888
5.295000 9.953000 12.082942 62 1
0.000000 0.000000 0.000000 0.000000 0.039847
-0.003143 0.003161
4
479.482474 195.938552
5.295000 9.953000 12.082942 58 1
0.000000 0.000000 0.000000 0.000000 0.090011
0.001136 -0.000926
4
343.846992 397.593230
5.295000 9.953000 12.082942 39 1
0.000000 0.000000 0.000000 0.000000 0.035623
0.000530 0.001077
4
210.500913 419.414745
5.295000 9.953000 12.082942 43 1
0.000000 0.000000 0.000000 0.000000 0.048980
-0.000123 0.001237
4
193.018931 352.797412
5.295000 9.953000 12.082942 34 1
0.000000 0.000000 0.000000 0.000000 0.038537
0.000350 0.000814
4
165.423160 163.914780
5.295000 9.953000 12.082942 44 1
0.000000 0.000000 0.000000 0.000000 0.047981
-0.001056 -0.000548
4
493.065733 229.796390
5.295000 9.953000 12.082942 59 1
0.000000 0.000000 0.000000 0.000000 0.083067
-0.000578 -0.001281
4
114.166751 217.016573
5.295000 9.953000 12.082942 51 1
0.000000 0.000000 0.000000 0.000000 0.052008
-0.004559 -0.003252
4
87.576705 410.509253
5.295000 9.953000 12.082942 49 1
0.000000 0.000000 0.000000 0.000000 0.123498
-0.001746 0.000973
1
307.917725 38.637334
5.295000 9.953000 12.082942 47 2
0.065880 0.000000 0.000000 0.000000 0.050926
-0.000083 -0.000607
4
300.753144 311.586812
5.295000 9.953000 12.082942 61 1
0.000000 0.000000 0.000000 0.000000 0.044975
0.000192 -0.000107
4
424.686444 100.038702
5.295000 9.953000 12.082942 38 1
0.000000 0.000000 0.000000 0.000000 0.138337
0.000428 -0.001375
4
448.322457 164.698976
5.295000 9.953000 12.082942 44 1
0.000000 0.000000 0.000000 0.000000 0.073897
0.000893 -0.001541
4
346.266688 137.431389
5.295000 9.953000 12.082942 57 1
0.000000 0.000000 0.000000 0.000000 0.041968
0.000763 -0.000925
4
480.624657 244.146374
5.295000 9.953000 12.082942 53 1
0.000000 0.000000 0.000000 0.000000 0.072152
0.001652 0.000657
4
294.384664 465.961805
5.295000 9.953000 12.082942 49 1
0.000000 0.000000 0.000000 0.000000 0.050991
0.001014 0.001338
4
411.603883 129.586584
5.295000 9.953000 12.082942 54 1
0.000000 0.000000 0.000000 0.000000 0.075302
0.000690 -0.001188
4
10.693555 243.492969
5.295000 9.953000 12.082942 40 1
0.000000 0.000000 0.000000 0.000000 0.056866
-0.001061 -0.000095
4
32.484437 308.622152
5.295000 9.953000 12.082942 70 1
0.000000 0.000000 0.000000 0.000000 0.075263
-0.001264 -0.000047
4
149.089832 365.344074
5.295000 9.953000 12.082942 41 1
0.000000 0.000000 0.000000 0.000000 0.058307
-0.000738 0.001315
4
86.104435 391.530845
5.295000 9.953000 12.082942 74 1
0.000000 0.000000 0.000000 0.000000 0.099868
-0.001205 0.000466
4
165.899532 213.519185
5.295000 9.953000 12.082942 40 1
0.000000 0.000000 0.000000 0.000000 0.027801
-0.000247 -0.000256
4
171.995171 181.647130
5.295000 9.953000 12.082942 80 1
0.000000 0.000000 0.000000 0.000000 0.024431
-0.000849 -0.000339
4
394.029497 121.897353
5.295000 9.953000 12.082942 46 1
0.000000 0.000000 0.000000 0.000000 0.048131
0.000652 -0.001036
4
245.647528 244.238866
5.295000 9.953000 12.082942 69 1
0.000000 0.000000 0.000000 0.000000 0.032145
-0.000554 -0.000280
4
135.028093 223.894559
5.295000 9.953000 12.082942 44 1
0.000000 0.000000 0.000000 0.000000 0.040176
0.000240 0.000310
4
183.184109 117.841118
5.295000 9.953000 12.082942 38 1
0.000000 0.000000 0.000000 0.000000 0.049233
-0.001047 -0.000734
4
159.582597 245.470420
5.295000 9.953000 12.082942 51 1
0.000000 0.000000 0.000000 0.000000 0.032573
-0.000099 0.000120
4
226.225689 485.357451
5.295000 9.953000 12.082942 33 1
0.000000 0.000000 0.000000 0.000000 0.072455
-0.000142 0.001543
4
369.174264 370.581618
5.295000 9.953000 12.082942 56 1
0.000000 0.000000 0.000000 0.000000 0.046475
0.000635 0.000952
4
396.819933 56.622288
5.295000 9.953000 12.082942 68 1
0.000000 0.000000 0.000000 0.000000 0.229016
0.001544 -0.001862
4
89.590610 227.533605
5.295000 9.953000 12.082942 44 1
0.000000 0.000000 0.000000 0.000000 0.059287
-0.000623 -0.000094
4
27.737017 251.815851
5.295000 9.953000 12.082942 39 1
0.000000 0.000000 0.000000 0.000000 0.062506
-0.001026 -0.000135
4
367.806080 320.582077
5.295000 9.953000 12.082942 38 1
0.000000 0.000000 0.000000 0.000000 0.071405
0.000832 0.000616
4
34.671040 346.543552
5.295000 9.953000 12.082942 61 1
0.000000 0.000000 0.000000 0.000000 0.167838
-0.001280 0.000043
4
120.454515 286.685910
5.295000 9.953000 12.082942 86 1
0.000000 0.000000 0.000000 0.000000 0.020264
-0.000086 -0.000019
4
54.178167 135.036528
5.295000 9.953000 12.082942 74 1
0.000000 0.000000 0.000000 0.000000 0.088489
-0.001674 -0.000623
4
315.417073 277.969932
5.295000 9.953000 12.082942 31 1
0.000000 0.000000 0.000000 0.000000 0.032963
0.000605 -0.000361
4
412.371104 395.028229
5.295000 9.953000 12.082942 44 1
0.000000 0.000000 0.000000 0.000000 0.088666
0.000488 0.001528
1
183.778833 167.280865
5.295000 9.953000 12.082942 24 2
0.065880 0.000000 0.000000 0.000000 0.030551
0.001543 -0.000380
4
279.126959 280.769164
5.295000 9.953000 12.082942 50 1
0.000000 0.000000 0.000000 0.000000 0.021999
0.000204 -0.000368
4
141.410461 241.922154
5.295000 9.953000 12.082942 45 1
0.000000 0.000000 0.000000 0.000000 0.033248
-0.000088 0.000175
4
266.471862 199.545350
5.295000 9.953000 12.082942 47 1
0.000000 0.000000 0.000000 0.000000 0.027108
-0.000006 -0.003768
4
227.316811 191.246636
5.295000 9.953000 12.082942 39 1
0.000000 0.000000 0.000000 0.000000 0.056151
0.002144 -0.005625
1
318.677789 376.606877
5.295000 9.953000 12.082942 24 2
0.065880 0.000000 0.000000 0.000000 0.038029
0.000210 0.000921
4
250.494877 356.651833
5.295000 9.953000 12.082942 38 1
0.000000 0.000000 0.000000 0.000000 0.058345
0.000612 0.001297
4
136.630130 414.374715
5.295000 9.953000 12.082942 52 1
0.000000 0.000000 0.000000 0.000000 0.070725
-0.000772 0.000820
4
405.780970 213.577252
5.295000 9.953000 12.082942 62 1
0.000000 0.000000 0.000000 0.000000 0.040750
0.001138 -0.000625
4
114.711393 269.404911
5.295000 9.953000 12.082942 87 1
0.000000 0.000000 0.000000 0.000000 0.018380
-0.000423 -0.000090
4
398.586634 158.899650
5.295000 9.953000 12.082942 36 1
0.000000 0.000000 0.000000 0.000000 0.042180
0.000819 -0.000856
4
104.544199 418.864942
5.295000 9.953000 12.082942 32 1
0.000000 0.000000 0.000000 0.000000 0.085145
-0.001530 0.000315
4
106.541039 199.545735
5.295000 9.953000 12.082942 39 1
0.000000 0.000000 0.000000 0.000000 0.050606
-0.003976 -0.002690
4
77.530451 257.604694
5.295000 9.953000 12.082942 54 1
0.000000 0.000000 0.000000 0.000000 0.065067
-0.000721 -0.000174
4
227.894486 452.727536
5.295000 9.953000 12.082942 53 1
0.000000 0.000000 0.000000 0.000000 0.039162
-0.000246 0.001474
1
374.421299 437.422738
5.295000 9.953000 12.082942 25 2
0.065880 0.000000 0.000000 0.000000 0.034349
0.000496 0.001385
4
132.787605 100.894031
5.295000 9.953000 12.082942 31 1
0.000000 0.000000 0.000000 0.000000 0.056994
-0.001364 -0.000523
4
232.954061 258.249863
5.295000 9.953000 12.082942 72 1
0.000000 0.000000 0.000000 0.000000 0.040654
-0.000271 0.000035
4
193.109280 386.189031
5.295000 9.953000 12.082942 31 1
0.000000 0.000000 0.000000 0.000000 0.033418
-0.000011 0.000874
4
154.589721 346.881060
5.295000 9.953000 12.082942 35 1
0.000000 0.000000 0.000000 0.000000 0.039101
0.000144 0.001136
4
334.440803 167.153193
5.295000 9.953000 12.082942 80 1
0.000000 0.000000 0.000000 0.000000 0.038733
-0.005224 0.002365
4
161.177036 314.569845
5.295000 9.953000 12.082942 47 1
0.000000 0.000000 0.000000 0.000000 0.047354
-0.000159 0.000767
1
122.288916 188.310761
5.295000 9.953000 12.082942 26 2
0.065880 0.000000 0.000000 0.000000 0.034417
-0.001398 -0.000044
4
130.028375 322.016414
5.295000 9.953000 12.082942 32 1
0.000000 0.000000 0.000000 0.000000 0.043743
-0.000624 0.000343
4
389.643211 84.619285
5.295000 9.953000 12.082942 47 1
0.000000 0.000000 0.000000 0.000000 0.058455
0.000313 -0.001154
4
195.114095 21.247711
5.295000 9.953000 12.082942 40 1
0.000000 0.000000 0.000000 0.000000 0.091704
0.000300 -0.001580
4
13.882139 281.508055
5.295000 9.953000 12.082942 72 1
0.000000 0.000000 0.000000 0.000000 0.061596
-0.001137 -0.000142
4
146.943674 160.365105
5.295000 9.953000 12.082942 49 1
0.000000 0.000000 0.000000 0.000000 0.054770
-0.000605 -0.000169
4
413.205006 343.309268
5.295000 9.953000 12.082942 50 1
0.000000 0.000000 0.000000 0.000000 0.074261
0.001720 0.000585
1
232.790790 26.577654
5.295000 9.953000 12.082942 26 2
0.065880 0.000000 0.000000 0.000000 0.040259
0.000048 -0.001170
4
208.715363 188.119874
5.295000 9.953000 12.082942 32 1
0.000000 0.000000 0.000000 0.000000 0.044162
-0.002264 0.001654
4
361.691681 451.521295
5.295000 9.953000 12.082942 46 1
0.000000 0.000000 0.000000 0.000000 0.101543
0.000495 0.001365
4
374.071828 95.751823
5.295000 9.953000 12.082942 54 1
0.000000 0.000000 0.000000 0.000000 0.041919
0.000653 -0.000730
4
351.752476 174.340955
5.295000 9.953000 12.082942 48 1
0.000000 0.000000 0.000000 0.000000 0.048174
0.004742 -0.001935
4
52.156045 374.533060
5.295000 9.953000 12.082942 45 1
0.000000 0.000000 0.000000 0.000000 0.187059
-0.001119 0.000072
4
400.002295 359.882021
5.295000 9.953000 12.082942 54 1
0.000000 0.000000 0.000000 0.000000 0.067152
0.000744 0.001138
4
271.915000 217.339815
5.295000 9.953000 12.082942 38 1
0.000000 0.000000 0.000000 0.000000 0.028443
-0.001116 -0.000048
1
140.057426 28.764357
5.295000 9.953000 12.082942 87 2
0.065880 0.000000 0.000000 0.000000 0.241445
-0.000104 -0.001818
4
272.739970 82.316673
5.295000 9.953000 12.082942 46 1
0.000000 0.000000 0.000000 0.000000 0.055572
-0.000264 -0.000881
4
340.810099 346.143659
5.295000 9.953000 12.082942 47 1
0.000000 0.000000 0.000000 0.000000 0.072096
-0.000435 -0.000298
4
196.793250 320.424530
5.295000 9.953000 12.082942 34 1
0.000000 0.000000 0.000000 0.000000 0.043530
0.000402 0.000680
4
467.315267 230.993912
5.295000 9.953000 12.082942 54 1
0.000000 0.000000 0.000000 0.000000 0.062640
0.002014 -0.000073
4
244.611273 11.726451
5.295000 9.953000 12.082942 86 1
0.000000 0.000000 0.000000 0.000000 0.041103
0.000173 -0.001129
4
311.596944 359.628228
5.295000 9.953000 12.082942 34 1
0.000000 0.000000 0.000000 0.000000 0.073591
0.000399 0.000574
4
413.812269 148.182144
5.295000 9.953000 12.082942 71 1
0.000000 0.000000 0.000000 0.000000 0.050728
0.000846 -0.001129
4
208.262324 286.960419
5.295000 9.953000 12.082942 29 1
0.000000 0.000000 0.000000 0.000000 0.065564
-0.000023 0.000413
4
446.407515 145.528682
5.295000 9.953000 12.082942 65 1
0.000000 0.000000 0.000000 0.000000 0.089755
0.000787 -0.001447
4
277.103555 235.214644
5.295000 9.953000 12.082942 55 1
0.000000 0.000000 0.000000 0.000000 0.027134
-0.000952 -0.000660
4
266.827995 421.458090
5.295000 9.953000 12.082942 32 1
0.000000 0.000000 0.000000 0.000000 0.036233
0.000053 0.001712
4
99.064279 343.387654
5.295000 9.953000 12.082942 38 1
0.000000 0.000000 0.000000 0.000000 0.054106
-0.001001 0.000046
1
102.935378 123.613208
5.295000 9.953000 12.082942 29 2
0.065880 0.000000 0.000000 0.000000 0.030914
-0.001709 -0.000733
4
230.601908 387.880324
5.295000 9.953000 12.082942 34 1
0.000000 0.000000 0.000000 0.000000 0.053987
0.000120 0.001195
4
117.438348 370.419924
5.295000 9.953000 12.082942 37 1
0.000000 0.000000 0.000000 0.000000 0.064056
-0.001182 0.000250
4
152.889769 277.448884
5.295000 9.953000 12.082942 55 1
0.000000 0.000000 0.000000 0.000000 0.047369
-0.000085 0.000325
4
207.644234 138.108824
5.295000 9.953000 12.082942 49 1
0.000000 0.000000 0.000000 0.000000 0.054554
0.000435 -0.000470
4
331.084718 148.286410
5.295000 9.953000 12.082942 42 1
0.000000 0.000000 0.000000 0.000000 0.042472
0.000335 -0.000265
1
355.847132 433.669618
5.295000 9.953000 12.082942 30 2
0.065880 0.000000 0.000000 0.000000 0.027327
0.000588 0.001279
4
280.953277 495.581048
5.295000 9.953000 12.082942 40 1
0.000000 0.000000 0.000000 0.000000 0.069084
0.000086 0.000947
4
239.394079 404.319644
5.295000 9.953000 12.082942 32 1
0.000000 0.000000 0.000000 0.000000 0.056968
0.000046 0.001367
4
378.857224 133.023115
5.295000 9.953000 12.082942 84 1
0.000000 0.000000 0.000000 0.000000 0.025279
0.000766 -0.000891
4
376.437595 114.449470
5.295000 9.953000 12.082942 44 1
0.000000 0.000000 0.000000 0.000000 0.041950
0.000658 -0.000835
4
343.588118 119.280260
5.295000 9.953000 12.082942 57 1
0.000000 0.000000 0.000000 0.000000 0.033462
0.000536 -0.001422
1
459.609740 115.606962
5.295000 9.953000 12.082942 30 2
0.065880 0.000000 0.000000 0.000000 0.200436
0.000540 -0.001581
4
238.039050 436.845639
5.295000 9.953000 12.082942 32 1
0.000000 0.000000 0.000000 0.000000 0.046753
-0.000155 0.001452
4
242.521063 94.029478
5.295000 9.953000 12.082942 85 1
0.000000 0.000000 0.000000 0.000000 0.035190
-0.000291 -0.000974
4
362.371325 401.558422
5.295000 9.953000 12.082942 74 1
0.000000 0.000000 0.000000 0.000000 0.039820
0.000564 0.001158
4
67.933858 364.178904
5.295000 9.953000 12.082942 53 1
0.000000 0.000000 0.000000 0.000000 0.108458
-0.001122 0.000076
4
23.450935 194.124948
5.295000 9.953000 12.082942 46 1
0.000000 0.000000 0.000000 0.000000 0.056130
-0.001219 -0.000074
4
421.216918 189.572193
5.295000 9.953000 12.082942 67 1
0.000000 0.000000 0.000000 0.000000 0.037837
0.001719 -0.000271
1
376.428536 252.865411
5.295000 9.953000 12.082942 32 2
0.065880 0.000000 0.000000 0.000000 0.025075
0.001324 -0.000105
1
332.436416 61.046624
5.295000 9.953000 12.082942 57 2
0.065880 0.000000 0.000000 0.000000 0.031773
0.000557 -0.000711
4
147.895626 110.736956
5.295000 9.953000 12.082942 44 1
0.000000 0.000000 0.000000 0.000000 0.060753
-0.001426 -0.000213
1
315.039044 92.804360
5.295000 9.953000 12.082942 32 2
0.065880 0.000000 0.000000 0.000000 0.017614
-0.000106 -0.000502
4
466.670608 348.138865
5.295000 9.953000 12.082942 69 1
0.000000 0.000000 0.000000 0.000000 0.084327
0.000777 0.001345
1
348.761842 71.217953
5.295000 9.953000 12.082942 32 2
0.065880 0.000000 0.000000 0.000000 0.021255
0.001953 -0.001786
4
329.683849 480.060952
5.295000 9.953000 12.082942 53 1
0.000000 0.000000 0.000000 0.000000 0.123026
0.002321 0.000977
4
117.626755 72.644885
5.295000 9.953000 12.082942 74 1
0.000000 0.000000 0.000000 0.000000 0.101256
-0.001613 -0.000343
4
220.999188 41.418647
5.295000 9.953000 12.082942 62 1
0.000000 0.000000 0.000000 0.000000 0.048410
-0.000123 -0.001239
4
159.821482 195.917176
5.295000 9.953000 12.082942 84 1
0.000000 0.000000 0.000000 0.000000 0.033166
-0.000433 -0.000342
1
464.841680 298.446016
5.295000 9.953000 12.082942 34 2
0.065880 0.000000 0.000000 0.000000 0.029203
0.000632 0.000960
4
83.559376 353.820544
5.295000 9.953000 12.082942 42 1
0.000000 0.000000 0.000000 0.000000 0.058126
-0.001089 0.000048
4
232.722737 324.601134
5.295000 9.953000 12.082942 86 1
0.000000 0.000000 0.000000 0.000000 0.025559
0.001108 0.000749
4
319.185627 425.626309
5.295000 9.953000 12.082942 65 1
0.000000 0.000000 0.000000 0.000000 0.034883
0.000737 0.001275
4
142.078956 396.107665
5.295000 9.953000 12.082942 40 1
0.000000 0.000000 0.000000 0.000000 0.065174
-0.002348 -0.000025
4
280.484943 99.912753
5.295000 9.953000 12.082942 78 1
0.000000 0.000000 0.000000 0.000000 0.037666
-0.000473 -0.000875
1
306.266420 390.612737
5.295000 9.953000 12.082942 35 2
0.065880 0.000000 0.000000 0.000000 0.026787
0.000510 0.001543
4
173.108002 417.368018
5.295000 9.953000 12.082942 65 1
0.000000 0.000000 0.000000 0.000000 0.033651
-0.000246 0.001068
1
37.611705 126.203085
5.295000 9.953000 12.082942 36 2
0.065880 0.000000 0.000000 0.000000 0.313973
-0.001715 -0.000472
4
166.928468 367.667418
5.295000 9.953000 12.082942 57 1
0.000000 0.000000 0.000000 0.000000 0.048171
-0.000439 0.000968
4
268.557835 114.581958
5.295000 9.953000 12.082942 47 1
0.000000 0.000000 0.000000 0.000000 0.046643
-0.000372 -0.000741
1
110.045183 251.779370
5.295000 9.953000 12.082942 36 2
0.065880 0.000000 0.000000 0.000000 0.017860
-0.000368 -0.000274
4
401.137843 281.008207
5.295000 9.953000 12.082942 70 1
0.000000 0.000000 0.000000 0.000000 0.036921
0.001283 0.000148
4
291.561997 447.526237
5.295000 9.953000 12.082942 50 1
0.000000 0.000000 0.000000 0.000000 0.035513
0.001002 0.001104
4
345.201930 290.446255
5.295000 9.953000 12.082942 59 1
0.000000 0.000000 0.000000 0.000000 0.034050
0.000883 0.000157
4
223.692954 91.086888
5.295000 9.953000 12.082942 55 1
0.000000 0.000000 0.000000 0.000000 0.030502
-0.000246 -0.001309
4
387.146689 423.397955
5.295000 9.953000 12.082942 49 1
0.000000 0.000000 0.000000 0.000000 0.054687
0.000416 0.001348
4
265.189014 64.469944
5.295000 9.953000 12.082942 52 1
0.000000 0.000000 0.000000 0.000000 0.062697
-0.000012 -0.000927
4
387.664820 374.023317
5.295000 9.953000 12.082942 84 1
0.000000 0.000000 0.000000 0.000000 0.048200
0.000637 0.001067
4
50.479976 336.069634
5.295000 9.953000 12.082942 56 1
0.000000 0.000000 0.000000 0.000000 0.075789
-0.001264 0.000050
4
345.433898 241.432129
5.295000 9.953000 12.082942 52 1
0.000000 0.000000 0.000000 0.000000 0.057033
0.000625 -0.002144
4
215.217356 205.650345
5.295000 9.953000 12.082942 64 1
0.000000 0.000000 0.000000 0.000000 0.046249
-0.001594 0.000006
4
140.373909 291.155967
5.295000 9.953000 12.082942 50 1
0.000000 0.000000 0.000000 0.000000 0.041775
-0.000111 0.000393
4
459.606104 316.359210
5.295000 9.953000 12.082942 50 1
0.000000 0.000000 0.000000 0.000000 0.032086
-0.000202 0.001233
1
184.265319 85.021623
5.295000 9.953000 12.082942 40 2
0.065880 0.000000 0.000000 0.000000 0.020066
0.004421 0.002226
4
133.277931 447.111102
5.295000 9.953000 12.082942 57 1
0.000000 0.000000 0.000000 0.000000 0.130469
-0.000282 0.001027
4
70.387856 124.759437
5.295000 9.953000 12.082942 46 1
0.000000 0.000000 0.000000 0.000000 0.082996
-0.001819 -0.000765
4
420.231279 275.840699
5.295000 9.953000 12.082942 48 1
0.000000 0.000000 0.000000 0.000000 0.056162
0.001360 0.000052
4
467.334411 181.427495
5.295000 9.953000 12.082942 64 1
0.000000 0.000000 0.000000 0.000000 0.088076
0.000734 -0.000640
4
256.383022 307.745222
5.295000 9.953000 12.082942 61 1
0.000000 0.000000 0.000000 0.000000 0.036491
0.000065 0.000272
1
228.073660 58.922581
5.295000 9.953000 12.082942 41 2
0.065880 0.000000 0.000000 0.000000 0.034879
-0.000081 -0.001277
4
150.316697 92.100605
5.295000 9.953000 12.082942 57 1
0.000000 0.000000 0.000000 0.000000 0.045917
-0.001299 -0.000213
4
63.744747 287.168312
5.295000 9.953000 12.082942 43 1
0.000000 0.000000 0.000000 0.000000 0.068910
-0.001150 -0.000054
4
202.218197 38.597163
5.295000 9.953000 12.082942 56 1
0.000000 0.000000 0.000000 0.000000 0.073779
-0.000328 -0.001045
4
320.656841 179.156346
5.295000 9.953000 12.082942 46 1
0.000000 0.000000 0.000000 0.000000 0.036890
0.016180 -0.013838
4
231.959262 158.413146
5.295000 9.953000 12.082942 43 1
0.000000 0.000000 0.000000 0.000000 0.036546
0.004660 0.005161
4
280.782124 150.248493
5.295000 9.953000 12.082942 50 1
0.000000 0.000000 0.000000 0.000000 0.025779
0.003471 0.002090
1
22.118930 155.758749
5.295000 9.953000 12.082942 41 2
0.065880 0.000000 0.000000 0.000000 0.151095
-0.001500 -0.000137
4
362.647727 40.571246
5.295000 9.953000 12.082942 86 1
0.000000 0.000000 0.000000 0.000000 0.094797
0.000456 -0.000205
4
22.788187 174.850788
5.295000 9.953000 12.082942 57 1
0.000000 0.000000 0.000000 0.000000 0.093978
-0.001362 -0.000116
4
160.639760 465.748159
5.295000 9.953000 12.082942 46 1
0.000000 0.000000 0.000000 0.000000 0.102538
-0.000324 0.001128
4
208.972857 451.890547
5.295000 9.953000 12.082942 79 1
0.000000 0.000000 0.000000 0.000000 0.045940
-0.000251 0.001400
4
302.442892 343.720568
5.295000 9.953000 12.082942 43 1
0.000000 0.000000 0.000000 0.000000 0.073330
-0.000049 0.000392
1
423.612801 208.171521
5.295000 9.953000 12.082942 42 2
0.065880 0.000000 0.000000 0.000000 0.033319
0.001637 -0.000163
4
245.054149 486.226461
5.295000 9.953000 12.082942 52 1
0.000000 0.000000 0.000000 0.000000 0.063619
0.000005 0.001540
4
339.239906 28.890922
5.295000 9.953000 12.082942 84 1
0.000000 0.000000 0.000000 0.000000 0.094693
-0.000634 -0.001497
4
366.324484 162.860681
5.295000 9.953000 12.082942 45 1
0.000000 0.000000 0.000000 0.000000 0.050306
0.000035 -0.000309
4
73.470858 219.340415
5.295000 9.953000 12.082942 44 1
0.000000 0.000000 0.000000 0.000000 0.055586
-0.000875 -0.000176
4
222.520542 339.671110
5.295000 9.953000 12.082942 46 1
0.000000 0.000000 0.000000 0.000000 0.035656
0.000715 0.000759
4
375.074913 388.002823
5.295000 9.953000 12.082942 47 1
0.000000 0.000000 0.000000 0.000000 0.048554
0.000560 0.001058
1
475.407727 262.302580
5.295000 9.953000 12.082942 45 2
0.065880 0.000000 0.000000 0.000000 0.038187
0.001335 0.000704
1
53.138586 97.169343
5.295000 9.953000 12.082942 76 2
0.065880 0.000000 0.000000 0.000000 0.334558
-0.001439 -0.001063
4
491.576986 210.800159
5.295000 9.953000 12.082942 49 1
0.000000 0.000000 0.000000 0.000000 0.092236
0.001597 -0.001428
4
388.770473 266.959952
5.295000 9.953000 12.082942 64 1
0.000000 0.000000 0.000000 0.000000 0.019010
0.001332 0.000110
4
245.453214 292.861072
5.295000 9.953000 12.082942 49 1
0.000000 0.000000 0.000000 0.000000 0.042192
0.000080 0.000211
4
363.420402 353.368360
5.295000 9.953000 12.082942 55 1
0.000000 0.000000 0.000000 0.000000 0.063676
0.000666 0.000748
1
251.589422 29.260702
5.295000 9.953000 12.082942 46 2
0.065880 0.000000 0.000000 0.000000 0.041310
0.000091 -0.001095
4
344.283376 467.304965
5.295000 9.953000 12.082942 56 1
0.000000 0.000000 0.000000 0.000000 0.104112
0.001370 0.000759
4
100.950462 82.660995
5.295000 9.953000 12.082942 50 1
0.000000 0.000000 0.000000 0.000000 0.101643
-0.001520 -0.000013
4
366.345985 78.383092
5.295000 9.953000 12.082942 80 1
0.000000 0.000000 0.000000 0.000000 0.032920
0.001844 -0.000984
1
415.856692 166.770933
5.295000 9.953000 12.082942 47 2
0.065880 0.000000 0.000000 0.000000 0.027563
0.001071 -0.001106
4
289.177165 35.075362
5.295000 9.953000 12.082942 64 1
0.000000 0.000000 0.000000 0.000000 0.057188
0.000028 -0.000676
4
179.697614 466.795553
5.295000 9.953000 12.082942 50 1
0.000000 0.000000 0.000000 0.000000 0.092977
-0.000314 0.001266
4
301.616190 20.791843
5.295000 9.953000 12.082942 66 1
0.000000 0.000000 0.000000 0.000000 0.068513
-0.000115 -0.000713
4
295.514032 52.800490
5.295000 9.953000 12.082942 71 1
0.000000 0.000000 0.000000 0.000000 0.044859
0.000130 -0.000547
4
16.748225 319.181984
5.295000 9.953000 12.082942 64 1
0.000000 0.000000 0.000000 0.000000 0.136557
-0.001299 -0.000066
4
337.396531 101.978775
5.295000 9.953000 12.082942 77 1
0.000000 0.000000 0.000000 0.000000 0.024001
0.000539 -0.001790
4
381.629063 235.274646
5.295000 9.953000 12.082942 69 1
0.000000 0.000000 0.000000 0.000000 0.040808
0.001717 0.000336
4
324.794349 216.520784
5.295000 9.953000 12.082942 77 1
0.000000 0.000000 0.000000 0.000000 0.036613
0.001611 -0.008317
4
263.529368 14.452142
5.295000 9.953000 12.082942 61 1
0.000000 0.000000 0.000000 0.000000 0.089196
0.000187 -0.001003
4
447.959083 351.432429
5.295000 9.953000 12.082942 56 1
0.000000 0.000000 0.000000 0.000000 0.090368
0.000915 0.001997
4
393.690578 342.751411
5.295000 9.953000 12.082942 75 1
0.000000 0.000000 0.000000 0.000000 0.062331
0.001112 0.000784
4
344.990873 47.028838
5.295000 9.953000 12.082942 66 1
0.000000 0.000000 0.000000 0.000000 0.068896
-0.000255 -0.001697
1
320.576339 24.699233
5.295000 9.953000 12.082942 58 2
0.065880 0.000000 0.000000 0.000000 0.060277
-0.000484 -0.000923
1
481.185184 160.143181
5.295000 9.953000 12.082942 73 2
0.065880 0.000000 0.000000 0.000000 0.142596
0.000879 -0.001394
1
112.004788 48.310951
5.295000 9.953000 12.082942 80 2
0.065880 0.000000 0.000000 0.000000 0.276895
0.000723 0.001757
1
83.877641 75.397063
5.295000 9.953000 12.082942 83 2
0.065880 0.000000 0.000000 0.000000 0.231511
-0.001043 -0.001266
5
74.546967 423.047179
4.869501 9.153191 11.111974 74 1
0.065880 0.000000 0.000000 0.000000 0.202731
-0.003861 -0.000714
