0.17974813088616615 0.1094403680201056 1 0 0.2737652265827513
0.19636135741306188 0.13012056266435323 2 3 0.10247264310933475
0.17104485610777637 0.14144324497466304 3 5 0.07904506501604615
0.22881659461068649 0.16867039236637682 4 6 0.10371029080535683
0.172321684666484 0.18737701236077905 5 8 0.1460081691523708
0.09307680730801066 0.19443240778590312 6 9 0.15045305980057322
0.10266615820451584 0.1743244578515745 7 15 0.13189902673981582
0.17622233547569294 0.1864367016296339 8 16 0.14133990995475593
0.18102961875876855 0.1692814790123939 9 17 0.08791835448438569
0.132238427190854 0.158773509277648 10 18 0.0889169799206063
0.1736335768390358 0.18341924441052165 11 20 0.12926617484458922
0.21871491894415435 0.1785510604497301 12 23 0.13899257638136633
0.22856796164545748 0.19450265753432625 13 29 0.19492558776908753
0.32719181224222665 0.12674993854144578 14 30 0.12933648739088355
0.33401588558608225 0.1374295123874393 15 35 0.0851445117997217
0.3006468300352591 0.12370544853255566 16 39 0.1381540689712115
0.28024389098220415 0.11984518389859941 17 41 0.164207474024741
0.25668904970466977 0.12686867256001466 18 42 0.11654256957779438
0.22719199343213753 0.17668970080309254 19 46 0.13768939790199458
0.2161466469738529 0.19056331359411208 20 48 0.1823621127105419
0.2341356256117012 0.18613160813040877 21 51 0.17029049207457664
0.21983024902909254 0.15405945387772269 22 54 0.04584012816017574
0.2032599697320004 0.14078095401052051 23 58 0.05532237178640617
0.2051933252517608 0.12514314613477567 24 59 0.14032393312100208
0.23730116314277305 0.18993135583587917 25 61 0.19397987448349666
0.2525958881255168 0.13911147738024474 26 63 0.0491915192323043
0.24170893693026207 0.13594281028002855 27 69 0.06894885020329518
0.13971262854004537 0.17292168417756168 28 71 0.0893130125592898
0.11770708432857978 0.16700179539213816 29 72 0.10836242768823166
0.08267846591744878 0.17203756136781007 30 74 0.19849339267819133
0.13410086320556286 0.1916710072842115 31 75 0.13593966727531323
0.12060473992965573 0.2254569912200947 32 76 0.19469151545202926
0.10938759631072979 0.2088182802690925 33 77 0.16144897672010716
0.09331252170087834 0.1549158459096605 34 81 0.1959452551387458
0.14302756789843377 0.12759633580084037 35 83 0.19614142553087888
0.2036366684446811 0.13661360853974902 36 90 0.07984293181031527
0.1706824377673556 0.14512415841990695 37 91 0.06313138504444628
0.15913722446024586 0.15073378333568122 38 94 0.06502333146480005
0.15883459362720684 0.20352099423743714 39 95 0.17676523393244922
0.19757608931215215 0.18806092294512367 40 96 0.161821972158833
0.20091337170624543 0.1797695920511884 41 98 0.13483450209453468
0.19393023017894856 0.12154524445056453 42 99 0.1700337257541092
0.17305444726855493 0.12694904146359293 43 104 0.16023816246096748
0.23109920988885121 0.17853283735168107 44 105 0.14290906164043202
0.1685667823414635 0.19228753375894655 45 106 0.15139854247648374
0.2530038231275619 0.18767938871508758 46 107 0.18005199584703116
0.26297990342298844 0.16793566993106146 47 108 0.11255161607239413
0.2908955073732775 0.14203395820162326 48 109 0.06069816753451516
0.336416405881563 0.13774562717141753 49 110 0.09397982310654084
0.38206509595955895 0.14942363049539853 50 111 0.10322037292964586
0.3728186135168055 0.14940263932591286 51 114 0.09750709210086468
0.31338539024489614 0.1303254361427979 52 115 0.11710260119362689
0.3126877058466209 0.1262251503190758 53 116 0.13518719879831487
0.23466091155311644 0.18002959992678041 54 120 0.14421523811283113
0.3328910275606336 0.17008156788618756 55 121 0.13741652358417553
0.2875487772642772 0.13612140836320077 56 122 0.06916006440820542
0.3023272840444743 0.16264794231823962 57 124 0.10881957049965547
0.31959883069702477 0.18161142230123797 58 125 0.17668486680888273
0.463627637137692 0.1519444916102829 59 127 0.1333435694712675
0.4312932718199098 0.12262153963180186 60 128 0.19801136777470646
0.33797336498343267 0.13802773922075373 61 131 0.08901437850213223
0.3258028269762697 0.16762053613041286 62 132 0.1329532739331918
0.4291628467549252 0.12821063735472107 63 133 0.16038805154323008
0.46905940123919865 0.16627070662117888 64 134 0.1575417815977755
0.43713440708598905 0.14604113835330917 65 135 0.12513199880024464
0.41253147084420605 0.17875187298394296 66 138 0.17817818599638413
0.3754353540119949 0.1398053207972122 67 141 0.10040404966277025
0.42661851852924954 0.1279096428245517 68 144 0.16168320937744363
0.32580573758468084 0.12054537393581363 69 145 0.16641773441786814
0.2729435552039089 0.13440097330408898 70 147 0.07218623118557607
0.3023566337905728 0.15832348941557461 71 148 0.0896176887123952
0.3319845073967572 0.16966167629245438 72 149 0.13545871912817364
0.3646175722180194 0.16430137531524563 73 150 0.12698074866753803
0.32676342900388683 0.1436053802738805 74 152 0.07284574050480935
0.3595586520765158 0.14278994691232672 75 154 0.08842057985097182
0.3521017939786372 0.13589747955398163 76 156 0.09575109173326855
0.3568396218260203 0.1576900614482557 77 157 0.10624914767336753
0.36321852870619764 0.1530718810898823 78 161 0.0948064140958742
0.30942494139588245 0.12456413539454454 79 162 0.13642952201681066
0.25879826130641265 0.14968839720725205 80 163 0.05175762401889436
0.286664140268736 0.15849422731288648 81 168 0.08191681320758387
0.20176668314662774 0.178884779191955 82 174 0.129275006587542
0.24615954307986002 0.17917308995905623 83 175 0.1495556297152439
0.2593060444197842 0.1488776925891696 84 176 0.050423408983489106
0.27797634036037155 0.14454815505415297 85 178 0.05421739569044993
0.2505618380432715 0.12251417772451412 86 179 0.14529665419825885
0.3746179262002674 0.1273267106393203 87 180 0.14290839222416565
0.43730159597204094 0.14638140130953434 88 181 0.1257729480670799
0.3465602901399334 0.1312707071482504 89 187 0.11153943058047475
0.2656292271982524 0.12350139069631287 90 188 0.1351864208606228
0.35883002755748505 0.1518685776363211 91 189 0.0910861056635933
0.2997756795212793 0.1158012025838289 92 190 0.1756202240640387
0.3251567206903906 0.14126240022968334 93 191 0.07085651163085585
0.32342591890712147 0.15900039559340934 94 194 0.10009553883748157
0.38279320413321977 0.1672807237270125 95 196 0.14747017677663002
0.35046732160032 0.12184767000339332 96 200 0.15304692572072146
0.27894596913378034 0.13229345789721234 97 201 0.08307232020614382
0.37948161641691724 0.1831383967697457 98 202 0.18961230689484052
0.3317159394406673 0.16518197093572898 99 205 0.12257291607038347
0.3197016843159115 0.18289726562070058 100 206 0.17922292018033242
0.30930217705443414 0.1559790881356275 101 210 0.08890317464297892
0.30682640103696296 0.13352831771039073 102 211 0.09191027255652462
0.2888951568523553 0.1792760316708763 103 212 0.17158130512054154
0.34430665556428164 0.1510514390649438 104 215 0.08616995543313737
0.265091329953977 0.15503149902879 105 216 0.0699584532782942
0.27967368456660063 0.13135397029999618 106 217 0.08336454561748544
0.29532612821321297 0.16006899130808688 107 219 0.10008345262069222
0.2135319978692702 0.1385539588894716 108 222 0.06446560860641364
0.1744904779504561 0.14893808627090468 109 223 0.051177690980382114
0.1616329438218653 0.133508307451839 110 225 0.12311710964509587
0.18664688988529773 0.14743623757520133 111 229 0.04202454800221117
0.15173540128208496 0.14721888416553594 112 235 0.08868098893086886
0.1767277897502012 0.18990689547551448 113 236 0.147857592342869
0.1824493379808487 0.16671180234235017 114 240 0.07761101565524903
0.1247440599566767 0.1649603355736815 115 242 0.09690681595893667
0.09249715676276468 0.2351539711501328 116 247 0.19537677667096123
0.16341473156825378 0.15315174720220162 117 264 0.05719770013138578
0.13081355683279897 0.18039951274386756 118 265 0.10323602685118012
0.15971893461031192 0.2040021792701717 119 267 0.1848981298873613
0.17801916398012874 0.17200730103370718 120 269 0.10194313715886243
0.15646294092269766 0.1841313842751541 121 276 0.12194222765180944
0.13108131551427496 0.13595299716335557 122 280 0.17350835290697428
0.0852847157173083 0.1699021892732649 123 283 0.18994349821848208
0.15130311306026797 0.19015148788509367 124 288 0.14194872260185176
0.15875499561468895 0.1967307980462621 125 291 0.16523237374949493
0.14724695380772354 0.16876779651447726 126 292 0.07545744069215722
0.21978889274919253 0.11667928504878138 127 293 0.1850194377935255
0.15004709211675177 0.13720068661290674 128 294 0.13176738340973299
0.19041773137507934 0.13331664974372834 129 295 0.0990122466370568
0.19683448993178804 0.16188630719276256 130 298 0.07191990616684528
0.15767707174082113 0.1610010442876647 131 299 0.06253555358391039
0.16976699986222837 0.13328891070902643 132 302 0.11719596305412952
0.17334741275315635 0.17059067175727988 133 303 0.0907217062758291
0.15869929473075528 0.17623952090342562 134 304 0.0935466069849756
0.11469428567919626 0.1892323460458607 135 305 0.11645805056277539
0.1863879946649068 0.16095795014297357 136 306 0.059136089489114585
0.25828131731600373 0.18827690841842606 137 308 0.1908960050978953
0.2469386349817688 0.14054838723988805 138 310 0.04948722481036569
0.22922766635684855 0.12998677380865697 139 311 0.09939497142515204
0.24234521590777341 0.11690988560512987 140 312 0.1792078300967477
0.3340793430711616 0.12543622910816787 141 313 0.12595882387594337
0.4641280653316253 0.12396113371789898 142 314 0.19512295230242052
0.46202532196122426 0.16568181962680406 143 315 0.15282803048735905
0.4229175489677254 0.12616849632316746 144 316 0.16883816285481698
0.37222154047907297 0.13629099309253145 145 319 0.10509324927714991
0.2970686859082383 0.12266117531632394 146 320 0.15082922362994738
0.3275516958021987 0.18528446609923893 147 321 0.19290506620055964
0.21468638319841754 0.1426760067730092 148 322 0.045808423971873985
0.22278192256795165 0.1899847488963446 149 323 0.1776935774490666
0.18093599018922651 0.14118626634694875 150 325 0.07322256583098913
0.13489445437997377 0.1350822729355518 151 327 0.16769424578253656
0.2417926791712688 0.1234744112661313 152 329 0.1420906614813021
0.22180367210946222 0.19451373412816586 153 330 0.18729166361170743
0.25205619600675727 0.13796238974076033 154 333 0.05182000417622937
0.21261597992551898 0.1391791272953341 155 334 0.049878646089227235
0.22787767758574753 0.16482577607976745 156 335 0.09739473919237232
0.2434849804583204 0.19100173739362386 157 339 0.192160626700479
0.26992049060572954 0.1748636643738666 158 341 0.14997226663472882
0.24556105707400902 0.17017451919964055 159 342 0.11785202430614072
0.2589784198348626 0.14609340354264208 160 347 0.04437761093344899
0.326261061430128 0.1694008032337597 161 348 0.13267447830383827
0.3613706372805779 0.1857360311109183 162 351 0.1922326119863638
0.4649860411710833 0.18675219366783352 163 352 0.1974058412899468
0.3882351619056755 0.15003671890251988 164 355 0.10264657800214085
0.3950169405024856 0.17659258800469765 165 357 0.16648635606260198
0.27404765455940416 0.11920090485766244 166 358 0.16562314822571833
0.3156234710874311 0.12531527109447577 167 359 0.1369953517295777
0.28518651049184585 0.16730489678532479 168 362 0.1197611139233051
0.3803078177043894 0.16035773368835315 169 363 0.1195794711198415
0.2644536210000035 0.1323031018469028 170 364 0.08061735992350937
0.26634872332666315 0.13700884288393922 171 373 0.06108516416684483
0.2770155097421208 0.13077207915384034 172 382 0.09986554039971515
0.3319893242012131 0.16757667992216765 173 387 0.12968033028611345
0.3799572672612335 0.13251254532080406 174 388 0.11968813307852427
0.37241571659857664 0.18726602715560872 175 390 0.19869605105413732
0.41024309808779075 0.1866232033970156 176 392 0.19336621324920097
0.38497851208360256 0.16015430565007888 177 394 0.12025576342934734
0.45131347510635644 0.13980713672460557 178 397 0.1390194750520997
0.47716786378418785 0.14272118577788576 179 400 0.14420199256923888
0.4444115693186098 0.12244408637331713 180 401 0.19786263802518608
0.4707861465193276 0.14330567062041172 181 403 0.14462599289818132
0.4684105573432397 0.15025319207813484 182 404 0.13597903853245388
0.42766202219738786 0.18229130085204134 183 407 0.18555773240338183
0.3936391922064179 0.1661107182586732 184 415 0.14376624416929745
0.4334737004451172 0.13850671440473855 185 416 0.13713834207632494
0.43663076722188404 0.16970714559104855 186 417 0.16083244604893768
0.45386987053803274 0.1375069313920301 187 418 0.14618135962803688
0.4649947130654542 0.15948685043282823 188 419 0.14211895520041495
0.4136033505718425 0.1373561623663398 189 420 0.127238114376194
0.38793313733578483 0.15979382882269622 190 421 0.12125884515689876
0.2734236753561491 0.16257959504354128 191 425 0.10020125627812297
0.18851771514543028 0.19573397405485637 192 426 0.1827966199223957
0.19991496492980665 0.18183950570646298 193 427 0.14144104155596188
0.19759379372543376 0.17313048377620915 194 430 0.10842109085466163
0.17891599965485905 0.20332526148970415 195 431 0.19751083795786795
0.16250729720380386 0.1869483236410539 196 432 0.13734973822502294
0.2206790293654316 0.16159556764971922 197 433 0.07613363260734778
0.2521352640077776 0.14631487539767496 198 436 0.03902105476001351
0.281964960173884 0.18921979494841248 199 437 0.1961130791937565
0.31986903607811557 0.131715242423641 200 440 0.107200426416531
0.2995863879310777 0.18974914893610004 201 443 0.1968469237714841
0.296765693971862 0.14225677138822448 202 445 0.05963941440575945
0.3822626710791224 0.17318278083058294 203 447 0.1557183500743285
0.3434607460172542 0.1424487705403758 204 448 0.08176777501971279
0.37872366431444593 0.16049982102127347 205 451 0.12135744913848229
0.36808614084911584 0.12008548920190674 206 452 0.1768463781810306
0.4287542064316805 0.1732000405234993 207 453 0.1600167622932759
0.4948816467997229 0.15518204212543105 208 455 0.14838995430381532
0.4578479151552047 0.16380969456764793 209 458 0.14944376872950718
0.45753912727177043 0.1613089905043392 210 463 0.14263133746601897
0.44484451674991743 0.1585422719762844 211 464 0.1308992557750581
0.47624652755368085 0.14993576000199835 212 465 0.14240389159868794
0.469574553406117 0.17097127693195674 213 468 0.16410602710089026
0.48757615128899273 0.1731037275947674 214 469 0.173696788449606
0.47566254927806373 0.1519017998745346 215 471 0.14277817793281752
0.38192522653604033 0.18949162401882547 216 472 0.1994474400155093
0.46532773361623325 0.18138030924193901 217 473 0.1877322806421383
0.4265284266737184 0.15532196242556087 218 474 0.12638690673962263
0.408549074723164 0.14230960117225627 219 475 0.1094257625672691
0.41696391605986877 0.1441218441353451 220 477 0.11818569395532118
0.48261706060845627 0.13691795566157638 221 478 0.16383979661606146
0.48622254645928253 0.13964916696797386 222 480 0.15730295785855228
0.4172018660057063 0.18317046440376253 223 486 0.18345878041001573
0.4150262803136562 0.15970609405562597 224 489 0.1280712310177672
0.4889182094759231 0.15001948325204803 225 490 0.144810249256604
0.44085313406580734 0.13954491383981066 226 491 0.13913139326977883
0.44953892190618405 0.1595194239977111 227 492 0.13812155808534787
0.3369610034088193 0.16398546115965693 228 494 0.11952852467035995
0.3762135862395168 0.17571524106278108 229 495 0.16476437934454086
0.41193614431215697 0.13189406807924853 230 498 0.135867774999069
0.41044611465806796 0.16843848490740818 231 500 0.14788992199702553
0.3325497732832311 0.1191858811935305 232 503 0.17768543128658418
0.2790615150491988 0.11652129409727331 233 512 0.17778543142234204
0.30742940591352447 0.14893752469517121 234 514 0.07094281409457315
0.2706511789102048 0.1406751518064113 235 516 0.053147021316975414
0.21174668108387115 0.15536896420234356 236 517 0.04829177986734936
0.21359501985303328 0.1269055309373779 237 518 0.12488299694054711
0.1582291640299862 0.19680648590222177 238 520 0.14617688648917457
0.14810542358155304 0.17750868974253783 239 521 0.09486248002138459
0.17530407936071477 0.2047852667827655 240 522 0.19399345124897924
0.15168299911966385 0.19222806822420857 241 523 0.14408237062827683
0.16335601898801655 0.14656613587812078 242 525 0.06998976978806554
0.11940856852014495 0.146884005502537 243 528 0.14252958239488006
0.1525741920736798 0.14315398258451614 244 533 0.09770788771892168
0.12390599088304209 0.18439273058736155 245 535 0.11345677069676047
0.21582315327219243 0.1869533680507308 246 538 0.169919709534426
0.2079424299509045 0.16263396967751265 247 543 0.07380033937435503
0.12763189718455553 0.14739215598274996 248 544 0.12228088285008279
0.09302277829224237 0.15926404654707546 249 546 0.18200045169537651
0.11273494272399687 0.18373784934425794 250 551 0.11567366127901024
0.1297256405563783 0.2194358649221013 251 554 0.19105779029972178
0.16958212278841625 0.1879711221992013 252 555 0.14680062061107824
0.19809826274059092 0.17499579870287707 253 559 0.11463197052505783
0.18098201285906051 0.12733880992784188 254 560 0.1480917121860565
0.2290424553770989 0.13505517184147342 255 566 0.07051461625829981
0.11306734102935159 0.16751896865171637 256 567 0.11810775051326798
0.1161925884931789 0.20067075406836896 257 568 0.14339483288187288
0.11089031896385583 0.18147491900150536 258 570 0.11629604568105907
0.09638665177164328 0.18737660213709695 259 571 0.14294914580525925
0.12492758789566166 0.20729576954796042 260 581 0.1630646458170746
0.14630528336108506 0.19343925383578622 261 583 0.1449372241878711
0.1150285769987669 0.17146837593404346 262 584 0.10805578276949361
0.09064001553124038 0.1673979242179595 263 585 0.17471690570728782
0.13322596271485804 0.13108583825150227 264 586 0.19077330017546792
0.17820296538517588 0.12464854983326493 265 590 0.15502671966259468
0.16274433758906798 0.130941268672665 266 591 0.14410773486021985
0.15692150352166198 0.1678992015822753 267 593 0.07547187956481846
0.18665343488710853 0.17448825618837535 268 598 0.11254264166277099
0.27986627394735786 0.1360657569581279 269 600 0.07075602388206298
0.359758936292059 0.1400125962738878 270 603 0.093151215422544
0.3262725137857302 0.1444422001001842 271 604 0.07320431576917344
0.3453113283167087 0.1522877773670907 272 606 0.0903724869272879
0.286023294458002 0.1678684545330999 273 607 0.12275485122990538
0.29152312995461416 0.17246941016077771 274 608 0.1456806754802264
0.3343541975812285 0.12845022017792873 275 612 0.12357289875826581
0.38783768235834476 0.12052140736274941 276 613 0.1839030026006839
0.4515909212478224 0.1587915006998176 277 615 0.14384481646515815
0.4761391403062611 0.12884316933762557 278 619 0.185003478742699
0.424049841988167 0.1666755797810175 279 621 0.1506474216684149
0.3761555263881061 0.16908974475536198 280 622 0.1509513316816554
0.3471459435354584 0.1529407745794873 281 626 0.09491005908236658
0.35715428281136175 0.18767066701177904 282 627 0.19705058328321823
0.34159489480209737 0.183302308886194 283 629 0.1862129000206046
0.3589210566572753 0.1791640031003152 284 630 0.1721506883360329
0.31515754173476773 0.14649958407273447 285 631 0.07054158082703067
0.34768756906572207 0.11755128304541995 286 638 0.1929670421717084
0.33147015243051653 0.1294021672120789 287 645 0.12025207820840367
0.2589984566152085 0.15944278264488326 288 646 0.07951549739418184
0.2835514084419242 0.11878170155300538 289 647 0.17111518818578378
0.3112083991822583 0.13274630069233015 290 648 0.0974724354665174
0.3253924069603575 0.11643364873094844 291 649 0.1938661331711884
0.2511216549075605 0.19122535532830512 292 651 0.19094802418711768
0.2880218497569279 0.18020129381692615 293 654 0.17004560844471692
0.22811234092294969 0.15260005139118932 294 658 0.04634148638511626
0.2162914119807943 0.16464018270620429 295 659 0.08289659874535893
0.2698467947849119 0.1342053441815005 296 660 0.07092607374205101
0.3660619536938957 0.14134908091936013 297 661 0.09462256021772478
0.42024558509392745 0.13107690458352508 298 662 0.157150694013486
0.4231054734185358 0.13601507730038734 299 663 0.13748550853874847
0.36648320471739415 0.14268733839207434 300 667 0.09222647812509276
0.38422074395018246 0.17596940942661035 301 669 0.1661273267840724
0.4112875436763304 0.15706021952178173 302 670 0.12032723170474552
0.3759963021143775 0.17046894146170113 303 671 0.1452401999667283
0.4018178566932829 0.1612256581478208 304 672 0.1307082223964745
0.39525820837372916 0.13044776937172353 305 673 0.13935630796781998
0.33405503249305213 0.13863288841917376 306 675 0.08120050005504977
0.33734548389315006 0.166304701314842 307 676 0.12743954431760848
0.31081790613470395 0.1228797078224327 308 679 0.14657560990792598
0.4004241688203296 0.1410519696228431 309 683 0.11208266672777543
0.3766739478891205 0.15481244427385354 310 687 0.10435970582597838
0.40088745535317166 0.13721938725560764 311 688 0.12060536632350811
0.3774802039764217 0.17356757023798422 312 690 0.15581206739988424
0.4426046202688443 0.1602227334704357 313 696 0.13808060172905773
0.35817495669166294 0.13898484191622856 314 697 0.09662791056465712
0.361029339712603 0.16524912693206598 315 699 0.12915156464891964
0.455724373788266 0.12915816171249833 316 701 0.17870171516720013
0.4670632408298642 0.1498631289584898 317 705 0.13883290181880845
0.41317614901073085 0.1487818958699067 318 706 0.11019234840195131
0.45109621381784615 0.15302544148161043 319 707 0.13193931927100389
0.47082332498352925 0.18397225395468422 320 710 0.1972209746571216
0.43378218185163075 0.17598534534401888 321 711 0.17015674113470206
0.43411409258602424 0.18101720061351084 322 714 0.18291401968035315
0.4898490600605863 0.18463832931308707 323 719 0.19800555704509423
0.4714470563808112 0.1545439644998045 324 720 0.13955218097424948
0.4674304464890545 0.15943291523837683 325 724 0.14381704854926272
0.4222267469642403 0.14399914239504358 326 725 0.11753307131873841
0.3910932010829902 0.1714273948508352 327 730 0.15004308025667185
0.34698884969930593 0.17283268891178954 328 733 0.14299343388097926
0.20044777722587714 0.13263278419795235 329 735 0.08654044387019497
0.22368938736937646 0.1797397316159817 330 737 0.1422032324454072
0.2266351386506659 0.14426880103124778 331 739 0.032818006563930434
0.2323949722225017 0.15606030876614968 332 748 0.06385894422286813
0.24663600401058638 0.1940178863958945 333 749 0.19786960232318784
0.3045186488945678 0.15740610691315762 334 750 0.09300866393618125
0.32721379901090875 0.16461618038303893 335 751 0.12510224385502836
0.28077125843221495 0.16527761838947633 336 752 0.11148673132506638
0.27320476564613405 0.16469273003263787 337 753 0.11291702283737372
0.30348630864795856 0.17895674693626995 338 755 0.16810567247089836
0.3498902672375013 0.1741389546357089 339 756 0.15686276192294746
0.3488140681510041 0.14668951692614943 340 759 0.0855312573053082
0.31323533531233266 0.12224295506235808 341 760 0.1494623904730168
0.27591880228181653 0.17699618549026924 342 761 0.15052069111833738
0.270941424523461 0.128551046701615 343 762 0.1082861337866822
0.25658718259308827 0.12258391601330659 344 763 0.1358906066066436
0.21164794285357158 0.15474888262854264 345 766 0.04001082906340612
0.1415512717200565 0.17086654914080468 346 768 0.08823728416971874
0.1634755775118444 0.18195435786257583 347 769 0.12787066384251336
0.1097946424484061 0.20481559276959166 348 770 0.153062727477406
0.14313011996092434 0.17402190141423157 349 771 0.09384702319579077
0.17277169141333548 0.20014057276795888 350 773 0.17315874141719756
0.14780357652961315 0.16173067246933692 351 774 0.06694149183071862
0.18342369659779512 0.152331364823914 352 775 0.04038065721009636
0.16688540388275372 0.13809635049320815 353 780 0.10244156522474673
0.15729273291714918 0.1927001511871381 354 784 0.1535646381564803
0.17237094462426172 0.15640143209396917 355 785 0.047244818645262025
0.2257224200695156 0.18065338857167368 356 786 0.15603482820840386
0.17241818734429887 0.19211975165829204 357 792 0.1566209210238024
0.22414616654864877 0.1546940306739478 358 794 0.055831785516439664
0.2779956419039603 0.1424236666821249 359 796 0.05614748288806282
0.2312749329310068 0.1528459892481423 360 798 0.05387344764115356
0.23527773644197034 0.1792518182322413 361 799 0.1499300138840893
0.2230754258783216 0.14909562980470545 362 800 0.03519852820550974
0.18827638769486107 0.14436721169655847 363 803 0.04948826951049237
0.1829856972054887 0.16749862445675553 364 805 0.08096635393099734
0.13371807797717525 0.18226400535321094 365 806 0.10359717290942419
0.09701534357610096 0.19887395567514626 366 808 0.14687997861150326
0.09280157312102043 0.1956073061760904 367 813 0.15030327959296846
0.1913735990396805 0.15248316261058115 368 815 0.043108670026766036
0.2032484864529881 0.15174491581821078 369 816 0.038056159219759564
0.14835208428898966 0.188553938163175 370 819 0.12982621410816103
0.1825673343674356 0.19508191057369012 371 822 0.17185300515114402
0.14630751853825097 0.204341648407568 372 823 0.17136939827828582
0.2515317727086229 0.16281716925045925 373 825 0.08671761748829479
0.292266469086684 0.1288383863750811 374 827 0.10223805501341711
0.229605469107793 0.13171184081938922 375 829 0.08953172305800546
0.3068253665557682 0.12491766419999197 376 835 0.13099740503699303
0.3213955434938924 0.1480729735910557 377 836 0.0706564287121461
0.38216723967982547 0.12559636510164285 378 840 0.14914458138052183
0.35191649919910406 0.14580045650186135 379 842 0.08609939147226786
0.4131501021192235 0.14603576448365405 380 844 0.1134989190458668
0.3297509589175443 0.16589455358498012 381 846 0.12237179849818625
0.317768250250142 0.1402017756061319 382 847 0.07387320999111482
0.35378970501834217 0.15800643357196223 383 848 0.1073599843701507
0.35280423953788226 0.17972060209395047 384 852 0.17458793245400256
0.35279168594066185 0.17842994344220406 385 853 0.17259845423759085
0.3513396091653982 0.13901923660887588 386 854 0.09263275730167923
0.3636441652967267 0.1174497399557333 387 857 0.19248882269740894
0.4136098267412661 0.17587563665706898 388 859 0.1728342977469976
0.34250227372541214 0.11878529536560603 389 861 0.18283885360738159
0.34106787273885947 0.1343518686023141 390 864 0.09986567557891188
0.39534318398049456 0.1367449125901899 391 865 0.115007022914324
0.34954518797123857 0.15248325533917306 392 868 0.08791461682333035
0.47764355470582254 0.17501280093821914 393 870 0.1747554671232871
0.4072212383532079 0.18134466189363163 394 872 0.18434096708352501
0.4099290761720946 0.16992949172247834 395 873 0.15096471886109306
0.4305916989314964 0.17326448286651688 396 877 0.16548328352836095
0.41571338296359034 0.1854275001875738 397 878 0.19788098578037913
0.4642352164825954 0.13219262031788412 398 880 0.16241783557740236
0.44742539469096565 0.15625004399158648 399 883 0.13524887334757751
0.39971773693468904 0.15615866358038674 400 884 0.11536324181544878
0.4211392471114468 0.15996812808831423 401 885 0.13361939763679676
0.4349011835400696 0.175131932405221 402 887 0.17072216560919493
0.4327925123032892 0.13793403187932715 403 891 0.13592257593307583
0.35944628700826337 0.16267203274625597 404 892 0.11861368326196275
0.33233857698522806 0.18163647896094298 405 894 0.17388632558088588
0.3608585625008636 0.12770151967340668 406 895 0.1331522788310706
0.44059772943534414 0.1569159561051619 407 896 0.13061797178600731
0.40787831322164814 0.1397527059785461 408 898 0.12366640697908991
0.4848413389723867 0.14354651864662726 409 899 0.15053183855171853
0.3879274376279521 0.13866060670495772 410 903 0.11245010471470782
0.37399542173891254 0.12704624972958928 411 904 0.14590844105307563
0.3847485354116624 0.13905175442309542 412 906 0.10514691803509033
0.43729480508990415 0.15583321244055903 413 907 0.13138091240068675
0.37770977388125665 0.11799388407598807 414 913 0.19695259963869954
0.41224004083244853 0.1704159871016107 415 916 0.15103453090310986
0.4599867780591571 0.1560557333338384 416 917 0.1379561799461074
0.45588751556851037 0.12407271009338072 417 919 0.19673746157580316
0.4057380064239011 0.13765378537305406 418 921 0.12126465800626582
0.41762359866856785 0.1502007566323402 419 926 0.1185177285196501
0.4136438946641851 0.12881300425178355 420 928 0.15488295333987676
0.40305382462294326 0.17602172676153732 421 929 0.17043168787968518
0.42840357070869817 0.14615585370694226 422 935 0.11911303685550274
0.38608423011151327 0.16352950505954883 423 936 0.13354569482460574
0.3339127745881543 0.1380797846819634 424 938 0.08130799279375958
0.29621044965217613 0.15763833306079625 425 939 0.08499645868610506
0.3583567919479076 0.18577848415495066 426 940 0.1832185218669071
0.42329926154548436 0.18559040302538063 427 942 0.19494629910706668
0.46069187075693363 0.18067071532753695 428 943 0.18594761873879784
0.45677839492025324 0.17374675384744 429 947 0.16803490232083715
0.4257046633450851 0.16014924964127983 430 948 0.13051537619754525
0.4665735917257563 0.17847017749844607 431 950 0.17988011129687131
0.4800915722199665 0.1658710425883973 432 952 0.1569573593587483
0.42895878972688206 0.13659682266840076 433 955 0.13685035209162294
0.40235590353077905 0.16204083160256688 434 956 0.12859922196343473
0.3711656930532429 0.1296277573318994 435 958 0.14153031489242504
0.35876462583965296 0.18570968072106112 436 959 0.19513961029860838
0.3878298805814592 0.12471344423658334 437 961 0.17098241867700778
0.3697069679593321 0.17243011199049704 438 962 0.15068711481446892
0.4205682072313208 0.18028611119258678 439 964 0.18353932630591396
0.38748673169875514 0.16404501801195812 440 967 0.1308513204751841
0.38585757102387935 0.15730602059725637 441 969 0.112751507505915
0.32122156817148123 0.16168784526643723 442 971 0.10883134552996912
0.2900216655266958 0.1711581197940337 443 972 0.13495120728735008
0.2583351367561202 0.16491485936862565 444 973 0.10436908723405304
0.1978582247281357 0.18762924949056212 445 974 0.16608792267007394
0.13662536796607283 0.22174534256326564 446 977 0.19840942336976103
0.09517415026192363 0.21852505112497142 447 981 0.16966885381329228
0.1273193731456415 0.2175803574524932 448 984 0.19094424228969348
0.12091621352590169 0.16404724051056493 449 986 0.10375551765000351
0.09980432713371946 0.1848732532798764 450 987 0.13649698263001772
0.11841914548485637 0.17948351606192225 451 988 0.10757674611062903
0.13651640194153852 0.18435746591823254 452 990 0.10971244124409812
0.12351825719556804 0.22352173333844327 453 992 0.19537805291615934
0.12658295955614607 0.13335421192435953 454 994 0.19155921432002992
0.1749507400614915 0.1861637685380534 455 999 0.1463669844533641
0.14841318305499476 0.2038585007834263 456 1004 0.17260825238959265
0.13022984778310723 0.2054011852780928 457 1006 0.16232076579706775
0.11740145207403685 0.19790850472504498 458 1008 0.13591097437807936
0.12111475528461756 0.19334641507920272 459 1011 0.12644838444758277
0.21185980726379738 0.14689679979190576 460 1013 0.03187644817955665
0.20367354999707918 0.16787470623677211 461 1015 0.09109055527412743
0.14039275682342273 0.20368177459043627 462 1017 0.16502777708247734
0.20935480883329566 0.1949687656457705 463 1019 0.19888399444488658
0.24154817382605664 0.17406273621054735 464 1022 0.12972110420910868
0.22299953817039594 0.17680354564961367 465 1023 0.1315799708273161
0.25595239827132893 0.1876573688966628 466 1024 0.19048538251996525
0.2906685662403443 0.17348500614834175 467 1026 0.14640092245109707
0.2370010780498477 0.15838542344271006 468 1030 0.07343587932078888
0.19797731603553523 0.16709137188178466 469 1031 0.08615816893717439
0.21797918651676945 0.12619324165350243 470 1033 0.1367253213605255
0.1284064828147699 0.13178151096579802 471 1034 0.19800580000249976
0.12696851878348395 0.14700341059430327 472 1035 0.13102779486244584
0.10065214980419691 0.21162759685781007 473 1036 0.1646557211208513
0.09485963143529552 0.17479850010605372 474 1042 0.1548282867395806
0.0966611914799005 0.15269228246180933 475 1045 0.1998788108361988
0.1604813448917552 0.14206481856124425 476 1048 0.09105944835526376
0.15777974287168461 0.1728207609985615 477 1049 0.08616706094668772
0.11656947282798852 0.19092505709076174 478 1054 0.12623657773703445
0.1266977756203796 0.19296042622804907 479 1057 0.12871121996826698
0.16840240023736708 0.12764770489251 480 1059 0.15811101526813998
0.22834445080264223 0.1453976576852213 481 1064 0.033853392426788864
0.1185603991843828 0.14632127060714378 482 1066 0.15525359896913585
0.13037799556556323 0.22266626108001786 483 1069 0.18994803562295454
0.16228906911435173 0.14095014289906302 484 1071 0.09475206414990273
0.24941607441082483 0.1640305720948866 485 1072 0.08401690474262596
0.1416038952498812 0.14759193710063323 486 1073 0.1019080634508443
0.21577817089844697 0.18796871201739482 487 1074 0.1766012210144645
0.09669095380468244 0.19245099369975643 488 1076 0.14431725602013767
0.1147158030070704 0.1547592686457909 489 1077 0.13753960974799273
0.13374459085152565 0.18843786133313267 490 1080 0.12286097843512728
0.09388299637528597 0.1984800578397477 491 1081 0.14999225891248014
0.10441834789199436 0.22277998053132522 492 1082 0.17715411016069899
0.15957702405765406 0.21009658859595387 493 1083 0.1961674576824406
0.18259620917712785 0.1846566261728295 494 1090 0.14067827763375962
0.20397978808027983 0.15568522534904217 495 1091 0.04940786625739927
0.1646649173632792 0.17843786333559586 496 1095 0.11672806626607463
0.17499616432989382 0.15791285031174992 497 1096 0.05337821703452465
0.13879256219989708 0.17748561251530712 498 1098 0.09430208472081443
0.11115766638380856 0.14126661541475433 499 1099 0.19197221098013667
0.1333768805106631 0.14190260058511603 500 1100 0.1369177690156055
0.25813521297747255 0.16084000174029112 501 1101 0.08285769682640298
0.22494759810950754 0.15874747108178602 502 1102 0.07137269909609045
0.22719108902873222 0.1477296751363105 503 1105 0.03371366171949322
0.2635917204824992 0.17222581320394253 504 1108 0.129456322358994
0.33546521177106553 0.1806015509545853 505 1110 0.1783769355547798
0.25558085286444326 0.18054815029484955 506 1113 0.154902885523862
0.23741455181530968 0.13256431228006188 507 1115 0.07691690380301333
0.248927931348891 0.11714337920007262 508 1116 0.18567481574441064
0.27543043345424906 0.14425216710695934 509 1117 0.05118458577107192
0.3395621176033206 0.18512915216171955 510 1119 0.18397104377802004
0.3640677701539025 0.17797507217280978 511 1121 0.16759309116694887
0.39182410015990093 0.12387899641231086 512 1123 0.16842847103798972
0.4213222079205983 0.1635834558965067 513 1124 0.1355545125963435
0.383458419847589 0.1344948915281809 514 1125 0.11850472372578244
0.3013690939804941 0.12987564394026443 515 1126 0.10489194532424259
0.26520786831238696 0.1214748956980693 516 1128 0.1544075250116322
0.17922302337438356 0.15493141926762674 517 1130 0.05073348888309191
0.21101359400426511 0.12911447842097323 518 1132 0.10811962963781507
0.20529754695636426 0.12847840248441963 519 1133 0.122511824963672
0.29846772859485377 0.17271961551317166 520 1134 0.1474556446315344
0.3109172899763528 0.1435407257784324 521 1135 0.07103178628122551
0.30312737235696735 0.14048767194507503 522 1136 0.06615872665174255
0.2814895949756563 0.1511875299929129 523 1138 0.06018982110977396
0.2455447012176892 0.15623758463261272 524 1139 0.06377354350977463
0.3007202804607266 0.153524951048175 525 1140 0.07586737035852865
0.28954738657024714 0.19134531885272363 526 1142 0.1972000936295842
0.3078307702852216 0.14833308161489822 527 1144 0.06959062776988266
0.3437374179235991 0.14445812485939802 528 1145 0.08583545019424829
0.4190106679528337 0.16171107995199444 529 1147 0.1323360243497068
0.43788232837570595 0.13680473502915869 530 1148 0.13813710361870973
0.40517011721554835 0.1483589555875462 531 1154 0.10485185542397095
0.3822084856634166 0.1464866339767279 532 1155 0.09986635671504383
0.39633302465392634 0.18320567310125027 533 1156 0.19001579110156094
0.3979851284755436 0.17564998401160684 534 1158 0.1627220517115307
0.47821687354661907 0.14683174516735528 535 1161 0.14569862409209275
0.46049763234564606 0.1715092694009571 536 1164 0.1635279404282791
0.4623384474188809 0.1442379796127898 537 1166 0.13526958861099997
0.3991668515898798 0.13905239468462768 538 1169 0.11716172589529598
0.4107533503738579 0.1840718647509117 539 1171 0.1934283660234495
0.34178076845339755 0.11733739501925551 540 1173 0.18921625115972313
0.3472085584959741 0.15858564997682767 541 1175 0.10476786123010536
0.2670061656730871 0.1823185687686048 542 1176 0.17226519799481865
0.2522084842890012 0.16470989222562857 543 1177 0.09878486089007109
0.17763337772071927 0.1333034261678082 544 1179 0.113558687520007
0.1908748506203271 0.13986358215471592 545 1180 0.07068048256830323
0.22850229894710888 0.152639524646439 546 1181 0.04465292227619419
0.2571204999775605 0.18042779096436848 547 1183 0.16264244853204757
0.15576541541673483 0.18379205794571113 548 1184 0.12070616509757899
0.22351629953981472 0.13937800552028262 549 1187 0.05644892694764955
0.15750426944209472 0.17937139258740786 550 1188 0.11169423178329882
0.19689474905779844 0.16181152111839156 551 1189 0.06807751507917596
0.13200668136937638 0.1417261801843573 552 1190 0.14573865611413153
0.17103107920669838 0.1827181408382716 553 1191 0.1212349903402842
0.08746616476958155 0.1683922601644982 554 1193 0.1857454568206922
0.1661027800963831 0.1442873148419844 555 1197 0.07039878998972
0.12187599276528079 0.16227900656836622 556 1199 0.10118580925615943
0.20533779818906506 0.17555158213365252 557 1201 0.12542014608419083
0.2048685092215248 0.13268077264727612 558 1204 0.09600132838582795
0.1508022901338153 0.18282922691704412 559 1207 0.1138523867017427
0.21221974266252472 0.1421472202059871 560 1208 0.04925851057695019
0.2634702357054848 0.12005137422586386 561 1209 0.16317758744117172
0.27312747554035044 0.11537442402226401 562 1212 0.1819993950594749
0.2942363308001588 0.1180666191317135 563 1216 0.17921428722852978
0.2670208873928021 0.1753761723570843 564 1222 0.14714487705891752
0.2473021781305227 0.19266630373690544 565 1223 0.19900519441980988
0.23086558490476278 0.13656172684119777 566 1225 0.06524967497067151
0.27760649406930327 0.18598363868986084 567 1228 0.18188017241291088
0.25220624002162056 0.15017421453116953 568 1236 0.045344809901989594
0.14011031278932778 0.16268021752129483 569 1238 0.0781604653855181
0.13763872769209204 0.19643021894905216 570 1240 0.14253819268719886
0.08430812429448205 0.22131808426776028 571 1243 0.1870831651115085
0.1452261107390085 0.18617944056790417 572 1247 0.1286772727265198
0.15399971293336398 0.1477524178519363 573 1251 0.08036566457342664
0.21853756196462493 0.13776309266603567 574 1252 0.06508955673126143
0.2721972943093018 0.15288053481784902 575 1254 0.062220443216683366
0.3011354101938103 0.18762848712820301 576 1255 0.19253308644738007
0.2533326960518462 0.17385356327690177 577 1256 0.12627104225413543
0.2215807939177685 0.1703590113752708 578 1257 0.1045745722094926
0.34141390495230955 0.1738417140185005 579 1258 0.14975190998620097
0.2974682799898887 0.16384576016863428 580 1259 0.1149770170622485
0.3347248385445132 0.14866831405551867 581 1260 0.08001323258994418
0.3200893954997369 0.14108199116665973 582 1261 0.07401159422604009
0.3007391814682902 0.1518267389239815 583 1262 0.06888089221038761
0.3431089610357003 0.13056900294347024 584 1264 0.1068995076242948
0.34896672462881984 0.15423640012542478 585 1266 0.09657256890808494
0.2853714006241175 0.16555186329724808 586 1267 0.11774002582454994
0.3005276892533665 0.15837411540313673 587 1272 0.09160608166497987
0.2999104835795858 0.14515870902124728 588 1273 0.05801190522217515
0.35135848617212073 0.1571591453469933 589 1274 0.0990767647571716
0.3149718829520867 0.1403284452232562 590 1276 0.07123268976567802
0.25419973446858946 0.16713963675331756 591 1278 0.11635907505783846
0.22719139843700836 0.18061864655894344 592 1281 0.15433049528098725
0.16956004354661855 0.15920039582608617 593 1282 0.05138407106680443
0.16843191345351058 0.13034978942960435 594 1284 0.13713885657559025
0.1562086705732192 0.1561403786214237 595 1290 0.06213741511012678
0.13760668917321475 0.21308352369242073 596 1292 0.1811167104677875
0.14984154489939241 0.19107118031394293 597 1293 0.1390892479125886
0.12220839331910492 0.1594655624381527 598 1294 0.11012256211971876
0.14672834983578684 0.14209278051327429 599 1295 0.11464895627013336
0.17840050720929862 0.12268944782440078 600 1296 0.17950466139912463
0.1548848439401175 0.1257715215649443 601 1297 0.1844798621112039
0.1520299033264344 0.15781841104535985 602 1299 0.06462691962941287
0.12735854386774215 0.13952455608637124 603 1300 0.15666496127558158
0.14055145447597234 0.1559975217340482 604 1301 0.08185923131207694
0.17934501606330572 0.18165114787724512 605 1302 0.13228890227174595
0.12585825991871302 0.17134658471589273 606 1304 0.09537585154701181
0.18357125474510402 0.1853199468027783 607 1305 0.14156106250841766
0.17544004720368483 0.19461721556122596 608 1306 0.16794517903008926
0.18910998617961342 0.1542590886355332 609 1308 0.041178642924412985
0.23128156143156636 0.13991323041267273 610 1309 0.04383110501896998
0.14378903776036628 0.14504020268686146 611 1310 0.10696275544513484
0.2158906767034069 0.1919041664031888 612 1315 0.178250887443218
0.2137269860386488 0.15246677861438548 613 1317 0.03970770135204232
0.14921239120092167 0.14427915003823832 614 1318 0.10301075963752382
0.19218699643507392 0.17725129457455718 615 1327 0.11821071530966276
0.2703040192142558 0.15298582817048167 616 1329 0.06364858910916008
0.24364926409096418 0.15227589899770974 617 1330 0.05079708955767694
0.2022632512996722 0.17788531477625652 618 1331 0.1295106462224072
0.20101121976602945 0.1338944838454184 619 1332 0.08718153798352857
0.20029392320520428 0.19026800122220092 620 1333 0.16284179015593417
0.1268616695645638 0.156064459977184 621 1334 0.10321981580013426
0.2149728321471177 0.16198210353665085 622 1335 0.07332777807712385
0.24886648517649856 0.1740631710926452 623 1336 0.13119218371143573
0.28947273550913283 0.13731096973391532 624 1338 0.06915470855732277
0.379165145553405 0.16833149946560544 625 1340 0.14389505483252235
0.32595515951210735 0.17628572417625685 626 1342 0.16216592939015465
0.26869860281769253 0.1889442199976075 627 1343 0.19358642168028906
0.26863143000337353 0.1396177556144971 628 1345 0.05429198432557451
0.23975614776087198 0.13255286349091472 629 1346 0.08219923110887284
0.24809127797094815 0.13858667330237426 630 1347 0.05709175267170468
0.2535694635925216 0.1367080316387692 631 1348 0.05874445066868987
0.15716471434461754 0.12279968162503418 632 1350 0.19777669498144804
0.17343289945033422 0.12413627293252609 633 1353 0.1741128206317137
0.1580885641506592 0.14235463061241738 634 1354 0.08825795086089866
0.17152482609685843 0.12628662156623185 635 1355 0.17178127186767975
0.13943350301717136 0.12817668008287159 636 1356 0.1930053716071403
0.14261008804573336 0.17668934169015743 637 1360 0.09635278625393175
0.13481121982751992 0.15111475617608902 638 1361 0.10054919152777189
0.11440424986682013 0.19099339459778572 639 1366 0.1270071317982304
0.10751302413249911 0.1741922827175265 640 1367 0.1217115006731217
0.16145111805309553 0.17509913775607386 641 1368 0.10201141972487984
0.16632541577170687 0.17923175110260958 642 1370 0.11997132699115594
0.11104350406344261 0.21361014857834676 643 1371 0.16713851600616902
0.11091002529426185 0.16098068652933217 644 1373 0.1319173622660419
0.2229608890099884 0.1290561911759044 645 1374 0.11143342856424363
0.18298189816432653 0.13895228339466453 646 1376 0.08181708726460138
0.20947058400125435 0.19112627499756274 647 1378 0.1775658576880107
0.17566481414173485 0.17123915245624108 648 1381 0.09754619275783524
0.192879226555856 0.11962614702533747 649 1382 0.19233404098926604
0.250006320349954 0.11637870022635306 650 1384 0.186884150181809
0.2730581093861346 0.159053307849641 651 1386 0.09096263659817864
0.25487237030782056 0.11859762880125438 652 1388 0.17200325245324452
0.3081144646778835 0.16799849340563258 653 1389 0.13140523836841056
0.3448784263286387 0.15100061650884367 654 1390 0.08579660155619394
0.2809178145831541 0.17279241832675146 655 1391 0.13923034368621406
0.241111928635289 0.1316935525879494 656 1395 0.09316744526604352
0.20635776916360937 0.14274128714375273 657 1399 0.04109033369981327
0.24705195590279405 0.16244720645154762 658 1401 0.08732987189109707
0.20240399206184598 0.1727153388857551 659 1403 0.10341389037375362
0.29088577061282883 0.1327864880319552 660 1404 0.08656139982731816
0.2961410824345991 0.17407149339443626 661 1407 0.14269871766685915
0.1948688338211968 0.15993791498280516 662 1409 0.057922479161962755
0.13893965943650058 0.14478721907215197 663 1410 0.11134625037845323
0.16089612896500863 0.15417933109387155 664 1414 0.06207148612251373
0.13709509241827095 0.16400166243512082 665 1415 0.08180760077881317
0.08200351600814634 0.18987278906853333 666 1416 0.18787051510627695
0.08075617756340395 0.2215759317618381 667 1420 0.1930267180022696
0.08461333727750152 0.16915222938825836 668 1428 0.19986978766515515
0.1057937237206664 0.20187847053240981 669 1429 0.14375158769595267
0.08291959806003639 0.21707745702854264 670 1439 0.18121115285423645
0.11118414051261752 0.16035009564258013 671 1443 0.1255908365054289
0.17606731104280549 0.1780157763355779 672 1445 0.11567432904723847
0.1430279479170448 0.2136814239816944 673 1446 0.19410658838296016
0.09285996489091988 0.1821896917020408 674 1449 0.15086387918711702
0.07979512836114601 0.18939032825287483 675 1454 0.1913304504112945
0.11967823965245888 0.15958412386151372 676 1455 0.1124430261142492
0.13654431311902068 0.136961636368785 677 1458 0.1516953499126859
0.16547762987019102 0.1399382725160841 678 1459 0.09544778003744027
0.18810967879631763 0.15003702099496208 679 1460 0.0388319952873622
0.15103233977296618 0.15327758555775972 680 1461 0.07193190728001903
0.24168556030184934 0.15200075435113083 681 1468 0.04993801958638084
0.26458894855782733 0.13326089848622305 682 1469 0.07905705537272462
0.2781155806564383 0.13075592602697328 683 1472 0.09313032332078461
0.24064509814902285 0.1709379800002883 684 1475 0.12056363287442248
0.2557034188769214 0.16207580345175474 685 1478 0.09118201368386887
0.20111194641981475 0.19263429438254953 686 1479 0.17693772163709814
0.18467434721042458 0.14419798365607425 687 1480 0.05428146703327631
0.20352662758744308 0.14318518037448763 688 1481 0.04093849739434041
0.24378970261530217 0.11627245605222228 689 1482 0.18851753982440905
0.27036728798296455 0.136620074403228 690 1483 0.06801995150249046
0.33366918946554036 0.15123807192602637 691 1484 0.08412307422967111
0.3274407840881647 0.1495645526587212 692 1486 0.07846934368250334
0.24905070223891035 0.15600374756886626 693 1488 0.061811428099243275
0.2669187655087682 0.14254648200844755 694 1489 0.04603758538283613
0.1946328575492803 0.14490456563479145 695 1491 0.04017230647045806
0.14443342974047227 0.153452472865412 696 1493 0.07747608617170863
0.15637856097504466 0.14363471721933949 697 1495 0.09395912075109092
0.1323432808058201 0.18090505543577867 698 1496 0.10764868172815086
0.17490185127844818 0.18542080366532027 699 1498 0.14035318097384342
0.10261278643293603 0.2201558041120486 700 1503 0.17498021188840251
0.1167088137922244 0.16524987374078307 701 1504 0.10928701469496264
0.08527236835652321 0.18973971242465254 702 1506 0.1725103008677497
0.14603528124254206 0.15280641084191848 703 1508 0.07981766101211545
0.12307892989751973 0.20109257042202155 704 1509 0.1454520056707598
0.1869716284247237 0.1813764979714699 705 1511 0.13453475900699927
0.21069332874907687 0.19277641470678403 706 1513 0.18001899806366914
0.2646301345055015 0.18385071837374475 707 1515 0.17914332908089659
0.15940527516099412 0.20488470436198908 708 1520 0.1855704357571697
0.13841846865239307 0.15237552487848013 709 1522 0.09388904006140948
0.1827483085544233 0.126917811183028 710 1525 0.14586515175301554
0.21360785674825594 0.11819244979499066 711 1527 0.18020606040399148
0.10843982393711252 0.19587807230864937 712 1528 0.13513925732190432
0.10637525471639775 0.1502146771794239 713 1530 0.1727040062809745
0.14280061178418957 0.1747482876851863 714 1532 0.08973977066719231
0.19230973384801134 0.19103181689809162 715 1534 0.16658354310638193
0.19539026719978533 0.15526801411107072 716 1535 0.04397205885999124
0.21909380258513622 0.17683459308182756 717 1539 0.12957189321252585
0.19126363480807457 0.1938175824304594 718 1540 0.1714237756123947
0.12515400367845403 0.21497334083834807 719 1542 0.17814432544006245
0.07900054229868926 0.19741121769975495 720 1543 0.1881723456320912
0.15222519401930096 0.19737032196168258 721 1545 0.15373579667764317
0.22165557407644867 0.192820455115026 722 1546 0.19292281404496853
0.20689163972185245 0.17721767321138876 723 1548 0.1278728310803354
0.13498451816484475 0.16509383799201563 724 1549 0.08284641584746207
0.1690269754053234 0.1675444390951046 725 1550 0.07496084041065394
0.13137557824822374 0.14358352108060837 726 1552 0.13935489674679263
0.2121726377359925 0.15874196032365576 727 1554 0.06295869983414915
0.2699019553829546 0.13633649326606825 728 1556 0.0636527479518544
0.24199434802602526 0.12011094566443568 729 1557 0.15506000561037347
0.1793841261719626 0.11976612612307566 730 1559 0.18579341802554253
0.25072478513703306 0.1644944776352402 731 1560 0.09792347198071723
0.3206741675426495 0.16586331737345372 732 1564 0.12615848156342255
0.34298769142551155 0.1709614616261388 733 1567 0.14904127528579533
0.34580841327424666 0.16518719495252576 734 1568 0.12478145412505263
0.34144435027825343 0.1486774965776456 735 1574 0.08528387042482995
0.3269143295721379 0.17860904102660202 736 1575 0.16420163325940354
0.34588192347404484 0.15186020831386093 737 1576 0.09310947286384394
0.22310946277084315 0.13549538527395177 738 1580 0.06940010010930825
0.20579832079110352 0.16002431848974494 739 1582 0.06390849631549048
0.268191368296894 0.13191448084466859 740 1583 0.08858828607005449
0.28903614998102456 0.1716661555577493 741 1584 0.13738910964099582
0.21386376241891236 0.16756104410318345 742 1586 0.0899067074071293
0.18199341335996677 0.1711148346277821 743 1592 0.09180034872374947
0.21471972435495992 0.18417030869607884 744 1593 0.15560302060819137
0.251881370825308 0.12478114493516787 745 1595 0.1340698336862083
0.29402951325196447 0.16308707430547703 746 1600 0.10898516726251606
0.3335270766917899 0.16824216807944642 747 1601 0.1317629083340284
0.3410988470929534 0.1816785977772093 748 1602 0.17836532027408616
0.3331983493209937 0.15996932599060457 749 1604 0.10396419172105376
0.30787254120858 0.14454783929338788 750 1611 0.06223005767866515
0.21745205117062527 0.1515116269090157 751 1615 0.043850887461269264
0.22319562355164532 0.17541489221355855 752 1616 0.14162907563453597
0.18112168940250156 0.19255257579705798 753 1619 0.16156594192919518
0.18027605985820308 0.15338708583061145 754 1621 0.04458568722935678
0.10978345063043347 0.15805367991919558 755 1623 0.14327996432497372
0.12106080674600021 0.22277666911685515 756 1625 0.18844869572468745
0.11143854564756633 0.14645929755221906 757 1639 0.17338426562620998
0.0877252083826122 0.2350055906979202 758 1641 0.19340381746538785
0.10944934671999594 0.22473019527862953 759 1642 0.18349429006224532
0.10306696776654246 0.2105989828297709 760 1649 0.1598272800604016
0.10387431438336492 0.17309117167934654 761 1650 0.1278586403808769
0.12346255448414264 0.21762679114212416 762 1652 0.18189178338108936
0.09257751737230105 0.21128393554287006 763 1656 0.16205945869298274
0.11582482733745235 0.15503001027560467 764 1659 0.133673314442691
0.14792934493259127 0.14973324566251633 765 1660 0.08209904793086235
0.20980902316718106 0.19343503248690147 766 1663 0.1877104050817531
0.1416219869396778 0.21004548257063754 767 1665 0.18613253745498734
0.20733983119843624 0.18918466512843354 768 1666 0.16629936244408625
0.17678292102994045 0.18892369954288757 769 1667 0.14895996969427597
0.1721339442282471 0.17418365026909888 770 1668 0.10129128581909205
0.15621438747110078 0.13052730081731465 771 1669 0.15658596841250377
0.11806768457889424 0.1954037638710505 772 1671 0.13568876627921234
0.20467496369392185 0.14635353439063375 773 1674 0.0353700850918325
0.18128757052040506 0.1596218401197636 774 1677 0.05332784648923751
0.18393315521773143 0.1504483176217952 775 1678 0.040421079483850056
0.21648575134411938 0.1637647758554997 776 1679 0.08032330903559383
0.13577152211355425 0.18261658620782312 777 1680 0.10762120811793935
0.18689909321190076 0.20220976702829702 778 1681 0.19746388128936615
0.21109170574129354 0.17269934557354216 779 1682 0.11261817829437418
0.2784846698376718 0.18516476007575014 780 1683 0.1777170704440412
0.20136528008971327 0.19051105568330795 781 1684 0.17435428527368588
0.18751562455752685 0.19477808407103994 782 1685 0.18374917764616341
0.09557791475185337 0.20239060870114506 783 1686 0.1501747958482529
0.10310068317933441 0.17697489360491692 784 1687 0.1295809973458883
0.08297744526689724 0.2052716195164777 785 1688 0.1775180870726444
0.137378686553281 0.1893821810699726 786 1690 0.12946078436516065
0.1268762286555894 0.1882341886227548 787 1691 0.11509707875324876
0.07727354374843858 0.2040422901794495 788 1692 0.19285264592530463
0.10084351871750993 0.15603975116216903 789 1695 0.17213668203881713
0.2019017021384209 0.15530572013522456 790 1699 0.0398205761546495
0.237963385018848 0.147401794437329 791 1705 0.03654467723055379
0.21528341042542695 0.1730420841400159 792 1709 0.11369761693047582
0.3104997738372011 0.13584417067821997 793 1711 0.07563257799881641
0.31638450270325513 0.1414394378770961 794 1713 0.0730310549037223
0.29952405357084266 0.1433997262321945 795 1714 0.060450939500589475
0.36123499684672744 0.15201662648456463 796 1716 0.09286733838305997
0.3816866159334809 0.16661643624591352 797 1717 0.136847371145258
0.44871890995768066 0.1578099608350168 798 1718 0.13527416964180103
0.49997931874955237 0.16909628875537125 799 1721 0.167403278027727
0.4751383180294731 0.15525481141032382 800 1722 0.1469042857764411
0.45486445464027975 0.159435465387483 801 1723 0.13758587678740108
0.43494491400092467 0.15796067063656946 802 1724 0.12785123180740232
0.41263380380546405 0.15552603563371964 803 1725 0.1195096771135857
0.4286893755969822 0.15819686300624153 804 1727 0.13006779957232642
0.37873968287024556 0.12173346629131931 805 1728 0.17976673466318255
0.3608814250630157 0.15728265560686414 806 1730 0.10390654140096839
0.4152623566573377 0.13001480225600304 807 1732 0.15024556084380927
0.35741276714931125 0.12319452318292143 808 1733 0.15569958796504763
0.3943830284772727 0.17267744564756257 809 1736 0.1540318514493259
0.38455561393107285 0.1506461504790007 810 1738 0.09955289367589129
0.36252414598978033 0.17963974886892548 811 1741 0.17351005869724953
0.3063405588486081 0.13434615476739958 812 1742 0.08318380996686253
0.3416627265034632 0.1570613330701648 813 1743 0.0994642043740394
0.28896186869084534 0.15503274912202844 814 1744 0.07958536242283007
0.273028910856096 0.1805160545322568 815 1745 0.16578920432464656
0.25354206868104845 0.1840243349900696 816 1746 0.17397363245913186
0.2649147556041746 0.12911053965996483 817 1750 0.09783820341558179
0.22531372127200186 0.11598020539642077 818 1752 0.18817649505694986
0.3004600734453262 0.13355759769844502 819 1757 0.08678393452191897
0.27066456915479314 0.17745991842106446 820 1758 0.15384869637805124
0.26773034571370824 0.17749041989145886 821 1759 0.15430935592270675
0.24993831534947242 0.1382705759895394 822 1760 0.057481526703358106
0.2578878378799628 0.16395019354305015 823 1761 0.09564566832311852
0.2799312690667973 0.17488031458415063 824 1762 0.14637820052131198
0.3063137200718015 0.1822641489433335 825 1764 0.1780667208441711
0.3759362757003156 0.14908001601445764 826 1767 0.09516515383500755
0.4381325421906123 0.12309196968909818 827 1768 0.19172067073951435
0.4719738791702272 0.1446328438233941 828 1770 0.13991185048512567
0.3705008908112957 0.13471121193397032 829 1773 0.11456191165815786
0.38045191493080743 0.13541970759085914 830 1780 0.10729242834596528
0.34141746471542783 0.1298463663419123 831 1781 0.11943853446079497
0.34878517344169235 0.1550143736971979 832 1786 0.09646897394270515
0.37651174978563956 0.14363560550758414 833 1787 0.10320765655538708
0.3588624813170167 0.1601100743325188 834 1791 0.1103966279869771
0.3388201789968238 0.1570076949788421 835 1794 0.101201429475825
0.3331604802026454 0.13193129469192813 836 1797 0.10474879389860615
0.32110457694831845 0.17162388320549563 837 1798 0.13615041316314253
0.25164355592935544 0.16414486024257668 838 1800 0.0969766782864671
0.3173845704866306 0.11627809359853047 839 1802 0.190676086218222
0.26746214080919134 0.13199356035093557 840 1803 0.09564754123717743
0.3337247293109893 0.1368283109607691 841 1805 0.09003172061619655
0.36610751303713435 0.13803950991476022 842 1807 0.09555831664967258
0.303834686397975 0.14114215939328942 843 1809 0.06438243946289506
0.3695658222733994 0.1799085479697764 844 1811 0.17684298065733367
0.32442712648085675 0.14178174024255052 845 1812 0.07275750924459175
0.32758444354553545 0.1665878886246765 846 1814 0.12721707014336742
0.3286835921733686 0.17899510744889718 847 1815 0.16878263319452289
0.3643341806993359 0.11833560777786355 848 1816 0.18365657015039155
0.37732874802493666 0.12796465494670403 849 1826 0.13671979131833772
0.31107600305871136 0.1465853382801851 850 1828 0.06602390587700187
0.27598253218172636 0.15885557407256312 851 1832 0.09171483902640823
0.2963127672664686 0.11604259067296838 852 1833 0.18423999750422362
0.336972604049643 0.13155229670393057 853 1838 0.10505409035001459
0.4019381668002658 0.1324924804474265 854 1840 0.13923199205570724
0.28682849477248273 0.16717139441540912 855 1843 0.12338567908656517
0.2517879977695014 0.17823216685651844 856 1844 0.15527722561663726
0.17201476734456655 0.15703716098433934 857 1845 0.0538107958891554
0.2384350378867055 0.15467050906430307 858 1848 0.05383818609900859
0.2787604453246462 0.13112533383272001 859 1849 0.10301522016698275
0.2838147607035767 0.11799127932447878 860 1852 0.17612829507284705
0.24546388501941643 0.14265049351933132 861 1854 0.04088681512789383
0.15282601677683716 0.2062939288112008 862 1856 0.1869443039302
0.15806123764445687 0.17820404651012842 863 1858 0.10950325032031538
0.12120939136804426 0.1496272862252189 864 1859 0.12797774221728245
0.13911741678283476 0.20006583330884223 865 1860 0.1505407679879754
0.14477127635165657 0.19799328321099582 866 1862 0.15111688912843055
0.10895265354877254 0.17390419198076196 867 1864 0.1194256912005124
0.09293935291293753 0.22385767376873816 868 1865 0.17917761395510165
0.10525402275515726 0.2153891007567029 869 1869 0.16551783981890747
0.1726265563258096 0.20305168965350973 870 1870 0.1846483457715478
0.22486593297361704 0.18597118078566321 871 1873 0.1736481364158051
0.15482567584420553 0.17571353108178658 872 1882 0.10543326580730665
0.1654926234842085 0.14416559580974625 873 1883 0.06766156131050534
0.13934127945506544 0.1275093454208327 874 1884 0.18837608347896334
0.22672830557113222 0.1394257606165833 875 1885 0.040803196178326305
0.25548206782582583 0.14634548873881498 876 1886 0.04455500976524313
0.29297259148802474 0.13606311159655823 877 1888 0.07609885744140447
0.1561926517751452 0.15316337801383553 878 1889 0.06098478081311842
0.1426794352890945 0.15716525536786644 879 1890 0.07547437199226892
0.20171081283746056 0.1402749040319224 880 1893 0.05804241745432213
0.24289214891419497 0.1622454129411164 881 1895 0.09133529525916197
0.15770689815580438 0.18720165933200736 882 1896 0.13955893419716384
0.18879069039657073 0.1704648796933219 883 1898 0.0969636267937515
0.1340989160506936 0.2031507353269157 884 1902 0.15658824622866135
0.08553492245670422 0.21724156566696143 885 1905 0.17837081561266813
0.11191140439556496 0.19580582227893562 886 1909 0.1370815013098766
0.17381019450854687 0.1752823453425178 887 1911 0.11256872232004
0.2196418014805115 0.14512968845671165 888 1912 0.03415687654453817
0.20522003291206356 0.13525974026402054 889 1914 0.08685338235416545
0.21155380166210044 0.1378610794799577 890 1915 0.05916270008685534
0.20883974717257542 0.16323477917650475 891 1919 0.07889060662878493
0.2614583196763099 0.16474760552369294 892 1921 0.10709930741949572
0.3086411788643758 0.1353998932240629 893 1922 0.08204059493317903
0.31229692476515625 0.1512184216722407 894 1925 0.07435800681659394
0.3365796703552377 0.1760043753905407 895 1926 0.16376256342351908
0.3728777817588554 0.15785211368571206 896 1930 0.10654751553229548
0.3314104503339722 0.1821742537763235 897 1931 0.17714892272977842
0.35846973384909975 0.14195081344111773 898 1934 0.08406390789486572
0.3073119632247897 0.16653580116472733 899 1937 0.12040929248568934
0.25782642209883455 0.14415983668459684 900 1938 0.042828704212643544
0.2501606084112537 0.16115765207243873 901 1943 0.09033113641862901
0.2763567946310343 0.17862290219918978 902 1944 0.15788867001362947
0.29127681459428995 0.11431100749199531 903 1947 0.1945363253132434
0.2527532094090041 0.19034720307718356 904 1948 0.19879465605455196
0.18833089821447258 0.12096618090694629 905 1950 0.1760885997382953
0.19020351071799158 0.13566377166540172 906 1951 0.08318499790442774
0.1877093275092703 0.19319235293253728 907 1954 0.17268559711425396
0.24416140489508303 0.14159277826604172 908 1955 0.046795635798202805
0.24278035144629406 0.15840669936580962 909 1956 0.07660612074003949
0.25815322139079133 0.16307955475864597 910 1957 0.09761695342450846
0.2521600870032967 0.12711324662833812 911 1958 0.10581911272419686
0.2628503278977034 0.1528844055749773 912 1959 0.06318981820280027
0.21982454154176884 0.15489466700599383 913 1960 0.058542164745904866
0.23921468174511384 0.1893404138351042 914 1966 0.17546041102342966
0.1882231023968299 0.18700968047705113 915 1968 0.15310685261776463
0.2066978684543699 0.14418053773584805 916 1973 0.04058983150845992
0.22004907068004076 0.1190669251303447 917 1975 0.16863427917823132
0.208645898532299 0.1372985023488002 918 1979 0.06575792444747994
0.217301236524924 0.12853449769368036 919 1987 0.11647874605916649
0.1886723751252967 0.1276040973927676 920 1988 0.1444250495335307
0.19320399034465977 0.16446811304809505 921 1990 0.07603436683013078
0.16598022647320912 0.18309541990034867 922 1991 0.1268946294793723
0.17552544082775967 0.18658383738882064 923 1992 0.1491686879705415
0.18803633939841646 0.16687530344752652 924 1994 0.08199749770495353
0.14916481766251943 0.15335803066738482 925 1999 0.07185637864657606
0.11899679436430216 0.2163819341567696 926 2000 0.17715408237049554
0.16133709504068222 0.17817832531097322 927 2001 0.10816953204878837
0.12124388911948558 0.19436533474226614 928 2007 0.13155318427868148
0.08431297877676927 0.22994638019909708 929 2008 0.1870265739867163
0.11874032680968705 0.1700282886589418 930 2011 0.10371519250849355
0.140643580932081 0.1802900361109036 931 2015 0.10366804459341321
0.12491898368808976 0.16663026060505273 932 2016 0.095676330543284
0.20775481047180336 0.14432594837126753 933 2018 0.039888308647329826
0.22617966281599436 0.1198146760737129 934 2020 0.1676460780831573
0.23854607567606795 0.16589939399212733 935 2034 0.09947369088098593
0.22689388929704754 0.144569122674105 936 2035 0.03600621204051078
0.21166739246168448 0.16773346101343142 937 2036 0.09225458153140569
0.27585699348836823 0.16560171875491914 938 2037 0.107799237208347
0.1530981749651138 0.12884231203619134 939 2039 0.16687970844754954
0.08433971945578592 0.17459545293217046 940 2042 0.18908522042435363
0.0814510960255398 0.1807678112260568 941 2044 0.19381091666839337
0.15286468293986652 0.20286771045804602 942 2046 0.17492287608801593
0.12883004250079041 0.17461518418629726 943 2047 0.09357078234419218
0.13011914223229176 0.13696157071781895 944 2049 0.1655753098074463
0.17043422244399303 0.13810482302337687 945 2050 0.09510976932517069
0.1939756757281939 0.15213319566113367 946 2052 0.04173935610777776
0.1497503810058681 0.1470688086740109 947 2053 0.08612605954504689
0.14615254238628939 0.20159965545714933 948 2054 0.16279761499503712
0.23709939743162506 0.16527332018212962 949 2056 0.09985243455886944
0.20691430011625303 0.16219286155945234 950 2058 0.07958826978899976
0.3180902151517566 0.1697997121046145 951 2059 0.13451715147587767
0.2806690093270106 0.11474428237610956 952 2061 0.1996091470608761
0.25902014282074237 0.11786548764778201 953 2063 0.16809585100785943
0.27702940646919677 0.11851358114187839 954 2064 0.17345694064462228
0.3183216321547906 0.14531093045654245 955 2068 0.06939079988557813
0.3612366046782253 0.13149759860508473 956 2069 0.12456361555472217
0.37056688537314997 0.1342786981327361 957 2071 0.11428363717188698
0.4484682016047987 0.1477199649259757 958 2073 0.13104853985370019
0.48442353384021847 0.1604818500060885 959 2075 0.1491388691556398
0.4588287974003083 0.15780587757268086 960 2077 0.14085032634964395
0.40453708314377196 0.16754921667042155 961 2078 0.14232286854499077
0.3594288854192099 0.16000169640036663 962 2086 0.10860142418176177
0.3892319394749563 0.1737333061393136 963 2089 0.15866115847180975
0.4122245952258235 0.16630531539353374 964 2092 0.1429815078495027
0.35501313018609626 0.17622617034868146 965 2093 0.16108119289017542
0.36062081195397266 0.1284409447780921 966 2097 0.14083170249237784
0.3716047304464671 0.14813025506784533 967 2102 0.09500814464245416
0.3273940938847704 0.11620819634685547 968 2103 0.19806960392166528
0.2933293125506402 0.17557123922264828 969 2108 0.15231895056643863
0.2526337325214991 0.14711946541562887 970 2111 0.0391856981667181
0.2020460586624114 0.1482789501493829 971 2112 0.03426526092702556
0.23839328420397932 0.13173065230634584 972 2113 0.08641420694657853
0.31197342889798557 0.15374343641965188 973 2114 0.08047152232995683
0.3884314226453829 0.17877164271193244 974 2115 0.17357129803017715
0.3838876313222916 0.1403972063294691 975 2117 0.10833390951043999
0.38649777481817194 0.13330180102891886 976 2122 0.12410491658114162
0.3935967153255218 0.1574957261884397 977 2126 0.11881216813817923
0.36814105421504634 0.16533955675846948 978 2127 0.13187419525886146
0.3984081591561453 0.15517579794861586 979 2130 0.11460468310575472
0.3459720931286934 0.13586899126851176 980 2134 0.10183895281555556
0.3618050255653693 0.15334672534135407 981 2137 0.10010995974752675
0.41254312434162355 0.1763659708429574 982 2138 0.17444298864764576
0.43584099531081144 0.13933483415575604 983 2144 0.1327481462889896
0.43277318047118074 0.15891253460305144 984 2145 0.1315899104879041
0.40730807978058714 0.16947419057529606 985 2147 0.15029837759642756
0.4063314399200537 0.12746827440614192 986 2148 0.15676214784530051
0.31319363815016654 0.15161150007333954 987 2151 0.07089130412160846
0.2665898643851033 0.13275074486519267 988 2155 0.08729708936537148
0.293742047361051 0.1421391207974231 989 2157 0.060437583236514075
0.2723419161971137 0.15127605422671223 990 2158 0.05758263685924602
0.3254219282161264 0.1341928696603079 991 2159 0.09279159448364752
0.3161104275108532 0.12039681912903602 992 2161 0.16250017366625422
0.37664029394551735 0.17241799703892063 993 2166 0.1572261150804108
0.4610157432434602 0.16008312762590335 994 2168 0.14677159414935595
0.43531006045940707 0.15942558864066927 995 2169 0.13371206344247571
0.4657310975550811 0.14426675796316568 996 2170 0.14121792217266063
0.4205027384899158 0.15942345539379404 997 2171 0.13066244095387775
0.3012833946768604 0.1278291977282286 998 2172 0.1191616292279138
0.3260700956446518 0.14738978761916555 999 2173 0.07950167102990197
0.3619075268754587 0.14260133394427985 1000 2174 0.09346016790942323
