1.84218554e-01
1.53661418e-01
1.49522367e-01
1.33773986e-01
1.16569193e-01
1.24393449e-01
7.61534211e-02
7.46472857e-02
6.14584032e-02
6.03957468e-02
5.88650119e-02
5.36222851e-02
4.77820303e-02
5.11215303e-02
4.39245747e-02
4.70919460e-02
4.68138440e-02
3.84744371e-02
2.67670479e-02
2.80384371e-02
2.56585868e-02
2.25415644e-02
2.21224113e-02
2.29633575e-02
2.23361926e-02
2.17337994e-02
1.86377999e-02
1.87776372e-02
1.89972695e-02
1.63922348e-02
1.80949013e-02
1.53053408e-02
1.59387791e-02
1.72675439e-02
1.52010457e-02
1.42800110e-02
1.18763436e-02
1.18002732e-02
9.00141662e-03
9.47383055e-03
9.26883479e-03
9.61778176e-03
8.41290859e-03
7.82711349e-03
6.86580998e-03
7.17562100e-03
7.50175144e-03
6.31948938e-03
6.18522368e-03
5.75411196e-03
4.93078956e-03
4.62351207e-03
4.51779741e-03
4.70085223e-03
4.71194779e-03
4.26150458e-03
3.88471169e-03
3.98230774e-03
3.64593469e-03
3.43748926e-03
3.39000806e-03
3.20040442e-03
3.30375625e-03
4.39955159e-03
4.16143194e-03
3.64371682e-03
3.62626464e-03
3.50407315e-03
3.44511417e-03
3.45250132e-03
2.85603849e-03
2.64388049e-03
2.58295021e-03
2.53844076e-03
2.50878743e-03
2.26547747e-03
2.34566374e-03
2.17576615e-03
2.05900184e-03
2.04516350e-03
2.04757934e-03
1.98972142e-03
1.82043098e-03
1.62874150e-03
1.62059989e-03
1.54670241e-03
1.49775511e-03
1.35900330e-03
1.33540797e-03
1.33201308e-03
1.31729706e-03
1.28828437e-03
1.26915658e-03
1.27373186e-03
1.29597352e-03
1.26190088e-03
1.21127470e-03
1.19228518e-03
1.14653553e-03
1.14963672e-03
1.16163998e-03
1.16426083e-03
1.09964213e-03
1.00681460e-03
1.00482071e-03
1.02286556e-03
1.01562689e-03
9.81226168e-04
9.75317519e-04
9.55319497e-04
9.78877959e-04
9.31269181e-04
9.36955824e-04
9.15889759e-04
8.93182819e-04
8.69941819e-04
8.60328481e-04
8.39283259e-04
8.43180378e-04
8.36989580e-04
8.15338141e-04
7.79138553e-04
7.88756861e-04
7.93852089e-04
7.01954852e-04
6.94547787e-04
7.02238518e-04
6.71448590e-04
6.46767584e-04
6.38209834e-04
6.34135726e-04
6.28236857e-04
6.33440973e-04
5.82075212e-04
5.95583937e-04
5.69549440e-04
5.54795986e-04
5.59990270e-04
5.63246414e-04
5.63676728e-04
5.43958622e-04
5.42905892e-04
5.37765998e-04
5.36115659e-04
5.22014532e-04
5.16090667e-04
5.19301156e-04
5.21097834e-04
5.20895061e-04
4.91688822e-04
4.76924553e-04
4.73577153e-04
4.61638677e-04
4.72005224e-04
4.74561258e-04
4.69037249e-04
4.70609439e-04
4.74251664e-04
4.70683031e-04
4.53029905e-04
4.44871187e-04
4.38007734e-04
4.25961509e-04
4.24886720e-04
4.18943794e-04
4.18928126e-04
3.94035257e-04
3.86148497e-04
3.79839211e-04
3.67900558e-04
3.73544506e-04
3.72728230e-04
3.64659990e-04
3.66724042e-04
3.72701932e-04
3.70760427e-04
3.72721321e-04
3.81085362e-04
3.82057854e-04
3.83819361e-04
3.61240129e-04
3.69901069e-04
3.73678840e-04
3.59552906e-04
3.65081682e-04
3.63588044e-04
3.70179760e-04
3.74983440e-04
3.66934178e-04
3.68171387e-04
3.68718358e-04
3.66284181e-04
3.59747605e-04
3.52321951e-04
3.60549328e-04
3.61682258e-04
3.60831586e-04
3.62261344e-04
3.42214333e-04
3.42446320e-04
3.42419189e-04
3.32799620e-04
3.25871863e-04
3.28525221e-04
3.28229400e-04
3.20986040e-04
3.23775755e-04
3.31165085e-04
3.29041577e-04
3.20085276e-04
3.22709096e-04
3.20794180e-04
3.21994029e-04
3.16892661e-04
3.10576416e-04
3.11164942e-04
3.10224411e-04
3.10177640e-04
3.08086316e-04
3.12529736e-04
3.11419843e-04
3.11537459e-04
3.03818313e-04
3.04406196e-04
2.96686113e-04
2.97652933e-04
2.99553833e-04
2.93512186e-04
2.91641257e-04
2.75642655e-04
2.79329294e-04
2.77194621e-04
2.79038763e-04
2.72469942e-04
2.70243701e-04
2.70557623e-04
2.71381444e-04
2.62861158e-04
2.66667497e-04
2.69919643e-04
2.72771103e-04
2.73303186e-04
2.70974729e-04
2.72386413e-04
2.75931702e-04
2.71227449e-04
2.73545120e-04
2.71423920e-04
2.71299059e-04
2.63811869e-04
2.64082771e-04
2.62003953e-04
2.66314361e-04
2.65578397e-04
2.63306368e-04
2.54724288e-04
2.46972916e-04
2.47259599e-04
2.47744003e-04
2.46611902e-04
2.46463715e-04
2.47493307e-04
2.43460247e-04
2.44928935e-04
2.45701988e-04
2.45039816e-04
2.33939874e-04
2.37853768e-04
2.37257610e-04
2.20956286e-04
2.25982039e-04
2.24034909e-04
2.24272267e-04
2.24835982e-04
2.19679788e-04
2.21876354e-04
2.21736885e-04
2.13901490e-04
2.19237146e-04
2.15581476e-04
2.13428563e-04
2.14008785e-04
2.12993764e-04
2.14517175e-04
2.16550151e-04
2.19496859e-04
2.15834752e-04
2.11653526e-04
2.15979387e-04
2.18315106e-04
2.15154164e-04
2.10305588e-04
2.14886758e-04
2.11774214e-04
2.10084533e-04
2.05533048e-04
2.02887439e-04
1.98260878e-04
2.00411414e-04
2.03368915e-04
2.03116259e-04
2.04743767e-04
2.05160592e-04
2.02179271e-04
2.01196786e-04
1.86303815e-04
1.74197540e-04
1.73252678e-04
1.73854986e-04
1.76617731e-04
1.71364608e-04
1.69679016e-04
1.67002683e-04
1.67236609e-04
1.66098252e-04
1.70084831e-04
1.70728224e-04
1.70391176e-04
1.69257787e-04
1.68483419e-04
1.69334217e-04
1.70815931e-04
1.69334171e-04
1.73203109e-04
1.70345413e-04
1.69636614e-04
1.69344146e-04
1.71816415e-04
1.69885080e-04
1.70545405e-04
1.74478558e-04
1.73644868e-04
1.74911134e-04
1.73714306e-04
1.73488065e-04
1.73764655e-04
1.74007938e-04
1.74670432e-04
1.78277364e-04
1.78883766e-04
1.74244313e-04
1.72115105e-04
1.75169873e-04
1.76853781e-04
1.75866895e-04
1.74969542e-04
1.73447743e-04
1.74347165e-04
1.70576251e-04
1.70121240e-04
1.70605051e-04
1.71804789e-04
1.71714751e-04
1.68743041e-04
1.70449544e-04
1.68609361e-04
1.67970291e-04
1.68487915e-04
1.66843449e-04
1.66027413e-04
1.67119400e-04
