2.52578097e-02 6.77120943e+03
6.22563823e-02 1.29966599e+04
7.87631309e-02 1.35935677e+04
3.95661437e-02 9.59266054e+03
7.58001240e-02 8.70319989e+03
9.47388081e-02 1.22368121e+04
2.84730042e-02 1.04965003e+04
2.52709413e-03 7.18834455e+03
8.22634549e-02 1.00940649e+04
5.02282167e-02 6.27087518e+03
8.29828409e-03 1.26942867e+04
6.98751549e-02 5.63960106e+03
9.23765179e-02 6.10605550e+03
1.89335947e-02 7.47658860e+03
1.15795930e-02 1.30277994e+04
9.61211138e-02 8.12315628e+03
8.57330269e-02 1.12528384e+04
4.33216614e-02 1.23671652e+04
6.41812961e-02 1.10140758e+04
5.68809363e-02 1.17797045e+04
1.44789476e-02 1.15293816e+04
1.69740454e-02 9.41230258e+03
7.02280153e-02 8.43651122e+03
4.12360508e-02 1.08958422e+04
2.01438969e-02 5.49054314e+03
3.13738222e-02 8.84371764e+03
3.36038263e-02 9.07142802e+03
8.47192605e-02 5.21714978e+03
3.58772875e-02 1.40558990e+04
9.77926675e-02 1.07408056e+04
5.35747921e-03 1.47530386e+04
4.94037766e-02 7.99246971e+03
5.90455452e-02 1.37607900e+04
7.27528067e-02 1.34727858e+04
5.27102670e-02 7.63192528e+03
4.67524228e-02 1.47482412e+04
8.76819075e-02 6.51844914e+03
6.70546501e-02 9.88846357e+03
1.76560557e-03 5.99232563e+03
2.27033720e-02 1.43807745e+04
1.00000000e-01 1.50000000e+04
1.00000000e-01 5.00000000e+03
0.00000000e+00 1.50000000e+04
0.00000000e+00 5.00000000e+03
3.61478394e-02 5.24500814e+03
8.79272190e-02 1.49171608e+04
4.53994292e-04 1.04771126e+04
5.66318653e-02 5.05954570e+03
7.31160051e-02 1.49547756e+04
9.85682944e-03 5.16241166e+03
9.83647076e-02 6.90522888e+03
2.00146675e-03 1.30500376e+04
4.60772188e-02 5.06217857e+03
1.59494645e-02 1.49658334e+04
6.29796683e-02 1.48308429e+04
3.07795403e-02 1.48765355e+04
8.37425807e-03 8.19366338e+03
9.98951837e-02 1.30919852e+04
7.51634154e-02 1.13718928e+04
3.78517788e-02 6.55050392e+03
7.50450164e-02 5.24070259e+03
9.49820421e-02 1.42828723e+04
2.84605168e-02 1.27597490e+04
2.92193051e-02 5.18067674e+03
3.94723312e-02 1.49729680e+04
6.44509403e-02 5.11449894e+03
6.08041750e-02 6.71201052e+03
4.51673380e-03 5.24621460e+03
9.16786979e-02 9.65807054e+03
9.45127258e-02 5.20574595e+03
8.81133808e-02 1.35144330e+04
7.22602379e-03 1.01874944e+04
5.30721887e-02 1.48992130e+04
4.91849855e-02 1.05156412e+04
7.80953666e-02 6.47710864e+03
5.93926203e-02 9.26390138e+03
2.04030470e-02 1.19141024e+04
8.16542967e-02 1.49006124e+04
9.96264363e-02 8.80038209e+03
2.95546556e-04 8.25000768e+03
1.08482632e-02 6.37648291e+03
5.13527846e-02 1.34012724e+04
3.17301264e-02 6.28499684e+03
1.23293510e-02 1.49992374e+04
3.62777841e-02 1.19010782e+04
8.68864234e-02 8.31215122e+03
8.82842578e-02 5.15891133e+03
2.41817798e-03 1.39287813e+04
2.48013397e-02 1.47530008e+04
2.35637641e-02 8.89135398e+03
9.32446485e-02 1.49450120e+04
1.21043258e-03 1.21985036e+04
2.08234482e-02 5.17334438e+03
6.97795464e-02 1.43597827e+04
4.30884582e-02 5.87359270e+03
1.49010899e-03 1.25268626e+04
6.37004588e-02 7.87147140e+03
1.41714608e-03 1.27330667e+04
1.67732403e-02 5.00528746e+03
1.74357904e-03 1.24107016e+04
9.98792560e-02 1.13299302e+04
4.97660684e-03 9.31947278e+03
4.34295920e-02 1.37564597e+04
2.30189113e-03 1.36453972e+04
8.14280323e-02 1.24363494e+04
4.30484735e-02 7.86608756e+03
6.56275726e-04 1.32630868e+04
6.88338861e-02 1.20000603e+04
8.22037145e-02 7.60397841e+03
5.11407921e-02 5.04269207e+03
9.82582026e-02 5.84064580e+03
9.62131390e-02 1.48858515e+04
1.57131109e-02 1.38098028e+04
7.24280498e-02 5.10950841e+03
1.38851460e-02 8.23270822e+03
5.35296307e-02 9.93189483e+03
9.98509926e-02 6.31516660e+03
5.95655434e-02 1.48069081e+04
7.96683866e-02 5.05840226e+03
8.00748390e-03 1.41129673e+04
4.20076891e-02 5.10795128e+03
2.40374920e-03 6.31168686e+03
2.78406264e-02 1.42218908e+04
1.65162806e-02 5.90106488e+03
7.14984089e-02 6.85468975e+03
6.81048193e-02 1.49690731e+04
7.58633041e-04 6.46598395e+03
5.59930688e-02 6.14283000e+03
4.85229916e-02 1.21360450e+04
8.26058362e-02 1.41583838e+04
9.96910524e-02 1.40504138e+04
7.14858646e-03 6.31406373e+03
2.76729966e-03 1.48761886e+04
9.16041893e-02 1.17043148e+04
1.23131616e-02 1.00367241e+04
2.48331910e-02 1.09515041e+04
2.12294766e-02 1.48913641e+04
6.67030231e-02 6.18803872e+03
2.62453768e-02 5.11440797e+03
3.34604855e-02 1.48580835e+04
4.62580709e-02 9.61619605e+03
9.17847865e-02 7.60885903e+03
9.74412069e-02 5.22545958e+03
3.29705000e-02 1.08213195e+04
7.73976100e-02 1.48756007e+04
9.68227934e-04 1.09000506e+04
2.07497144e-02 1.33034597e+04
3.47623238e-02 5.14000100e+03
6.57084942e-02 1.39100226e+04
3.96917263e-03 5.07948483e+03
1.63131719e-03 1.16530198e+04
8.38650615e-02 6.13675704e+03
6.12874495e-02 5.03268368e+03
7.22534671e-02 1.00224696e+04
4.54428386e-02 1.48409069e+04
3.67029314e-02 7.85436402e+03
2.88217146e-02 7.98199227e+03
9.68973299e-02 1.30742701e+04
8.79567243e-04 1.15581487e+04
1.53620252e-03 9.66991878e+03
6.80349043e-02 5.24301052e+03
5.69821113e-02 7.85816062e+03
9.02042599e-02 5.03384465e+03
9.27970521e-03 1.47646077e+04
9.03671204e-02 1.38877578e+04
6.06597474e-03 1.17348702e+04
9.88723467e-02 9.75087771e+03
3.29287825e-02 1.31412123e+04
5.52735760e-02 1.48176173e+04
7.79567370e-02 1.00778113e+04
1.07275084e-02 5.13015562e+03
4.86516594e-02 1.38129398e+04
1.87956597e-03 1.38624224e+04
2.54091046e-02 1.49677926e+04
9.78203376e-02 7.87802596e+03
1.77337309e-02 1.03027195e+04
4.74240912e-04 7.33446347e+03
5.41500065e-02 1.23222395e+04
9.85633882e-02 1.49988873e+04
3.78227409e-02 1.36141279e+04
4.61830376e-02 6.49282406e+03
8.56425156e-02 9.60177299e+03
1.69518128e-03 1.39211361e+04
2.68093660e-02 6.00625628e+03
7.11402099e-04 5.89386882e+03
9.46938639e-02 9.77594548e+03
2.50045225e-04 1.26729775e+04
5.76183749e-02 1.05489947e+04
4.80846209e-02 1.47699788e+04
6.04670021e-02 5.90610012e+03
5.65342662e-02 1.37673769e+04
8.54174347e-02 1.48938943e+04
7.62772976e-04 9.39666075e+03
3.75829912e-02 5.24919065e+03
8.32138732e-05 5.12571093e+03
9.97310654e-02 7.66093511e+03
7.93919495e-02 8.20923484e+03
8.57805796e-02 1.24773846e+04
7.50894367e-02 6.00432349e+03
7.56284350e-02 1.23273317e+04
2.59878122e-02 1.25790835e+04
9.66302849e-02 5.01319584e+03
3.17080208e-02 5.12038835e+03
1.13931304e-04 1.49755385e+04
8.32138573e-02 5.03926472e+03
7.22268729e-03 1.48623340e+04
4.01920276e-02 1.49382644e+04
2.37862554e-02 5.11702551e+03
2.86487657e-06 1.00706011e+04
1.31095596e-02 6.33727425e+03
9.76881440e-02 1.18863028e+04
6.17879299e-02 1.18423697e+04
2.08572233e-02 6.83166953e+03
6.46218425e-02 9.05746740e+03
2.63739469e-03 5.23523916e+03
1.42880732e-02 1.42392766e+04
9.84135647e-02 9.79541081e+03
7.68348168e-02 1.41934951e+04
1.27606080e-02 5.16971602e+03
1.73518668e-02 1.24376236e+04
6.13920917e-03 7.58275108e+03
9.07367250e-02 1.48877041e+04
5.86351631e-02 1.48193063e+04
5.48695125e-02 5.06241252e+03
6.91978885e-02 1.22737910e+04
1.79505841e-02 1.48775989e+04
3.28148560e-02 6.29730883e+03
9.46440281e-02 6.01595775e+03
6.91935867e-02 5.24930877e+03
8.84600376e-02 1.06558147e+04
2.46994880e-02 9.11116687e+03
6.33719704e-03 5.17116791e+03
6.30301084e-02 1.48803854e+04
9.98868842e-02 1.41790338e+04
1.13052095e-02 1.10485236e+04
3.93640348e-02 1.21932580e+04
4.84170252e-02 5.06806359e+03
7.39919706e-02 7.58851647e+03
3.50063044e-02 1.48437647e+04
4.34605763e-02 8.02896700e+03
5.00325632e-02 1.48990491e+04
7.71198764e-02 5.03777504e+03
9.15870462e-04 7.86341746e+03
4.23495666e-02 5.06253349e+03
6.73006565e-02 7.45138172e+03
7.63593756e-04 1.42312014e+04
3.57659572e-02 1.00402263e+04
9.93592654e-02 1.00987529e+04
5.38004485e-02 6.05428839e+03
8.16743703e-02 6.19484146e+03
1.15230959e-02 8.13850425e+03
2.99857215e-03 1.49927685e+04
7.75790890e-02 1.49817434e+04
2.02544145e-02 1.05218400e+04
9.94115900e-02 5.00162908e+03
4.53222626e-02 1.16804549e+04
8.16446588e-02 1.15161306e+04
9.96033990e-02 1.47588256e+04
4.01949361e-02 6.13163163e+03
1.12084085e-03 6.34121027e+03
3.19359010e-02 1.17501275e+04
2.76369094e-02 1.47699749e+04
5.36776687e-02 9.03586893e+03
9.85692488e-02 6.18089455e+03
9.43319047e-02 1.35312678e+04
4.04485819e-02 1.38011458e+04
9.05594307e-02 8.23384237e+03
2.04424828e-03 7.91502927e+03
7.02685612e-02 1.48001855e+04
3.00052038e-02 1.39920183e+04
9.86530062e-02 1.21362088e+04
8.43973916e-02 1.39495713e+04
9.07740572e-02 5.17134881e+03
4.32056777e-02 9.81879727e+03
6.06698984e-03 1.33391203e+04
6.61304019e-02 1.35563164e+04
1.84665805e-02 8.13197410e+03
6.73715254e-02 5.04482557e+03
9.77507424e-02 1.48244851e+04
7.00277920e-02 1.04425698e+04
5.04326549e-02 1.14040989e+04
8.93072855e-02 6.17693042e+03
3.70380546e-02 7.77657372e+03
2.15160662e-02 1.39303714e+04
1.77327671e-04 6.35738636e+03
9.85032821e-02 8.02854594e+03
4.42662141e-02 1.47582932e+04
9.24629742e-02 1.20738075e+04
1.69043712e-02 5.19654765e+03
2.90087520e-02 7.66340736e+03
5.92157528e-02 7.87179794e+03
5.47019125e-02 1.37587284e+04
9.94235135e-02 1.00868913e+04
6.44656246e-02 6.19896608e+03
6.09567657e-02 1.00053250e+04
8.43490272e-02 8.01419518e+03
9.82013676e-02 6.22376107e+03
1.07322238e-03 1.10442878e+04
8.36430760e-02 1.49254005e+04
7.23253733e-03 6.04931319e+03
6.21076963e-02 5.01287467e+03
5.36813615e-03 1.08130678e+04
4.77032702e-02 8.44456019e+03
6.30148380e-04 5.02524095e+03
6.51507440e-02 1.48187414e+04
2.42627807e-02 6.12579958e+03
4.99014068e-02 5.98452131e+03
9.88967952e-02 1.18137791e+04
1.13441940e-02 1.49548659e+04
9.92881211e-02 5.20942981e+03
7.28602129e-02 1.38372469e+04
2.85411443e-02 5.18260662e+03
1.42322782e-03 1.39172958e+04
2.97913432e-02 1.00842913e+04
1.06539581e-03 8.96126218e+03
3.84968733e-02 5.07563096e+03
9.99699281e-02 7.90595166e+03
5.58169988e-02 1.48965881e+04
1.13177359e-02 1.38316985e+04
9.40105497e-02 5.10831414e+03
2.28594762e-02 1.20532745e+04
7.91303552e-02 1.00112067e+04
4.62117569e-02 1.36058738e+04
2.10255134e-02 5.13299637e+03
3.21869283e-02 1.49151174e+04
7.43601077e-02 5.14847657e+03
3.18675887e-04 1.37791137e+04
9.48109099e-02 1.02346166e+04
1.53685911e-02 6.45436095e+03
9.09722574e-02 1.49099360e+04
9.98031780e-02 1.48972957e+04
1.06541181e-02 9.51690872e+03
9.25546589e-02 7.47767395e+03
8.94742416e-03 5.20048557e+03
8.50220225e-02 5.13283769e+03
1.41395681e-02 1.21082527e+04
9.84424717e-02 1.35266546e+04
2.05647860e-02 1.47750249e+04
9.89788044e-02 5.18585902e+03
7.82771207e-02 1.23939077e+04
9.20880894e-04 8.33077737e+03
5.89617322e-02 1.23190174e+04
7.84042308e-02 5.94618666e+03
9.92860215e-02 6.12024564e+03
2.30031826e-02 7.89873916e+03
5.72022509e-04 1.14061990e+04
7.34930940e-02 1.49961862e+04
8.87992857e-02 1.23131666e+04
9.91327813e-02 1.19502073e+04
6.67732530e-04 9.34825706e+03
5.57359017e-02 5.04432762e+03
6.23404881e-02 1.38913685e+04
7.70982085e-02 7.94072723e+03
1.21427752e-03 5.03986104e+03
7.30132537e-03 1.48530749e+04
9.97923597e-02 5.17152400e+03
3.41149181e-02 5.24597451e+03
2.21666176e-04 7.93993934e+03
7.13312140e-02 8.99427579e+03
5.23194802e-02 1.47809248e+04
9.90281272e-02 1.04663791e+04
8.79552656e-02 9.81149828e+03
1.53724160e-03 1.48148295e+04
1.27230675e-02 5.19150202e+03
6.55336402e-02 1.19524932e+04
4.26007843e-02 1.47848051e+04
3.81906409e-02 9.73377725e+03
4.39178379e-02 6.19951534e+03
3.72146838e-02 1.47816612e+04
9.02083740e-02 1.37691704e+04
8.75187005e-03 1.18165993e+04
7.08965510e-02 6.32442429e+03
2.30549093e-04 1.13916219e+04
5.27505542e-02 1.02871446e+04
7.29333938e-02 1.13483788e+04
5.85311446e-02 5.87627477e+03
3.41920907e-02 1.37200401e+04
9.92273816e-02 1.14349424e+04
9.71923686e-02 1.47745886e+04
4.88211222e-02 5.16411950e+03
2.60838365e-02 1.36391190e+04
3.43589228e-02 7.37263583e+03
5.52518549e-03 8.27074390e+03
9.87789694e-02 9.64229326e+03
5.48831035e-02 7.67337613e+03
2.36000970e-02 1.02093544e+04
3.96293493e-02 1.21264124e+04
8.08981860e-02 5.23535990e+03
4.19784125e-02 7.91549100e+03
8.18358976e-02 1.49909057e+04
1.47665325e-02 7.58527567e+03
6.54670222e-02 7.86163144e+03
1.56136457e-02 1.38327306e+04
2.47404167e-02 5.13921920e+03
2.86561993e-02 1.18546434e+04
7.06450461e-03 5.03230733e+03
9.94578989e-02 1.00152732e+04
5.48825760e-02 1.20468828e+04
9.82097174e-02 1.26837856e+04
2.79353613e-02 1.47764945e+04
6.64244263e-02 1.47720993e+04
6.61262725e-04 1.47862247e+04
9.91205043e-02 6.06521415e+03
8.10346105e-02 1.38965428e+04
