0.268053202723087 0.08925396344287573 1 1 0.430311374060639
0.19891897752881305 0.15662613584642043 2 4 0.05162284259211715
0.2934710892111826 0.16232852261825498 3 5 0.11434838957179369
0.28497911602022 0.13049787061606877 4 6 0.10122127769868125
0.3463599101912821 0.13811803535122436 5 7 0.09717927570486401
0.291614492817707 0.16444858846956462 6 8 0.12114287705990799
0.24727566746420834 0.16969191036847997 7 9 0.12158925506701618
0.2368376391681451 0.19156664427792935 8 11 0.19282993920948863
0.13190937215405651 0.18343445796042018 9 13 0.11137157383430925
0.13573533333859472 0.14724260878071369 10 14 0.10739212988612139
0.16708664149810948 0.17390097764623913 11 15 0.10133077726807159
0.14622480960698728 0.18681835654059437 12 17 0.1294434584612146
0.22777291195662097 0.12171120262230457 13 19 0.15874694666472766
0.16188277366959042 0.1637230585583792 14 20 0.06769016665581096
0.23472214970931288 0.16096292917536767 15 21 0.08190644681095965
0.2426509863792369 0.18547441135184445 16 23 0.17527741174551714
0.23265459818991865 0.18039372433896078 17 30 0.15461064389730766
0.2193413435685515 0.17760933755286082 18 31 0.13962531144499302
0.29062629338458895 0.13877199268609952 19 32 0.07027063185979127
0.3375394128233683 0.183456820232056 20 33 0.19362149966895775
0.3313321508752795 0.11748390196668407 21 34 0.19014318915393344
0.29212848157712923 0.16359085244898006 22 35 0.11829111276217633
0.24001267636050772 0.14025367992558918 23 36 0.04825496608680359
0.18903931630266163 0.13918231962681885 24 37 0.07280532726579199
0.2463377043066684 0.18200134455616424 25 38 0.16504603912061225
0.29728707672513655 0.18115608917383635 26 40 0.17929591348309767
0.26714366815312046 0.16234076313630658 27 41 0.10243671791812076
0.22985056456294328 0.1251372119252309 28 46 0.13474920137277055
0.22935943932616754 0.16325066280350178 29 49 0.08880618573786293
0.23624738848450808 0.16918018710320912 30 53 0.11506824440750264
0.2148474161892639 0.17440578410736873 31 54 0.1260648995879779
0.2735189607788052 0.1838357760435701 32 55 0.1803140370879002
0.16313514029167786 0.17029523324861595 33 56 0.08749624749128508
0.22516451403603818 0.16789153642967003 34 57 0.10547970465568732
0.20925849451050688 0.14184985609968642 35 58 0.04773767247936542
0.21075782641644106 0.1559005615285625 36 59 0.05221007340399385
0.24378892781851835 0.16174682803996973 37 60 0.08914792931969333
0.2538755035730749 0.1716167416404967 38 61 0.13145835039720788
0.1960261551227699 0.18342526581465185 39 63 0.1499375423009426
0.28717118738288205 0.13581961630098163 40 65 0.07780547346985282
0.179849051228759 0.169395504056601 41 66 0.09167856236983751
0.18939934205247572 0.17773004933423361 42 73 0.1266328734127991
0.17087464027217547 0.1376343577548706 43 74 0.09784019939532904
0.16334423665251674 0.12925634106021847 44 75 0.15343392264862865
0.16650191565763658 0.14727308769787947 45 80 0.062498795685412625
0.23766463946686378 0.12867523903547995 46 83 0.10993806043122319
0.24051999961163073 0.16221078670304045 47 89 0.08951865624430232
0.2091364277021695 0.18009846946316044 48 91 0.14429712351859977
0.22360023324377412 0.1300652275268808 49 93 0.10498996985140246
0.18202524690190947 0.14446844586929353 50 95 0.05609280783848232
0.2358347213662706 0.13698692085613662 51 96 0.0627748976495596
0.24783113729076892 0.17094532886733535 52 103 0.12651087678470763
0.3205344734886851 0.12603263641336118 53 105 0.13512702239899127
0.3617812980601169 0.1641416721108765 54 106 0.13570412353881334
0.45662439596992077 0.17181114379574355 55 107 0.1664484910787409
0.38960195457882507 0.13042035268419688 56 108 0.13799291835900407
0.3704098284553725 0.1533588267302508 57 113 0.10793995947345077
0.33165025481132887 0.13104489281602036 58 114 0.11423394906900812
0.2996466972955002 0.149928024305243 59 115 0.07776999370800801
0.27756224148187447 0.1559440275922092 60 119 0.08393799908684764
0.30797023177372307 0.11870404783719407 61 122 0.1770875835558922
0.2988399648879044 0.11930375468255242 62 125 0.17155158991102398
0.33922387416018907 0.1749474239806554 63 129 0.1681216407524807
0.36717740679307925 0.15720584655913195 64 133 0.11641361754061703
0.2979506365445795 0.1840392833525308 65 138 0.1883377489101189
0.3093305414634005 0.12557958939329839 66 139 0.1344813761957403
0.2559773905291273 0.1479509935148663 67 140 0.04743657468540048
0.28185491077212554 0.12181591955128203 68 141 0.1527173231034392
0.3287228362777599 0.17861772957297 69 149 0.17827248553203667
0.3691339470707167 0.17601040143314262 70 150 0.17162304640350315
0.34656256761562987 0.13286681456325333 71 152 0.11254718053845209
0.31381638638365694 0.18380113318475857 72 153 0.1913762723224874
0.3078042798245086 0.17407874666869694 73 154 0.15964053391334923
0.2797377587545108 0.11793773626313031 74 155 0.17913830034983094
0.31258199934505104 0.14547171264277342 75 157 0.07739147602817274
0.35493715802667597 0.1819284496544571 76 158 0.18963082141449308
0.362725470436722 0.1639334567165475 77 159 0.13511023825512697
0.3475113784912501 0.17141278550369138 78 161 0.15766727131706879
0.29676036402336614 0.12617553678304866 79 162 0.12792027400292486
0.20045902580892178 0.16052333739119912 80 163 0.06642491991868497
0.19478132858435834 0.19479163650634568 81 164 0.18655031927654325
0.17962772794974535 0.17822362323604052 82 166 0.1232073495965415
0.2327763561315274 0.16407866769293164 83 167 0.0935939366201833
0.2347745712441958 0.12711554335755063 84 169 0.12048597557587562
0.20247380206598048 0.16535867220176276 85 172 0.08608497146935082
0.12287762255005336 0.137906677744901 86 176 0.17503758238744474
0.17437391117075307 0.15009480069400438 87 186 0.04858725920574956
0.13580785775991608 0.15512533042154208 88 187 0.0844301610705997
0.21499269285217648 0.1326764881199115 89 193 0.09248073734113595
0.23025814225399435 0.1738047271806893 90 196 0.13007451406731668
0.2772504961007446 0.13468868115573948 91 197 0.07886376296118687
0.22481784029154214 0.1670183997042043 92 198 0.10190795451705477
0.20211499254368342 0.12378796151208968 93 204 0.15552558939488564
0.14500828058929943 0.18992425209657726 94 206 0.1376476973572088
0.15548243723245178 0.123557405699607 95 208 0.19904289593916424
0.15707761840064133 0.15947101915099846 96 209 0.06032276143954434
0.13416760079489587 0.17450260840455306 97 210 0.09133422006754165
0.11175617579568614 0.15601448677503438 98 211 0.13174772351564792
0.10098574245559067 0.15557819385483032 99 215 0.164625777254817
0.18516819385925976 0.14931955219967466 100 220 0.041905689989046896
0.228907505985921 0.18335971168791682 101 224 0.16340280049673206
0.3090011872499203 0.1557158496731018 102 226 0.09840980533077993
0.25255299282857935 0.1329904072346096 103 231 0.08305056739527182
0.2511286065919584 0.1639230177196267 104 234 0.10109420026724777
0.28052724769562304 0.1731613693300248 105 235 0.14752573819457324
0.37031979835422163 0.18197760232556523 106 236 0.18905073012269252
0.3239385179799588 0.14784076354364087 107 238 0.08549258231986558
0.34509517252505906 0.14351370203692657 108 239 0.09074763290840118
0.3152053618387318 0.1310397856679616 109 245 0.1082023646764437
0.41507288981737744 0.1415088160223244 110 246 0.1158594771649802
0.4003979905174587 0.1416392425463566 111 248 0.11012460961284318
0.3702158378651217 0.15069127832523657 112 253 0.10319002191451683
0.3695907608515181 0.1780488923376219 113 254 0.1776474063733907
0.36586696063017743 0.1507331205505385 114 255 0.10243926020956612
0.40551134704825537 0.14262211873115138 115 257 0.11070591364921895
0.3976443093182682 0.1551838094585771 116 259 0.11496205468207045
0.39066466000385397 0.1445273070856221 117 260 0.10438058989154343
0.4429361360024792 0.13852069250480034 118 261 0.1349892082416073
0.4935504056742528 0.16191716948542806 119 264 0.175683358158846
0.4095302338063716 0.159851214485695 120 267 0.12612254058879338
0.4724056408811163 0.14274533181215424 121 268 0.14583491571316626
0.38926556783263716 0.1724609405155014 122 271 0.15982777146505217
0.42508542356892054 0.1267200527034645 123 275 0.1693079008389713
0.4500914433608986 0.15527093185893423 124 277 0.13065712710101735
0.47258494520193883 0.13714075239603643 125 280 0.156482713645327
0.4107764122522311 0.1363333164814826 126 283 0.12551669355291722
0.3568040907974634 0.1616535990115224 127 284 0.12796905666256136
0.35459746257100105 0.1668065926842753 128 285 0.14359807097094598
0.31537850008208945 0.15813076392302036 129 286 0.10852074767073315
0.3088129760788433 0.1581771859605892 130 287 0.10625182812080419
0.3180944874211262 0.16759038088970407 131 289 0.14084982841425916
0.25152615706438947 0.13933483832803634 132 292 0.05327871370719007
0.19345133656138613 0.19783509285381407 133 294 0.1952357332995053
0.1385194052295874 0.17544257728109264 134 295 0.09383364549341183
0.09666414631336359 0.17659237312182927 135 296 0.13866507132618705
0.08914677795103705 0.20804366101731173 136 297 0.16705235676436192
0.15349215684172024 0.19793129017591357 137 298 0.16800851356642937
0.15213507332768866 0.1599240395396439 138 300 0.0632335453985444
0.2065097031401766 0.17844016546501096 139 303 0.13725054183916302
0.16968889632926057 0.15084566296958762 140 304 0.05146817916798608
0.20105956103527936 0.13732195765775218 141 306 0.07372480475142953
0.20137994917623897 0.14032610194482187 142 309 0.05860676630932942
0.22515403231915188 0.15402782229035775 143 311 0.05034105515706885
0.2878896611102839 0.15737168924872916 144 312 0.09424634518934802
0.3533742502979614 0.11883946356229277 145 313 0.1871549298073655
0.3559280347403186 0.13109323604921813 146 315 0.12291050591066768
0.44444711174916923 0.12988755855296624 147 316 0.1642849307879853
0.4298697347500747 0.1497967397387946 148 318 0.11724185993920598
0.42270164193691606 0.1819945124727442 149 319 0.1856639008327137
0.3816091268789792 0.1233738290327395 150 325 0.16939870130086612
0.44181991771324536 0.18080268015540188 151 326 0.18463800226828786
0.32831643976649105 0.12271278719165721 152 327 0.15637105264534074
0.31264669085346963 0.17459722217065482 153 328 0.16257722584098433
0.19831595470903624 0.1493092367035394 154 329 0.03592413656672837
0.19136894645589678 0.15506315305013688 155 333 0.045790037228657716
0.2968842756411938 0.1250857156309478 156 334 0.13437108766376582
0.3802030659491324 0.1314976581045639 157 335 0.13008557315273606
0.3472262583076391 0.14351882185599127 158 336 0.09150983520055578
0.34165449428534944 0.16268170690779493 159 338 0.12948084586546857
0.29041912933771913 0.14871813496411457 160 341 0.06990848384733424
0.31561229360625304 0.14046140735531773 161 344 0.07990859104000106
0.3162077123563078 0.16192707697155045 162 348 0.12130945641341302
0.37163465159162484 0.16649351989781436 163 350 0.1428724781406231
0.33567496320520296 0.17122322468280612 164 351 0.15601424747383022
0.3774844873085356 0.1455428505475638 165 353 0.10055676034575926
0.2945856781605373 0.13761054795410535 166 355 0.0752011062540691
0.33144596553021577 0.11805201819280287 167 356 0.18641150142938828
0.34230988648291927 0.1327854164196724 168 357 0.11124811414154578
0.17094691646279658 0.16198701244356034 169 359 0.06381145809702184
0.26340676596490503 0.16676758492480764 170 360 0.11748605096676298
0.3046345649509044 0.15109421069663803 171 363 0.08317738121806227
0.3286061233972064 0.15893161526526112 172 365 0.11508764003433268
0.3165446124134123 0.12845348651388105 173 366 0.12108060344306198
0.3637598979248992 0.1311234457176846 174 367 0.12561134233581336
0.26559923627114984 0.1677406630054064 175 368 0.12207006805334367
0.22975567367497665 0.14689019854768764 176 369 0.0343445333151256
0.20828785501232167 0.16011107643859832 177 370 0.06761212762758062
0.194173032921653 0.1828397970979389 178 371 0.14700902716407563
0.21641113046853117 0.17125367769789057 179 375 0.11484748935193483
0.2597772142252851 0.1743074367472929 180 376 0.14350497559030256
0.3603318127015169 0.15577957175986842 181 378 0.1120583391584228
0.3400427331595324 0.1652718702576759 182 379 0.13748377412132762
0.2921676138507313 0.1421046012486696 183 384 0.06580417547180276
0.3161997824831715 0.16868044314196778 184 386 0.1440077798923722
0.3196286844997683 0.17750437534625704 185 388 0.17333416562687598
0.28404360334412093 0.18921894744775686 186 390 0.19997293488965337
0.23663530502617797 0.13247170107811013 187 392 0.08716568962513234
0.23563365024856284 0.15293732675642485 188 393 0.05089750078052503
0.2848802398809315 0.18645093102573257 189 398 0.19193652348709303
0.23759252153360141 0.1292417111384731 190 401 0.10641674590571713
0.2799123120614183 0.1824138412221876 191 404 0.17790387130090754
0.25615918889745726 0.14047358496650264 192 405 0.05083485239054046
0.18492314804214 0.1461864360432322 193 407 0.04816531454451133
0.16813115191823252 0.14548820410381386 194 408 0.06644678218783957
0.2244393661441274 0.15444315099417139 195 409 0.051595129243966864
0.2310797791307117 0.1461006700079915 196 410 0.034538370589143164
0.16982621191454908 0.1904798650752102 197 411 0.15808328690090834
0.17150167021167326 0.15786376254502377 198 414 0.05356442446451652
0.2120301480412519 0.12429892368987921 199 416 0.14699784621887077
0.12477740845122275 0.18063653293538373 200 417 0.10369457911263875
0.21288955207250698 0.16428290423193903 201 418 0.08608377426169604
0.17818537659819483 0.16502453657393568 202 420 0.07539420326083097
0.17398664048307536 0.18914861189151405 203 422 0.15660978596041228
0.16196638095296473 0.1953326648786018 204 423 0.16730194683469227
0.2091111271609689 0.14526299230483533 205 425 0.03672480203969475
0.20838263998246087 0.18614635456478396 206 428 0.16481267448943585
0.22450739544711765 0.17535163054848915 207 429 0.13348621283039655
0.18737141354083645 0.1415229779457975 208 431 0.06325579684986982
0.16689968722918877 0.20190299796288144 209 433 0.19038513960225031
0.17917318856556352 0.1802281508747826 210 436 0.12994491415002665
0.1580438995488003 0.12750519330245896 211 442 0.17068807543662418
0.12484732627004985 0.1525670632033822 212 444 0.1111431744800687
0.16168653490219667 0.16246110966502988 213 448 0.0645894492596997
0.20599722727534692 0.15501061467204624 214 449 0.04771943634019037
0.2406707377808878 0.16704500930976912 215 451 0.10867867093815284
0.257128739285322 0.13716802608033518 216 455 0.06298314045201481
0.2002506141417168 0.1681160913446677 217 458 0.09588999973616895
0.2352229381340053 0.15917240641460711 218 460 0.07489606067487513
0.2718355504121727 0.18849165669085072 219 461 0.19419984562894174
0.1980763851687189 0.14591702372659 220 462 0.04007798249055718
0.2225117132694198 0.1358586364874264 221 463 0.07153998530019674
0.22749567479212676 0.1775412225766399 222 465 0.14259503363724485
0.22260818548979125 0.13951269844270978 223 466 0.053089605754549164
0.29447958572996885 0.12231703859511268 224 467 0.15107503935175015
0.259246434002003 0.17516195284502545 225 469 0.1463119946780811
0.20949672875489367 0.18337651172714753 226 470 0.1558794137958097
0.20656023108773158 0.1877102719251148 227 473 0.16924638031926084
0.1935143068262866 0.18043866226444752 228 474 0.13831477974000408
0.1707899340013621 0.1568699680842074 229 475 0.05195040277225336
0.2037632656759536 0.13758259104328557 230 476 0.0707380215074269
0.17330544262570127 0.1739383959329841 231 477 0.1047026113476238
0.2090069959365932 0.1587794464061328 232 478 0.06263132638798431
0.19786359397931885 0.16393920655043537 233 484 0.07869303573499942
0.23092447259669327 0.1669029702179797 234 485 0.10400594368439604
0.14917226042273926 0.1915623897027919 235 486 0.14578703161404277
0.1251048299911302 0.17787401707823636 236 487 0.09863010199970566
0.17488069557748226 0.12965126957226303 237 488 0.13851984208504253
0.17634918084719278 0.1431491055057003 238 491 0.0665002382968589
0.19156145026845564 0.1419590350584955 239 492 0.05804865282659441
0.1993989143881388 0.1671272929094972 240 494 0.0916999753554198
0.2599649451957745 0.18128405720404522 241 495 0.16745453878686856
0.23131776668865958 0.16926796291080845 242 496 0.11337043320007902
0.2507223104974725 0.17968828777070403 243 499 0.15878917589601405
0.2769070878970273 0.14545838462847724 244 503 0.05676258753175328
0.2825312968432723 0.1446221284637779 245 505 0.05969976957233745
0.32160560705989266 0.1264030734718041 246 506 0.13343324402618703
0.3158402349097239 0.18205327925364853 247 508 0.18654804686161705
0.34197407103897126 0.13969739023831762 248 509 0.09264322713940715
0.3505875242765928 0.14570698396958948 249 513 0.09304938016494979
0.31410656868213926 0.15965941950572518 250 515 0.11307572755553306
0.28696655147541994 0.16547195343248347 251 516 0.12289972766973599
0.30030371393000277 0.15754944231432666 252 519 0.10064437712100749
0.2865800007708885 0.14388560639549364 253 521 0.061954395792841295
0.27058814529022834 0.16495008616457368 254 522 0.11386814271170115
0.26660389377734395 0.1624671206913777 255 523 0.10266209527156848
0.24621450698430497 0.17372496959812406 256 524 0.13608420844460958
0.22370180757100044 0.1201794298908401 257 525 0.17087668941297005
0.200151179320661 0.16664060318743337 258 530 0.09012802525204655
0.1891779195561517 0.13373027482074473 259 535 0.10184980786807324
0.1945515341185907 0.14680348971204826 260 537 0.04009832943474523
0.19579953774522732 0.16619159276922896 261 538 0.08657224927299119
0.21064547355396393 0.15215506928695144 262 543 0.0397827480625032
0.1939981178647083 0.1456010524932282 263 544 0.04329828342041159
0.22766985459496136 0.19178598175745998 264 545 0.19049825689829175
0.20219777451747967 0.1335672304251997 265 547 0.0938350040102736
0.15196818294014375 0.12696541308310894 266 548 0.18224050053519442
0.1694981530421822 0.17110879867086287 267 549 0.09298289798667814
0.1489478820613041 0.17842351904028872 268 550 0.10608956093647415
0.11919868259022365 0.216028754744559 269 551 0.17861288602159753
0.08734764753672779 0.21316649485699227 270 552 0.1747253141923976
0.08512653389990595 0.23538826841457022 271 558 0.19563369057857172
0.13928340701714087 0.17773202199171592 272 567 0.09974976780317223
0.11045734628594191 0.20276147184307577 273 568 0.14554830518296338
0.09837239034962938 0.18803173379030602 274 571 0.13423057297147803
0.14360342024406686 0.18165726561047973 275 573 0.11258066220128092
0.12665828866398998 0.15151955770914213 276 574 0.11058807644191912
0.10063330516488114 0.20476336430297182 277 575 0.14975967557875064
0.09678928916842938 0.22108300638371492 278 577 0.17375767750155727
0.09625899331521605 0.19939875322217618 279 581 0.14719269899159534
0.11786945332242685 0.19627701099748004 280 585 0.13507961069006724
0.13002013293901418 0.20568271854959677 281 586 0.1664468354667859
0.13938538991883254 0.2026620975492709 282 587 0.16805752627709225
0.10053667571735846 0.20435523452152451 283 588 0.14922838866535634
0.1006908656155424 0.16885231154473118 284 589 0.13514211029438555
0.12279005168361454 0.14794425219245985 285 599 0.13133863446267935
0.1305993874615412 0.162360492179146 286 601 0.08275832451805994
0.1216733750711072 0.14688768693997162 287 602 0.13795638027249452
0.12832615820547527 0.20263017434042283 288 605 0.1573760355155048
0.12914194074013638 0.1967782772391038 289 608 0.14352232257093447
0.08333510784747777 0.23102701003434087 290 611 0.19517406006605714
0.08886474666240396 0.20943408571260466 291 613 0.16875149030623532
0.12463899669665215 0.20885756287661175 292 617 0.16857542051573574
0.18047487684768904 0.14490202975633376 293 618 0.055967127697819384
0.16071781003538518 0.18023885754118674 294 619 0.11881831864302926
0.1741556933050273 0.17145439026454729 295 621 0.09638899673612199
0.21862300082682734 0.18641668777636133 296 622 0.16983868964493679
0.22685120108960066 0.15990263111301814 297 624 0.07418100676502472
0.18236402383796643 0.17686961381461822 298 625 0.11990193479433287
0.19930318050533358 0.18178876004239872 299 626 0.14583923326951415
0.1654464240194799 0.18566063364980162 300 630 0.139626399605515
0.16645488185005786 0.16922229928746887 301 631 0.08532316624901123
0.12370402649207073 0.21484907055597297 302 632 0.18093161438402167
0.1341430829345867 0.15205170424094766 303 634 0.09466721938169342
0.15942494335596638 0.16167589085086595 304 635 0.0631119509873562
0.2467573591213361 0.13385078740517037 305 636 0.0783861099833188
0.2344880675234944 0.12871744971193885 306 639 0.11034332139139288
0.23827887386598243 0.17955090684994748 307 640 0.15376472482250683
0.27810817193038345 0.1435736258422917 308 641 0.05694055441280027
0.35014763574076224 0.17641475072775428 309 644 0.17321726689194372
0.36649933155820114 0.1612153077558052 310 646 0.1272785667988812
0.31296388720888735 0.17587076321228173 311 647 0.16674284699808298
0.3676647062045412 0.16934640140309462 312 648 0.15154727790804812
0.4358339385619932 0.1846012484572581 313 651 0.1937189081574426
0.42896520485506334 0.16466223442285252 314 653 0.14029182321740083
0.4413896604262994 0.14616929238288912 315 654 0.12290265470304428
0.4745050818780385 0.1474772421315872 316 655 0.1437992479179661
0.4021022500014497 0.18134749157235658 317 656 0.18447069765204258
0.38267294997865386 0.14090467901976808 318 664 0.10515513504875122
0.3545939840871731 0.12686986200730407 319 666 0.14177331149934244
0.41529616469867875 0.14359722603902733 320 668 0.11330569319473008
0.35442569038771177 0.14106178036240452 321 671 0.09557076858257384
0.3520720792538922 0.1592034170828051 322 673 0.12030090620303906
0.346528351837434 0.13242477034572725 323 676 0.11419384156461028
0.3666707962201757 0.13609370555710404 324 681 0.10958926752620057
0.3922234678957567 0.1543563099157282 325 684 0.11270434787980538
0.33544553957629225 0.179719683699347 326 687 0.18238661675047688
0.3465102510451209 0.1433208732827368 327 688 0.09129198880161637
0.31699125274621953 0.12201875432629092 328 690 0.15762072301900817
0.30374585407423493 0.12393772669815244 329 697 0.14277926139399474
0.30636662398819386 0.13752280477472706 330 699 0.08101603145838199
0.33368833729781205 0.16639658719827097 331 701 0.14016651108487718
0.38669460263733046 0.1650631145232542 332 704 0.1384943847700848
0.38610248968477445 0.17317112198388324 333 705 0.16210851393447326
0.3136235711245723 0.13882665733614127 334 709 0.08154627343477928
0.31432878814420157 0.15491294751023588 335 711 0.09811362911615942
0.31232715121432664 0.139433009887022 336 714 0.0798061853824814
0.2939300556434669 0.17263767379059758 337 715 0.15057159372054899
0.35278334784007054 0.15853097718608167 338 719 0.11846101420929277
0.3699798444331984 0.1703102115739535 339 721 0.15441220128830938
0.3435181731148649 0.15880337926593519 340 722 0.11788301822416994
0.4988642903299592 0.13259719968954975 341 727 0.18775358165727626
0.487819560187442 0.16146846100272533 342 728 0.16842284658255913
0.44961454558174974 0.17070461824099553 343 729 0.1607536665548394
0.3610562354785718 0.11768680701879639 344 730 0.19672358162470652
0.3747326706077016 0.18144845864391765 345 733 0.1871838129328088
0.2441240022082007 0.15663695632700425 346 734 0.06897424230862183
0.09443539341895518 0.16366283593877035 347 735 0.16536269049127467
0.12937154102693613 0.1886210914465969 348 736 0.12307817894438133
0.1000358645506533 0.1537367913340692 349 738 0.17369213723052188
0.09135089274591524 0.16385485462231533 350 740 0.17646788360674978
0.1092265436013836 0.21514695772254244 351 741 0.16814587347396082
0.14856968535349435 0.2098678225276568 352 742 0.19586750121378652
0.15136913308166114 0.13959683563868383 353 749 0.11342975363376812
0.1558681930112408 0.13901094113444754 354 750 0.10972089321633123
0.14905003463153293 0.13241589086133765 355 757 0.15440062960609185
0.15915832299390872 0.18283397795942719 356 758 0.1262198382702327
0.10024601139840664 0.1836232686693417 357 759 0.12864999590878262
0.13351440548744223 0.1652427147730233 358 762 0.0794070884321046
0.11682768774784949 0.19419623297703192 359 763 0.13030698427804446
0.14198627542487 0.14641414641866657 360 765 0.09941507003761062
0.24074762674567446 0.17994020934832464 361 767 0.15602001594806633
0.2538699616152135 0.1613480698713224 362 770 0.09227956430909838
0.2848244688228446 0.18648019296107396 363 772 0.1920086227844451
0.2817766551617488 0.18165624042243456 364 779 0.17610696240826773
0.2886075592257905 0.14516767678979875 365 784 0.06368674300399504
0.316174258624019 0.15280992608964925 366 785 0.09288833605743493
0.3341936995062366 0.13821544102636407 367 786 0.09206520793279944
0.29480995732257287 0.13230776412480474 368 788 0.09522635088184263
0.20747218056356473 0.12710129831887065 369 792 0.13068552355960997
0.24135994191829066 0.1451613514364423 370 796 0.03777504864065772
0.33365588934171597 0.1389253735019344 371 801 0.0904825927647848
0.3902917961406628 0.13858533020074407 372 802 0.1119092508834923
0.42259500048994786 0.1359757590134276 373 806 0.13172606456440203
0.39618199395195586 0.15125654310736938 374 808 0.10866044153436881
0.4487241220967227 0.14126108489011366 375 809 0.13257965513107936
0.4507533997565533 0.1678629320560342 376 810 0.15435714403829212
0.39567168888343784 0.15896255838288345 377 813 0.1227580543216754
0.34762476877157833 0.14082327452772503 378 814 0.09335983982027438
0.419496801960423 0.1218123207729952 379 817 0.1925050463570999
0.44272929196434874 0.1396845775928322 380 818 0.13226998719466393
0.45819970978760577 0.14654448874305123 381 821 0.13240622879152292
0.46439646399760537 0.16592523150879518 382 823 0.15714248059593205
0.42361873369019853 0.1424492212939915 383 826 0.1180817261039999
0.3953229076209777 0.12301139905362926 384 827 0.17633884769862887
0.3490623784986814 0.13843502537410846 385 828 0.09757940033999059
0.30602124003352216 0.11923805069544331 386 831 0.17316787961583247
0.3936806227199972 0.12085198803535993 387 834 0.1879915921675793
0.4020706098290888 0.14898791976099565 388 835 0.10797178190418098
0.376308231584636 0.17104911779886842 389 836 0.15638181720730615
0.3527898945661219 0.16376577526791808 390 838 0.13406701503520796
0.4387210077138317 0.1541353940873212 391 845 0.1240648016100558
0.4686901854640469 0.17066700779304245 392 849 0.17066223123993773
0.4754053127450245 0.14540673762851616 393 850 0.14553481840933102
0.4639003343169391 0.1252464436022114 394 852 0.19518072839003392
0.3900582273963717 0.14990770220628746 395 856 0.10595177542669618
0.39313283272349325 0.14033129136453584 396 857 0.10956867926378022
0.3684883548618241 0.1308378252890645 397 859 0.12848641120174253
0.39532484903979853 0.18346239682593643 398 860 0.19097103645150304
0.42586227216413003 0.1662266291619509 399 862 0.14355037604769336
0.45909221579370973 0.12730740512440783 400 863 0.18306994499864956
0.4318267490048933 0.1657489618527111 401 865 0.1434920370382391
0.4541000743581587 0.1544251898551388 402 866 0.13194790759224773
0.4094517109399101 0.12639810745532445 403 868 0.16419629129330457
0.3687550164445033 0.1812635998844263 404 869 0.18710006547376531
0.37917606107597157 0.18530031150895812 405 876 0.19771362108281723
0.30593277660354035 0.167081710819138 406 877 0.13561331137006713
0.20960756255499668 0.17085284390382144 407 881 0.1104506398095766
0.18784515981093983 0.18734568073446825 408 882 0.15896283307793185
0.18492280176291626 0.13589624330948347 409 883 0.09325952087741363
0.2786454417006148 0.1304667756378552 410 884 0.09994333495747887
0.2946797172608043 0.13833650808485415 411 885 0.07332317383901368
0.2962898276707724 0.16739447323293077 412 887 0.13335867683180716
0.19354544859668 0.14348905494251243 413 888 0.05048082085913386
0.22572051056519896 0.13289686805413278 414 889 0.08725650962412317
0.24569621642395123 0.17297490237511776 415 890 0.13314219117904916
0.2347310164428673 0.1849081885434361 416 891 0.17068307875465402
0.1951342495025183 0.1723397007939622 417 892 0.1096763941456937
0.21724410320166537 0.13285328742781366 418 893 0.09049587801294186
0.14808159292543302 0.16984933792903223 419 897 0.0818286178625268
0.11436431446054468 0.16473102287495206 420 903 0.10728436397478987
0.22385912154823467 0.16894932359919565 421 904 0.10906073980052315
0.2984180942214221 0.1618929751125726 422 905 0.11484201975667746
0.2762176020573744 0.14209997761706727 423 906 0.05682618928894658
0.1202960381494323 0.17484147760014512 424 908 0.09698734531295206
0.12758138909754724 0.15696549806127152 425 909 0.09459986524585834
0.2261330192957453 0.15212430927271858 426 910 0.044089166076440416
0.2724891440181832 0.1515382530041685 427 913 0.06647945144210637
0.2444448873357471 0.11802666614595742 428 914 0.18091856313581509
0.23295522707381425 0.12047708698020224 429 915 0.16592633580079064
0.12796339627128875 0.13942194805700686 430 916 0.15637718316733548
0.11160328676310369 0.22854231799458158 431 919 0.19412857527955626
0.17663862464533323 0.1657918000507752 432 924 0.0775251973470538
0.179749781532423 0.18715582822152865 433 925 0.15371071961995533
0.2653627842591484 0.1798755753844617 434 926 0.16469376573168482
0.22182732226856722 0.16436688246783854 435 927 0.09011500861623771
0.22588615072116494 0.17266377370715197 436 928 0.12407061378125553
0.15670310679859112 0.13412160737096165 437 929 0.1338953447362349
0.20805659837708634 0.18953302135797 438 932 0.17587199162669656
0.2455138729364585 0.1360019904620409 439 933 0.06720367216396816
0.2356689847697354 0.13642327434541424 440 934 0.06563754553436629
0.2945803019136467 0.18115714829084076 441 939 0.17851681631081556
0.20157167717805463 0.13560364619907408 442 950 0.08268067405832777
0.15897553854919555 0.16711018497189967 443 951 0.07647886337173541
0.1627765332403529 0.15803436741955978 444 952 0.056254026324202414
0.20657227215437132 0.17708828697828347 445 954 0.13239603098513697
0.20183913120247085 0.12117293652379144 446 956 0.17366098407499886
0.25954987260458373 0.1452966558997107 447 960 0.04634410101344986
0.25662169859213196 0.14040186709391364 448 961 0.051190319525256475
0.285502060931397 0.1237189562197992 449 963 0.14080107274212814
0.2302791705646645 0.15924412528792065 450 964 0.07299090734641513
0.3922622349423829 0.16659946162199954 451 967 0.14276854395097022
0.3705482361517732 0.13966491297672282 452 968 0.1030269029756606
0.42757285501589254 0.15593080550304964 453 973 0.12240549871934464
0.4182208064641965 0.17320463220970858 454 974 0.16129374944897418
0.4082311678437079 0.16540966402542945 455 975 0.13971033521894655
0.3771008919265057 0.15969766705672606 456 976 0.12356961452267017
0.42713343218365024 0.15002213728880445 457 977 0.11627036161726119
0.4148054757306802 0.1809598072523999 458 979 0.18278175341836017
0.401586224743039 0.15522750508705724 459 983 0.11561056813717054
0.37795847449592807 0.184044198974411 460 984 0.19429958156824617
0.31089655205757644 0.17523637107426265 461 985 0.16420418863198605
0.2387460702488436 0.18014025194836306 462 988 0.1559776975732622
0.2248755335455805 0.11957153948503355 463 992 0.17481803436939544
0.27157173623664793 0.1267033805110948 464 993 0.12064744296215232
0.21303196932699045 0.1500435349489042 465 997 0.03524081367058827
0.19668072394124406 0.1429937097112855 466 998 0.05021818040619029
0.1322763837915848 0.15736362727417252 467 1000 0.08589803503044063
0.15400025199107764 0.20480754649041238 468 1004 0.18768529951179982
0.10434452494065322 0.15753210916568589 469 1007 0.1482812594314589
0.08629238758393896 0.22815497915255173 470 1012 0.1886003684643199
0.08667803792203779 0.20943835036098546 471 1014 0.17331906852126702
0.11509843657293387 0.15727274912775033 472 1016 0.11999698368847769
0.13182860936694854 0.18080683436178308 473 1017 0.10497917705325072
0.09714338548751544 0.162157569197388 474 1020 0.15937389139332162
0.13443559955011486 0.13595752250244933 475 1025 0.16046366841457366
0.08949545849363175 0.17124942699272258 476 1026 0.1691627491629414
0.1399797701096971 0.16585533752995843 477 1032 0.07556778450824327
0.09383598569553471 0.17410324408183292 478 1035 0.14966679609508834
0.10356338255364113 0.19052655014707512 479 1036 0.1286307145687655
0.08220180832927557 0.18432165625191838 480 1041 0.18465126428116446
0.11692100221841376 0.201223529327219 481 1042 0.1452479839246424
0.11813177556159166 0.13706980921109943 482 1043 0.19056804401185246
0.11174837300566699 0.14556867208146262 483 1047 0.16845450180034394
0.20949321734936657 0.15343923533292705 484 1049 0.04335683264701554
0.19245729695006178 0.1602019461147516 485 1051 0.06266628210972344
0.19673272877795803 0.1621995698958195 486 1052 0.0715528845553506
0.17959119244938257 0.19996590132499326 487 1053 0.19366005603986697
0.22938363393446598 0.16414006958382923 488 1060 0.09238840210427965
0.1980582375963917 0.14465988645730374 489 1061 0.04353826207178582
0.23352041855203365 0.15886659794098149 490 1062 0.0728968651324705
0.24702556505756984 0.18333081026488382 491 1064 0.1697209478841764
0.2172063078220347 0.19355216575014653 492 1069 0.19233960785821785
0.13906185823284936 0.1918480551569553 493 1071 0.13841393788067982
0.16208763413949684 0.19481466989348123 494 1073 0.16583857189683804
0.17227776185948074 0.18214178328246378 495 1074 0.13240808201358673
0.15522807559904006 0.18047082971344558 496 1075 0.11610869756130832
0.10340766370665863 0.16640403937597587 497 1076 0.13120154304206472
0.08530555108575827 0.185205986611979 498 1079 0.17153637917294068
0.09922348033698514 0.2243027464799961 499 1085 0.1782225272858605
0.09913069444829672 0.18094327202114519 500 1087 0.13067884744639266
0.10105216971232166 0.20847592015502175 501 1093 0.15504552460618562
0.20360898568285613 0.13365145004410442 502 1098 0.0925173361817565
0.20818131660796527 0.12754681719683528 503 1102 0.1274445893570212
0.26893671572864064 0.16398726799750585 504 1103 0.10950542066364084
0.25157287316743787 0.17631309532070927 505 1104 0.14741649461545495
0.31688732803379144 0.13102117486828146 506 1105 0.10889761690755037
0.32747659906262205 0.18367035164420645 507 1108 0.1932434757577219
0.35160258409644085 0.1204354350935325 508 1109 0.17673493706671234
0.34405931452405514 0.13695850017785852 509 1110 0.09890318917496466
0.3862173186894889 0.1242680721449523 510 1111 0.16619114330808718
0.39333221399222607 0.13702949573438364 511 1112 0.11673143111129897
0.3782261364084049 0.16558558129039636 512 1113 0.14010417474315734
0.46158054769301904 0.15753900900780202 513 1116 0.1401973997877175
0.450074577052354 0.1662253033917652 514 1118 0.1502986748114468
0.4471629833132856 0.1812552957496171 515 1120 0.18716184214057885
0.47550109088038783 0.1526011182662746 516 1122 0.14560106027696812
0.4288062387060823 0.15281040418802586 517 1123 0.118886375342546
0.36200910043191514 0.11804121555255113 518 1124 0.19473592356484604
0.3034216338337566 0.1819058087989442 519 1125 0.18327322643861413
0.2788754732289266 0.12926985973816646 520 1127 0.10655467865058689
0.21148523625486443 0.1310741213544219 521 1129 0.10369625718439333
0.18179523023487623 0.13034192680200596 522 1130 0.12791781377587153
0.18549140353184193 0.15088116284216072 523 1131 0.04094209585645319
0.1602755709160151 0.1381794634686231 524 1137 0.10784489491859402
0.17205303327221044 0.1269335332872716 525 1139 0.1581814272197853
0.2022205874725789 0.12427182359417915 526 1140 0.1522042693407206
0.24363925622276666 0.11744408671488688 527 1142 0.18532619556748492
0.19396935565381462 0.13918322947833695 528 1143 0.06902528915535974
0.16311368216342892 0.19669252695641037 529 1145 0.1722537729817935
0.11995906899859272 0.16048594527705087 530 1147 0.10238898020937069
0.09158355065089788 0.18060281469536205 531 1149 0.15171136972986835
0.12148225646040275 0.17115620773640797 532 1152 0.09330572876341868
0.16876976633443297 0.19339079525072575 533 1153 0.16644632669589252
0.14878504171297263 0.1693898327610069 534 1154 0.08078480890809112
0.16570057306661157 0.14835451728285398 535 1156 0.06036454910171961
0.11228135330704153 0.16721033015292755 536 1157 0.1087221061589607
0.1784078244274213 0.1559993283932654 537 1159 0.048753022063455574
0.226059194396719 0.1386973204157053 538 1161 0.056052476749442526
0.22808020347224695 0.15530686449821124 539 1162 0.05636468667471445
0.20243842697629394 0.1427765609405639 540 1163 0.04754285206060669
0.22309048315577 0.17526763246930688 541 1165 0.1326122944043329
0.18154468699751214 0.19367506644940422 542 1166 0.17573736429928763
0.20836085575922386 0.16345216957446754 543 1168 0.08093106055850299
0.11137327608495116 0.19626718096926282 544 1169 0.13347869569697218
0.1886623122862312 0.1940415173300194 545 1174 0.1809905406313942
0.18206043200626182 0.18806655976252856 546 1175 0.1580741607617461
0.1442649171747354 0.16640127593460885 547 1176 0.07477494535486193
0.11308023531634495 0.15848799759969934 548 1177 0.12188813112070036
0.1216008182433043 0.21095787813866285 549 1178 0.17026456590656963
0.12575031070469883 0.20683489283011122 550 1183 0.1649961968463949
0.15606293798152593 0.16836365397886316 551 1185 0.07936902978153787
0.25231560609338527 0.17192989391129898 552 1187 0.1319722750163601
0.27646589418034984 0.18872668140632867 553 1188 0.19630398530746196
0.22305644847906797 0.12035297516213411 554 1189 0.16986815425082835
0.2226559289104141 0.1820630778518501 555 1193 0.15662883324170726
0.23123295226138438 0.1641559192821281 556 1196 0.09324097787760716
0.16085833231078506 0.17456349240833893 557 1197 0.10031843490485251
0.14388109991379672 0.16538241613942908 558 1198 0.07331233480484499
0.1345183173789526 0.1468960312966383 559 1199 0.1109532258449263
0.25335134599627984 0.16314772118235527 560 1204 0.09908281031223806
0.22286308092817098 0.1455425412766315 561 1205 0.03394460684628278
0.21729562217396226 0.13640989829052325 562 1206 0.0704099707268503
0.22171512227464393 0.11641472515591336 563 1207 0.1989823057098077
0.20089199700587684 0.15723672091767454 564 1209 0.0542530148996223
0.20639543219214324 0.1865139147472596 565 1210 0.16519240601873292
0.17348805493578479 0.1971790175426975 566 1211 0.1812992491928882
0.12829613234584308 0.13667291322128577 567 1212 0.16921804719633513
0.1660096277605746 0.15266996040586422 568 1216 0.05267566476000118
0.13388638279116125 0.18844015446625534 569 1220 0.1253406003614342
0.14967642605843173 0.17313404099462204 570 1221 0.09096350446206072
0.10806289936182266 0.16201782242860346 571 1222 0.12674022501849563
0.22185613106872046 0.16214138153941676 572 1229 0.0811572816013809
0.271157204312616 0.1593307958921974 573 1231 0.0930043747466061
0.2193033188780466 0.1454528519078545 574 1233 0.03420507584380687
0.23007440912665686 0.15795777582737142 575 1234 0.06770893989568905
0.21762390296018658 0.1742306338497448 576 1236 0.12656279402272744
0.1927421699813892 0.1736548081673295 577 1238 0.1134465776179227
0.22308970773730105 0.15996095911940922 578 1239 0.07283399117744682
0.2747669836160019 0.14267293144454968 579 1240 0.05547480758349918
0.27889028997484966 0.18751207737763426 580 1243 0.1933645819270645
0.3008536148020247 0.1822448935579532 581 1247 0.18364254768768667
0.34000456556369396 0.1841177071803717 582 1252 0.1956952212092203
0.3721757846083349 0.12857798228322445 583 1253 0.13968456274393087
0.3550537812139309 0.16755442104091914 584 1254 0.14594345545927506
0.32288018679031255 0.15075926280493757 585 1257 0.0905356421056332
0.331336204678849 0.16148045287172252 586 1258 0.1238124649326899
0.3340545763475155 0.17291331259934942 587 1259 0.16118742124060087
0.29044310379097393 0.1751144722291842 588 1260 0.15769980023505553
0.25986647177018796 0.12573260974020778 589 1262 0.12633489149416102
0.2853406203548117 0.18654966396792338 590 1263 0.19237023177399898
0.3003912081115742 0.1733630625542386 591 1268 0.1551150052336817
0.322930389733396 0.12423789629206722 592 1269 0.14592886639692948
0.3155854144441594 0.12916753849847037 593 1271 0.11718801592288614
0.21997314443439542 0.13255060146689887 594 1272 0.09122341573100287
0.2064557084479201 0.15096987443672735 595 1275 0.03655075054509083
0.2008589478085217 0.1934748924003343 596 1277 0.1853441643943333
0.18287484898622974 0.16665498595799266 597 1280 0.08299386216254082
0.1932141642996373 0.14296140319539255 598 1282 0.0527307354966135
0.22548624303396675 0.1564145073111992 599 1284 0.059598300639739504
0.27559510221007755 0.15634325498833684 600 1285 0.08431081338178156
0.22150603171541636 0.19462492460238034 601 1286 0.1972328335780147
0.1397436437100767 0.14154582331785878 602 1287 0.12346071990240934
0.23669931461747357 0.14441189851246744 603 1288 0.03699363789982986
0.2320953823054081 0.13572462278704722 604 1289 0.06983929435978727
0.19174234458998232 0.14676360961789298 605 1293 0.04186926207545832
0.3426712322361808 0.1813133051509985 606 1294 0.18764418217517573
0.38965418057665197 0.16537492506372456 607 1297 0.13934629275427401
0.4378446851274149 0.17153429237465315 608 1300 0.15932780917939096
0.4463282180212143 0.1580094288550547 609 1301 0.13255815775564708
0.40255376365255247 0.14577423711618304 610 1303 0.10752981829934813
0.37670746216889794 0.15715355914196874 611 1306 0.11708537373202098
0.49938275027158713 0.1690707385116135 612 1307 0.19795668449042086
0.495418661036546 0.1626180489815717 613 1312 0.1792379452127714
0.4838801239082687 0.13843694684557245 614 1314 0.16179783020770902
0.4508601350068654 0.12916912910047387 615 1319 0.17060411505699097
0.46265049380253576 0.17585327530142117 616 1320 0.17958434366124684
0.41470494239022554 0.1452437746773336 617 1321 0.1118226432080511
0.33092861277129093 0.15899894022821276 618 1322 0.1158803281984084
0.44723210503379035 0.12952452982399842 619 1323 0.16722578035801333
0.4677360773860061 0.14288597708298728 620 1325 0.1422494076822863
0.4474452664258669 0.16429485410979536 621 1326 0.14494139578653864
0.4488431314246654 0.14045880542688985 622 1329 0.13411185891446753
0.41665148131127805 0.1580167447388136 623 1333 0.12337046925409163
0.41386467798203647 0.14061916737079536 624 1334 0.11684325637022687
0.4604002221016644 0.14768740912447376 625 1335 0.1333792649686738
0.46733626895198604 0.18132107197823485 626 1337 0.196209290406562
0.40924990453612187 0.17700889633176772 627 1338 0.17187066325887593
0.3512001225912751 0.17030206625052074 628 1340 0.15436844096179655
0.2740661414339655 0.1526773954937955 629 1341 0.07093831814718371
0.3111155969717443 0.1610640256743706 630 1347 0.11674712875550944
0.34934115056855536 0.15150759026925206 631 1353 0.10036465533129225
0.32830121126496487 0.1721993834825211 632 1354 0.15807426698561733
0.36951429773859923 0.15138845730783457 633 1355 0.10417168814795343
0.33735376005057166 0.15057778693309817 634 1361 0.09524596079263341
0.2943747192581089 0.14214463943317307 635 1363 0.06702197048461458
0.24053891715556378 0.1269664097418138 636 1364 0.12026301767587161
0.2496328484511149 0.1776826677556044 637 1366 0.15147735876247892
0.1815895623049294 0.17971524024660218 638 1369 0.12951591866684165
0.10342996631934342 0.21732953217827103 639 1371 0.16895959775157976
0.08247953860717812 0.2040969999294323 640 1373 0.18216051200319036
0.14900712191869042 0.13329514720199503 641 1374 0.149569563757917
0.10335672473003454 0.18361453111929313 642 1378 0.12303322940886077
0.16918740252003328 0.19398318517060073 643 1379 0.1685680757106724
0.28960336140831905 0.1259929139396484 644 1381 0.1274900542156733
0.38632626995136665 0.18059861956497622 645 1382 0.18370607963135366
0.35667200633889146 0.16986191464947492 646 1384 0.15315799299781496
0.29618705580233995 0.1728542329701705 647 1385 0.15206152223921637
0.29778679803501196 0.1579947310569501 648 1389 0.10103845151301337
0.29564368880104586 0.14449295520497157 649 1391 0.06746632092460593
0.223027453042218 0.16716627470024384 650 1393 0.10174484331429474
0.1821307989535866 0.15990993625875288 651 1394 0.05920436550026308
0.14123633841480962 0.15778964483222016 652 1396 0.07293842012535912
0.2108234860018714 0.12391809297099052 653 1397 0.15013355049450414
0.2155056005762016 0.16586095925776398 654 1399 0.0934522583826111
0.11985269690847083 0.22028788132955243 655 1401 0.18799904852935698
0.12632738511271696 0.17266701065663947 656 1402 0.09061350231651974
0.08163214919332804 0.18039818820290537 657 1404 0.19038329253508118
0.09409204858213217 0.23025694748067 658 1406 0.18544185455082296
0.16497471788850562 0.12215336852448833 659 1408 0.1968242198142704
0.18552325950105997 0.17018349718727968 660 1411 0.09716433476693234
0.11971851417348914 0.14705854600991375 661 1414 0.14191220309848668
0.14300191938603454 0.1537305517360438 662 1418 0.07647897574949812
0.12717536924883102 0.14883153109966474 663 1419 0.11851041566655558
0.10635139824698485 0.17790130698429094 664 1422 0.11590960387079412
0.1078609985121988 0.20112090442609792 665 1426 0.14218145485830713
0.1617192876482361 0.17935851279259182 666 1433 0.11655473985613674
0.15101786877730897 0.19530377690343065 667 1434 0.1582953722680519
0.1289134850175259 0.2136168152397668 668 1436 0.18394331967014094
0.1377876460935096 0.18018931438484623 669 1440 0.10556879293462976
0.15779713227855646 0.12667269874409118 670 1443 0.17616852259345817
0.1682818212770327 0.15220023844990455 671 1446 0.051212010978985145
0.20398726875127807 0.1625143306728306 672 1447 0.07548997242802298
0.18077499121726526 0.12720289932250314 673 1449 0.14827023582549662
0.1291897209084008 0.16959891562670748 674 1450 0.0856490649006772
0.1459220864306301 0.13292569010931177 675 1451 0.156451070056889
0.15149451571487405 0.12838137190145077 676 1454 0.1742795196731214
0.15295210100855078 0.1455897378258318 677 1456 0.08541418097109708
0.2648787618290958 0.1372099041568185 678 1457 0.06468628161615103
0.34483886116137 0.17124062017709488 679 1458 0.1569588231795244
0.29971771963275157 0.18214543936955707 680 1461 0.18303256049500097
0.27923746318051657 0.16231501192071768 681 1463 0.10800707421823057
0.33341151234846067 0.18066299646574785 682 1464 0.18501836537762945
0.32764882417800706 0.17387469923763166 683 1465 0.16331881071654136
0.3007105418157228 0.16835532815775284 684 1467 0.1382542755004192
0.4004820860633284 0.15883879972925272 685 1468 0.12287790474961477
0.36569295586452977 0.1333339671830484 686 1469 0.11791137253792076
0.38471810331511747 0.18428693117440165 687 1472 0.19432523566401488
0.2970191648566374 0.17976792560297813 688 1474 0.17486526724846005
0.3721912907548777 0.12640253131973042 689 1476 0.15016303718101495
0.4460653907110526 0.12559578454494694 690 1479 0.1845381511547939
0.33255520326447374 0.17326521981257323 691 1480 0.16210774761608002
0.37546908642649 0.15517193620983255 692 1481 0.1123854403717361
0.44290263157036813 0.1738868102344311 693 1483 0.16666498341921443
0.3499569166382359 0.1628235522146748 694 1485 0.13092046942827715
0.324676230604931 0.14434186312653113 695 1486 0.08255899851862039
0.19696035568674836 0.15310347260312257 696 1487 0.04099175584361729
0.15284104862814749 0.13019561129588733 697 1488 0.1615586653051893
0.1789617811018061 0.12420131832558969 698 1489 0.16930949871490944
0.18366039897426437 0.12410843793685712 699 1491 0.1659600121651622
0.15872911353874047 0.14669926064542063 700 1492 0.07362732550867555
0.15369679912745604 0.19746301522698653 701 1493 0.16683452291889847
0.14214446896455116 0.17767255001741233 702 1497 0.10067541725702162
0.12740618852816507 0.1330797358888229 703 1500 0.18998596069152976
0.19397959215825994 0.14632659918978697 704 1506 0.041469308112300284
0.3028038312855614 0.18067582078266092 705 1507 0.17931791045288137
0.3368779586541703 0.14835839975813608 706 1508 0.09122651549969785
0.37084854524464594 0.14080604061679572 707 1511 0.10142476695146431
0.4242166170339649 0.17096881559324384 708 1515 0.1556491677890819
0.4614141028514298 0.13808076123375834 709 1516 0.14683942440005987
0.41825884483162024 0.14278666520577513 710 1518 0.11538315612560444
0.39295556889796945 0.17465328465849186 711 1519 0.16598143880761265
0.47857180005850786 0.13499272795592 712 1520 0.16629398937646153
0.4380961031061181 0.1690180973051092 713 1521 0.1529870160413101
0.4124341217131605 0.12898534273408904 714 1522 0.15332515450792544
0.420375908467406 0.15090459502892228 715 1524 0.11443085868463933
0.3981340391195913 0.1770192461190027 716 1526 0.17245751430207937
0.4102876688111583 0.12802740709683857 717 1528 0.1567691878765048
0.3533420204251365 0.16539088737988517 718 1531 0.1391314655799923
0.2571375979160767 0.19091796863805455 719 1532 0.19711427268166656
0.2186669335359855 0.12910565497508975 720 1533 0.11278527160636004
0.26112361171280746 0.1377368789838873 721 1537 0.061588127203870593
0.2640504951831863 0.15074925555285662 722 1539 0.05911784086602477
0.28094873538213566 0.11875823664939579 723 1541 0.17343457739196405
0.2396440413086396 0.1389946989220303 724 1542 0.05327016263807278
0.15208464853493464 0.20941481082307684 725 1544 0.19812441847380002
0.09596873178527993 0.21044568885709994 726 1546 0.16040243355290662
0.08272809438033724 0.23094636214609493 727 1551 0.19620014785735493
0.08502762428671926 0.23130347493013084 728 1552 0.19273829429087877
0.10092823398083467 0.21721395655154274 729 1563 0.16822251074055786
0.15049387986331306 0.19308551732829804 730 1567 0.15136304879592555
0.2105715099265183 0.1696852822450516 731 1571 0.10637159711921214
0.22648362758275176 0.18610182879701317 732 1572 0.17171360415987155
0.23647297922640276 0.1370579207127518 733 1575 0.06235788719589145
0.3245307088254285 0.12331088526289986 734 1578 0.15178225501133794
0.36797308863458045 0.14564499335938358 735 1579 0.09804546770593157
0.39705572173310183 0.1419717448309101 736 1580 0.10853077761857906
0.35393045544022966 0.13622890799548568 737 1581 0.10455848732993443
0.24756568985231714 0.17966805837255395 738 1584 0.15757205466105867
0.28315583286472745 0.1830783292225639 739 1586 0.18103393850781968
0.24411193960334882 0.1489695924691012 740 1587 0.04310120139603269
0.24379683542347477 0.12728272530052126 741 1591 0.11770744582259647
0.28049943151142587 0.1438047229822798 742 1592 0.05832714895466792
0.29541542526022635 0.13348982363890027 743 1593 0.0902262384101321
0.35475980069671437 0.17942642716188462 744 1595 0.18228500734503741
0.34214147135338474 0.18459119168563223 745 1596 0.1971656924496746
0.2681344731910928 0.1217708047101036 746 1597 0.1523621590646134
0.2797342905431013 0.14691575959050254 747 1599 0.06017756611654448
0.3451823398459749 0.11721245800378718 748 1600 0.19539689706545207
0.264408051454451 0.17355378732021942 749 1601 0.14265575649823717
0.21926723347546762 0.19368127737247526 750 1605 0.19350027538801304
0.21593824566227515 0.1872159424600785 751 1606 0.17145376706650972
0.21489909451031466 0.1792657744269912 752 1607 0.1437531228240949
0.16375100057397818 0.1371299800287117 753 1608 0.10874617428251605
0.11374844752491789 0.16812563369970734 754 1609 0.10504706174307103
0.21438934251880715 0.16336675952968618 755 1610 0.08302701428095279
0.2393376552268836 0.11674659376785898 756 1611 0.1913694016711495
0.28930753520812114 0.13588387685930978 757 1616 0.07843136090318407
0.20323346892276795 0.15767037898571018 758 1617 0.056497079958333314
0.21116548242409836 0.17456222509849106 759 1621 0.1250982707607382
0.2689744840914068 0.17191873419364243 760 1622 0.13866757656135073
0.19281909241497902 0.17389486747867244 761 1623 0.11437025165911571
0.24232054878378498 0.13334522153981127 762 1624 0.08143436002518391
0.24383270373859356 0.12303682106107595 763 1625 0.1457311018835896
0.2555980443625317 0.17070052994946835 764 1628 0.12879768531786107
0.24168357818384922 0.1390701189739368 765 1631 0.05301566592493046
0.23935398900536528 0.16026895655723825 766 1632 0.08119393616555569
0.2036822611232186 0.16290037127584897 767 1635 0.07689428145992182
0.15133172362024203 0.1984676643720231 768 1636 0.16766711822613795
0.10024650208870131 0.21766829373369584 769 1640 0.1688409830072211
0.11173656599589157 0.16845623420443245 770 1641 0.10868278043865079
0.18261684339995085 0.12256635144972236 771 1642 0.17715991694916852
0.15567351484015987 0.15319607924768094 772 1648 0.061775820674968514
0.1906525708449865 0.1494476388090502 773 1651 0.03884557450696914
0.20573821762430597 0.15231448125789487 774 1653 0.03951324237403769
0.18892817861100747 0.12056617366864733 775 1654 0.1861079220959816
0.16356045196799665 0.19907245507976334 776 1657 0.17961228191491566
0.08298796463036431 0.18457030929777496 777 1658 0.18116113819373092
0.07967031107431742 0.19834081202139633 778 1661 0.19142224958154533
0.14536969529053376 0.12896700142946785 779 1663 0.18005993966896838
0.14557570619520568 0.1652930083378268 780 1667 0.07261831149536266
0.14426938858283306 0.1506380715770492 781 1668 0.08194955022821322
0.15311449906015584 0.17674972453564963 782 1669 0.10322558969181153
0.09653025754235212 0.1894256234001319 783 1670 0.13860750045810782
0.1347198139441463 0.2054799891651535 784 1671 0.1706631906340559
0.2019160012390247 0.16236150445676703 785 1672 0.07409819193380125
0.16552804152631834 0.16596084393613753 786 1673 0.07462231933062932
0.24464169650203244 0.16831378824221793 787 1675 0.11525419699202732
0.2639839642464655 0.16691853099397247 788 1676 0.11830464475812073
0.1764404117229235 0.1422338023460917 789 1678 0.07021004436771185
0.181973098834125 0.15795271302120878 790 1679 0.05329361843040178
0.2362591525402723 0.13748088600571937 791 1680 0.06030918656046803
0.2635382455473421 0.17623501543000755 792 1682 0.15168986050264283
0.22777248998353627 0.14496729270439668 793 1683 0.03487284048697497
0.1668098982724222 0.13608516609888568 794 1685 0.1105258597986882
0.16626537331344035 0.12675853134634568 795 1691 0.16545184164306406
0.1283918381345432 0.14464835627818068 796 1696 0.1320895191637687
0.148527542953644 0.18763932550760642 797 1697 0.13359700553614656
0.16473302451983457 0.18554363932938617 798 1698 0.13876128083250722
0.1535168263369508 0.12910584824290838 799 1699 0.1670573363554201
0.1947289183848004 0.16170821090226545 800 1701 0.06897755838514308
0.1415377869647006 0.1921569384207329 801 1702 0.14127839450988763
0.08868642016310177 0.20780283925739362 802 1706 0.16776965104565955
0.16760007450001266 0.128306543077004 803 1708 0.1543340732049861
0.15465841210545858 0.1249870171703971 804 1710 0.1909301886447505
0.11975386573822898 0.15181613803282568 805 1711 0.12476638559349704
0.1617350499269596 0.14709271850271835 806 1712 0.0685887983128464
0.16469982793464066 0.1300568510873412 807 1713 0.14703005695897484
0.21543312094727857 0.1221586129023239 808 1715 0.16013785575483672
0.22952350870384855 0.1605093445232081 809 1716 0.07779025590944627
0.17833025049399207 0.19445664344159608 810 1717 0.17617841221660482
0.19071233994347928 0.1428393201448354 811 1719 0.05506632532824141
0.22951605781429946 0.15307471734747494 812 1723 0.04867867507105321
0.14992789486221753 0.13638048442927067 813 1724 0.1316376505031806
0.13228890138021865 0.1946011218939826 814 1727 0.14043830212855038
0.19593700716921386 0.18849526255716303 815 1728 0.1669495173453935
0.1287974493074898 0.19638250763460885 816 1729 0.14225304235897046
0.08728680209255982 0.17474891443998036 817 1731 0.17279577031307564
0.12795283891494497 0.2009211969734366 818 1733 0.15284897023849023
0.09604200662514104 0.19137178208480976 819 1734 0.14071349742755798
0.09252911805720698 0.22542481927383273 820 1738 0.18039401136057678
0.0850736114238676 0.21188607255203715 821 1740 0.1787529437414243
0.07968222228702959 0.2054404034820609 822 1744 0.19241720767949874
0.08442030725300352 0.18672920161003695 823 1745 0.1743016946161658
0.12193737203227792 0.16378120201591162 824 1753 0.09432576484614541
0.13189002027043548 0.148557628782692 825 1756 0.10995583374447225
0.19005184122671584 0.14033907431632137 826 1758 0.06645543893579271
0.25686741646116923 0.16182526108344436 827 1761 0.09556960681588336
0.29800699915389856 0.18722140536893936 828 1762 0.1978562705312151
0.18602949080768486 0.18148777787841913 829 1763 0.1381112821002378
0.13024844165361643 0.148717133115619 830 1769 0.11262742514614808
0.11851809725967602 0.1590545195419936 831 1771 0.10810841822973812
0.14588692248637947 0.19049100820130715 832 1773 0.13999596314028503
0.1407209759583986 0.2052996675408387 833 1774 0.17625207165094012
0.14014468905697292 0.16202795797077274 834 1775 0.07269944391667509
0.23744246733761792 0.1896154951845838 835 1776 0.18688283762531707
0.1406417113010665 0.2027798185779793 836 1779 0.16958875418883632
0.17864482485639332 0.1912199896743315 837 1780 0.16620629134748582
0.139537991407941 0.19052566401195895 838 1787 0.13509575285228181
0.10687587480644001 0.16533793423066895 839 1788 0.12368432033935323
0.20239310794181858 0.18988517135278987 840 1789 0.17454549024969812
0.29445004655630747 0.18822291223032028 841 1790 0.19988127658069843
0.34790201795684284 0.16177669952101276 842 1795 0.12748488107879463
0.2940259841319595 0.16251709607162687 843 1798 0.1152505137969027
0.31064408451360165 0.1297228998507759 844 1799 0.11280666518271938
0.3659264472535966 0.17363637887974354 845 1800 0.16463090766297847
0.3869069477828102 0.13226189212915326 846 1801 0.1296210356347219
0.3914484008006454 0.13192831109643832 847 1802 0.13262108166612901
0.4434989077431765 0.16413754022034518 848 1804 0.14310103697831517
0.45182044940933963 0.14606065692345324 849 1805 0.12874029621815564
0.482578601195538 0.1410424894199979 850 1810 0.15615063779840427
0.4124428911900831 0.14725403776102372 851 1811 0.11049231029864154
0.47093982193371375 0.13341933248405394 852 1813 0.16606048914992702
0.42028537677236405 0.1381718406289734 853 1814 0.12474386859207653
0.4383264221639393 0.14975769561849653 854 1815 0.12087257567445976
0.46096166507230435 0.1313125152583672 855 1816 0.16749851468055665
0.49044652903725355 0.15475889602192516 856 1821 0.16168473214103823
0.4288491380588365 0.12908184730766845 857 1823 0.16016192887201897
0.4677295267617144 0.1519681489713964 858 1826 0.13908107357156113
0.46567322298816627 0.1588081515158594 859 1828 0.14477546305435698
0.38256032814256696 0.12583327303026262 860 1829 0.1567146691127405
0.46720287513945113 0.14147437205065064 861 1830 0.14391224812555733
0.48551249308116123 0.13922872760974184 862 1832 0.16155505922180324
0.4791032743881435 0.1591712582772848 863 1836 0.1560510148935072
0.49413096820369734 0.15810954162748495 864 1837 0.17005859173316137
0.4876511755676358 0.15199981089001982 865 1840 0.15646649386610112
0.4699556627652839 0.14657845794444505 866 1841 0.1406017443659877
0.4752476141502083 0.17507015030253992 867 1850 0.1861250255576612
0.4445434212076962 0.15516642618902107 868 1853 0.12780402107670225
0.44802240452508546 0.13980779357629047 869 1854 0.13494142842912596
0.4670879168534709 0.14350194983682293 870 1856 0.14103488984229434
0.4291012266509739 0.18362189085307273 871 1859 0.19040328316313426
0.4343448933848635 0.17920629005863792 872 1862 0.1790445433181995
0.3949154689911342 0.139450949210655 873 1864 0.111795009852151
0.45071415624896527 0.12618679026183233 874 1871 0.18397306816807113
0.4145473184876722 0.14753854649422757 875 1872 0.11119669677296617
0.4121907170952029 0.15884160867593172 876 1873 0.12428672093859242
0.3758755467499625 0.119794569646351 877 1875 0.18815856859313693
0.3908412096183209 0.1298283707506616 878 1880 0.1409816258589699
0.35240671366976895 0.16781254743630714 879 1883 0.14663318129792086
0.3106063940312086 0.12419273293106341 880 1884 0.1428871514746111
0.3215203346179862 0.12756931045613748 881 1885 0.12722649859063132
0.25942669247650674 0.12358556721468475 882 1893 0.14036334230527778
0.3139441392802591 0.14252137484578806 883 1895 0.07740538042057503
0.25658145304288066 0.1209661590985281 884 1897 0.1583506861248265
0.24287211745261372 0.16621264397820917 885 1900 0.10638283504758839
0.24099660536380735 0.1514874699269953 886 1902 0.04856281296656675
0.29390835529637444 0.1475513557827801 887 1903 0.06975184441878142
0.35032052433741956 0.1369744687057217 888 1907 0.10128167634689714
0.3405785165290554 0.16479403551216995 889 1908 0.13602866400361113
0.3316090533905115 0.17101412060978913 890 1910 0.15478694341760224
0.24283005763106513 0.17302671561550922 891 1911 0.13219160731544294
0.22382831253051824 0.1299968886619094 892 1914 0.10533661374950194
0.29533880745723534 0.12388625385623282 893 1916 0.1413532374176187
0.37943596858287915 0.14787333860307358 894 1920 0.1019434047002858
0.396267477264861 0.12522076201851334 895 1922 0.16491688857224002
0.31325981706939166 0.12652043048074488 896 1923 0.13029854654227385
0.40497591811194866 0.14825879971787892 897 1925 0.1084050195502035
0.44189714329548013 0.17239671765167613 898 1926 0.16254586498492896
0.47760773910342347 0.15848183526375756 899 1928 0.15368963146664466
0.4834337347724141 0.15778633942154077 900 1929 0.1581288916785138
0.46056263447353996 0.1819585692958578 901 1930 0.19409760583231697
0.4603624483375807 0.14501338674112205 902 1933 0.13488675563509006
0.4658144639096494 0.15667430459681156 903 1934 0.14192356452320026
0.465389374616552 0.1670710251800843 904 1936 0.16026607348714125
0.44177087753166416 0.14056961499828888 905 1937 0.12998374345599495
0.40925229016819353 0.1856402041259485 906 1939 0.1959001068652502
0.38500601239933296 0.14195492528567671 907 1946 0.10459435515262742
0.41943734556633216 0.12600592652002762 908 1947 0.17032110377764006
0.47199143449536307 0.162925754099232 909 1951 0.15646613339016213
0.29918672844663297 0.17928852873469425 910 1954 0.17397711539553193
0.3014124312976291 0.15706726189777032 911 1960 0.09952192580660399
0.357996094807696 0.14320453656064352 912 1961 0.09522511548028004
0.3608745112452438 0.1475458324783299 913 1962 0.0972977672760549
0.426697427329947 0.16698958231569638 914 1964 0.14559758347665397
0.48841064402398815 0.13796747915222926 915 1968 0.16632787584539566
0.4655929466798857 0.16558776110721216 916 1971 0.1571989208781286
0.45859641344530533 0.1731074023100555 917 1974 0.17060191615764425
0.44234943792139514 0.12976816727317153 918 1975 0.16372470983167922
0.4072703605014214 0.1530373143649214 919 1980 0.11317698411889689
0.4082054403964232 0.1458961957376324 920 1983 0.1092945380520126
0.31613407263597265 0.11615355811785072 921 1985 0.19598783310945522
0.3558219697721272 0.1325764211584339 922 1986 0.11705478887944414
0.3152111521153522 0.12883574902844033 923 1987 0.11871556129280661
0.2525604497363627 0.14934696245933998 924 1988 0.04856152507268905
0.2666417916479412 0.17408936678243694 925 1989 0.14541575788009
0.33001933753419005 0.12573646140670966 926 1990 0.13964494619635262
0.4152782116512422 0.16275889360714196 927 1991 0.133587283952049
0.45325844177834224 0.16927769856063002 928 1994 0.15877556929356673
0.37532332869543616 0.15215878905068003 929 1995 0.10642836980386088
0.3726198688755783 0.1482898762011716 930 1996 0.10075136525104107
0.3597698423324533 0.1187807670226533 931 1997 0.18939157018696412
0.30278757080211505 0.1859010357667933 932 1999 0.1951481203194355
0.3349614323331851 0.18362262470551088 933 2000 0.19390216373573152
0.2901493553147034 0.16458375173272285 934 2001 0.12102635948315008
0.2845368746525652 0.11797998800848977 935 2004 0.1790992599268867
0.23610237645689844 0.14977037686034336 936 2013 0.04123970106607603
0.19473075797923747 0.1572449478306591 937 2016 0.052835374713476435
0.280998766615385 0.16139052490927155 938 2017 0.1054179146213093
0.28944302550694456 0.11523498133080634 939 2021 0.19906560332106374
0.3156658180380882 0.1176693566800572 940 2022 0.18550397273363345
0.3635494614904081 0.1783159038432544 941 2023 0.17875591453677678
0.4181298344279386 0.1608755067791621 942 2024 0.12961451721416734
0.4351910326229311 0.16202362543981566 943 2027 0.13587280926572487
0.4803007205650255 0.14129444673027092 944 2028 0.15394426826672974
0.4086079339816257 0.14845867393875878 945 2030 0.1095150957824837
0.36268831412413444 0.13729608420747338 946 2034 0.10506917624120463
0.4037995161869493 0.14125175944185694 947 2035 0.11190910049643808
0.3869643208494322 0.15949787652959807 948 2036 0.12351739686292736
0.28835673163598846 0.17974419766511257 949 2037 0.17213398204698532
0.36526027738287425 0.1466271398639026 950 2040 0.09773936525558716
0.3485945668886776 0.15314056446128255 951 2043 0.10371306178014819
0.3389903121983671 0.11795895952590257 952 2044 0.18889617679570897
0.2842583665259653 0.18353822635899747 953 2045 0.18281369425894092
0.3270658247799781 0.18498499469627536 954 2047 0.19702447152544691
0.2602636997773364 0.16654788397692008 955 2048 0.11527670613154557
0.23298755802754742 0.1674024451496776 956 2049 0.10682753496306334
0.20125477962968577 0.1757840024891593 957 2050 0.12526227202852414
0.11970726291607738 0.2174165422638114 958 2052 0.18200747259478658
0.12464981396157533 0.2084474523669424 959 2053 0.1676487870806734
0.1974162846385109 0.1592289699382896 960 2055 0.0605542562436375
0.17904000250916802 0.12576242909949675 961 2057 0.15902875783700826
0.12749447174600614 0.17536015076418518 962 2063 0.09385535307541552
0.179644782191326 0.19027429759561043 963 2064 0.16379681377327748
0.1107909828977183 0.14981116552012377 964 2065 0.15456468017124514
0.13956724071575144 0.12746339437191306 965 2071 0.19870096411677277
0.17892237080820045 0.16878950728779632 966 2073 0.0890772781554244
0.14388047263234272 0.18360120111510242 967 2074 0.11837463232622075
0.0998691692264477 0.22186708677597647 968 2077 0.17490315596197456
0.09097720931626194 0.21142522355971305 969 2079 0.16702460996992394
0.11346985323832734 0.21730266822023578 970 2081 0.1755247181938132
0.14310418367087857 0.19985034041186156 971 2084 0.16406955771238807
0.2520520976057896 0.1550890681917684 972 2087 0.0670701552024377
0.26966678231137736 0.14650833327860255 973 2088 0.05337808489101776
0.28408327789173105 0.12366364610066691 974 2091 0.14096675383383
0.3243169742250534 0.18312724293937863 975 2092 0.19121060069394685
0.3252063197136467 0.1219276887021177 976 2093 0.1602619525439
0.3353783855576711 0.146977637610609 977 2095 0.08890847143948369
0.368255996706887 0.15534440723646661 978 2096 0.11197673884304975
0.37783797025717514 0.18246449342451548 979 2098 0.189827188945612
0.43913577972378665 0.1394678788591401 980 2100 0.13082530407446552
0.4440720426311516 0.1843635933978401 981 2104 0.19456876180492938
0.4814484380942134 0.14657077533201848 982 2106 0.1499481559332351
0.4361217067327149 0.12391620222520167 983 2107 0.1883496911006907
0.430015914121837 0.14676484910608278 984 2110 0.11724230952037425
0.3460499558383968 0.11896278269337013 985 2113 0.18431238035134517
0.4207677130078241 0.15012089005013318 986 2116 0.11405804185539148
0.43927747840589515 0.1734209364977224 987 2117 0.16455382868783092
0.4888345284309726 0.17343509648803426 988 2118 0.19515249754907446
0.4882241728483795 0.1709351764196319 989 2128 0.1885658088474757
0.43117704353193287 0.1475600362567561 990 2132 0.11755123008054942
0.4441358507315457 0.17906393239760884 991 2133 0.18057286494609784
0.38057407743233634 0.17788354237927792 992 2134 0.17635572744076372
0.40423730128963126 0.15191728107510238 993 2141 0.11110622249511726
0.32632824334765925 0.12585638848027042 994 2143 0.13785078833001685
0.2888579722819712 0.15598007566521407 995 2146 0.08993625957341281
0.24635956163401151 0.1762327055929412 996 2148 0.14514487620725258
0.227827640070614 0.18811677823346307 997 2149 0.17880868795759547
0.1736442540104774 0.1913049105941885 998 2153 0.1632680249982796
0.17525181744486198 0.142640011894578 999 2154 0.06970559646792103
0.20409499114086038 0.1457001003275949 1000 2155 0.037661904166268294
