# 500.000000 500.000000
# 51 51
# 0 40 
0.000000 0.000000 0.999994
10.000000 0.000000 0.999994
20.000000 0.000000 0.999983
30.000000 0.000000 0.999944
40.000000 0.000000 0.999824
50.000000 0.000000 0.999484
60.000000 0.000000 0.998599
70.000000 0.000000 0.996492
80.000000 0.000000 0.991902
90.000000 0.000000 0.982564
100.000000 0.000000 0.964337
110.000000 0.000000 0.930835
120.000000 0.000000 0.876332
130.000000 0.000000 0.798826
140.000000 0.000000 0.696247
150.000000 0.000000 0.576465
160.000000 0.000000 0.436127
170.000000 0.000000 0.295944
180.000000 0.000000 0.187191
190.000000 0.000000 0.167619
200.000000 0.000000 0.137929
210.000000 0.000000 0.135964
220.000000 0.000000 0.140105
230.000000 0.000000 0.189356
240.000000 0.000000 0.287736
250.000000 0.000000 0.473731
260.000000 0.000000 0.646857
270.000000 0.000000 0.518294
280.000000 0.000000 0.259209
290.000000 0.000000 0.197093
300.000000 0.000000 0.186641
310.000000 0.000000 0.199203
320.000000 0.000000 0.213296
330.000000 0.000000 0.334264
340.000000 0.000000 0.483610
350.000000 0.000000 0.556041
360.000000 0.000000 0.636013
370.000000 0.000000 0.742111
380.000000 0.000000 0.835323
390.000000 0.000000 0.902471
400.000000 0.000000 0.947519
410.000000 0.000000 0.974607
420.000000 0.000000 0.988671
430.000000 0.000000 0.995226
440.000000 0.000000 0.998074
450.000000 0.000000 0.999252
460.000000 0.000000 0.999723
470.000000 0.000000 0.999903
480.000000 0.000000 0.999968
490.000000 0.000000 0.999988
500.000000 0.000000 0.999988
0.000000 10.000000 0.999994
10.000000 10.000000 0.999994
20.000000 10.000000 0.999983
30.000000 10.000000 0.999944
40.000000 10.000000 0.999824
50.000000 10.000000 0.999484
60.000000 10.000000 0.998599
70.000000 10.000000 0.996492
80.000000 10.000000 0.991902
90.000000 10.000000 0.982564
100.000000 10.000000 0.964337
110.000000 10.000000 0.930835
120.000000 10.000000 0.876332
130.000000 10.000000 0.798826
140.000000 10.000000 0.696247
150.000000 10.000000 0.576465
160.000000 10.000000 0.436127
170.000000 10.000000 0.295944
180.000000 10.000000 0.187191
190.000000 10.000000 0.167619
200.000000 10.000000 0.137929
210.000000 10.000000 0.135964
220.000000 10.000000 0.140105
230.000000 10.000000 0.189356
240.000000 10.000000 0.287736
250.000000 10.000000 0.473731
260.000000 10.000000 0.646857
270.000000 10.000000 0.518294
280.000000 10.000000 0.259209
290.000000 10.000000 0.197093
300.000000 10.000000 0.186641
310.000000 10.000000 0.199203
320.000000 10.000000 0.213296
330.000000 10.000000 0.334264
340.000000 10.000000 0.483610
350.000000 10.000000 0.556041
360.000000 10.000000 0.636013
370.000000 10.000000 0.742111
380.000000 10.000000 0.835323
390.000000 10.000000 0.902471
400.000000 10.000000 0.947519
410.000000 10.000000 0.974607
420.000000 10.000000 0.988671
430.000000 10.000000 0.995226
440.000000 10.000000 0.998074
450.000000 10.000000 0.999252
460.000000 10.000000 0.999723
470.000000 10.000000 0.999903
480.000000 10.000000 0.999968
490.000000 10.000000 0.999988
500.000000 10.000000 0.999988
0.000000 20.000000 0.999982
10.000000 20.000000 0.999982
20.000000 20.000000 0.999950
30.000000 20.000000 0.999842
40.000000 20.000000 0.999518
50.000000 20.000000 0.998629
60.000000 20.000000 0.996386
70.000000 20.000000 0.991247
80.000000 20.000000 0.980616
90.000000 20.000000 0.960511
100.000000 20.000000 0.924345
110.000000 20.000000 0.862845
120.000000 20.000000 0.769183
130.000000 20.000000 0.652649
140.000000 20.000000 0.513883
150.000000 20.000000 0.384179
160.000000 20.000000 0.268197
170.000000 20.000000 0.200235
180.000000 20.000000 0.134660
190.000000 20.000000 0.121371
200.000000 20.000000 0.112539
210.000000 20.000000 0.138831
220.000000 20.000000 0.135895
230.000000 20.000000 0.165946
240.000000 20.000000 0.255568
250.000000 20.000000 0.402249
260.000000 20.000000 0.575148
270.000000 20.000000 0.495023
280.000000 20.000000 0.273455
290.000000 20.000000 0.230330
300.000000 20.000000 0.190067
310.000000 20.000000 0.166977
320.000000 20.000000 0.178258
330.000000 20.000000 0.247605
340.000000 20.000000 0.357543
350.000000 20.000000 0.417292
360.000000 20.000000 0.482038
370.000000 20.000000 0.595664
380.000000 20.000000 0.729629
390.000000 20.000000 0.834702
400.000000 20.000000 0.906795
410.000000 20.000000 0.952345
420.000000 20.000000 0.977112
430.000000 20.000000 0.989518
440.000000 20.000000 0.995425
450.000000 20.000000 0.998104
460.000000 20.000000 0.999261
470.000000 20.000000 0.999732
480.000000 20.000000 0.999909
490.000000 20.000000 0.999965
500.000000 20.000000 0.999965
0.000000 30.000000 0.999937
10.000000 30.000000 0.999937
20.000000 30.000000 0.999833
30.000000 30.000000 0.999487
40.000000 30.000000 0.998497
50.000000 30.000000 0.995886
60.000000 30.000000 0.989577
70.000000 30.000000 0.975769
80.000000 30.000000 0.948841
90.000000 30.000000 0.902178
100.000000 30.000000 0.826584
110.000000 30.000000 0.708638
120.000000 30.000000 0.516225
130.000000 30.000000 0.366143
140.000000 30.000000 0.286476
150.000000 30.000000 0.209389
160.000000 30.000000 0.156018
170.000000 30.000000 0.124986
180.000000 30.000000 0.101596
190.000000 30.000000 0.100840
200.000000 30.000000 0.106301
210.000000 30.000000 0.140155
220.000000 30.000000 0.143581
230.000000 30.000000 0.154331
240.000000 30.000000 0.236258
250.000000 30.000000 0.382112
260.000000 30.000000 0.453349
270.000000 30.000000 0.389964
280.000000 30.000000 0.305136
290.000000 30.000000 0.330867
300.000000 30.000000 0.291298
310.000000 30.000000 0.191157
320.000000 30.000000 0.187916
330.000000 30.000000 0.220005
340.000000 30.000000 0.252219
350.000000 30.000000 0.266179
360.000000 30.000000 0.306185
370.000000 30.000000 0.374380
380.000000 30.000000 0.527100
390.000000 30.000000 0.692219
400.000000 30.000000 0.813219
410.000000 30.000000 0.897296
420.000000 30.000000 0.946113
430.000000 30.000000 0.973036
440.000000 30.000000 0.987355
450.000000 30.000000 0.994473
460.000000 30.000000 0.997764
470.000000 30.000000 0.999170
480.000000 30.000000 0.999715
490.000000 30.000000 0.999891
500.000000 30.000000 0.999891
0.000000 40.000000 0.999789
10.000000 40.000000 0.999789
20.000000 40.000000 0.999463
30.000000 40.000000 0.998420
40.000000 40.000000 0.995578
50.000000 40.000000 0.988481
60.000000 40.000000 0.972302
70.000000 40.000000 0.938992
80.000000 40.000000 0.878484
90.000000 40.000000 0.784027
100.000000 40.000000 0.651724
110.000000 40.000000 0.466078
120.000000 40.000000 0.299288
130.000000 40.000000 0.201561
140.000000 40.000000 0.152189
150.000000 40.000000 0.126713
160.000000 40.000000 0.121314
170.000000 40.000000 0.105766
180.000000 40.000000 0.088118
190.000000 40.000000 0.092895
200.000000 40.000000 0.100296
210.000000 40.000000 0.119428
220.000000 40.000000 0.129828
230.000000 40.000000 0.145763
240.000000 40.000000 0.210312
250.000000 40.000000 0.305370
260.000000 40.000000 0.357652
270.000000 40.000000 0.363718
280.000000 40.000000 0.391359
290.000000 40.000000 0.465786
300.000000 40.000000 0.337296
310.000000 40.000000 0.244646
320.000000 40.000000 0.288630
330.000000 40.000000 0.339221
340.000000 40.000000 0.298947
350.000000 40.000000 0.225995
360.000000 40.000000 0.200079
370.000000 40.000000 0.219477
380.000000 40.000000 0.305696
390.000000 40.000000 0.459888
400.000000 40.000000 0.634218
410.000000 40.000000 0.785213
420.000000 40.000000 0.878775
430.000000 40.000000 0.934181
440.000000 40.000000 0.967158
450.000000 40.000000 0.985012
460.000000 40.000000 0.993759
470.000000 40.000000 0.997642
480.000000 40.000000 0.999182
490.000000 40.000000 0.999685
500.000000 40.000000 0.999685
0.000000 50.000000 0.999344
10.000000 50.000000 0.999344
20.000000 50.000000 0.998390
30.000000 50.000000 0.995479
40.000000 50.000000 0.987987
50.000000 50.000000 0.970508
60.000000 50.000000 0.933695
70.000000 50.000000 0.863798
80.000000 50.000000 0.746939
90.000000 50.000000 0.580104
100.000000 50.000000 0.400471
110.000000 50.000000 0.251932
120.000000 50.000000 0.175828
130.000000 50.000000 0.131635
140.000000 50.000000 0.106391
150.000000 50.000000 0.095337
160.000000 50.000000 0.097561
170.000000 50.000000 0.090267
180.000000 50.000000 0.085112
190.000000 50.000000 0.089716
200.000000 50.000000 0.099038
210.000000 50.000000 0.114863
220.000000 50.000000 0.120414
230.000000 50.000000 0.139505
240.000000 50.000000 0.177563
250.000000 50.000000 0.222576
260.000000 50.000000 0.282908
270.000000 50.000000 0.329146
280.000000 50.000000 0.416725
290.000000 50.000000 0.485075
300.000000 50.000000 0.357702
310.000000 50.000000 0.277243
320.000000 50.000000 0.320164
330.000000 50.000000 0.429828
340.000000 50.000000 0.415411
350.000000 50.000000 0.281659
360.000000 50.000000 0.193500
370.000000 50.000000 0.171802
380.000000 50.000000 0.188868
390.000000 50.000000 0.256563
400.000000 50.000000 0.383470
410.000000 50.000000 0.588653
420.000000 50.000000 0.755074
430.000000 50.000000 0.856061
440.000000 50.000000 0.923746
450.000000 50.000000 0.963819
460.000000 50.000000 0.984553
470.000000 50.000000 0.994071
480.000000 50.000000 0.997923
490.000000 50.000000 0.999197
500.000000 50.000000 0.999197
0.000000 60.000000 0.998119
10.000000 60.000000 0.998119
20.000000 60.000000 0.995564
30.000000 60.000000 0.988129
40.000000 60.000000 0.970175
50.000000 60.000000 0.931429
60.000000 60.000000 0.857527
70.000000 60.000000 0.725778
80.000000 60.000000 0.527219
90.000000 60.000000 0.344157
100.000000 60.000000 0.223408
110.000000 60.000000 0.159769
120.000000 60.000000 0.135070
130.000000 60.000000 0.110999
140.000000 60.000000 0.088574
150.000000 60.000000 0.083568
160.000000 60.000000 0.081460
170.000000 60.000000 0.082369
180.000000 60.000000 0.084218
190.000000 60.000000 0.092236
200.000000 60.000000 0.110445
210.000000 60.000000 0.132028
220.000000 60.000000 0.135560
230.000000 60.000000 0.144582
240.000000 60.000000 0.156992
250.000000 60.000000 0.178399
260.000000 60.000000 0.212994
270.000000 60.000000 0.267316
280.000000 60.000000 0.353515
290.000000 60.000000 0.439087
300.000000 60.000000 0.336111
310.000000 60.000000 0.276918
320.000000 60.000000 0.297960
330.000000 60.000000 0.389196
340.000000 60.000000 0.393575
350.000000 60.000000 0.295068
360.000000 60.000000 0.216526
370.000000 60.000000 0.197448
380.000000 60.000000 0.151925
390.000000 60.000000 0.165053
400.000000 60.000000 0.238498
410.000000 60.000000 0.408178
420.000000 60.000000 0.578817
430.000000 60.000000 0.723675
440.000000 60.000000 0.844108
450.000000 60.000000 0.923562
460.000000 60.000000 0.966706
470.000000 60.000000 0.987021
480.000000 60.000000 0.995397
490.000000 60.000000 0.998204
500.000000 60.000000 0.998204
0.000000 70.000000 0.995105
10.000000 70.000000 0.995105
20.000000 70.000000 0.988923
30.000000 70.000000 0.971830
40.000000 70.000000 0.933227
50.000000 70.000000 0.856428
60.000000 70.000000 0.727058
70.000000 70.000000 0.515398
80.000000 70.000000 0.306119
90.000000 70.000000 0.206325
100.000000 70.000000 0.149692
110.000000 70.000000 0.124248
120.000000 70.000000 0.115652
130.000000 70.000000 0.110185
140.000000 70.000000 0.087789
150.000000 70.000000 0.092777
160.000000 70.000000 0.097664
170.000000 70.000000 0.093069
180.000000 70.000000 0.093527
190.000000 70.000000 0.095123
200.000000 70.000000 0.112824
210.000000 70.000000 0.131863
220.000000 70.000000 0.149563
230.000000 70.000000 0.169510
240.000000 70.000000 0.164081
250.000000 70.000000 0.150996
260.000000 70.000000 0.165191
270.000000 70.000000 0.204012
280.000000 70.000000 0.265109
290.000000 70.000000 0.321798
300.000000 70.000000 0.275503
310.000000 70.000000 0.249438
320.000000 70.000000 0.256281
330.000000 70.000000 0.320220
340.000000 70.000000 0.319228
350.000000 70.000000 0.254795
360.000000 70.000000 0.190831
370.000000 70.000000 0.173721
380.000000 70.000000 0.128737
390.000000 70.000000 0.131536
400.000000 70.000000 0.157628
410.000000 70.000000 0.227147
420.000000 70.000000 0.323887
430.000000 70.000000 0.504948
440.000000 70.000000 0.713064
450.000000 70.000000 0.857952
460.000000 70.000000 0.937741
470.000000 70.000000 0.975319
480.000000 70.000000 0.991071
490.000000 70.000000 0.996449
500.000000 70.000000 0.996449
0.000000 80.000000 0.988568
10.000000 80.000000 0.988568
20.000000 80.000000 0.975227
30.000000 80.000000 0.940333
40.000000 80.000000 0.866956
50.000000 80.000000 0.732986
60.000000 80.000000 0.546136
70.000000 80.000000 0.337851
80.000000 80.000000 0.201009
90.000000 80.000000 0.149970
100.000000 80.000000 0.123378
110.000000 80.000000 0.118487
120.000000 80.000000 0.102828
130.000000 80.000000 0.092446
140.000000 80.000000 0.085959
150.000000 80.000000 0.105324
160.000000 80.000000 0.113011
170.000000 80.000000 0.109548
180.000000 80.000000 0.110536
190.000000 80.000000 0.092662
200.000000 80.000000 0.103443
210.000000 80.000000 0.124732
220.000000 80.000000 0.151447
230.000000 80.000000 0.165641
240.000000 80.000000 0.156014
250.000000 80.000000 0.136911
260.000000 80.000000 0.140830
270.000000 80.000000 0.160579
280.000000 80.000000 0.198245
290.000000 80.000000 0.219784
300.000000 80.000000 0.201161
310.000000 80.000000 0.192541
320.000000 80.000000 0.192569
330.000000 80.000000 0.240470
340.000000 80.000000 0.236852
350.000000 80.000000 0.218639
360.000000 80.000000 0.159781
370.000000 80.000000 0.130061
380.000000 80.000000 0.115066
390.000000 80.000000 0.119766
400.000000 80.000000 0.128411
410.000000 80.000000 0.163615
420.000000 80.000000 0.199781
430.000000 80.000000 0.321364
440.000000 80.000000 0.535014
450.000000 80.000000 0.766200
460.000000 80.000000 0.897133
470.000000 80.000000 0.957805
480.000000 80.000000 0.984165
490.000000 80.000000 0.993518
500.000000 80.000000 0.993518
0.000000 90.000000 0.976091
10.000000 90.000000 0.976091
20.000000 90.000000 0.950453
30.000000 90.000000 0.887217
40.000000 90.000000 0.764773
50.000000 90.000000 0.559726
60.000000 90.000000 0.359765
70.000000 90.000000 0.207431
80.000000 90.000000 0.147528
90.000000 90.000000 0.136931
100.000000 90.000000 0.118030
110.000000 90.000000 0.108152
120.000000 90.000000 0.103931
130.000000 90.000000 0.093504
140.000000 90.000000 0.084512
150.000000 90.000000 0.088864
160.000000 90.000000 0.088181
170.000000 90.000000 0.087871
180.000000 90.000000 0.100588
190.000000 90.000000 0.085308
200.000000 90.000000 0.104402
210.000000 90.000000 0.116886
220.000000 90.000000 0.135337
230.000000 90.000000 0.144092
240.000000 90.000000 0.136376
250.000000 90.000000 0.121026
260.000000 90.000000 0.124584
270.000000 90.000000 0.129805
280.000000 90.000000 0.147024
290.000000 90.000000 0.156535
300.000000 90.000000 0.160100
310.000000 90.000000 0.150494
320.000000 90.000000 0.149979
330.000000 90.000000 0.166049
340.000000 90.000000 0.173973
350.000000 90.000000 0.166719
360.000000 90.000000 0.135354
370.000000 90.000000 0.118357
380.000000 90.000000 0.110849
390.000000 90.000000 0.116560
400.000000 90.000000 0.126817
410.000000 90.000000 0.149986
420.000000 90.000000 0.180805
430.000000 90.000000 0.253730
440.000000 90.000000 0.437840
450.000000 90.000000 0.683546
460.000000 90.000000 0.843197
470.000000 90.000000 0.928394
480.000000 90.000000 0.971613
490.000000 90.000000 0.988146
500.000000 90.000000 0.988146
0.000000 100.000000 0.954763
10.000000 100.000000 0.954763
20.000000 100.000000 0.910166
30.000000 100.000000 0.805606
40.000000 100.000000 0.619819
50.000000 100.000000 0.364004
60.000000 100.000000 0.210450
70.000000 100.000000 0.137140
80.000000 100.000000 0.119536
90.000000 100.000000 0.114897
100.000000 100.000000 0.107270
110.000000 100.000000 0.103809
120.000000 100.000000 0.114527
130.000000 100.000000 0.109762
140.000000 100.000000 0.099479
150.000000 100.000000 0.083023
160.000000 100.000000 0.076235
170.000000 100.000000 0.074269
180.000000 100.000000 0.076848
190.000000 100.000000 0.076743
200.000000 100.000000 0.091004
210.000000 100.000000 0.108853
220.000000 100.000000 0.124709
230.000000 100.000000 0.144230
240.000000 100.000000 0.131883
250.000000 100.000000 0.109310
260.000000 100.000000 0.108116
270.000000 100.000000 0.114650
280.000000 100.000000 0.119526
290.000000 100.000000 0.123625
300.000000 100.000000 0.127544
310.000000 100.000000 0.136111
320.000000 100.000000 0.135570
330.000000 100.000000 0.139796
340.000000 100.000000 0.139889
350.000000 100.000000 0.135724
360.000000 100.000000 0.125859
370.000000 100.000000 0.122353
380.000000 100.000000 0.114763
390.000000 100.000000 0.119340
400.000000 100.000000 0.122950
410.000000 100.000000 0.134891
420.000000 100.000000 0.150654
430.000000 100.000000 0.193768
440.000000 100.000000 0.324850
450.000000 100.000000 0.501697
460.000000 100.000000 0.725483
470.000000 100.000000 0.862528
480.000000 100.000000 0.944786
490.000000 100.000000 0.977594
500.000000 100.000000 0.977594
0.000000 110.000000 0.921061
10.000000 110.000000 0.921061
20.000000 110.000000 0.850099
30.000000 110.000000 0.694215
40.000000 110.000000 0.447538
50.000000 110.000000 0.239350
60.000000 110.000000 0.151415
70.000000 110.000000 0.103965
80.000000 110.000000 0.091406
90.000000 110.000000 0.090599
100.000000 110.000000 0.106232
110.000000 110.000000 0.091708
120.000000 110.000000 0.096198
130.000000 110.000000 0.102586
140.000000 110.000000 0.118489
150.000000 110.000000 0.100608
160.000000 110.000000 0.077630
170.000000 110.000000 0.070972
180.000000 110.000000 0.069272
190.000000 110.000000 0.072966
200.000000 110.000000 0.084702
210.000000 110.000000 0.103427
220.000000 110.000000 0.122837
230.000000 110.000000 0.161398
240.000000 110.000000 0.156567
250.000000 110.000000 0.113862
260.000000 110.000000 0.098696
270.000000 110.000000 0.096285
280.000000 110.000000 0.101035
290.000000 110.000000 0.100773
300.000000 110.000000 0.111862
310.000000 110.000000 0.127017
320.000000 110.000000 0.135687
330.000000 110.000000 0.135568
340.000000 110.000000 0.134368
350.000000 110.000000 0.133602
360.000000 110.000000 0.126512
370.000000 110.000000 0.115304
380.000000 110.000000 0.108972
390.000000 110.000000 0.113194
400.000000 110.000000 0.108786
410.000000 110.000000 0.120235
420.000000 110.000000 0.133627
430.000000 110.000000 0.149899
440.000000 110.000000 0.208604
450.000000 110.000000 0.306154
460.000000 110.000000 0.527111
470.000000 110.000000 0.738165
480.000000 110.000000 0.897494
490.000000 110.000000 0.960794
500.000000 110.000000 0.960794
0.000000 120.000000 0.870117
10.000000 120.000000 0.870117
20.000000 120.000000 0.763643
30.000000 120.000000 0.553061
40.000000 120.000000 0.307874
50.000000 120.000000 0.161864
60.000000 120.000000 0.109072
70.000000 120.000000 0.087787
80.000000 120.000000 0.080688
90.000000 120.000000 0.082118
100.000000 120.000000 0.091582
110.000000 120.000000 0.082984
120.000000 120.000000 0.079928
130.000000 120.000000 0.085384
140.000000 120.000000 0.108850
150.000000 120.000000 0.108473
160.000000 120.000000 0.081160
170.000000 120.000000 0.070401
180.000000 120.000000 0.068610
190.000000 120.000000 0.074595
200.000000 120.000000 0.086743
210.000000 120.000000 0.106035
220.000000 120.000000 0.123547
230.000000 120.000000 0.173426
240.000000 120.000000 0.189727
250.000000 120.000000 0.127478
260.000000 120.000000 0.097839
270.000000 120.000000 0.086972
280.000000 120.000000 0.084945
290.000000 120.000000 0.089029
300.000000 120.000000 0.096399
310.000000 120.000000 0.110265
320.000000 120.000000 0.119869
330.000000 120.000000 0.119903
340.000000 120.000000 0.127314
350.000000 120.000000 0.131568
360.000000 120.000000 0.124673
370.000000 120.000000 0.111313
380.000000 120.000000 0.101355
390.000000 120.000000 0.096844
400.000000 120.000000 0.092603
410.000000 120.000000 0.097839
420.000000 120.000000 0.106513
430.000000 120.000000 0.120260
440.000000 120.000000 0.152258
450.000000 120.000000 0.217636
460.000000 120.000000 0.393588
470.000000 120.000000 0.624558
480.000000 120.000000 0.855024
490.000000 120.000000 0.945819
500.000000 120.000000 0.945819
0.000000 130.000000 0.796215
10.000000 130.000000 0.796215
20.000000 130.000000 0.637696
30.000000 130.000000 0.393712
40.000000 130.000000 0.219626
50.000000 130.000000 0.125380
60.000000 130.000000 0.099415
70.000000 130.000000 0.082622
80.000000 130.000000 0.077963
90.000000 130.000000 0.081119
100.000000 130.000000 0.082881
110.000000 130.000000 0.077151
120.000000 130.000000 0.075524
130.000000 130.000000 0.085589
140.000000 130.000000 0.104443
150.000000 130.000000 0.110887
160.000000 130.000000 0.096666
170.000000 130.000000 0.079847
180.000000 130.000000 0.069642
190.000000 130.000000 0.085047
200.000000 130.000000 0.101876
210.000000 130.000000 0.122391
220.000000 130.000000 0.126513
230.000000 130.000000 0.142881
240.000000 130.000000 0.140641
250.000000 130.000000 0.105776
260.000000 130.000000 0.087629
270.000000 130.000000 0.082764
280.000000 130.000000 0.079285
290.000000 130.000000 0.083581
300.000000 130.000000 0.087512
310.000000 130.000000 0.098543
320.000000 130.000000 0.116640
330.000000 130.000000 0.110511
340.000000 130.000000 0.118637
350.000000 130.000000 0.120296
360.000000 130.000000 0.115776
370.000000 130.000000 0.106658
380.000000 130.000000 0.091404
390.000000 130.000000 0.086822
400.000000 130.000000 0.081815
410.000000 130.000000 0.083326
420.000000 130.000000 0.091577
430.000000 130.000000 0.103950
440.000000 130.000000 0.128640
450.000000 130.000000 0.176568
460.000000 130.000000 0.284930
470.000000 130.000000 0.499104
480.000000 130.000000 0.824688
490.000000 130.000000 0.937040
500.000000 130.000000 0.937040
0.000000 140.000000 0.699995
10.000000 140.000000 0.699995
20.000000 140.000000 0.513212
30.000000 140.000000 0.271261
40.000000 140.000000 0.151641
50.000000 140.000000 0.101798
60.000000 140.000000 0.084297
70.000000 140.000000 0.078633
80.000000 140.000000 0.074534
90.000000 140.000000 0.077355
100.000000 140.000000 0.074337
110.000000 140.000000 0.072270
120.000000 140.000000 0.075832
130.000000 140.000000 0.088755
140.000000 140.000000 0.087416
150.000000 140.000000 0.080021
160.000000 140.000000 0.081401
170.000000 140.000000 0.072657
180.000000 140.000000 0.069082
190.000000 140.000000 0.082636
200.000000 140.000000 0.106643
210.000000 140.000000 0.115777
220.000000 140.000000 0.111472
230.000000 140.000000 0.113774
240.000000 140.000000 0.102548
250.000000 140.000000 0.087693
260.000000 140.000000 0.086115
270.000000 140.000000 0.083258
280.000000 140.000000 0.079942
290.000000 140.000000 0.090617
300.000000 140.000000 0.088123
310.000000 140.000000 0.090131
320.000000 140.000000 0.106306
330.000000 140.000000 0.101824
340.000000 140.000000 0.106822
350.000000 140.000000 0.112621
360.000000 140.000000 0.107414
370.000000 140.000000 0.094686
380.000000 140.000000 0.084361
390.000000 140.000000 0.080963
400.000000 140.000000 0.077576
410.000000 140.000000 0.077595
420.000000 140.000000 0.084451
430.000000 140.000000 0.097492
440.000000 140.000000 0.119204
450.000000 140.000000 0.160307
460.000000 140.000000 0.252861
470.000000 140.000000 0.453085
480.000000 140.000000 0.804213
490.000000 140.000000 0.926315
500.000000 140.000000 0.926315
0.000000 150.000000 0.579906
10.000000 150.000000 0.579906
20.000000 150.000000 0.400005
30.000000 150.000000 0.204973
40.000000 150.000000 0.123655
50.000000 150.000000 0.090755
60.000000 150.000000 0.082082
70.000000 150.000000 0.087555
80.000000 150.000000 0.078325
90.000000 150.000000 0.070662
100.000000 150.000000 0.068803
110.000000 150.000000 0.075880
120.000000 150.000000 0.076111
130.000000 150.000000 0.075332
140.000000 150.000000 0.070736
150.000000 150.000000 0.066845
160.000000 150.000000 0.064604
170.000000 150.000000 0.063671
180.000000 150.000000 0.068342
190.000000 150.000000 0.080467
200.000000 150.000000 0.087515
210.000000 150.000000 0.089239
220.000000 150.000000 0.091078
230.000000 150.000000 0.095428
240.000000 150.000000 0.085613
250.000000 150.000000 0.082340
260.000000 150.000000 0.095542
270.000000 150.000000 0.095607
280.000000 150.000000 0.079317
290.000000 150.000000 0.079947
300.000000 150.000000 0.080933
310.000000 150.000000 0.086135
320.000000 150.000000 0.091657
330.000000 150.000000 0.095436
340.000000 150.000000 0.106681
350.000000 150.000000 0.124725
360.000000 150.000000 0.116516
370.000000 150.000000 0.090001
380.000000 150.000000 0.085001
390.000000 150.000000 0.087225
400.000000 150.000000 0.075417
410.000000 150.000000 0.076013
420.000000 150.000000 0.084139
430.000000 150.000000 0.094673
440.000000 150.000000 0.115052
450.000000 150.000000 0.154311
460.000000 150.000000 0.236842
470.000000 150.000000 0.421390
480.000000 150.000000 0.760675
490.000000 150.000000 0.900782
500.000000 150.000000 0.900782
0.000000 160.000000 0.445857
10.000000 160.000000 0.445857
20.000000 160.000000 0.281401
30.000000 160.000000 0.164785
40.000000 160.000000 0.105972
50.000000 160.000000 0.085173
60.000000 160.000000 0.085208
70.000000 160.000000 0.099878
80.000000 160.000000 0.087200
90.000000 160.000000 0.071685
100.000000 160.000000 0.071560
110.000000 160.000000 0.085711
120.000000 160.000000 0.086129
130.000000 160.000000 0.078704
140.000000 160.000000 0.070292
150.000000 160.000000 0.064998
160.000000 160.000000 0.062005
170.000000 160.000000 0.062697
180.000000 160.000000 0.069092
190.000000 160.000000 0.070645
200.000000 160.000000 0.070577
210.000000 160.000000 0.074615
220.000000 160.000000 0.081169
230.000000 160.000000 0.077912
240.000000 160.000000 0.076297
250.000000 160.000000 0.076947
260.000000 160.000000 0.097170
270.000000 160.000000 0.094174
280.000000 160.000000 0.076992
290.000000 160.000000 0.072879
300.000000 160.000000 0.082024
310.000000 160.000000 0.092886
320.000000 160.000000 0.093387
330.000000 160.000000 0.094261
340.000000 160.000000 0.101383
350.000000 160.000000 0.111089
360.000000 160.000000 0.103430
370.000000 160.000000 0.084016
380.000000 160.000000 0.081485
390.000000 160.000000 0.088181
400.000000 160.000000 0.077541
410.000000 160.000000 0.079099
420.000000 160.000000 0.093391
430.000000 160.000000 0.101847
440.000000 160.000000 0.120889
450.000000 160.000000 0.155507
460.000000 160.000000 0.224685
470.000000 160.000000 0.372829
480.000000 160.000000 0.681238
490.000000 160.000000 0.821231
500.000000 160.000000 0.821231
0.000000 170.000000 0.322505
10.000000 170.000000 0.322505
20.000000 170.000000 0.195393
30.000000 170.000000 0.129340
40.000000 170.000000 0.096097
50.000000 170.000000 0.081849
60.000000 170.000000 0.078533
70.000000 170.000000 0.088039
80.000000 170.000000 0.072749
90.000000 170.000000 0.064453
100.000000 170.000000 0.066926
110.000000 170.000000 0.083072
120.000000 170.000000 0.087725
130.000000 170.000000 0.085239
140.000000 170.000000 0.074419
150.000000 170.000000 0.064489
160.000000 170.000000 0.069052
170.000000 170.000000 0.064073
180.000000 170.000000 0.062778
190.000000 170.000000 0.062262
200.000000 170.000000 0.067963
210.000000 170.000000 0.081564
220.000000 170.000000 0.085641
230.000000 170.000000 0.084520
240.000000 170.000000 0.078590
250.000000 170.000000 0.072845
260.000000 170.000000 0.073687
270.000000 170.000000 0.072939
280.000000 170.000000 0.069688
290.000000 170.000000 0.071470
300.000000 170.000000 0.080348
310.000000 170.000000 0.092964
320.000000 170.000000 0.093870
330.000000 170.000000 0.093511
340.000000 170.000000 0.092247
350.000000 170.000000 0.091690
360.000000 170.000000 0.084032
370.000000 170.000000 0.079631
380.000000 170.000000 0.087496
390.000000 170.000000 0.097449
400.000000 170.000000 0.083673
410.000000 170.000000 0.082606
420.000000 170.000000 0.097749
430.000000 170.000000 0.106461
440.000000 170.000000 0.128396
450.000000 170.000000 0.161859
460.000000 170.000000 0.207414
470.000000 170.000000 0.298447
480.000000 170.000000 0.448025
490.000000 170.000000 0.574752
500.000000 170.000000 0.574752
0.000000 180.000000 0.242512
10.000000 180.000000 0.242512
20.000000 180.000000 0.157472
30.000000 180.000000 0.114749
40.000000 180.000000 0.092523
50.000000 180.000000 0.079218
60.000000 180.000000 0.074714
70.000000 180.000000 0.073486
80.000000 180.000000 0.067497
90.000000 180.000000 0.064129
100.000000 180.000000 0.065712
110.000000 180.000000 0.068792
120.000000 180.000000 0.073016
130.000000 180.000000 0.073979
140.000000 180.000000 0.066685
150.000000 180.000000 0.070376
160.000000 180.000000 0.080005
170.000000 180.000000 0.068163
180.000000 180.000000 0.061232
190.000000 180.000000 0.061051
200.000000 180.000000 0.072838
210.000000 180.000000 0.095009
220.000000 180.000000 0.102353
230.000000 180.000000 0.098748
240.000000 180.000000 0.083316
250.000000 180.000000 0.071581
260.000000 180.000000 0.070923
270.000000 180.000000 0.067786
280.000000 180.000000 0.071023
290.000000 180.000000 0.072839
300.000000 180.000000 0.079741
310.000000 180.000000 0.089666
320.000000 180.000000 0.095228
330.000000 180.000000 0.098103
340.000000 180.000000 0.093039
350.000000 180.000000 0.084115
360.000000 180.000000 0.079087
370.000000 180.000000 0.083347
380.000000 180.000000 0.084817
390.000000 180.000000 0.091233
400.000000 180.000000 0.085256
410.000000 180.000000 0.084960
420.000000 180.000000 0.095759
430.000000 180.000000 0.116624
440.000000 180.000000 0.135536
450.000000 180.000000 0.173718
460.000000 180.000000 0.202672
470.000000 180.000000 0.258392
480.000000 180.000000 0.347174
490.000000 180.000000 0.437359
500.000000 180.000000 0.437359
0.000000 190.000000 0.164221
10.000000 190.000000 0.164221
20.000000 190.000000 0.124698
30.000000 190.000000 0.099558
40.000000 190.000000 0.084085
50.000000 190.000000 0.077067
60.000000 190.000000 0.075923
70.000000 190.000000 0.072318
80.000000 190.000000 0.070708
90.000000 190.000000 0.070018
100.000000 190.000000 0.065066
110.000000 190.000000 0.067784
120.000000 190.000000 0.071516
130.000000 190.000000 0.068600
140.000000 190.000000 0.074090
150.000000 190.000000 0.092586
160.000000 190.000000 0.084888
170.000000 190.000000 0.067122
180.000000 190.000000 0.063215
190.000000 190.000000 0.065740
200.000000 190.000000 0.077252
210.000000 190.000000 0.101778
220.000000 190.000000 0.106474
230.000000 190.000000 0.082546
240.000000 190.000000 0.070744
250.000000 190.000000 0.069365
260.000000 190.000000 0.070257
270.000000 190.000000 0.068835
280.000000 190.000000 0.070019
290.000000 190.000000 0.077162
300.000000 190.000000 0.083815
310.000000 190.000000 0.106364
320.000000 190.000000 0.115454
330.000000 190.000000 0.113246
340.000000 190.000000 0.101027
350.000000 190.000000 0.092365
360.000000 190.000000 0.098030
370.000000 190.000000 0.104113
380.000000 190.000000 0.096723
390.000000 190.000000 0.092935
400.000000 190.000000 0.092028
410.000000 190.000000 0.094992
420.000000 190.000000 0.112589
430.000000 190.000000 0.145349
440.000000 190.000000 0.144104
450.000000 190.000000 0.148327
460.000000 190.000000 0.176967
470.000000 190.000000 0.224864
480.000000 190.000000 0.290221
490.000000 190.000000 0.377341
500.000000 190.000000 0.377341
0.000000 200.000000 0.128605
10.000000 200.000000 0.128605
20.000000 200.000000 0.107014
30.000000 200.000000 0.091521
40.000000 200.000000 0.083099
50.000000 200.000000 0.087331
60.000000 200.000000 0.092779
70.000000 200.000000 0.081233
80.000000 200.000000 0.080338
90.000000 200.000000 0.086255
100.000000 200.000000 0.075420
110.000000 200.000000 0.074839
120.000000 200.000000 0.077679
130.000000 200.000000 0.076444
140.000000 200.000000 0.089221
150.000000 200.000000 0.095942
160.000000 200.000000 0.078253
170.000000 200.000000 0.067817
180.000000 200.000000 0.066789
190.000000 200.000000 0.074454
200.000000 200.000000 0.100298
210.000000 200.000000 0.116433
220.000000 200.000000 0.100535
230.000000 200.000000 0.077330
240.000000 200.000000 0.068758
250.000000 200.000000 0.070410
260.000000 200.000000 0.067295
270.000000 200.000000 0.067400
280.000000 200.000000 0.069958
290.000000 200.000000 0.074794
300.000000 200.000000 0.088962
310.000000 200.000000 0.119054
320.000000 200.000000 0.140036
330.000000 200.000000 0.129344
340.000000 200.000000 0.117406
350.000000 200.000000 0.112742
360.000000 200.000000 0.129972
370.000000 200.000000 0.123139
380.000000 200.000000 0.116432
390.000000 200.000000 0.109408
400.000000 200.000000 0.115016
410.000000 200.000000 0.123980
420.000000 200.000000 0.148192
430.000000 200.000000 0.177091
440.000000 200.000000 0.158660
450.000000 200.000000 0.145444
460.000000 200.000000 0.168127
470.000000 200.000000 0.193495
480.000000 200.000000 0.223897
490.000000 200.000000 0.275791
500.000000 200.000000 0.275791
0.000000 210.000000 0.110435
10.000000 210.000000 0.110435
20.000000 210.000000 0.097064
30.000000 210.000000 0.085687
40.000000 210.000000 0.081774
50.000000 210.000000 0.104207
60.000000 210.000000 0.123339
70.000000 210.000000 0.109728
80.000000 210.000000 0.102336
90.000000 210.000000 0.100471
100.000000 210.000000 0.094885
110.000000 210.000000 0.092974
120.000000 210.000000 0.075168
130.000000 210.000000 0.076650
140.000000 210.000000 0.085940
150.000000 210.000000 0.071183
160.000000 210.000000 0.065030
170.000000 210.000000 0.068313
180.000000 210.000000 0.072776
190.000000 210.000000 0.083783
200.000000 210.000000 0.114526
210.000000 210.000000 0.110439
220.000000 210.000000 0.091905
230.000000 210.000000 0.080097
240.000000 210.000000 0.069733
250.000000 210.000000 0.065880
260.000000 210.000000 0.066526
270.000000 210.000000 0.071587
280.000000 210.000000 0.071976
290.000000 210.000000 0.075775
300.000000 210.000000 0.085511
310.000000 210.000000 0.113765
320.000000 210.000000 0.136177
330.000000 210.000000 0.138340
340.000000 210.000000 0.135797
350.000000 210.000000 0.129466
360.000000 210.000000 0.141720
370.000000 210.000000 0.129161
380.000000 210.000000 0.122885
390.000000 210.000000 0.136147
400.000000 210.000000 0.155100
410.000000 210.000000 0.171725
420.000000 210.000000 0.187703
430.000000 210.000000 0.225785
440.000000 210.000000 0.202297
450.000000 210.000000 0.153828
460.000000 210.000000 0.165742
470.000000 210.000000 0.185804
480.000000 210.000000 0.192155
490.000000 210.000000 0.195858
500.000000 210.000000 0.195858
0.000000 220.000000 0.100180
10.000000 220.000000 0.100180
20.000000 220.000000 0.097769
30.000000 220.000000 0.085358
40.000000 220.000000 0.082211
50.000000 220.000000 0.106424
60.000000 220.000000 0.130760
70.000000 220.000000 0.122912
80.000000 220.000000 0.094529
90.000000 220.000000 0.078488
100.000000 220.000000 0.075030
110.000000 220.000000 0.079911
120.000000 220.000000 0.065692
130.000000 220.000000 0.063999
140.000000 220.000000 0.066600
150.000000 220.000000 0.061191
160.000000 220.000000 0.061931
170.000000 220.000000 0.071069
180.000000 220.000000 0.069970
190.000000 220.000000 0.073997
200.000000 220.000000 0.084409
210.000000 220.000000 0.081256
220.000000 220.000000 0.084517
230.000000 220.000000 0.090615
240.000000 220.000000 0.072149
250.000000 220.000000 0.066141
260.000000 220.000000 0.070501
270.000000 220.000000 0.081149
280.000000 220.000000 0.082388
290.000000 220.000000 0.087677
300.000000 220.000000 0.086574
310.000000 220.000000 0.093949
320.000000 220.000000 0.119730
330.000000 220.000000 0.127225
340.000000 220.000000 0.131384
350.000000 220.000000 0.126737
360.000000 220.000000 0.138442
370.000000 220.000000 0.136901
380.000000 220.000000 0.133850
390.000000 220.000000 0.160212
400.000000 220.000000 0.209818
410.000000 220.000000 0.259175
420.000000 220.000000 0.250933
430.000000 220.000000 0.257421
440.000000 220.000000 0.218569
450.000000 220.000000 0.157273
460.000000 220.000000 0.165544
470.000000 220.000000 0.183163
480.000000 220.000000 0.167797
490.000000 220.000000 0.162385
500.000000 220.000000 0.162385
0.000000 230.000000 0.093009
10.000000 230.000000 0.093009
20.000000 230.000000 0.093647
30.000000 230.000000 0.084157
40.000000 230.000000 0.082060
50.000000 230.000000 0.110986
60.000000 230.000000 0.120436
70.000000 230.000000 0.096994
80.000000 230.000000 0.078262
90.000000 230.000000 0.067816
100.000000 230.000000 0.067949
110.000000 230.000000 0.068392
120.000000 230.000000 0.064171
130.000000 230.000000 0.062675
140.000000 230.000000 0.061947
150.000000 230.000000 0.061144
160.000000 230.000000 0.065455
170.000000 230.000000 0.076986
180.000000 230.000000 0.078721
190.000000 230.000000 0.069529
200.000000 230.000000 0.071883
210.000000 230.000000 0.076501
220.000000 230.000000 0.087322
230.000000 230.000000 0.089633
240.000000 230.000000 0.072622
250.000000 230.000000 0.065994
260.000000 230.000000 0.070254
270.000000 230.000000 0.082544
280.000000 230.000000 0.091741
290.000000 230.000000 0.105289
300.000000 230.000000 0.089654
310.000000 230.000000 0.086126
320.000000 230.000000 0.103756
330.000000 230.000000 0.120104
340.000000 230.000000 0.123139
350.000000 230.000000 0.133118
360.000000 230.000000 0.133037
370.000000 230.000000 0.137051
380.000000 230.000000 0.134506
390.000000 230.000000 0.143657
400.000000 230.000000 0.186685
410.000000 230.000000 0.238877
420.000000 230.000000 0.197188
430.000000 230.000000 0.160785
440.000000 230.000000 0.140816
450.000000 230.000000 0.130932
460.000000 230.000000 0.155900
470.000000 230.000000 0.179383
480.000000 230.000000 0.160950
490.000000 230.000000 0.150498
500.000000 230.000000 0.150498
0.000000 240.000000 0.092962
10.000000 240.000000 0.092962
20.000000 240.000000 0.088131
30.000000 240.000000 0.082273
40.000000 240.000000 0.082238
50.000000 240.000000 0.107288
60.000000 240.000000 0.116597
70.000000 240.000000 0.092089
80.000000 240.000000 0.077225
90.000000 240.000000 0.070840
100.000000 240.000000 0.071147
110.000000 240.000000 0.072648
120.000000 240.000000 0.074788
130.000000 240.000000 0.070384
140.000000 240.000000 0.066182
150.000000 240.000000 0.064997
160.000000 240.000000 0.064222
170.000000 240.000000 0.070983
180.000000 240.000000 0.071613
190.000000 240.000000 0.063861
200.000000 240.000000 0.066515
210.000000 240.000000 0.072552
220.000000 240.000000 0.074222
230.000000 240.000000 0.072641
240.000000 240.000000 0.066659
250.000000 240.000000 0.065615
260.000000 240.000000 0.071694
270.000000 240.000000 0.079978
280.000000 240.000000 0.084956
290.000000 240.000000 0.084666
300.000000 240.000000 0.077130
310.000000 240.000000 0.079021
320.000000 240.000000 0.096726
330.000000 240.000000 0.117491
340.000000 240.000000 0.133537
350.000000 240.000000 0.152137
360.000000 240.000000 0.153484
370.000000 240.000000 0.140501
380.000000 240.000000 0.132348
390.000000 240.000000 0.119414
400.000000 240.000000 0.131364
410.000000 240.000000 0.141050
420.000000 240.000000 0.125119
430.000000 240.000000 0.111833
440.000000 240.000000 0.114704
450.000000 240.000000 0.123601
460.000000 240.000000 0.155675
470.000000 240.000000 0.194908
480.000000 240.000000 0.194916
490.000000 240.000000 0.168283
500.000000 240.000000 0.168283
0.000000 250.000000 0.093612
10.000000 250.000000 0.093612
20.000000 250.000000 0.087277
30.000000 250.000000 0.088989
40.000000 250.000000 0.088549
50.000000 250.000000 0.096492
60.000000 250.000000 0.106590
70.000000 250.000000 0.095895
80.000000 250.000000 0.081012
90.000000 250.000000 0.070456
100.000000 250.000000 0.076142
110.000000 250.000000 0.091831
120.000000 250.000000 0.094051
130.000000 250.000000 0.081492
140.000000 250.000000 0.073239
150.000000 250.000000 0.077378
160.000000 250.000000 0.072989
170.000000 250.000000 0.069551
180.000000 250.000000 0.066853
190.000000 250.000000 0.062214
200.000000 250.000000 0.065511
210.000000 250.000000 0.066607
220.000000 250.000000 0.067910
230.000000 250.000000 0.066197
240.000000 250.000000 0.065239
250.000000 250.000000 0.069184
260.000000 250.000000 0.076665
270.000000 250.000000 0.086456
280.000000 250.000000 0.095114
290.000000 250.000000 0.085025
300.000000 250.000000 0.075557
310.000000 250.000000 0.078838
320.000000 250.000000 0.092817
330.000000 250.000000 0.120384
340.000000 250.000000 0.138933
350.000000 250.000000 0.160630
360.000000 250.000000 0.166083
370.000000 250.000000 0.150734
380.000000 250.000000 0.145307
390.000000 250.000000 0.118324
400.000000 250.000000 0.114553
410.000000 250.000000 0.111336
420.000000 250.000000 0.109353
430.000000 250.000000 0.104025
440.000000 250.000000 0.109550
450.000000 250.000000 0.133869
460.000000 250.000000 0.177817
470.000000 250.000000 0.229618
480.000000 250.000000 0.269459
490.000000 250.000000 0.248989
500.000000 250.000000 0.248989
0.000000 260.000000 0.089871
10.000000 260.000000 0.089871
20.000000 260.000000 0.086175
30.000000 260.000000 0.087594
40.000000 260.000000 0.093842
50.000000 260.000000 0.094218
60.000000 260.000000 0.094387
70.000000 260.000000 0.091964
80.000000 260.000000 0.086183
90.000000 260.000000 0.077486
100.000000 260.000000 0.097122
110.000000 260.000000 0.144455
120.000000 260.000000 0.130290
130.000000 260.000000 0.093190
140.000000 260.000000 0.080315
150.000000 260.000000 0.092293
160.000000 260.000000 0.095582
170.000000 260.000000 0.095796
180.000000 260.000000 0.077894
190.000000 260.000000 0.064932
200.000000 260.000000 0.072790
210.000000 260.000000 0.080796
220.000000 260.000000 0.079132
230.000000 260.000000 0.073152
240.000000 260.000000 0.067489
250.000000 260.000000 0.069898
260.000000 260.000000 0.074745
270.000000 260.000000 0.086342
280.000000 260.000000 0.102507
290.000000 260.000000 0.093807
300.000000 260.000000 0.080156
310.000000 260.000000 0.079537
320.000000 260.000000 0.089789
330.000000 260.000000 0.114919
340.000000 260.000000 0.142864
350.000000 260.000000 0.150105
360.000000 260.000000 0.156309
370.000000 260.000000 0.145728
380.000000 260.000000 0.135106
390.000000 260.000000 0.113910
400.000000 260.000000 0.110944
410.000000 260.000000 0.115638
420.000000 260.000000 0.131731
430.000000 260.000000 0.117831
440.000000 260.000000 0.118798
450.000000 260.000000 0.139870
460.000000 260.000000 0.184902
470.000000 260.000000 0.258308
480.000000 260.000000 0.366853
490.000000 260.000000 0.392528
500.000000 260.000000 0.392528
0.000000 270.000000 0.099358
10.000000 270.000000 0.099358
20.000000 270.000000 0.097074
30.000000 270.000000 0.101763
40.000000 270.000000 0.114040
50.000000 270.000000 0.109559
60.000000 270.000000 0.106876
70.000000 270.000000 0.102627
80.000000 270.000000 0.095029
90.000000 270.000000 0.079046
100.000000 270.000000 0.090239
110.000000 270.000000 0.129297
120.000000 270.000000 0.117610
130.000000 270.000000 0.090707
140.000000 270.000000 0.076036
150.000000 270.000000 0.079754
160.000000 270.000000 0.079821
170.000000 270.000000 0.096371
180.000000 270.000000 0.094970
190.000000 270.000000 0.073926
200.000000 270.000000 0.091099
210.000000 270.000000 0.114621
220.000000 270.000000 0.116681
230.000000 270.000000 0.096007
240.000000 270.000000 0.071509
250.000000 270.000000 0.067661
260.000000 270.000000 0.071520
270.000000 270.000000 0.081425
280.000000 270.000000 0.093930
290.000000 270.000000 0.087600
300.000000 270.000000 0.087144
310.000000 270.000000 0.096991
320.000000 270.000000 0.097139
330.000000 270.000000 0.110122
340.000000 270.000000 0.125983
350.000000 270.000000 0.130414
360.000000 270.000000 0.129282
370.000000 270.000000 0.126493
380.000000 270.000000 0.120156
390.000000 270.000000 0.113809
400.000000 270.000000 0.117967
410.000000 270.000000 0.140358
420.000000 270.000000 0.158669
430.000000 270.000000 0.138981
440.000000 270.000000 0.141732
450.000000 270.000000 0.155365
460.000000 270.000000 0.179604
470.000000 270.000000 0.223249
480.000000 270.000000 0.289464
490.000000 270.000000 0.332533
500.000000 270.000000 0.332533
0.000000 280.000000 0.116663
10.000000 280.000000 0.116663
20.000000 280.000000 0.108322
30.000000 280.000000 0.101412
40.000000 280.000000 0.102086
50.000000 280.000000 0.102503
60.000000 280.000000 0.115034
70.000000 280.000000 0.099854
80.000000 280.000000 0.077621
90.000000 280.000000 0.068332
100.000000 280.000000 0.072500
110.000000 280.000000 0.085317
120.000000 280.000000 0.084497
130.000000 280.000000 0.078510
140.000000 280.000000 0.073347
150.000000 280.000000 0.068394
160.000000 280.000000 0.071284
170.000000 280.000000 0.094043
180.000000 280.000000 0.114007
190.000000 280.000000 0.083485
200.000000 280.000000 0.087191
210.000000 280.000000 0.121196
220.000000 280.000000 0.124217
230.000000 280.000000 0.106262
240.000000 280.000000 0.075008
250.000000 280.000000 0.069992
260.000000 280.000000 0.073164
270.000000 280.000000 0.076028
280.000000 280.000000 0.080846
290.000000 280.000000 0.082666
300.000000 280.000000 0.096323
310.000000 280.000000 0.113882
320.000000 280.000000 0.110212
330.000000 280.000000 0.106488
340.000000 280.000000 0.104171
350.000000 280.000000 0.108900
360.000000 280.000000 0.108390
370.000000 280.000000 0.108998
380.000000 280.000000 0.109766
390.000000 280.000000 0.116745
400.000000 280.000000 0.129228
410.000000 280.000000 0.146295
420.000000 280.000000 0.151294
430.000000 280.000000 0.148346
440.000000 280.000000 0.155959
450.000000 280.000000 0.152619
460.000000 280.000000 0.155451
470.000000 280.000000 0.175399
480.000000 280.000000 0.236652
490.000000 280.000000 0.269300
500.000000 280.000000 0.269300
0.000000 290.000000 0.156168
10.000000 290.000000 0.156168
20.000000 290.000000 0.137705
30.000000 290.000000 0.119941
40.000000 290.000000 0.099516
50.000000 290.000000 0.091544
60.000000 290.000000 0.097541
70.000000 290.000000 0.083586
80.000000 290.000000 0.071495
90.000000 290.000000 0.067509
100.000000 290.000000 0.070435
110.000000 290.000000 0.075628
120.000000 290.000000 0.077148
130.000000 290.000000 0.075414
140.000000 290.000000 0.075009
150.000000 290.000000 0.074552
160.000000 290.000000 0.071302
170.000000 290.000000 0.079803
180.000000 290.000000 0.100122
190.000000 290.000000 0.085686
200.000000 290.000000 0.080019
210.000000 290.000000 0.105252
220.000000 290.000000 0.109959
230.000000 290.000000 0.109037
240.000000 290.000000 0.079366
250.000000 290.000000 0.072314
260.000000 290.000000 0.078782
270.000000 290.000000 0.078995
280.000000 290.000000 0.076558
290.000000 290.000000 0.076798
300.000000 290.000000 0.078928
310.000000 290.000000 0.080942
320.000000 290.000000 0.084093
330.000000 290.000000 0.083927
340.000000 290.000000 0.088793
350.000000 290.000000 0.091718
360.000000 290.000000 0.095529
370.000000 290.000000 0.101551
380.000000 290.000000 0.111410
390.000000 290.000000 0.131465
400.000000 290.000000 0.162700
410.000000 290.000000 0.179617
420.000000 290.000000 0.170155
430.000000 290.000000 0.172310
440.000000 290.000000 0.166340
450.000000 290.000000 0.146830
460.000000 290.000000 0.139109
470.000000 290.000000 0.136647
480.000000 290.000000 0.173590
490.000000 290.000000 0.202354
500.000000 290.000000 0.202354
0.000000 300.000000 0.217500
10.000000 300.000000 0.217500
20.000000 300.000000 0.188348
30.000000 300.000000 0.156307
40.000000 300.000000 0.116324
50.000000 300.000000 0.093342
60.000000 300.000000 0.091431
70.000000 300.000000 0.083103
80.000000 300.000000 0.080577
90.000000 300.000000 0.073740
100.000000 300.000000 0.073346
110.000000 300.000000 0.081651
120.000000 300.000000 0.084904
130.000000 300.000000 0.081435
140.000000 300.000000 0.078349
150.000000 300.000000 0.086298
160.000000 300.000000 0.082261
170.000000 300.000000 0.075329
180.000000 300.000000 0.088529
190.000000 300.000000 0.081577
200.000000 300.000000 0.073567
210.000000 300.000000 0.073912
220.000000 300.000000 0.076111
230.000000 300.000000 0.081458
240.000000 300.000000 0.074075
250.000000 300.000000 0.081209
260.000000 300.000000 0.086949
270.000000 300.000000 0.089547
280.000000 300.000000 0.080719
290.000000 300.000000 0.076023
300.000000 300.000000 0.073565
310.000000 300.000000 0.074388
320.000000 300.000000 0.073927
330.000000 300.000000 0.079952
340.000000 300.000000 0.085134
350.000000 300.000000 0.093550
360.000000 300.000000 0.099381
370.000000 300.000000 0.108640
380.000000 300.000000 0.128219
390.000000 300.000000 0.161003
400.000000 300.000000 0.218269
410.000000 300.000000 0.280436
420.000000 300.000000 0.223391
430.000000 300.000000 0.191543
440.000000 300.000000 0.175698
450.000000 300.000000 0.140050
460.000000 300.000000 0.122962
470.000000 300.000000 0.119595
480.000000 300.000000 0.127903
490.000000 300.000000 0.165281
500.000000 300.000000 0.165281
0.000000 310.000000 0.320497
10.000000 310.000000 0.320497
20.000000 310.000000 0.250805
30.000000 310.000000 0.188347
40.000000 310.000000 0.136229
50.000000 310.000000 0.101937
60.000000 310.000000 0.092199
70.000000 310.000000 0.097434
80.000000 310.000000 0.106720
90.000000 310.000000 0.090594
100.000000 310.000000 0.078476
110.000000 310.000000 0.082604
120.000000 310.000000 0.087811
130.000000 310.000000 0.093579
140.000000 310.000000 0.094928
150.000000 310.000000 0.102728
160.000000 310.000000 0.085116
170.000000 310.000000 0.073450
180.000000 310.000000 0.071091
190.000000 310.000000 0.073803
200.000000 310.000000 0.081252
210.000000 310.000000 0.077259
220.000000 310.000000 0.065628
230.000000 310.000000 0.068568
240.000000 310.000000 0.069655
250.000000 310.000000 0.080728
260.000000 310.000000 0.091637
270.000000 310.000000 0.096982
280.000000 310.000000 0.094965
290.000000 310.000000 0.079735
300.000000 310.000000 0.079527
310.000000 310.000000 0.079287
320.000000 310.000000 0.075783
330.000000 310.000000 0.084721
340.000000 310.000000 0.100829
350.000000 310.000000 0.113705
360.000000 310.000000 0.131788
370.000000 310.000000 0.133263
380.000000 310.000000 0.149387
390.000000 310.000000 0.190430
400.000000 310.000000 0.222224
410.000000 310.000000 0.262714
420.000000 310.000000 0.206871
430.000000 310.000000 0.168580
440.000000 310.000000 0.151454
450.000000 310.000000 0.123094
460.000000 310.000000 0.110095
470.000000 310.000000 0.110607
480.000000 310.000000 0.127195
490.000000 310.000000 0.170707
500.000000 310.000000 0.170707
0.000000 320.000000 0.448448
10.000000 320.000000 0.448448
20.000000 320.000000 0.300661
30.000000 320.000000 0.203465
40.000000 320.000000 0.142884
50.000000 320.000000 0.108561
60.000000 320.000000 0.096916
70.000000 320.000000 0.110493
80.000000 320.000000 0.123520
90.000000 320.000000 0.095721
100.000000 320.000000 0.074542
110.000000 320.000000 0.081355
120.000000 320.000000 0.079030
130.000000 320.000000 0.079112
140.000000 320.000000 0.096004
150.000000 320.000000 0.092058
160.000000 320.000000 0.076558
170.000000 320.000000 0.070222
180.000000 320.000000 0.072013
190.000000 320.000000 0.073527
200.000000 320.000000 0.085366
210.000000 320.000000 0.075799
220.000000 320.000000 0.065369
230.000000 320.000000 0.067657
240.000000 320.000000 0.071509
250.000000 320.000000 0.082539
260.000000 320.000000 0.099675
270.000000 320.000000 0.134961
280.000000 320.000000 0.120685
290.000000 320.000000 0.087219
300.000000 320.000000 0.095739
310.000000 320.000000 0.108534
320.000000 320.000000 0.091217
330.000000 320.000000 0.097916
340.000000 320.000000 0.128120
350.000000 320.000000 0.145764
360.000000 320.000000 0.166543
370.000000 320.000000 0.169538
380.000000 320.000000 0.202687
390.000000 320.000000 0.264831
400.000000 320.000000 0.208687
410.000000 320.000000 0.169671
420.000000 320.000000 0.144846
430.000000 320.000000 0.133799
440.000000 320.000000 0.124898
450.000000 320.000000 0.110103
460.000000 320.000000 0.106496
470.000000 320.000000 0.119493
480.000000 320.000000 0.152322
490.000000 320.000000 0.216311
500.000000 320.000000 0.216311
0.000000 330.000000 0.552190
10.000000 330.000000 0.552190
20.000000 330.000000 0.363925
30.000000 330.000000 0.220157
40.000000 330.000000 0.148014
50.000000 330.000000 0.109781
60.000000 330.000000 0.099025
70.000000 330.000000 0.102071
80.000000 330.000000 0.091203
90.000000 330.000000 0.075047
100.000000 330.000000 0.068814
110.000000 330.000000 0.074694
120.000000 330.000000 0.068001
130.000000 330.000000 0.065327
140.000000 330.000000 0.071256
150.000000 330.000000 0.073410
160.000000 330.000000 0.078210
170.000000 330.000000 0.075738
180.000000 330.000000 0.074693
190.000000 330.000000 0.079461
200.000000 330.000000 0.080850
210.000000 330.000000 0.079189
220.000000 330.000000 0.071337
230.000000 330.000000 0.072458
240.000000 330.000000 0.075865
250.000000 330.000000 0.080014
260.000000 330.000000 0.105326
270.000000 330.000000 0.158991
280.000000 330.000000 0.143430
290.000000 330.000000 0.093661
300.000000 330.000000 0.095035
310.000000 330.000000 0.120506
320.000000 330.000000 0.118002
330.000000 330.000000 0.114129
340.000000 330.000000 0.139777
350.000000 330.000000 0.167917
360.000000 330.000000 0.186077
370.000000 330.000000 0.192209
380.000000 330.000000 0.230383
390.000000 330.000000 0.298982
400.000000 330.000000 0.212754
410.000000 330.000000 0.148947
420.000000 330.000000 0.126586
430.000000 330.000000 0.113944
440.000000 330.000000 0.109565
450.000000 330.000000 0.103670
460.000000 330.000000 0.109058
470.000000 330.000000 0.134167
480.000000 330.000000 0.193956
490.000000 330.000000 0.291573
500.000000 330.000000 0.291573
0.000000 340.000000 0.647817
10.000000 340.000000 0.647817
20.000000 340.000000 0.426729
30.000000 340.000000 0.241890
40.000000 340.000000 0.156638
50.000000 340.000000 0.114392
60.000000 340.000000 0.104155
70.000000 340.000000 0.097649
80.000000 340.000000 0.080175
90.000000 340.000000 0.071874
100.000000 340.000000 0.070166
110.000000 340.000000 0.075513
120.000000 340.000000 0.067042
130.000000 340.000000 0.064039
140.000000 340.000000 0.065571
150.000000 340.000000 0.073845
160.000000 340.000000 0.093427
170.000000 340.000000 0.089344
180.000000 340.000000 0.079170
190.000000 340.000000 0.090451
200.000000 340.000000 0.099400
210.000000 340.000000 0.078102
220.000000 340.000000 0.074473
230.000000 340.000000 0.090093
240.000000 340.000000 0.084932
250.000000 340.000000 0.083731
260.000000 340.000000 0.085609
270.000000 340.000000 0.105247
280.000000 340.000000 0.117192
290.000000 340.000000 0.097014
300.000000 340.000000 0.095065
310.000000 340.000000 0.121347
320.000000 340.000000 0.139414
330.000000 340.000000 0.132358
340.000000 340.000000 0.154518
350.000000 340.000000 0.189149
360.000000 340.000000 0.230641
370.000000 340.000000 0.209200
380.000000 340.000000 0.195671
390.000000 340.000000 0.197047
400.000000 340.000000 0.173105
410.000000 340.000000 0.161450
420.000000 340.000000 0.142555
430.000000 340.000000 0.114477
440.000000 340.000000 0.107895
450.000000 340.000000 0.109809
460.000000 340.000000 0.125199
470.000000 340.000000 0.165201
480.000000 340.000000 0.282683
490.000000 340.000000 0.404839
500.000000 340.000000 0.404839
0.000000 350.000000 0.731601
10.000000 350.000000 0.731601
20.000000 350.000000 0.507289
30.000000 350.000000 0.277382
40.000000 350.000000 0.170122
50.000000 350.000000 0.125216
60.000000 350.000000 0.107354
70.000000 350.000000 0.099416
80.000000 350.000000 0.083541
90.000000 350.000000 0.075924
100.000000 350.000000 0.070417
110.000000 350.000000 0.069901
120.000000 350.000000 0.068121
130.000000 350.000000 0.065954
140.000000 350.000000 0.065896
150.000000 350.000000 0.069878
160.000000 350.000000 0.079103
170.000000 350.000000 0.081181
180.000000 350.000000 0.075412
190.000000 350.000000 0.088364
200.000000 350.000000 0.097467
210.000000 350.000000 0.074718
220.000000 350.000000 0.072091
230.000000 350.000000 0.094547
240.000000 350.000000 0.098265
250.000000 350.000000 0.094635
260.000000 350.000000 0.091504
270.000000 350.000000 0.095262
280.000000 350.000000 0.108455
290.000000 350.000000 0.102268
300.000000 350.000000 0.111730
310.000000 350.000000 0.125286
320.000000 350.000000 0.129109
330.000000 350.000000 0.133212
340.000000 350.000000 0.163306
350.000000 350.000000 0.192220
360.000000 350.000000 0.223750
370.000000 350.000000 0.213863
380.000000 350.000000 0.179531
390.000000 350.000000 0.170496
400.000000 350.000000 0.180860
410.000000 350.000000 0.239963
420.000000 350.000000 0.225550
430.000000 350.000000 0.136259
440.000000 350.000000 0.110129
450.000000 350.000000 0.116082
460.000000 350.000000 0.151874
470.000000 350.000000 0.213996
480.000000 350.000000 0.383717
490.000000 350.000000 0.543158
500.000000 350.000000 0.543158
0.000000 360.000000 0.794695
10.000000 360.000000 0.794695
20.000000 360.000000 0.594485
30.000000 360.000000 0.336736
40.000000 360.000000 0.198135
50.000000 360.000000 0.136141
60.000000 360.000000 0.104545
70.000000 360.000000 0.092213
80.000000 360.000000 0.090303
90.000000 360.000000 0.083439
100.000000 360.000000 0.074682
110.000000 360.000000 0.072880
120.000000 360.000000 0.078981
130.000000 360.000000 0.084461
140.000000 360.000000 0.076991
150.000000 360.000000 0.070231
160.000000 360.000000 0.066494
170.000000 360.000000 0.069247
180.000000 360.000000 0.070002
190.000000 360.000000 0.080073
200.000000 360.000000 0.079447
210.000000 360.000000 0.072909
220.000000 360.000000 0.072319
230.000000 360.000000 0.085617
240.000000 360.000000 0.106010
250.000000 360.000000 0.108340
260.000000 360.000000 0.116464
270.000000 360.000000 0.121965
280.000000 360.000000 0.114566
290.000000 360.000000 0.100894
300.000000 360.000000 0.108450
310.000000 360.000000 0.104429
320.000000 360.000000 0.106554
330.000000 360.000000 0.117135
340.000000 360.000000 0.142286
350.000000 360.000000 0.165213
360.000000 360.000000 0.193224
370.000000 360.000000 0.199475
380.000000 360.000000 0.166982
390.000000 360.000000 0.159258
400.000000 360.000000 0.179193
410.000000 360.000000 0.243817
420.000000 360.000000 0.244964
430.000000 360.000000 0.146786
440.000000 360.000000 0.118270
450.000000 360.000000 0.129544
460.000000 360.000000 0.187102
470.000000 360.000000 0.290035
480.000000 360.000000 0.511617
490.000000 360.000000 0.674402
500.000000 360.000000 0.674402
0.000000 370.000000 0.851926
10.000000 370.000000 0.851926
20.000000 370.000000 0.695683
30.000000 370.000000 0.439092
40.000000 370.000000 0.252229
50.000000 370.000000 0.147504
60.000000 370.000000 0.110742
70.000000 370.000000 0.098985
80.000000 370.000000 0.105601
90.000000 370.000000 0.089276
100.000000 370.000000 0.077943
110.000000 370.000000 0.082353
120.000000 370.000000 0.088371
130.000000 370.000000 0.098216
140.000000 370.000000 0.097734
150.000000 370.000000 0.085510
160.000000 370.000000 0.068258
170.000000 370.000000 0.067518
180.000000 370.000000 0.072044
190.000000 370.000000 0.091432
200.000000 370.000000 0.101043
210.000000 370.000000 0.078102
220.000000 370.000000 0.076230
230.000000 370.000000 0.094522
240.000000 370.000000 0.096469
250.000000 370.000000 0.087925
260.000000 370.000000 0.109027
270.000000 370.000000 0.116952
280.000000 370.000000 0.095166
290.000000 370.000000 0.090762
300.000000 370.000000 0.099978
310.000000 370.000000 0.095158
320.000000 370.000000 0.094343
330.000000 370.000000 0.108427
340.000000 370.000000 0.120077
350.000000 370.000000 0.140431
360.000000 370.000000 0.147964
370.000000 370.000000 0.152655
380.000000 370.000000 0.132458
390.000000 370.000000 0.140208
400.000000 370.000000 0.144258
410.000000 370.000000 0.165030
420.000000 370.000000 0.170473
430.000000 370.000000 0.129581
440.000000 370.000000 0.132514
450.000000 370.000000 0.157435
460.000000 370.000000 0.232663
470.000000 370.000000 0.402707
480.000000 370.000000 0.634486
490.000000 370.000000 0.786811
500.000000 370.000000 0.786811
0.000000 380.000000 0.903035
10.000000 380.000000 0.903035
20.000000 380.000000 0.800897
30.000000 380.000000 0.590173
40.000000 380.000000 0.364199
50.000000 380.000000 0.196265
60.000000 380.000000 0.137801
70.000000 380.000000 0.119784
80.000000 380.000000 0.122334
90.000000 380.000000 0.096218
100.000000 380.000000 0.081011
110.000000 380.000000 0.089661
120.000000 380.000000 0.101190
130.000000 380.000000 0.107556
140.000000 380.000000 0.097116
150.000000 380.000000 0.080369
160.000000 380.000000 0.071269
170.000000 380.000000 0.067252
180.000000 380.000000 0.072078
190.000000 380.000000 0.095083
200.000000 380.000000 0.113455
210.000000 380.000000 0.085174
220.000000 380.000000 0.080541
230.000000 380.000000 0.100800
240.000000 380.000000 0.094891
250.000000 380.000000 0.078206
260.000000 380.000000 0.092227
270.000000 380.000000 0.100959
280.000000 380.000000 0.084826
290.000000 380.000000 0.088958
300.000000 380.000000 0.103069
310.000000 380.000000 0.102353
320.000000 380.000000 0.100907
330.000000 380.000000 0.109665
340.000000 380.000000 0.119298
350.000000 380.000000 0.119282
360.000000 380.000000 0.114337
370.000000 380.000000 0.111424
380.000000 380.000000 0.104467
390.000000 380.000000 0.107434
400.000000 380.000000 0.118445
410.000000 380.000000 0.127237
420.000000 380.000000 0.122022
430.000000 380.000000 0.121505
440.000000 380.000000 0.154761
450.000000 380.000000 0.206079
460.000000 380.000000 0.344990
470.000000 380.000000 0.597319
480.000000 380.000000 0.784272
490.000000 380.000000 0.876860
500.000000 380.000000 0.876860
0.000000 390.000000 0.944128
10.000000 390.000000 0.944128
20.000000 390.000000 0.884504
30.000000 390.000000 0.743926
40.000000 390.000000 0.476820
50.000000 390.000000 0.280489
60.000000 390.000000 0.186612
70.000000 390.000000 0.148239
80.000000 390.000000 0.128003
90.000000 390.000000 0.107080
100.000000 390.000000 0.089735
110.000000 390.000000 0.105552
120.000000 390.000000 0.107217
130.000000 390.000000 0.092207
140.000000 390.000000 0.085141
150.000000 390.000000 0.078414
160.000000 390.000000 0.079519
170.000000 390.000000 0.072192
180.000000 390.000000 0.071501
190.000000 390.000000 0.080257
200.000000 390.000000 0.101947
210.000000 390.000000 0.095394
220.000000 390.000000 0.086296
230.000000 390.000000 0.096043
240.000000 390.000000 0.106089
250.000000 390.000000 0.083485
260.000000 390.000000 0.079645
270.000000 390.000000 0.082104
280.000000 390.000000 0.085246
290.000000 390.000000 0.097970
300.000000 390.000000 0.102653
310.000000 390.000000 0.103783
320.000000 390.000000 0.101086
330.000000 390.000000 0.107000
340.000000 390.000000 0.111304
350.000000 390.000000 0.100490
360.000000 390.000000 0.094545
370.000000 390.000000 0.089127
380.000000 390.000000 0.086671
390.000000 390.000000 0.092884
400.000000 390.000000 0.107607
410.000000 390.000000 0.124207
420.000000 390.000000 0.118653
430.000000 390.000000 0.133165
440.000000 390.000000 0.173049
450.000000 390.000000 0.291948
460.000000 390.000000 0.530500
470.000000 390.000000 0.744524
480.000000 390.000000 0.876274
490.000000 390.000000 0.934124
500.000000 390.000000 0.934124
0.000000 400.000000 0.971309
10.000000 400.000000 0.971309
20.000000 400.000000 0.938361
30.000000 400.000000 0.853935
40.000000 400.000000 0.669526
50.000000 400.000000 0.447045
60.000000 400.000000 0.269908
70.000000 400.000000 0.195897
80.000000 400.000000 0.154798
90.000000 400.000000 0.119861
100.000000 400.000000 0.098284
110.000000 400.000000 0.107737
120.000000 400.000000 0.103916
130.000000 400.000000 0.081134
140.000000 400.000000 0.072904
150.000000 400.000000 0.074109
160.000000 400.000000 0.074720
170.000000 400.000000 0.069314
180.000000 400.000000 0.070818
190.000000 400.000000 0.070155
200.000000 400.000000 0.079304
210.000000 400.000000 0.077756
220.000000 400.000000 0.075275
230.000000 400.000000 0.084764
240.000000 400.000000 0.091376
250.000000 400.000000 0.081077
260.000000 400.000000 0.092021
270.000000 400.000000 0.105061
280.000000 400.000000 0.114930
290.000000 400.000000 0.123388
300.000000 400.000000 0.120695
310.000000 400.000000 0.105042
320.000000 400.000000 0.099583
330.000000 400.000000 0.098668
340.000000 400.000000 0.091389
350.000000 400.000000 0.084818
360.000000 400.000000 0.080446
370.000000 400.000000 0.076847
380.000000 400.000000 0.077054
390.000000 400.000000 0.083297
400.000000 400.000000 0.102675
410.000000 400.000000 0.121914
420.000000 400.000000 0.117751
430.000000 400.000000 0.155934
440.000000 400.000000 0.229122
450.000000 400.000000 0.410390
460.000000 400.000000 0.672170
470.000000 400.000000 0.844317
480.000000 400.000000 0.933283
490.000000 400.000000 0.967580
500.000000 400.000000 0.967580
0.000000 410.000000 0.986761
10.000000 410.000000 0.986761
20.000000 410.000000 0.970065
30.000000 410.000000 0.924285
40.000000 410.000000 0.824081
50.000000 410.000000 0.644296
60.000000 410.000000 0.398362
70.000000 410.000000 0.272679
80.000000 410.000000 0.194989
90.000000 410.000000 0.137707
100.000000 410.000000 0.108517
110.000000 410.000000 0.115516
120.000000 410.000000 0.113733
130.000000 410.000000 0.084902
140.000000 410.000000 0.080010
150.000000 410.000000 0.077856
160.000000 410.000000 0.075661
170.000000 410.000000 0.071330
180.000000 410.000000 0.073932
190.000000 410.000000 0.071674
200.000000 410.000000 0.068208
210.000000 410.000000 0.067710
220.000000 410.000000 0.069618
230.000000 410.000000 0.083042
240.000000 410.000000 0.087463
250.000000 410.000000 0.082048
260.000000 410.000000 0.098706
270.000000 410.000000 0.111845
280.000000 410.000000 0.120889
290.000000 410.000000 0.125197
300.000000 410.000000 0.115768
310.000000 410.000000 0.103187
320.000000 410.000000 0.101645
330.000000 410.000000 0.109210
340.000000 410.000000 0.088585
350.000000 410.000000 0.077670
360.000000 410.000000 0.074265
370.000000 410.000000 0.073279
380.000000 410.000000 0.076836
390.000000 410.000000 0.083398
400.000000 410.000000 0.099349
410.000000 410.000000 0.122494
420.000000 410.000000 0.135439
430.000000 410.000000 0.203798
440.000000 410.000000 0.322134
450.000000 410.000000 0.544092
460.000000 410.000000 0.804172
470.000000 410.000000 0.918432
480.000000 410.000000 0.967988
490.000000 410.000000 0.985515
500.000000 410.000000 0.985515
0.000000 420.000000 0.994495
10.000000 420.000000 0.994495
20.000000 420.000000 0.986973
30.000000 420.000000 0.965043
40.000000 420.000000 0.912519
50.000000 420.000000 0.800423
60.000000 420.000000 0.578134
70.000000 420.000000 0.387647
80.000000 420.000000 0.258319
90.000000 420.000000 0.167310
100.000000 420.000000 0.122302
110.000000 420.000000 0.109243
120.000000 420.000000 0.103416
130.000000 420.000000 0.091424
140.000000 420.000000 0.096722
150.000000 420.000000 0.098710
160.000000 420.000000 0.088071
170.000000 420.000000 0.082474
180.000000 420.000000 0.078087
190.000000 420.000000 0.077417
200.000000 420.000000 0.072879
210.000000 420.000000 0.070848
220.000000 420.000000 0.073816
230.000000 420.000000 0.088663
240.000000 420.000000 0.111055
250.000000 420.000000 0.089836
260.000000 420.000000 0.084284
270.000000 420.000000 0.083843
280.000000 420.000000 0.089836
290.000000 420.000000 0.100830
300.000000 420.000000 0.104487
310.000000 420.000000 0.097688
320.000000 420.000000 0.098736
330.000000 420.000000 0.104476
340.000000 420.000000 0.084740
350.000000 420.000000 0.075161
360.000000 420.000000 0.072868
370.000000 420.000000 0.074234
380.000000 420.000000 0.081594
390.000000 420.000000 0.095955
400.000000 420.000000 0.114382
410.000000 420.000000 0.134475
420.000000 420.000000 0.187449
430.000000 420.000000 0.327896
440.000000 420.000000 0.519504
450.000000 420.000000 0.750416
460.000000 420.000000 0.898168
470.000000 420.000000 0.960596
480.000000 420.000000 0.985589
490.000000 420.000000 0.993904
500.000000 420.000000 0.993904
0.000000 430.000000 0.997895
10.000000 430.000000 0.997895
20.000000 430.000000 0.994809
30.000000 430.000000 0.985345
40.000000 430.000000 0.960865
50.000000 430.000000 0.902673
60.000000 430.000000 0.772197
70.000000 430.000000 0.592256
80.000000 430.000000 0.374559
90.000000 430.000000 0.235774
100.000000 430.000000 0.161480
110.000000 430.000000 0.125019
120.000000 430.000000 0.108299
130.000000 430.000000 0.107859
140.000000 430.000000 0.118410
150.000000 430.000000 0.124643
160.000000 430.000000 0.107297
170.000000 430.000000 0.099048
180.000000 430.000000 0.095679
190.000000 430.000000 0.084863
200.000000 430.000000 0.081386
210.000000 430.000000 0.073603
220.000000 430.000000 0.076433
230.000000 430.000000 0.083692
240.000000 430.000000 0.100134
250.000000 430.000000 0.086570
260.000000 430.000000 0.087923
270.000000 430.000000 0.082488
280.000000 430.000000 0.081487
290.000000 430.000000 0.092216
300.000000 430.000000 0.111829
310.000000 430.000000 0.097069
320.000000 430.000000 0.085881
330.000000 430.000000 0.083845
340.000000 430.000000 0.076758
350.000000 430.000000 0.074769
360.000000 430.000000 0.077375
370.000000 430.000000 0.080706
380.000000 430.000000 0.093454
390.000000 430.000000 0.120459
400.000000 430.000000 0.154919
410.000000 430.000000 0.202115
420.000000 430.000000 0.336992
430.000000 430.000000 0.510970
440.000000 430.000000 0.716964
450.000000 430.000000 0.872072
460.000000 430.000000 0.949018
470.000000 430.000000 0.981456
480.000000 430.000000 0.993666
490.000000 430.000000 0.997505
500.000000 430.000000 0.997505
0.000000 440.000000 0.999228
10.000000 440.000000 0.999228
20.000000 440.000000 0.997997
30.000000 440.000000 0.994023
40.000000 440.000000 0.983054
50.000000 440.000000 0.955476
60.000000 440.000000 0.893714
70.000000 440.000000 0.782234
80.000000 440.000000 0.583187
90.000000 440.000000 0.404088
100.000000 440.000000 0.259470
110.000000 440.000000 0.180992
120.000000 440.000000 0.143298
130.000000 440.000000 0.128539
140.000000 440.000000 0.156426
150.000000 440.000000 0.173967
160.000000 440.000000 0.130968
170.000000 440.000000 0.127953
180.000000 440.000000 0.124234
190.000000 440.000000 0.097323
200.000000 440.000000 0.086496
210.000000 440.000000 0.080293
220.000000 440.000000 0.080411
230.000000 440.000000 0.081952
240.000000 440.000000 0.084989
250.000000 440.000000 0.084931
260.000000 440.000000 0.086680
270.000000 440.000000 0.083299
280.000000 440.000000 0.085158
290.000000 440.000000 0.094595
300.000000 440.000000 0.117998
310.000000 440.000000 0.099976
320.000000 440.000000 0.084371
330.000000 440.000000 0.078558
340.000000 440.000000 0.079845
350.000000 440.000000 0.082949
360.000000 440.000000 0.087874
370.000000 440.000000 0.099304
380.000000 440.000000 0.121187
390.000000 440.000000 0.159683
400.000000 440.000000 0.223437
410.000000 440.000000 0.337416
420.000000 440.000000 0.546979
430.000000 440.000000 0.718219
440.000000 440.000000 0.855955
450.000000 440.000000 0.938008
460.000000 440.000000 0.976298
470.000000 440.000000 0.991791
480.000000 440.000000 0.997343
490.000000 440.000000 0.999015
500.000000 440.000000 0.999015
0.000000 450.000000 0.999718
10.000000 450.000000 0.999718
20.000000 450.000000 0.999225
30.000000 450.000000 0.997554
40.000000 450.000000 0.992702
50.000000 450.000000 0.980006
60.000000 450.000000 0.950806
70.000000 450.000000 0.894131
80.000000 450.000000 0.798679
90.000000 450.000000 0.662750
100.000000 450.000000 0.457494
110.000000 450.000000 0.277537
120.000000 450.000000 0.192958
130.000000 450.000000 0.166080
140.000000 450.000000 0.206104
150.000000 450.000000 0.227024
160.000000 450.000000 0.150451
170.000000 450.000000 0.139004
180.000000 450.000000 0.137953
190.000000 450.000000 0.108608
200.000000 450.000000 0.098940
210.000000 450.000000 0.091850
220.000000 450.000000 0.094062
230.000000 450.000000 0.102405
240.000000 450.000000 0.107893
250.000000 450.000000 0.097889
260.000000 450.000000 0.086379
270.000000 450.000000 0.091267
280.000000 450.000000 0.092305
290.000000 450.000000 0.089267
300.000000 450.000000 0.100396
310.000000 450.000000 0.089421
320.000000 450.000000 0.084491
330.000000 450.000000 0.082019
340.000000 450.000000 0.091534
350.000000 450.000000 0.103808
360.000000 450.000000 0.116034
370.000000 450.000000 0.139295
380.000000 450.000000 0.189033
390.000000 450.000000 0.272836
400.000000 450.000000 0.430446
410.000000 450.000000 0.614822
420.000000 450.000000 0.760215
430.000000 450.000000 0.866705
440.000000 450.000000 0.936653
450.000000 450.000000 0.973725
460.000000 450.000000 0.990257
470.000000 450.000000 0.996725
480.000000 450.000000 0.998974
490.000000 450.000000 0.999635
500.000000 450.000000 0.999635
0.000000 460.000000 0.999898
10.000000 460.000000 0.999898
20.000000 460.000000 0.999705
30.000000 460.000000 0.999029
40.000000 460.000000 0.997015
50.000000 460.000000 0.991663
60.000000 460.000000 0.979217
70.000000 460.000000 0.954302
80.000000 460.000000 0.909823
90.000000 460.000000 0.831650
100.000000 460.000000 0.674469
110.000000 460.000000 0.445460
120.000000 460.000000 0.327549
130.000000 460.000000 0.230081
140.000000 460.000000 0.215797
150.000000 460.000000 0.216323
160.000000 460.000000 0.166755
170.000000 460.000000 0.153406
180.000000 460.000000 0.156151
190.000000 460.000000 0.127115
200.000000 460.000000 0.105799
210.000000 460.000000 0.104606
220.000000 460.000000 0.115237
230.000000 460.000000 0.114427
240.000000 460.000000 0.104962
250.000000 460.000000 0.095307
260.000000 460.000000 0.081554
270.000000 460.000000 0.083919
280.000000 460.000000 0.087923
290.000000 460.000000 0.088393
300.000000 460.000000 0.090712
310.000000 460.000000 0.088352
320.000000 460.000000 0.090095
330.000000 460.000000 0.099275
340.000000 460.000000 0.120110
350.000000 460.000000 0.151462
360.000000 460.000000 0.176261
370.000000 460.000000 0.230040
380.000000 460.000000 0.340436
390.000000 460.000000 0.510329
400.000000 460.000000 0.671460
410.000000 460.000000 0.805581
420.000000 460.000000 0.892662
430.000000 460.000000 0.945967
440.000000 460.000000 0.975783
450.000000 460.000000 0.990278
460.000000 460.000000 0.996473
470.000000 460.000000 0.998835
480.000000 460.000000 0.999641
490.000000 460.000000 0.999875
500.000000 460.000000 0.999875
0.000000 470.000000 0.999964
10.000000 470.000000 0.999964
20.000000 470.000000 0.999893
30.000000 470.000000 0.999641
40.000000 470.000000 0.998885
50.000000 470.000000 0.996871
60.000000 470.000000 0.992171
70.000000 470.000000 0.982516
80.000000 470.000000 0.964019
90.000000 470.000000 0.927420
100.000000 470.000000 0.852849
110.000000 470.000000 0.720339
120.000000 470.000000 0.571106
130.000000 470.000000 0.382448
140.000000 470.000000 0.291858
150.000000 470.000000 0.229681
160.000000 470.000000 0.193536
170.000000 470.000000 0.199032
180.000000 470.000000 0.209857
190.000000 470.000000 0.142006
200.000000 470.000000 0.117043
210.000000 470.000000 0.120082
220.000000 470.000000 0.115546
230.000000 470.000000 0.099071
240.000000 470.000000 0.087570
250.000000 470.000000 0.084342
260.000000 470.000000 0.082116
270.000000 470.000000 0.084823
280.000000 470.000000 0.086385
290.000000 470.000000 0.088840
300.000000 470.000000 0.095326
310.000000 470.000000 0.094670
320.000000 470.000000 0.105659
330.000000 470.000000 0.129223
340.000000 470.000000 0.170058
350.000000 470.000000 0.236085
360.000000 470.000000 0.303219
370.000000 470.000000 0.412398
380.000000 470.000000 0.590517
390.000000 470.000000 0.746895
400.000000 470.000000 0.845268
410.000000 470.000000 0.915825
420.000000 470.000000 0.957800
430.000000 470.000000 0.980464
440.000000 470.000000 0.991714
450.000000 470.000000 0.996782
460.000000 470.000000 0.998855
470.000000 470.000000 0.999627
480.000000 470.000000 0.999886
490.000000 470.000000 0.999961
500.000000 470.000000 0.999961
0.000000 480.000000 0.999988
10.000000 480.000000 0.999988
20.000000 480.000000 0.999964
30.000000 480.000000 0.999877
40.000000 480.000000 0.999617
50.000000 480.000000 0.998924
60.000000 480.000000 0.997285
70.000000 480.000000 0.993760
80.000000 480.000000 0.986363
90.000000 480.000000 0.970133
100.000000 480.000000 0.935012
110.000000 480.000000 0.870701
120.000000 480.000000 0.780126
130.000000 480.000000 0.660462
140.000000 480.000000 0.532593
150.000000 480.000000 0.390481
160.000000 480.000000 0.327887
170.000000 480.000000 0.306083
180.000000 480.000000 0.266525
190.000000 480.000000 0.158809
200.000000 480.000000 0.125809
210.000000 480.000000 0.125347
220.000000 480.000000 0.104422
230.000000 480.000000 0.090657
240.000000 480.000000 0.101317
250.000000 480.000000 0.100379
260.000000 480.000000 0.086340
270.000000 480.000000 0.092448
280.000000 480.000000 0.097394
290.000000 480.000000 0.101651
300.000000 480.000000 0.111060
310.000000 480.000000 0.115810
320.000000 480.000000 0.144919
330.000000 480.000000 0.196884
340.000000 480.000000 0.293864
350.000000 480.000000 0.428789
360.000000 480.000000 0.517246
370.000000 480.000000 0.649541
380.000000 480.000000 0.791928
390.000000 480.000000 0.877476
400.000000 480.000000 0.932148
410.000000 480.000000 0.966154
420.000000 480.000000 0.984469
430.000000 480.000000 0.993358
440.000000 480.000000 0.997343
450.000000 480.000000 0.999007
460.000000 480.000000 0.999655
470.000000 480.000000 0.999889
480.000000 480.000000 0.999966
490.000000 480.000000 0.999989
500.000000 480.000000 0.999989
0.000000 490.000000 0.999995
10.000000 490.000000 0.999995
20.000000 490.000000 0.999986
30.000000 490.000000 0.999953
40.000000 490.000000 0.999853
50.000000 490.000000 0.999585
60.000000 490.000000 0.998931
70.000000 490.000000 0.997423
80.000000 490.000000 0.993926
90.000000 490.000000 0.985617
100.000000 490.000000 0.966928
110.000000 490.000000 0.931286
120.000000 490.000000 0.876280
130.000000 490.000000 0.801532
140.000000 490.000000 0.705897
150.000000 490.000000 0.592980
160.000000 490.000000 0.489310
170.000000 490.000000 0.412356
180.000000 490.000000 0.307297
190.000000 490.000000 0.190609
200.000000 490.000000 0.126956
210.000000 490.000000 0.123740
220.000000 490.000000 0.108800
230.000000 490.000000 0.100216
240.000000 490.000000 0.118963
250.000000 490.000000 0.106596
260.000000 490.000000 0.088566
270.000000 490.000000 0.095599
280.000000 490.000000 0.110836
290.000000 490.000000 0.127891
300.000000 490.000000 0.141978
310.000000 490.000000 0.167919
320.000000 490.000000 0.228886
330.000000 490.000000 0.320087
340.000000 490.000000 0.458494
350.000000 490.000000 0.590220
360.000000 490.000000 0.702965
370.000000 490.000000 0.796948
380.000000 490.000000 0.875990
390.000000 490.000000 0.930812
400.000000 490.000000 0.965089
410.000000 490.000000 0.984082
420.000000 490.000000 0.993316
430.000000 490.000000 0.997367
440.000000 490.000000 0.999015
450.000000 490.000000 0.999650
460.000000 490.000000 0.999882
470.000000 490.000000 0.999963
480.000000 490.000000 0.999989
490.000000 490.000000 0.999996
500.000000 490.000000 0.999996
0.000000 500.000000 0.999995
10.000000 500.000000 0.999995
20.000000 500.000000 0.999986
30.000000 500.000000 0.999953
40.000000 500.000000 0.999853
50.000000 500.000000 0.999585
60.000000 500.000000 0.998931
70.000000 500.000000 0.997423
80.000000 500.000000 0.993926
90.000000 500.000000 0.985617
100.000000 500.000000 0.966928
110.000000 500.000000 0.931286
120.000000 500.000000 0.876280
130.000000 500.000000 0.801532
140.000000 500.000000 0.705897
150.000000 500.000000 0.592980
160.000000 500.000000 0.489310
170.000000 500.000000 0.412356
180.000000 500.000000 0.307297
190.000000 500.000000 0.190609
200.000000 500.000000 0.126956
210.000000 500.000000 0.123740
220.000000 500.000000 0.108800
230.000000 500.000000 0.100216
240.000000 500.000000 0.118963
250.000000 500.000000 0.106596
260.000000 500.000000 0.088566
270.000000 500.000000 0.095599
280.000000 500.000000 0.110836
290.000000 500.000000 0.127891
300.000000 500.000000 0.141978
310.000000 500.000000 0.167919
320.000000 500.000000 0.228886
330.000000 500.000000 0.320087
340.000000 500.000000 0.458494
350.000000 500.000000 0.590220
360.000000 500.000000 0.702965
370.000000 500.000000 0.796948
380.000000 500.000000 0.875990
390.000000 500.000000 0.930812
400.000000 500.000000 0.965089
410.000000 500.000000 0.984082
420.000000 500.000000 0.993316
430.000000 500.000000 0.997367
440.000000 500.000000 0.999015
450.000000 500.000000 0.999650
460.000000 500.000000 0.999882
470.000000 500.000000 0.999963
480.000000 500.000000 0.999989
490.000000 500.000000 0.999996
500.000000 500.000000 0.999996
