# 500.000000 500.000000
# 51 51
# 0 48 
0.000000 0.000000 0.999976
10.000000 0.000000 0.999976
20.000000 0.000000 0.999939
30.000000 0.000000 0.999822
40.000000 0.000000 0.999499
50.000000 0.000000 0.998680
60.000000 0.000000 0.996759
70.000000 0.000000 0.992612
80.000000 0.000000 0.984326
90.000000 0.000000 0.968788
100.000000 0.000000 0.941113
110.000000 0.000000 0.894912
120.000000 0.000000 0.825371
130.000000 0.000000 0.736356
140.000000 0.000000 0.626781
150.000000 0.000000 0.481277
160.000000 0.000000 0.347673
170.000000 0.000000 0.254767
180.000000 0.000000 0.162713
190.000000 0.000000 0.107247
200.000000 0.000000 0.103166
210.000000 0.000000 0.130877
220.000000 0.000000 0.138490
230.000000 0.000000 0.152452
240.000000 0.000000 0.189613
250.000000 0.000000 0.287450
260.000000 0.000000 0.396604
270.000000 0.000000 0.400242
280.000000 0.000000 0.206346
290.000000 0.000000 0.141282
300.000000 0.000000 0.124371
310.000000 0.000000 0.137584
320.000000 0.000000 0.194421
330.000000 0.000000 0.285038
340.000000 0.000000 0.405282
350.000000 0.000000 0.507432
360.000000 0.000000 0.593609
370.000000 0.000000 0.691701
380.000000 0.000000 0.788641
390.000000 0.000000 0.867224
400.000000 0.000000 0.923564
410.000000 0.000000 0.959568
420.000000 0.000000 0.980081
430.000000 0.000000 0.990715
440.000000 0.000000 0.995870
450.000000 0.000000 0.998244
460.000000 0.000000 0.999289
470.000000 0.000000 0.999728
480.000000 0.000000 0.999900
490.000000 0.000000 0.999958
500.000000 0.000000 0.999958
0.000000 10.000000 0.999976
10.000000 10.000000 0.999976
20.000000 10.000000 0.999939
30.000000 10.000000 0.999822
40.000000 10.000000 0.999499
50.000000 10.000000 0.998680
60.000000 10.000000 0.996759
70.000000 10.000000 0.992612
80.000000 10.000000 0.984326
90.000000 10.000000 0.968788
100.000000 10.000000 0.941113
110.000000 10.000000 0.894912
120.000000 10.000000 0.825371
130.000000 10.000000 0.736356
140.000000 10.000000 0.626781
150.000000 10.000000 0.481277
160.000000 10.000000 0.347673
170.000000 10.000000 0.254767
180.000000 10.000000 0.162713
190.000000 10.000000 0.107247
200.000000 10.000000 0.103166
210.000000 10.000000 0.130877
220.000000 10.000000 0.138490
230.000000 10.000000 0.152452
240.000000 10.000000 0.189613
250.000000 10.000000 0.287450
260.000000 10.000000 0.396604
270.000000 10.000000 0.400242
280.000000 10.000000 0.206346
290.000000 10.000000 0.141282
300.000000 10.000000 0.124371
310.000000 10.000000 0.137584
320.000000 10.000000 0.194421
330.000000 10.000000 0.285038
340.000000 10.000000 0.405282
350.000000 10.000000 0.507432
360.000000 10.000000 0.593609
370.000000 10.000000 0.691701
380.000000 10.000000 0.788641
390.000000 10.000000 0.867224
400.000000 10.000000 0.923564
410.000000 10.000000 0.959568
420.000000 10.000000 0.980081
430.000000 10.000000 0.990715
440.000000 10.000000 0.995870
450.000000 10.000000 0.998244
460.000000 10.000000 0.999289
470.000000 10.000000 0.999728
480.000000 10.000000 0.999900
490.000000 10.000000 0.999958
500.000000 10.000000 0.999958
0.000000 20.000000 0.999935
10.000000 20.000000 0.999935
20.000000 20.000000 0.999844
30.000000 20.000000 0.999558
40.000000 20.000000 0.998799
50.000000 20.000000 0.996941
60.000000 20.000000 0.992756
70.000000 20.000000 0.984123
80.000000 20.000000 0.967836
90.000000 20.000000 0.939338
100.000000 20.000000 0.891982
110.000000 20.000000 0.816607
120.000000 20.000000 0.706321
130.000000 20.000000 0.592774
140.000000 20.000000 0.474449
150.000000 20.000000 0.302208
160.000000 20.000000 0.200323
170.000000 20.000000 0.149142
180.000000 20.000000 0.105516
190.000000 20.000000 0.094834
200.000000 20.000000 0.101394
210.000000 20.000000 0.125834
220.000000 20.000000 0.115074
230.000000 20.000000 0.119994
240.000000 20.000000 0.164408
250.000000 20.000000 0.244740
260.000000 20.000000 0.323810
270.000000 20.000000 0.328295
280.000000 20.000000 0.201831
290.000000 20.000000 0.160408
300.000000 20.000000 0.133845
310.000000 20.000000 0.122667
320.000000 20.000000 0.140642
330.000000 20.000000 0.188239
340.000000 20.000000 0.264974
350.000000 20.000000 0.384104
360.000000 20.000000 0.470459
370.000000 20.000000 0.569087
380.000000 20.000000 0.686473
390.000000 20.000000 0.792623
400.000000 20.000000 0.875441
410.000000 20.000000 0.930775
420.000000 20.000000 0.963756
430.000000 20.000000 0.981904
440.000000 20.000000 0.991395
450.000000 20.000000 0.996127
460.000000 20.000000 0.998361
470.000000 20.000000 0.999352
480.000000 20.000000 0.999757
490.000000 20.000000 0.999896
500.000000 20.000000 0.999896
0.000000 30.000000 0.999800
10.000000 30.000000 0.999800
20.000000 30.000000 0.999534
30.000000 30.000000 0.998734
40.000000 30.000000 0.996692
50.000000 30.000000 0.991911
60.000000 30.000000 0.981632
70.000000 30.000000 0.961495
80.000000 30.000000 0.925882
90.000000 30.000000 0.868335
100.000000 30.000000 0.781321
110.000000 30.000000 0.649270
120.000000 30.000000 0.441974
130.000000 30.000000 0.308606
140.000000 30.000000 0.236793
150.000000 30.000000 0.166582
160.000000 30.000000 0.134003
170.000000 30.000000 0.101717
180.000000 30.000000 0.076597
190.000000 30.000000 0.092181
200.000000 30.000000 0.103778
210.000000 30.000000 0.121386
220.000000 30.000000 0.116780
230.000000 30.000000 0.109344
240.000000 30.000000 0.146378
250.000000 30.000000 0.206808
260.000000 30.000000 0.252864
270.000000 30.000000 0.239150
280.000000 30.000000 0.207829
290.000000 30.000000 0.197539
300.000000 30.000000 0.170341
310.000000 30.000000 0.138632
320.000000 30.000000 0.148238
330.000000 30.000000 0.178444
340.000000 30.000000 0.190603
350.000000 30.000000 0.216192
360.000000 30.000000 0.267976
370.000000 30.000000 0.331019
380.000000 30.000000 0.481547
390.000000 30.000000 0.635553
400.000000 30.000000 0.768809
410.000000 30.000000 0.863462
420.000000 30.000000 0.923377
430.000000 30.000000 0.958853
440.000000 30.000000 0.979136
450.000000 30.000000 0.990125
460.000000 30.000000 0.995668
470.000000 30.000000 0.998244
480.000000 30.000000 0.999330
490.000000 30.000000 0.999710
500.000000 30.000000 0.999710
0.000000 40.000000 0.999411
10.000000 40.000000 0.999411
20.000000 40.000000 0.998677
30.000000 40.000000 0.996548
40.000000 40.000000 0.991369
50.000000 40.000000 0.979866
60.000000 40.000000 0.956429
70.000000 40.000000 0.912972
80.000000 40.000000 0.841013
90.000000 40.000000 0.733350
100.000000 40.000000 0.599142
110.000000 40.000000 0.414477
120.000000 40.000000 0.251919
130.000000 40.000000 0.159194
140.000000 40.000000 0.118975
150.000000 40.000000 0.101138
160.000000 40.000000 0.109390
170.000000 40.000000 0.086328
180.000000 40.000000 0.062864
190.000000 40.000000 0.071120
200.000000 40.000000 0.079388
210.000000 40.000000 0.098274
220.000000 40.000000 0.105225
230.000000 40.000000 0.098785
240.000000 40.000000 0.128490
250.000000 40.000000 0.172456
260.000000 40.000000 0.204728
270.000000 40.000000 0.214844
280.000000 40.000000 0.234452
290.000000 40.000000 0.244169
300.000000 40.000000 0.200891
310.000000 40.000000 0.168606
320.000000 40.000000 0.201228
330.000000 40.000000 0.242096
340.000000 40.000000 0.202891
350.000000 40.000000 0.163206
360.000000 40.000000 0.157261
370.000000 40.000000 0.185456
380.000000 40.000000 0.285955
390.000000 40.000000 0.417394
400.000000 40.000000 0.591460
410.000000 40.000000 0.741959
420.000000 40.000000 0.844742
430.000000 40.000000 0.910588
440.000000 40.000000 0.952028
450.000000 40.000000 0.976331
460.000000 40.000000 0.989313
470.000000 40.000000 0.995584
480.000000 40.000000 0.998294
490.000000 40.000000 0.999255
500.000000 40.000000 0.999255
0.000000 50.000000 0.998380
10.000000 50.000000 0.998380
20.000000 50.000000 0.996501
30.000000 50.000000 0.991268
40.000000 50.000000 0.979196
50.000000 50.000000 0.953940
60.000000 50.000000 0.905405
70.000000 50.000000 0.819921
80.000000 50.000000 0.683004
90.000000 50.000000 0.478842
100.000000 50.000000 0.361850
110.000000 50.000000 0.221469
120.000000 50.000000 0.140374
130.000000 50.000000 0.097529
140.000000 50.000000 0.075101
150.000000 50.000000 0.067465
160.000000 50.000000 0.071482
170.000000 50.000000 0.062506
180.000000 50.000000 0.054421
190.000000 50.000000 0.057173
200.000000 50.000000 0.065006
210.000000 50.000000 0.080467
220.000000 50.000000 0.083075
230.000000 50.000000 0.088600
240.000000 50.000000 0.110525
250.000000 50.000000 0.137562
260.000000 50.000000 0.163963
270.000000 50.000000 0.188732
280.000000 50.000000 0.224274
290.000000 50.000000 0.248708
300.000000 50.000000 0.233022
310.000000 50.000000 0.197194
320.000000 50.000000 0.196333
330.000000 50.000000 0.225063
340.000000 50.000000 0.214624
350.000000 50.000000 0.167319
360.000000 50.000000 0.136613
370.000000 50.000000 0.155586
380.000000 50.000000 0.187717
390.000000 50.000000 0.219053
400.000000 50.000000 0.354861
410.000000 50.000000 0.557500
420.000000 50.000000 0.712886
430.000000 50.000000 0.821565
440.000000 50.000000 0.899549
450.000000 50.000000 0.948688
460.000000 50.000000 0.976272
470.000000 50.000000 0.990028
480.000000 50.000000 0.996100
490.000000 50.000000 0.998281
500.000000 50.000000 0.998281
0.000000 60.000000 0.995894
10.000000 60.000000 0.995894
20.000000 60.000000 0.991478
30.000000 60.000000 0.979689
40.000000 60.000000 0.954010
50.000000 60.000000 0.903651
60.000000 60.000000 0.812385
70.000000 60.000000 0.663523
80.000000 60.000000 0.468442
90.000000 60.000000 0.270757
100.000000 60.000000 0.200605
110.000000 60.000000 0.159356
120.000000 60.000000 0.120061
130.000000 60.000000 0.081688
140.000000 60.000000 0.060801
150.000000 60.000000 0.059450
160.000000 60.000000 0.061601
170.000000 60.000000 0.057607
180.000000 60.000000 0.056773
190.000000 60.000000 0.057613
200.000000 60.000000 0.067013
210.000000 60.000000 0.075835
220.000000 60.000000 0.081146
230.000000 60.000000 0.090351
240.000000 60.000000 0.100630
250.000000 60.000000 0.112933
260.000000 60.000000 0.130500
270.000000 60.000000 0.157271
280.000000 60.000000 0.199151
290.000000 60.000000 0.220181
300.000000 60.000000 0.201528
310.000000 60.000000 0.180848
320.000000 60.000000 0.180326
330.000000 60.000000 0.209566
340.000000 60.000000 0.205784
350.000000 60.000000 0.168155
360.000000 60.000000 0.134654
370.000000 60.000000 0.138009
380.000000 60.000000 0.132885
390.000000 60.000000 0.132004
400.000000 60.000000 0.197438
410.000000 60.000000 0.314404
420.000000 60.000000 0.503278
430.000000 60.000000 0.664255
440.000000 60.000000 0.808633
450.000000 60.000000 0.900178
460.000000 60.000000 0.952997
470.000000 60.000000 0.979928
480.000000 60.000000 0.992031
490.000000 60.000000 0.996439
500.000000 60.000000 0.996439
0.000000 70.000000 0.990483
10.000000 70.000000 0.990483
20.000000 70.000000 0.981038
30.000000 70.000000 0.956906
40.000000 70.000000 0.907369
50.000000 70.000000 0.816544
60.000000 70.000000 0.657013
70.000000 70.000000 0.464974
80.000000 70.000000 0.302450
90.000000 70.000000 0.166424
100.000000 70.000000 0.129979
110.000000 70.000000 0.118696
120.000000 70.000000 0.090222
130.000000 70.000000 0.070127
140.000000 70.000000 0.059722
150.000000 70.000000 0.074123
160.000000 70.000000 0.083575
170.000000 70.000000 0.079613
180.000000 70.000000 0.076802
190.000000 70.000000 0.067651
200.000000 70.000000 0.072294
210.000000 70.000000 0.076932
220.000000 70.000000 0.087075
230.000000 70.000000 0.098820
240.000000 70.000000 0.107174
250.000000 70.000000 0.096959
260.000000 70.000000 0.102788
270.000000 70.000000 0.123389
280.000000 70.000000 0.152558
290.000000 70.000000 0.176441
300.000000 70.000000 0.169680
310.000000 70.000000 0.150039
320.000000 70.000000 0.152586
330.000000 70.000000 0.175220
340.000000 70.000000 0.174868
350.000000 70.000000 0.150586
360.000000 70.000000 0.121868
370.000000 70.000000 0.105665
380.000000 70.000000 0.091294
390.000000 70.000000 0.095951
400.000000 70.000000 0.125479
410.000000 70.000000 0.179748
420.000000 70.000000 0.275567
430.000000 70.000000 0.423416
440.000000 70.000000 0.670123
450.000000 70.000000 0.826107
460.000000 70.000000 0.916697
470.000000 70.000000 0.963667
480.000000 70.000000 0.985237
490.000000 70.000000 0.993260
500.000000 70.000000 0.993260
0.000000 80.000000 0.979920
10.000000 80.000000 0.979920
20.000000 80.000000 0.961618
30.000000 80.000000 0.916861
40.000000 80.000000 0.830084
50.000000 80.000000 0.680141
60.000000 80.000000 0.424351
70.000000 80.000000 0.263445
80.000000 80.000000 0.195575
90.000000 80.000000 0.117541
100.000000 80.000000 0.089380
110.000000 80.000000 0.082762
120.000000 80.000000 0.069192
130.000000 80.000000 0.060616
140.000000 80.000000 0.058696
150.000000 80.000000 0.079932
160.000000 80.000000 0.080716
170.000000 80.000000 0.074786
180.000000 80.000000 0.080724
190.000000 80.000000 0.068584
200.000000 80.000000 0.070373
210.000000 80.000000 0.074172
220.000000 80.000000 0.084365
230.000000 80.000000 0.091882
240.000000 80.000000 0.091932
250.000000 80.000000 0.090421
260.000000 80.000000 0.101398
270.000000 80.000000 0.104948
280.000000 80.000000 0.119394
290.000000 80.000000 0.127823
300.000000 80.000000 0.123031
310.000000 80.000000 0.116485
320.000000 80.000000 0.122832
330.000000 80.000000 0.135442
340.000000 80.000000 0.138300
350.000000 80.000000 0.130498
360.000000 80.000000 0.105510
370.000000 80.000000 0.083931
380.000000 80.000000 0.076439
390.000000 80.000000 0.081948
400.000000 80.000000 0.094391
410.000000 80.000000 0.141410
420.000000 80.000000 0.195927
430.000000 80.000000 0.305922
440.000000 80.000000 0.534171
450.000000 80.000000 0.733192
460.000000 80.000000 0.865603
470.000000 80.000000 0.938768
480.000000 80.000000 0.974125
490.000000 80.000000 0.987837
500.000000 80.000000 0.987837
0.000000 90.000000 0.961329
10.000000 90.000000 0.961329
20.000000 90.000000 0.929106
30.000000 90.000000 0.853651
40.000000 90.000000 0.715921
50.000000 90.000000 0.513294
60.000000 90.000000 0.289251
70.000000 90.000000 0.173965
80.000000 90.000000 0.148683
90.000000 90.000000 0.115402
100.000000 90.000000 0.082048
110.000000 90.000000 0.072376
120.000000 90.000000 0.079240
130.000000 90.000000 0.070567
140.000000 90.000000 0.059184
150.000000 90.000000 0.059781
160.000000 90.000000 0.056798
170.000000 90.000000 0.055906
180.000000 90.000000 0.059754
190.000000 90.000000 0.056547
200.000000 90.000000 0.066218
210.000000 90.000000 0.069982
220.000000 90.000000 0.077094
230.000000 90.000000 0.084000
240.000000 90.000000 0.084342
250.000000 90.000000 0.090137
260.000000 90.000000 0.104016
270.000000 90.000000 0.100347
280.000000 90.000000 0.102375
290.000000 90.000000 0.096274
300.000000 90.000000 0.093411
310.000000 90.000000 0.093251
320.000000 90.000000 0.093569
330.000000 90.000000 0.100751
340.000000 90.000000 0.103331
350.000000 90.000000 0.098015
360.000000 90.000000 0.087249
370.000000 90.000000 0.074696
380.000000 90.000000 0.073701
390.000000 90.000000 0.082496
400.000000 90.000000 0.097835
410.000000 90.000000 0.137799
420.000000 90.000000 0.176873
430.000000 90.000000 0.222965
440.000000 90.000000 0.377314
450.000000 90.000000 0.611664
460.000000 90.000000 0.786115
470.000000 90.000000 0.896704
480.000000 90.000000 0.954330
490.000000 90.000000 0.978040
500.000000 90.000000 0.978040
0.000000 100.000000 0.931399
10.000000 100.000000 0.931399
20.000000 100.000000 0.879551
30.000000 100.000000 0.763965
40.000000 100.000000 0.564189
50.000000 100.000000 0.338463
60.000000 100.000000 0.177979
70.000000 100.000000 0.113243
80.000000 100.000000 0.110727
90.000000 100.000000 0.087614
100.000000 100.000000 0.070801
110.000000 100.000000 0.074566
120.000000 100.000000 0.090950
130.000000 100.000000 0.092413
140.000000 100.000000 0.080407
150.000000 100.000000 0.059706
160.000000 100.000000 0.050598
170.000000 100.000000 0.046753
180.000000 100.000000 0.048169
190.000000 100.000000 0.049497
200.000000 100.000000 0.056039
210.000000 100.000000 0.065895
220.000000 100.000000 0.075787
230.000000 100.000000 0.097771
240.000000 100.000000 0.090574
250.000000 100.000000 0.076399
260.000000 100.000000 0.074707
270.000000 100.000000 0.073825
280.000000 100.000000 0.076457
290.000000 100.000000 0.073436
300.000000 100.000000 0.074852
310.000000 100.000000 0.080561
320.000000 100.000000 0.081643
330.000000 100.000000 0.083897
340.000000 100.000000 0.082691
350.000000 100.000000 0.083841
360.000000 100.000000 0.083480
370.000000 100.000000 0.073993
380.000000 100.000000 0.072918
390.000000 100.000000 0.084207
400.000000 100.000000 0.112266
410.000000 100.000000 0.131647
420.000000 100.000000 0.144917
430.000000 100.000000 0.150712
440.000000 100.000000 0.229605
450.000000 100.000000 0.370492
460.000000 100.000000 0.600783
470.000000 100.000000 0.815517
480.000000 100.000000 0.917654
490.000000 100.000000 0.960600
500.000000 100.000000 0.960600
0.000000 110.000000 0.886440
10.000000 110.000000 0.886440
20.000000 110.000000 0.809882
30.000000 110.000000 0.649013
40.000000 110.000000 0.374306
50.000000 110.000000 0.196111
60.000000 110.000000 0.126607
70.000000 110.000000 0.089860
80.000000 110.000000 0.085752
90.000000 110.000000 0.076735
100.000000 110.000000 0.068792
110.000000 110.000000 0.060664
120.000000 110.000000 0.067471
130.000000 110.000000 0.081587
140.000000 110.000000 0.095734
150.000000 110.000000 0.080877
160.000000 110.000000 0.062723
170.000000 110.000000 0.050455
180.000000 110.000000 0.048994
190.000000 110.000000 0.050986
200.000000 110.000000 0.054634
210.000000 110.000000 0.061671
220.000000 110.000000 0.078490
230.000000 110.000000 0.115292
240.000000 110.000000 0.115693
250.000000 110.000000 0.090610
260.000000 110.000000 0.070310
270.000000 110.000000 0.060750
280.000000 110.000000 0.060760
290.000000 110.000000 0.061734
300.000000 110.000000 0.066233
310.000000 110.000000 0.073364
320.000000 110.000000 0.079783
330.000000 110.000000 0.079113
340.000000 110.000000 0.076371
350.000000 110.000000 0.077132
360.000000 110.000000 0.076274
370.000000 110.000000 0.077009
380.000000 110.000000 0.069645
390.000000 110.000000 0.073913
400.000000 110.000000 0.101192
410.000000 110.000000 0.115296
420.000000 110.000000 0.121891
430.000000 110.000000 0.114596
440.000000 110.000000 0.149957
450.000000 110.000000 0.240317
460.000000 110.000000 0.454634
470.000000 110.000000 0.703666
480.000000 110.000000 0.862816
490.000000 110.000000 0.935407
500.000000 110.000000 0.935407
0.000000 120.000000 0.822277
10.000000 120.000000 0.822277
20.000000 120.000000 0.718419
30.000000 120.000000 0.526988
40.000000 120.000000 0.278005
50.000000 120.000000 0.135752
60.000000 120.000000 0.101417
70.000000 120.000000 0.079223
80.000000 120.000000 0.071747
90.000000 120.000000 0.074196
100.000000 120.000000 0.075026
110.000000 120.000000 0.055548
120.000000 120.000000 0.052145
130.000000 120.000000 0.062668
140.000000 120.000000 0.089443
150.000000 120.000000 0.090430
160.000000 120.000000 0.074438
170.000000 120.000000 0.065286
180.000000 120.000000 0.061491
190.000000 120.000000 0.062197
200.000000 120.000000 0.060176
210.000000 120.000000 0.064083
220.000000 120.000000 0.078252
230.000000 120.000000 0.116329
240.000000 120.000000 0.126478
250.000000 120.000000 0.107737
260.000000 120.000000 0.079772
270.000000 120.000000 0.061746
280.000000 120.000000 0.053134
290.000000 120.000000 0.053539
300.000000 120.000000 0.057634
310.000000 120.000000 0.066277
320.000000 120.000000 0.074790
330.000000 120.000000 0.075648
340.000000 120.000000 0.073245
350.000000 120.000000 0.077435
360.000000 120.000000 0.077609
370.000000 120.000000 0.084381
380.000000 120.000000 0.072795
390.000000 120.000000 0.070771
400.000000 120.000000 0.086346
410.000000 120.000000 0.086385
420.000000 120.000000 0.079626
430.000000 120.000000 0.081892
440.000000 120.000000 0.106735
450.000000 120.000000 0.169163
460.000000 120.000000 0.323252
470.000000 120.000000 0.561240
480.000000 120.000000 0.795013
490.000000 120.000000 0.908217
500.000000 120.000000 0.908217
0.000000 130.000000 0.735542
10.000000 130.000000 0.735542
20.000000 130.000000 0.600391
30.000000 130.000000 0.376744
40.000000 130.000000 0.191292
50.000000 130.000000 0.098218
60.000000 130.000000 0.074096
70.000000 130.000000 0.063370
80.000000 130.000000 0.060575
90.000000 130.000000 0.061437
100.000000 130.000000 0.059708
110.000000 130.000000 0.050442
120.000000 130.000000 0.052706
130.000000 130.000000 0.069297
140.000000 130.000000 0.089001
150.000000 130.000000 0.090881
160.000000 130.000000 0.082766
170.000000 130.000000 0.071341
180.000000 130.000000 0.066815
190.000000 130.000000 0.076401
200.000000 130.000000 0.079676
210.000000 130.000000 0.074572
220.000000 130.000000 0.073866
230.000000 130.000000 0.083130
240.000000 130.000000 0.084165
250.000000 130.000000 0.072230
260.000000 130.000000 0.059772
270.000000 130.000000 0.053242
280.000000 130.000000 0.048524
290.000000 130.000000 0.050361
300.000000 130.000000 0.053560
310.000000 130.000000 0.064798
320.000000 130.000000 0.089645
330.000000 130.000000 0.078792
340.000000 130.000000 0.069473
350.000000 130.000000 0.071770
360.000000 130.000000 0.070484
370.000000 130.000000 0.070125
380.000000 130.000000 0.065288
390.000000 130.000000 0.066109
400.000000 130.000000 0.061747
410.000000 130.000000 0.058208
420.000000 130.000000 0.060751
430.000000 130.000000 0.067883
440.000000 130.000000 0.085506
450.000000 130.000000 0.127010
460.000000 130.000000 0.225907
470.000000 130.000000 0.416630
480.000000 130.000000 0.707430
490.000000 130.000000 0.879829
500.000000 130.000000 0.879829
0.000000 140.000000 0.629275
10.000000 140.000000 0.629275
20.000000 140.000000 0.458495
30.000000 140.000000 0.227522
40.000000 140.000000 0.120497
50.000000 140.000000 0.073218
60.000000 140.000000 0.056830
70.000000 140.000000 0.052240
80.000000 140.000000 0.052563
90.000000 140.000000 0.049020
100.000000 140.000000 0.047809
110.000000 140.000000 0.053098
120.000000 140.000000 0.062540
130.000000 140.000000 0.073728
140.000000 140.000000 0.068834
150.000000 140.000000 0.062081
160.000000 140.000000 0.067158
170.000000 140.000000 0.063136
180.000000 140.000000 0.064126
190.000000 140.000000 0.075984
200.000000 140.000000 0.078866
210.000000 140.000000 0.067866
220.000000 140.000000 0.063200
230.000000 140.000000 0.065044
240.000000 140.000000 0.060327
250.000000 140.000000 0.055612
260.000000 140.000000 0.057105
270.000000 140.000000 0.051708
280.000000 140.000000 0.047582
290.000000 140.000000 0.050628
300.000000 140.000000 0.052423
310.000000 140.000000 0.060880
320.000000 140.000000 0.086435
330.000000 140.000000 0.079617
340.000000 140.000000 0.066317
350.000000 140.000000 0.073370
360.000000 140.000000 0.075387
370.000000 140.000000 0.061683
380.000000 140.000000 0.060238
390.000000 140.000000 0.066661
400.000000 140.000000 0.053478
410.000000 140.000000 0.051303
420.000000 140.000000 0.064021
430.000000 140.000000 0.068633
440.000000 140.000000 0.077489
450.000000 140.000000 0.109995
460.000000 140.000000 0.183664
470.000000 140.000000 0.339907
480.000000 140.000000 0.648857
490.000000 140.000000 0.855549
500.000000 140.000000 0.855549
0.000000 150.000000 0.511211
10.000000 150.000000 0.511211
20.000000 150.000000 0.363751
30.000000 150.000000 0.168329
40.000000 150.000000 0.090582
50.000000 150.000000 0.062785
60.000000 150.000000 0.059673
70.000000 150.000000 0.061777
80.000000 150.000000 0.052778
90.000000 150.000000 0.044957
100.000000 150.000000 0.045987
110.000000 150.000000 0.062848
120.000000 150.000000 0.066289
130.000000 150.000000 0.058399
140.000000 150.000000 0.050599
150.000000 150.000000 0.046305
160.000000 150.000000 0.051581
170.000000 150.000000 0.054435
180.000000 150.000000 0.062230
190.000000 150.000000 0.067860
200.000000 150.000000 0.062337
210.000000 150.000000 0.059371
220.000000 150.000000 0.059540
230.000000 150.000000 0.058968
240.000000 150.000000 0.054392
250.000000 150.000000 0.056879
260.000000 150.000000 0.074729
270.000000 150.000000 0.063094
280.000000 150.000000 0.048693
290.000000 150.000000 0.050493
300.000000 150.000000 0.053379
310.000000 150.000000 0.058649
320.000000 150.000000 0.076184
330.000000 150.000000 0.077873
340.000000 150.000000 0.065717
350.000000 150.000000 0.083819
360.000000 150.000000 0.091589
370.000000 150.000000 0.068899
380.000000 150.000000 0.068187
390.000000 150.000000 0.074881
400.000000 150.000000 0.055584
410.000000 150.000000 0.050256
420.000000 150.000000 0.066176
430.000000 150.000000 0.069830
440.000000 150.000000 0.075923
450.000000 150.000000 0.103769
460.000000 150.000000 0.167593
470.000000 150.000000 0.294454
480.000000 150.000000 0.562007
490.000000 150.000000 0.804965
500.000000 150.000000 0.804965
0.000000 160.000000 0.358030
10.000000 160.000000 0.358030
20.000000 160.000000 0.232226
30.000000 160.000000 0.122033
40.000000 160.000000 0.073439
50.000000 160.000000 0.057839
60.000000 160.000000 0.067997
70.000000 160.000000 0.075838
80.000000 160.000000 0.060187
90.000000 160.000000 0.046411
100.000000 160.000000 0.047230
110.000000 160.000000 0.068602
120.000000 160.000000 0.072726
130.000000 160.000000 0.058404
140.000000 160.000000 0.048905
150.000000 160.000000 0.042212
160.000000 160.000000 0.045666
170.000000 160.000000 0.052596
180.000000 160.000000 0.057658
190.000000 160.000000 0.051731
200.000000 160.000000 0.048754
210.000000 160.000000 0.056830
220.000000 160.000000 0.065096
230.000000 160.000000 0.067049
240.000000 160.000000 0.063274
250.000000 160.000000 0.063692
260.000000 160.000000 0.068687
270.000000 160.000000 0.056874
280.000000 160.000000 0.048281
290.000000 160.000000 0.056781
300.000000 160.000000 0.067559
310.000000 160.000000 0.074355
320.000000 160.000000 0.077505
330.000000 160.000000 0.068163
340.000000 160.000000 0.061562
350.000000 160.000000 0.070653
360.000000 160.000000 0.078919
370.000000 160.000000 0.064958
380.000000 160.000000 0.065587
390.000000 160.000000 0.077404
400.000000 160.000000 0.059386
410.000000 160.000000 0.053795
420.000000 160.000000 0.077101
430.000000 160.000000 0.081653
440.000000 160.000000 0.085407
450.000000 160.000000 0.104573
460.000000 160.000000 0.154839
470.000000 160.000000 0.254571
480.000000 160.000000 0.478361
490.000000 160.000000 0.696250
500.000000 160.000000 0.696250
0.000000 170.000000 0.226644
10.000000 170.000000 0.226644
20.000000 170.000000 0.143582
30.000000 170.000000 0.089699
40.000000 170.000000 0.062420
50.000000 170.000000 0.052569
60.000000 170.000000 0.053761
70.000000 170.000000 0.058992
80.000000 170.000000 0.053906
90.000000 170.000000 0.044556
100.000000 170.000000 0.046184
110.000000 170.000000 0.068746
120.000000 170.000000 0.076851
130.000000 170.000000 0.071137
140.000000 170.000000 0.059853
150.000000 170.000000 0.049156
160.000000 170.000000 0.054067
170.000000 170.000000 0.053214
180.000000 170.000000 0.046165
190.000000 170.000000 0.041734
200.000000 170.000000 0.051306
210.000000 170.000000 0.070465
220.000000 170.000000 0.076557
230.000000 170.000000 0.075640
240.000000 170.000000 0.067598
250.000000 170.000000 0.057262
260.000000 170.000000 0.049066
270.000000 170.000000 0.043715
280.000000 170.000000 0.042863
290.000000 170.000000 0.049959
300.000000 170.000000 0.060625
310.000000 170.000000 0.075379
320.000000 170.000000 0.067994
330.000000 170.000000 0.058341
340.000000 170.000000 0.055097
350.000000 170.000000 0.059582
360.000000 170.000000 0.062945
370.000000 170.000000 0.054656
380.000000 170.000000 0.057969
390.000000 170.000000 0.075894
400.000000 170.000000 0.061292
410.000000 170.000000 0.055600
420.000000 170.000000 0.071685
430.000000 170.000000 0.087630
440.000000 170.000000 0.105569
450.000000 170.000000 0.119524
460.000000 170.000000 0.153573
470.000000 170.000000 0.203292
480.000000 170.000000 0.316495
490.000000 170.000000 0.451724
500.000000 170.000000 0.451724
0.000000 180.000000 0.173940
10.000000 180.000000 0.173940
20.000000 180.000000 0.108150
30.000000 180.000000 0.075104
40.000000 180.000000 0.059002
50.000000 180.000000 0.053210
60.000000 180.000000 0.047775
70.000000 180.000000 0.045950
80.000000 180.000000 0.043601
90.000000 180.000000 0.041198
100.000000 180.000000 0.045643
110.000000 180.000000 0.061520
120.000000 180.000000 0.066628
130.000000 180.000000 0.059129
140.000000 180.000000 0.058599
150.000000 180.000000 0.063160
160.000000 180.000000 0.066288
170.000000 180.000000 0.050939
180.000000 180.000000 0.039251
190.000000 180.000000 0.039486
200.000000 180.000000 0.055944
210.000000 180.000000 0.084027
220.000000 180.000000 0.091099
230.000000 180.000000 0.081329
240.000000 180.000000 0.061390
250.000000 180.000000 0.046218
260.000000 180.000000 0.041489
270.000000 180.000000 0.039978
280.000000 180.000000 0.043674
290.000000 180.000000 0.045827
300.000000 180.000000 0.051552
310.000000 180.000000 0.065178
320.000000 180.000000 0.068288
330.000000 180.000000 0.061867
340.000000 180.000000 0.058863
350.000000 180.000000 0.056062
360.000000 180.000000 0.053155
370.000000 180.000000 0.053653
380.000000 180.000000 0.059275
390.000000 180.000000 0.064572
400.000000 180.000000 0.054727
410.000000 180.000000 0.057216
420.000000 180.000000 0.064757
430.000000 180.000000 0.085196
440.000000 180.000000 0.109956
450.000000 180.000000 0.110282
460.000000 180.000000 0.135168
470.000000 180.000000 0.164150
480.000000 180.000000 0.229000
490.000000 180.000000 0.299811
500.000000 180.000000 0.299811
0.000000 190.000000 0.121979
10.000000 190.000000 0.121979
20.000000 190.000000 0.084707
30.000000 190.000000 0.069961
40.000000 190.000000 0.060868
50.000000 190.000000 0.057479
60.000000 190.000000 0.051387
70.000000 190.000000 0.046024
80.000000 190.000000 0.046113
90.000000 190.000000 0.051923
100.000000 190.000000 0.061081
110.000000 190.000000 0.065767
120.000000 190.000000 0.060553
130.000000 190.000000 0.050731
140.000000 190.000000 0.059636
150.000000 190.000000 0.074158
160.000000 190.000000 0.063944
170.000000 190.000000 0.045781
180.000000 190.000000 0.039129
190.000000 190.000000 0.042102
200.000000 190.000000 0.057569
210.000000 190.000000 0.089596
220.000000 190.000000 0.092958
230.000000 190.000000 0.067763
240.000000 190.000000 0.049620
250.000000 190.000000 0.041069
260.000000 190.000000 0.039436
270.000000 190.000000 0.041999
280.000000 190.000000 0.052524
290.000000 190.000000 0.057729
300.000000 190.000000 0.061712
310.000000 190.000000 0.078986
320.000000 190.000000 0.084410
330.000000 190.000000 0.074827
340.000000 190.000000 0.069641
350.000000 190.000000 0.070334
360.000000 190.000000 0.071007
370.000000 190.000000 0.076758
380.000000 190.000000 0.074324
390.000000 190.000000 0.064137
400.000000 190.000000 0.057992
410.000000 190.000000 0.063692
420.000000 190.000000 0.077410
430.000000 190.000000 0.113462
440.000000 190.000000 0.122539
450.000000 190.000000 0.102382
460.000000 190.000000 0.119609
470.000000 190.000000 0.138004
480.000000 190.000000 0.181994
490.000000 190.000000 0.231648
500.000000 190.000000 0.231648
0.000000 200.000000 0.097479
10.000000 200.000000 0.097479
20.000000 200.000000 0.072376
30.000000 200.000000 0.067300
40.000000 200.000000 0.065819
50.000000 200.000000 0.074105
60.000000 200.000000 0.068737
70.000000 200.000000 0.059509
80.000000 200.000000 0.067604
90.000000 200.000000 0.075007
100.000000 200.000000 0.075534
110.000000 200.000000 0.074422
120.000000 200.000000 0.069473
130.000000 200.000000 0.062945
140.000000 200.000000 0.072137
150.000000 200.000000 0.070983
160.000000 200.000000 0.052869
170.000000 200.000000 0.044311
180.000000 200.000000 0.042268
190.000000 200.000000 0.050626
200.000000 200.000000 0.078725
210.000000 200.000000 0.097108
220.000000 200.000000 0.090822
230.000000 200.000000 0.067270
240.000000 200.000000 0.048646
250.000000 200.000000 0.040870
260.000000 200.000000 0.039968
270.000000 200.000000 0.045487
280.000000 200.000000 0.051434
290.000000 200.000000 0.054588
300.000000 200.000000 0.067992
310.000000 200.000000 0.091753
320.000000 200.000000 0.105606
330.000000 200.000000 0.080387
340.000000 200.000000 0.072258
350.000000 200.000000 0.081972
360.000000 200.000000 0.103693
370.000000 200.000000 0.098211
380.000000 200.000000 0.076267
390.000000 200.000000 0.067656
400.000000 200.000000 0.069961
410.000000 200.000000 0.078030
420.000000 200.000000 0.095710
430.000000 200.000000 0.125789
440.000000 200.000000 0.128577
450.000000 200.000000 0.100447
460.000000 200.000000 0.106494
470.000000 200.000000 0.120303
480.000000 200.000000 0.143096
490.000000 200.000000 0.170069
500.000000 200.000000 0.170069
0.000000 210.000000 0.075465
10.000000 210.000000 0.075465
20.000000 210.000000 0.063910
30.000000 210.000000 0.057224
40.000000 210.000000 0.064594
50.000000 210.000000 0.092648
60.000000 210.000000 0.102294
70.000000 210.000000 0.092896
80.000000 210.000000 0.088009
90.000000 210.000000 0.086390
100.000000 210.000000 0.083557
110.000000 210.000000 0.077481
120.000000 210.000000 0.061519
130.000000 210.000000 0.063328
140.000000 210.000000 0.066057
150.000000 210.000000 0.052758
160.000000 210.000000 0.049052
170.000000 210.000000 0.054714
180.000000 210.000000 0.047532
190.000000 210.000000 0.055953
200.000000 210.000000 0.080649
210.000000 210.000000 0.078185
220.000000 210.000000 0.073173
230.000000 210.000000 0.068972
240.000000 210.000000 0.051091
250.000000 210.000000 0.041440
260.000000 210.000000 0.040292
270.000000 210.000000 0.049109
280.000000 210.000000 0.050213
290.000000 210.000000 0.050063
300.000000 210.000000 0.055287
310.000000 210.000000 0.072884
320.000000 210.000000 0.088248
330.000000 210.000000 0.075654
340.000000 210.000000 0.077037
350.000000 210.000000 0.083086
360.000000 210.000000 0.107428
370.000000 210.000000 0.103195
380.000000 210.000000 0.079724
390.000000 210.000000 0.078637
400.000000 210.000000 0.090286
410.000000 210.000000 0.104722
420.000000 210.000000 0.120279
430.000000 210.000000 0.139502
440.000000 210.000000 0.151380
450.000000 210.000000 0.110063
460.000000 210.000000 0.100400
470.000000 210.000000 0.109266
480.000000 210.000000 0.122963
490.000000 210.000000 0.140186
500.000000 210.000000 0.140186
0.000000 220.000000 0.079159
10.000000 220.000000 0.079159
20.000000 220.000000 0.078332
30.000000 220.000000 0.059526
40.000000 220.000000 0.064441
50.000000 220.000000 0.097675
60.000000 220.000000 0.106247
70.000000 220.000000 0.094464
80.000000 220.000000 0.081113
90.000000 220.000000 0.072451
100.000000 220.000000 0.069389
110.000000 220.000000 0.061376
120.000000 220.000000 0.045965
130.000000 220.000000 0.048328
140.000000 220.000000 0.054008
150.000000 220.000000 0.044000
160.000000 220.000000 0.046349
170.000000 220.000000 0.059998
180.000000 220.000000 0.048153
190.000000 220.000000 0.044567
200.000000 220.000000 0.052898
210.000000 220.000000 0.052812
220.000000 220.000000 0.061311
230.000000 220.000000 0.072821
240.000000 220.000000 0.051614
250.000000 220.000000 0.040889
260.000000 220.000000 0.043612
270.000000 220.000000 0.061306
280.000000 220.000000 0.067929
290.000000 220.000000 0.066354
300.000000 220.000000 0.061065
310.000000 220.000000 0.059003
320.000000 220.000000 0.069464
330.000000 220.000000 0.072536
340.000000 220.000000 0.078499
350.000000 220.000000 0.095151
360.000000 220.000000 0.118961
370.000000 220.000000 0.114490
380.000000 220.000000 0.092925
390.000000 220.000000 0.093636
400.000000 220.000000 0.111460
410.000000 220.000000 0.137992
420.000000 220.000000 0.174833
430.000000 220.000000 0.182252
440.000000 220.000000 0.170934
450.000000 220.000000 0.122208
460.000000 220.000000 0.101447
470.000000 220.000000 0.109453
480.000000 220.000000 0.107580
490.000000 220.000000 0.118059
500.000000 220.000000 0.118059
0.000000 230.000000 0.074300
10.000000 230.000000 0.074300
20.000000 230.000000 0.082271
30.000000 230.000000 0.061467
40.000000 230.000000 0.064356
50.000000 230.000000 0.095802
60.000000 230.000000 0.084922
70.000000 230.000000 0.069125
80.000000 230.000000 0.067883
90.000000 230.000000 0.060748
100.000000 230.000000 0.055063
110.000000 230.000000 0.045141
120.000000 230.000000 0.039996
130.000000 230.000000 0.043188
140.000000 230.000000 0.048395
150.000000 230.000000 0.041692
160.000000 230.000000 0.043090
170.000000 230.000000 0.060863
180.000000 230.000000 0.056686
190.000000 230.000000 0.043152
200.000000 230.000000 0.047307
210.000000 230.000000 0.061070
220.000000 230.000000 0.071315
230.000000 230.000000 0.072822
240.000000 230.000000 0.049227
250.000000 230.000000 0.039826
260.000000 230.000000 0.042896
270.000000 230.000000 0.056870
280.000000 230.000000 0.068419
290.000000 230.000000 0.079015
300.000000 230.000000 0.068123
310.000000 230.000000 0.056149
320.000000 230.000000 0.068120
330.000000 230.000000 0.081466
340.000000 230.000000 0.078606
350.000000 230.000000 0.103526
360.000000 230.000000 0.111495
370.000000 230.000000 0.095720
380.000000 230.000000 0.084727
390.000000 230.000000 0.090684
400.000000 230.000000 0.105583
410.000000 230.000000 0.131077
420.000000 230.000000 0.150992
430.000000 230.000000 0.127543
440.000000 230.000000 0.107303
450.000000 230.000000 0.090760
460.000000 230.000000 0.096389
470.000000 230.000000 0.116236
480.000000 230.000000 0.109500
490.000000 230.000000 0.104017
500.000000 230.000000 0.104017
0.000000 240.000000 0.069626
10.000000 240.000000 0.069626
20.000000 240.000000 0.081304
30.000000 240.000000 0.065766
40.000000 240.000000 0.068878
50.000000 240.000000 0.095260
60.000000 240.000000 0.089109
70.000000 240.000000 0.073379
80.000000 240.000000 0.067734
90.000000 240.000000 0.055426
100.000000 240.000000 0.046879
110.000000 240.000000 0.044304
120.000000 240.000000 0.042505
130.000000 240.000000 0.043075
140.000000 240.000000 0.047366
150.000000 240.000000 0.047518
160.000000 240.000000 0.042938
170.000000 240.000000 0.055307
180.000000 240.000000 0.058840
190.000000 240.000000 0.046222
200.000000 240.000000 0.053836
210.000000 240.000000 0.066855
220.000000 240.000000 0.068653
230.000000 240.000000 0.063322
240.000000 240.000000 0.047382
250.000000 240.000000 0.039266
260.000000 240.000000 0.041694
270.000000 240.000000 0.047228
280.000000 240.000000 0.055160
290.000000 240.000000 0.055864
300.000000 240.000000 0.050144
310.000000 240.000000 0.052754
320.000000 240.000000 0.075265
330.000000 240.000000 0.099189
340.000000 240.000000 0.085924
350.000000 240.000000 0.091565
360.000000 240.000000 0.093267
370.000000 240.000000 0.086460
380.000000 240.000000 0.080573
390.000000 240.000000 0.078300
400.000000 240.000000 0.086982
410.000000 240.000000 0.091399
420.000000 240.000000 0.088983
430.000000 240.000000 0.078404
440.000000 240.000000 0.075449
450.000000 240.000000 0.079232
460.000000 240.000000 0.100726
470.000000 240.000000 0.117719
480.000000 240.000000 0.124200
490.000000 240.000000 0.118560
500.000000 240.000000 0.118560
0.000000 250.000000 0.069233
10.000000 250.000000 0.069233
20.000000 250.000000 0.083109
30.000000 250.000000 0.084207
40.000000 250.000000 0.087505
50.000000 250.000000 0.096266
60.000000 250.000000 0.098263
70.000000 250.000000 0.087790
80.000000 250.000000 0.064994
90.000000 250.000000 0.049640
100.000000 250.000000 0.052074
110.000000 250.000000 0.056932
120.000000 250.000000 0.053598
130.000000 250.000000 0.047565
140.000000 250.000000 0.051045
150.000000 250.000000 0.059154
160.000000 250.000000 0.051541
170.000000 250.000000 0.057534
180.000000 250.000000 0.065823
190.000000 250.000000 0.060281
200.000000 250.000000 0.064577
210.000000 250.000000 0.068201
220.000000 250.000000 0.065491
230.000000 250.000000 0.051108
240.000000 250.000000 0.041721
250.000000 250.000000 0.040871
260.000000 250.000000 0.043876
270.000000 250.000000 0.050641
280.000000 250.000000 0.065724
290.000000 250.000000 0.057601
300.000000 250.000000 0.048324
310.000000 250.000000 0.051782
320.000000 250.000000 0.067058
330.000000 250.000000 0.101977
340.000000 250.000000 0.099804
350.000000 250.000000 0.089528
360.000000 250.000000 0.093049
370.000000 250.000000 0.087344
380.000000 250.000000 0.081048
390.000000 250.000000 0.079286
400.000000 250.000000 0.079044
410.000000 250.000000 0.081747
420.000000 250.000000 0.077317
430.000000 250.000000 0.069037
440.000000 250.000000 0.070296
450.000000 250.000000 0.084579
460.000000 250.000000 0.116078
470.000000 250.000000 0.140855
480.000000 250.000000 0.156978
490.000000 250.000000 0.164149
500.000000 250.000000 0.164149
0.000000 260.000000 0.065100
10.000000 260.000000 0.065100
20.000000 260.000000 0.081272
30.000000 260.000000 0.087101
40.000000 260.000000 0.093760
50.000000 260.000000 0.097029
60.000000 260.000000 0.097180
70.000000 260.000000 0.089783
80.000000 260.000000 0.065075
90.000000 260.000000 0.056618
100.000000 260.000000 0.078094
110.000000 260.000000 0.087258
120.000000 260.000000 0.067180
130.000000 260.000000 0.054170
140.000000 260.000000 0.054719
150.000000 260.000000 0.073582
160.000000 260.000000 0.075843
170.000000 260.000000 0.080535
180.000000 260.000000 0.076341
190.000000 260.000000 0.068509
200.000000 260.000000 0.073511
210.000000 260.000000 0.079634
220.000000 260.000000 0.075263
230.000000 260.000000 0.052635
240.000000 260.000000 0.043350
250.000000 260.000000 0.043571
260.000000 260.000000 0.043963
270.000000 260.000000 0.052190
280.000000 260.000000 0.077040
290.000000 260.000000 0.070533
300.000000 260.000000 0.054026
310.000000 260.000000 0.054273
320.000000 260.000000 0.062195
330.000000 260.000000 0.089793
340.000000 260.000000 0.105628
350.000000 260.000000 0.090448
360.000000 260.000000 0.089774
370.000000 260.000000 0.088731
380.000000 260.000000 0.075458
390.000000 260.000000 0.070866
400.000000 260.000000 0.071197
410.000000 260.000000 0.090953
420.000000 260.000000 0.101548
430.000000 260.000000 0.083795
440.000000 260.000000 0.076185
450.000000 260.000000 0.086062
460.000000 260.000000 0.111097
470.000000 260.000000 0.146516
480.000000 260.000000 0.194573
490.000000 260.000000 0.251607
500.000000 260.000000 0.251606
0.000000 270.000000 0.076205
10.000000 270.000000 0.076205
20.000000 270.000000 0.081298
30.000000 270.000000 0.088130
40.000000 270.000000 0.099135
50.000000 270.000000 0.101749
60.000000 270.000000 0.102013
70.000000 270.000000 0.094852
80.000000 270.000000 0.079423
90.000000 270.000000 0.068431
100.000000 270.000000 0.078200
110.000000 270.000000 0.082596
120.000000 270.000000 0.065570
130.000000 270.000000 0.053092
140.000000 270.000000 0.049014
150.000000 270.000000 0.055771
160.000000 270.000000 0.060964
170.000000 270.000000 0.082135
180.000000 270.000000 0.085114
190.000000 270.000000 0.074086
200.000000 270.000000 0.083053
210.000000 270.000000 0.099397
220.000000 270.000000 0.098910
230.000000 270.000000 0.074837
240.000000 270.000000 0.052703
250.000000 270.000000 0.045206
260.000000 270.000000 0.042995
270.000000 270.000000 0.048522
280.000000 270.000000 0.067372
290.000000 270.000000 0.076092
300.000000 270.000000 0.067852
310.000000 270.000000 0.075298
320.000000 270.000000 0.067019
330.000000 270.000000 0.072633
340.000000 270.000000 0.093334
350.000000 270.000000 0.091171
360.000000 270.000000 0.078314
370.000000 270.000000 0.071764
380.000000 270.000000 0.068818
390.000000 270.000000 0.065900
400.000000 270.000000 0.072845
410.000000 270.000000 0.094454
420.000000 270.000000 0.123120
430.000000 270.000000 0.115171
440.000000 270.000000 0.089692
450.000000 270.000000 0.092012
460.000000 270.000000 0.106667
470.000000 270.000000 0.132971
480.000000 270.000000 0.172671
490.000000 270.000000 0.204937
500.000000 270.000000 0.204937
0.000000 280.000000 0.084814
10.000000 280.000000 0.084814
20.000000 280.000000 0.074028
30.000000 280.000000 0.073682
40.000000 280.000000 0.079951
50.000000 280.000000 0.088571
60.000000 280.000000 0.098434
70.000000 280.000000 0.088361
80.000000 280.000000 0.072206
90.000000 280.000000 0.060084
100.000000 280.000000 0.061301
110.000000 280.000000 0.065230
120.000000 280.000000 0.053466
130.000000 280.000000 0.048252
140.000000 280.000000 0.044683
150.000000 280.000000 0.044283
160.000000 280.000000 0.052342
170.000000 280.000000 0.078488
180.000000 280.000000 0.089226
190.000000 280.000000 0.071762
200.000000 280.000000 0.077167
210.000000 280.000000 0.102313
220.000000 280.000000 0.105929
230.000000 280.000000 0.086913
240.000000 280.000000 0.054767
250.000000 280.000000 0.044765
260.000000 280.000000 0.043567
270.000000 280.000000 0.043563
280.000000 280.000000 0.053195
290.000000 280.000000 0.072013
300.000000 280.000000 0.078229
310.000000 280.000000 0.083093
320.000000 280.000000 0.070373
330.000000 280.000000 0.066920
340.000000 280.000000 0.071553
350.000000 280.000000 0.079298
360.000000 280.000000 0.072841
370.000000 280.000000 0.064206
380.000000 280.000000 0.063037
390.000000 280.000000 0.070594
400.000000 280.000000 0.078880
410.000000 280.000000 0.094347
420.000000 280.000000 0.107412
430.000000 280.000000 0.101841
440.000000 280.000000 0.091903
450.000000 280.000000 0.096435
460.000000 280.000000 0.097887
470.000000 280.000000 0.112752
480.000000 280.000000 0.149067
490.000000 280.000000 0.184946
500.000000 280.000000 0.184946
0.000000 290.000000 0.099873
10.000000 290.000000 0.099873
20.000000 290.000000 0.096031
30.000000 290.000000 0.088899
40.000000 290.000000 0.070703
50.000000 290.000000 0.071533
60.000000 290.000000 0.084039
70.000000 290.000000 0.074395
80.000000 290.000000 0.059305
90.000000 290.000000 0.047794
100.000000 290.000000 0.052794
110.000000 290.000000 0.063382
120.000000 290.000000 0.054566
130.000000 290.000000 0.047331
140.000000 290.000000 0.046132
150.000000 290.000000 0.049502
160.000000 290.000000 0.061451
170.000000 290.000000 0.074196
180.000000 290.000000 0.084944
190.000000 290.000000 0.068513
200.000000 290.000000 0.063388
210.000000 290.000000 0.083113
220.000000 290.000000 0.087152
230.000000 290.000000 0.082966
240.000000 290.000000 0.052131
250.000000 290.000000 0.043581
260.000000 290.000000 0.047309
270.000000 290.000000 0.045530
280.000000 290.000000 0.046290
290.000000 290.000000 0.053495
300.000000 290.000000 0.052519
310.000000 290.000000 0.054289
320.000000 290.000000 0.054768
330.000000 290.000000 0.052073
340.000000 290.000000 0.055763
350.000000 290.000000 0.063311
360.000000 290.000000 0.068821
370.000000 290.000000 0.061632
380.000000 290.000000 0.066657
390.000000 290.000000 0.077440
400.000000 290.000000 0.094402
410.000000 290.000000 0.109376
420.000000 290.000000 0.109453
430.000000 290.000000 0.098585
440.000000 290.000000 0.092504
450.000000 290.000000 0.087221
460.000000 290.000000 0.090256
470.000000 290.000000 0.094180
480.000000 290.000000 0.119286
490.000000 290.000000 0.166405
500.000000 290.000000 0.166405
0.000000 300.000000 0.152301
10.000000 300.000000 0.152301
20.000000 300.000000 0.152751
30.000000 300.000000 0.135140
40.000000 300.000000 0.083412
50.000000 300.000000 0.070446
60.000000 300.000000 0.078450
70.000000 300.000000 0.063792
80.000000 300.000000 0.054732
90.000000 300.000000 0.054866
100.000000 300.000000 0.062961
110.000000 300.000000 0.074714
120.000000 300.000000 0.071353
130.000000 300.000000 0.054713
140.000000 300.000000 0.054413
150.000000 300.000000 0.067772
160.000000 300.000000 0.068040
170.000000 300.000000 0.066725
180.000000 300.000000 0.076902
190.000000 300.000000 0.063546
200.000000 300.000000 0.052482
210.000000 300.000000 0.052772
220.000000 300.000000 0.053451
230.000000 300.000000 0.057882
240.000000 300.000000 0.049550
250.000000 300.000000 0.046384
260.000000 300.000000 0.048452
270.000000 300.000000 0.051015
280.000000 300.000000 0.047913
290.000000 300.000000 0.047549
300.000000 300.000000 0.045991
310.000000 300.000000 0.055643
320.000000 300.000000 0.057693
330.000000 300.000000 0.050124
340.000000 300.000000 0.053271
350.000000 300.000000 0.060930
360.000000 300.000000 0.065917
370.000000 300.000000 0.069961
380.000000 300.000000 0.076965
390.000000 300.000000 0.094914
400.000000 300.000000 0.122602
410.000000 300.000000 0.166995
420.000000 300.000000 0.149939
430.000000 300.000000 0.111050
440.000000 300.000000 0.096014
450.000000 300.000000 0.081354
460.000000 300.000000 0.076750
470.000000 300.000000 0.079663
480.000000 300.000000 0.092965
490.000000 300.000000 0.113257
500.000000 300.000000 0.113257
0.000000 310.000000 0.262237
10.000000 310.000000 0.262237
20.000000 310.000000 0.194192
30.000000 310.000000 0.147387
40.000000 310.000000 0.092578
50.000000 310.000000 0.073704
60.000000 310.000000 0.082173
70.000000 310.000000 0.076778
80.000000 310.000000 0.074274
90.000000 310.000000 0.077923
100.000000 310.000000 0.075933
110.000000 310.000000 0.079605
120.000000 310.000000 0.079045
130.000000 310.000000 0.069945
140.000000 310.000000 0.074483
150.000000 310.000000 0.079902
160.000000 310.000000 0.064419
170.000000 310.000000 0.056853
180.000000 310.000000 0.066225
190.000000 310.000000 0.067538
200.000000 310.000000 0.063291
210.000000 310.000000 0.056015
220.000000 310.000000 0.046758
230.000000 310.000000 0.046393
240.000000 310.000000 0.050840
250.000000 310.000000 0.056843
260.000000 310.000000 0.057880
270.000000 310.000000 0.059998
280.000000 310.000000 0.055912
290.000000 310.000000 0.048762
300.000000 310.000000 0.052196
310.000000 310.000000 0.067426
320.000000 310.000000 0.067200
330.000000 310.000000 0.057227
340.000000 310.000000 0.072814
350.000000 310.000000 0.085474
360.000000 310.000000 0.099615
370.000000 310.000000 0.093561
380.000000 310.000000 0.094388
390.000000 310.000000 0.115253
400.000000 310.000000 0.135585
410.000000 310.000000 0.174873
420.000000 310.000000 0.155295
430.000000 310.000000 0.104885
440.000000 310.000000 0.086982
450.000000 310.000000 0.074771
460.000000 310.000000 0.069402
470.000000 310.000000 0.073979
480.000000 310.000000 0.091948
490.000000 310.000000 0.122311
500.000000 310.000000 0.122311
0.000000 320.000000 0.349973
10.000000 320.000000 0.349973
20.000000 320.000000 0.214420
30.000000 320.000000 0.138271
40.000000 320.000000 0.092871
50.000000 320.000000 0.079238
60.000000 320.000000 0.080137
70.000000 320.000000 0.091862
80.000000 320.000000 0.094188
90.000000 320.000000 0.078284
100.000000 320.000000 0.071440
110.000000 320.000000 0.075253
120.000000 320.000000 0.067066
130.000000 320.000000 0.067887
140.000000 320.000000 0.076021
150.000000 320.000000 0.061593
160.000000 320.000000 0.051472
170.000000 320.000000 0.048958
180.000000 320.000000 0.057562
190.000000 320.000000 0.062846
200.000000 320.000000 0.071407
210.000000 320.000000 0.060725
220.000000 320.000000 0.047056
230.000000 320.000000 0.042730
240.000000 320.000000 0.050093
250.000000 320.000000 0.066174
260.000000 320.000000 0.068664
270.000000 320.000000 0.083808
280.000000 320.000000 0.076315
290.000000 320.000000 0.056895
300.000000 320.000000 0.064747
310.000000 320.000000 0.088366
320.000000 320.000000 0.073182
330.000000 320.000000 0.069420
340.000000 320.000000 0.103160
350.000000 320.000000 0.126088
360.000000 320.000000 0.137828
370.000000 320.000000 0.126891
380.000000 320.000000 0.124706
390.000000 320.000000 0.166289
400.000000 320.000000 0.141822
410.000000 320.000000 0.118063
420.000000 320.000000 0.100629
430.000000 320.000000 0.084488
440.000000 320.000000 0.074743
450.000000 320.000000 0.066503
460.000000 320.000000 0.067867
470.000000 320.000000 0.079588
480.000000 320.000000 0.110473
490.000000 320.000000 0.171845
500.000000 320.000000 0.171845
0.000000 330.000000 0.467690
10.000000 330.000000 0.467690
20.000000 330.000000 0.271636
30.000000 330.000000 0.151750
40.000000 330.000000 0.097080
50.000000 330.000000 0.073872
60.000000 330.000000 0.068025
70.000000 330.000000 0.073768
80.000000 330.000000 0.070107
90.000000 330.000000 0.060496
100.000000 330.000000 0.059969
110.000000 330.000000 0.065859
120.000000 330.000000 0.049887
130.000000 330.000000 0.047438
140.000000 330.000000 0.051750
150.000000 330.000000 0.050095
160.000000 330.000000 0.052377
170.000000 330.000000 0.049314
180.000000 330.000000 0.048145
190.000000 330.000000 0.053698
200.000000 330.000000 0.068235
210.000000 330.000000 0.066214
220.000000 330.000000 0.053132
230.000000 330.000000 0.047808
240.000000 330.000000 0.047874
250.000000 330.000000 0.054997
260.000000 330.000000 0.066455
270.000000 330.000000 0.101221
280.000000 330.000000 0.104003
290.000000 330.000000 0.070741
300.000000 330.000000 0.076271
310.000000 330.000000 0.102510
320.000000 330.000000 0.096013
330.000000 330.000000 0.084830
340.000000 330.000000 0.105154
350.000000 330.000000 0.128007
360.000000 330.000000 0.136419
370.000000 330.000000 0.123889
380.000000 330.000000 0.143128
390.000000 330.000000 0.200793
400.000000 330.000000 0.156602
410.000000 330.000000 0.103926
420.000000 330.000000 0.084639
430.000000 330.000000 0.076349
440.000000 330.000000 0.068552
450.000000 330.000000 0.066160
460.000000 330.000000 0.072731
470.000000 330.000000 0.094459
480.000000 330.000000 0.151443
490.000000 330.000000 0.249203
500.000000 330.000000 0.249203
0.000000 340.000000 0.558929
10.000000 340.000000 0.558929
20.000000 340.000000 0.325705
30.000000 340.000000 0.176386
40.000000 340.000000 0.110037
50.000000 340.000000 0.082896
60.000000 340.000000 0.079474
70.000000 340.000000 0.066855
80.000000 340.000000 0.056276
90.000000 340.000000 0.059655
100.000000 340.000000 0.062047
110.000000 340.000000 0.064918
120.000000 340.000000 0.052724
130.000000 340.000000 0.046968
140.000000 340.000000 0.044256
150.000000 340.000000 0.056724
160.000000 340.000000 0.073410
170.000000 340.000000 0.066716
180.000000 340.000000 0.062233
190.000000 340.000000 0.065061
200.000000 340.000000 0.077689
210.000000 340.000000 0.062111
220.000000 340.000000 0.054868
230.000000 340.000000 0.064159
240.000000 340.000000 0.061384
250.000000 340.000000 0.064372
260.000000 340.000000 0.062745
270.000000 340.000000 0.078431
280.000000 340.000000 0.100641
290.000000 340.000000 0.092481
300.000000 340.000000 0.093517
310.000000 340.000000 0.109766
320.000000 340.000000 0.115645
330.000000 340.000000 0.103020
340.000000 340.000000 0.106823
350.000000 340.000000 0.117130
360.000000 340.000000 0.134077
370.000000 340.000000 0.128172
380.000000 340.000000 0.129506
390.000000 340.000000 0.137088
400.000000 340.000000 0.118635
410.000000 340.000000 0.107560
420.000000 340.000000 0.098243
430.000000 340.000000 0.077215
440.000000 340.000000 0.068085
450.000000 340.000000 0.070589
460.000000 340.000000 0.086135
470.000000 340.000000 0.123506
480.000000 340.000000 0.217661
490.000000 340.000000 0.356857
500.000000 340.000000 0.356857
0.000000 350.000000 0.640002
10.000000 350.000000 0.640002
20.000000 350.000000 0.391566
30.000000 350.000000 0.218931
40.000000 350.000000 0.144895
50.000000 350.000000 0.110881
60.000000 350.000000 0.099039
70.000000 350.000000 0.073594
80.000000 350.000000 0.059034
90.000000 350.000000 0.066335
100.000000 350.000000 0.059490
110.000000 350.000000 0.053752
120.000000 350.000000 0.056483
130.000000 350.000000 0.050349
140.000000 350.000000 0.045304
150.000000 350.000000 0.060868
160.000000 350.000000 0.070208
170.000000 350.000000 0.063365
180.000000 350.000000 0.063170
190.000000 350.000000 0.070093
200.000000 350.000000 0.075396
210.000000 350.000000 0.052611
220.000000 350.000000 0.052174
230.000000 350.000000 0.078059
240.000000 350.000000 0.088479
250.000000 350.000000 0.088391
260.000000 350.000000 0.075829
270.000000 350.000000 0.073244
280.000000 350.000000 0.094711
290.000000 350.000000 0.100177
300.000000 350.000000 0.103607
310.000000 350.000000 0.109577
320.000000 350.000000 0.105011
330.000000 350.000000 0.100033
340.000000 350.000000 0.105719
350.000000 350.000000 0.104996
360.000000 350.000000 0.120223
370.000000 350.000000 0.130505
380.000000 350.000000 0.114508
390.000000 350.000000 0.110775
400.000000 350.000000 0.121089
410.000000 350.000000 0.153428
420.000000 350.000000 0.160528
430.000000 350.000000 0.101636
440.000000 350.000000 0.076781
450.000000 350.000000 0.090101
460.000000 350.000000 0.111865
470.000000 350.000000 0.166434
480.000000 350.000000 0.319029
490.000000 350.000000 0.482755
500.000000 350.000000 0.482755
0.000000 360.000000 0.717153
10.000000 360.000000 0.717153
20.000000 360.000000 0.496120
30.000000 360.000000 0.281617
40.000000 360.000000 0.192559
50.000000 360.000000 0.135497
60.000000 360.000000 0.098947
70.000000 360.000000 0.069786
80.000000 360.000000 0.062462
90.000000 360.000000 0.071827
100.000000 360.000000 0.059955
110.000000 360.000000 0.053431
120.000000 360.000000 0.066222
130.000000 360.000000 0.065532
140.000000 360.000000 0.057800
150.000000 360.000000 0.064963
160.000000 360.000000 0.058772
170.000000 360.000000 0.047077
180.000000 360.000000 0.045557
190.000000 360.000000 0.053637
200.000000 360.000000 0.063880
210.000000 360.000000 0.053204
220.000000 360.000000 0.048102
230.000000 360.000000 0.068120
240.000000 360.000000 0.093018
250.000000 360.000000 0.097279
260.000000 360.000000 0.100487
270.000000 360.000000 0.100073
280.000000 360.000000 0.102280
290.000000 360.000000 0.098286
300.000000 360.000000 0.098778
310.000000 360.000000 0.088254
320.000000 360.000000 0.079637
330.000000 360.000000 0.084560
340.000000 360.000000 0.083808
350.000000 360.000000 0.091264
360.000000 360.000000 0.104551
370.000000 360.000000 0.108968
380.000000 360.000000 0.101581
390.000000 360.000000 0.108694
400.000000 360.000000 0.127076
410.000000 360.000000 0.165585
420.000000 360.000000 0.170399
430.000000 360.000000 0.107890
440.000000 360.000000 0.090444
450.000000 360.000000 0.120002
460.000000 360.000000 0.165428
470.000000 360.000000 0.248541
480.000000 360.000000 0.443506
490.000000 360.000000 0.609535
500.000000 360.000000 0.609535
0.000000 370.000000 0.792192
10.000000 370.000000 0.792192
20.000000 370.000000 0.635139
30.000000 370.000000 0.394294
40.000000 370.000000 0.223507
50.000000 370.000000 0.136463
60.000000 370.000000 0.102624
70.000000 370.000000 0.086538
80.000000 370.000000 0.086912
90.000000 370.000000 0.083435
100.000000 370.000000 0.074443
110.000000 370.000000 0.074554
120.000000 370.000000 0.085277
130.000000 370.000000 0.089735
140.000000 370.000000 0.085923
150.000000 370.000000 0.077261
160.000000 370.000000 0.062453
170.000000 370.000000 0.046050
180.000000 370.000000 0.044991
190.000000 370.000000 0.060791
200.000000 370.000000 0.074395
210.000000 370.000000 0.057109
220.000000 370.000000 0.051771
230.000000 370.000000 0.071809
240.000000 370.000000 0.084128
250.000000 370.000000 0.076502
260.000000 370.000000 0.093241
270.000000 370.000000 0.100878
280.000000 370.000000 0.083887
290.000000 370.000000 0.077257
300.000000 370.000000 0.078475
310.000000 370.000000 0.064650
320.000000 370.000000 0.060316
330.000000 370.000000 0.066339
340.000000 370.000000 0.070651
350.000000 370.000000 0.078393
360.000000 370.000000 0.084896
370.000000 370.000000 0.092027
380.000000 370.000000 0.092441
390.000000 370.000000 0.106734
400.000000 370.000000 0.114001
410.000000 370.000000 0.128660
420.000000 370.000000 0.126469
430.000000 370.000000 0.108488
440.000000 370.000000 0.116279
450.000000 370.000000 0.145452
460.000000 370.000000 0.210299
470.000000 370.000000 0.393907
480.000000 370.000000 0.602224
490.000000 370.000000 0.729204
500.000000 370.000000 0.729204
0.000000 380.000000 0.860035
10.000000 380.000000 0.860035
20.000000 380.000000 0.754573
30.000000 380.000000 0.551810
40.000000 380.000000 0.290930
50.000000 380.000000 0.163860
60.000000 380.000000 0.128451
70.000000 380.000000 0.109531
80.000000 380.000000 0.102273
90.000000 380.000000 0.074584
100.000000 380.000000 0.069447
110.000000 380.000000 0.086748
120.000000 380.000000 0.094924
130.000000 380.000000 0.095922
140.000000 380.000000 0.089951
150.000000 380.000000 0.078383
160.000000 380.000000 0.064101
170.000000 380.000000 0.047266
180.000000 380.000000 0.047170
190.000000 380.000000 0.070577
200.000000 380.000000 0.084699
210.000000 380.000000 0.060965
220.000000 380.000000 0.062238
230.000000 380.000000 0.085470
240.000000 380.000000 0.076968
250.000000 380.000000 0.059693
260.000000 380.000000 0.072507
270.000000 380.000000 0.085619
280.000000 380.000000 0.067025
290.000000 380.000000 0.060788
300.000000 380.000000 0.061418
310.000000 380.000000 0.059595
320.000000 380.000000 0.059175
330.000000 380.000000 0.066992
340.000000 380.000000 0.077408
350.000000 380.000000 0.071912
360.000000 380.000000 0.071831
370.000000 380.000000 0.079618
380.000000 380.000000 0.088794
390.000000 380.000000 0.096177
400.000000 380.000000 0.101269
410.000000 380.000000 0.108899
420.000000 380.000000 0.099895
430.000000 380.000000 0.096964
440.000000 380.000000 0.133030
450.000000 380.000000 0.172701
460.000000 380.000000 0.271922
470.000000 380.000000 0.506048
480.000000 380.000000 0.729686
490.000000 380.000000 0.829411
500.000000 380.000000 0.829411
0.000000 390.000000 0.913939
10.000000 390.000000 0.913939
20.000000 390.000000 0.843797
30.000000 390.000000 0.690176
40.000000 390.000000 0.437958
50.000000 390.000000 0.265019
60.000000 390.000000 0.175721
70.000000 390.000000 0.125008
80.000000 390.000000 0.095260
90.000000 390.000000 0.070692
100.000000 390.000000 0.069471
110.000000 390.000000 0.093522
120.000000 390.000000 0.093687
130.000000 390.000000 0.084484
140.000000 390.000000 0.079974
150.000000 390.000000 0.073159
160.000000 390.000000 0.056339
170.000000 390.000000 0.044523
180.000000 390.000000 0.043882
190.000000 390.000000 0.056295
200.000000 390.000000 0.081967
210.000000 390.000000 0.075850
220.000000 390.000000 0.077071
230.000000 390.000000 0.089231
240.000000 390.000000 0.085995
250.000000 390.000000 0.059926
260.000000 390.000000 0.057335
270.000000 390.000000 0.069950
280.000000 390.000000 0.068415
290.000000 390.000000 0.061615
300.000000 390.000000 0.063517
310.000000 390.000000 0.068465
320.000000 390.000000 0.062682
330.000000 390.000000 0.075459
340.000000 390.000000 0.091855
350.000000 390.000000 0.070251
360.000000 390.000000 0.059893
370.000000 390.000000 0.067641
380.000000 390.000000 0.074038
390.000000 390.000000 0.072389
400.000000 390.000000 0.084458
410.000000 390.000000 0.108501
420.000000 390.000000 0.096585
430.000000 390.000000 0.095940
440.000000 390.000000 0.136852
450.000000 390.000000 0.225803
460.000000 390.000000 0.435826
470.000000 390.000000 0.682716
480.000000 390.000000 0.834081
490.000000 390.000000 0.901168
500.000000 390.000000 0.901168
0.000000 400.000000 0.951837
10.000000 400.000000 0.951837
20.000000 400.000000 0.908184
30.000000 400.000000 0.802295
40.000000 400.000000 0.607507
50.000000 400.000000 0.402486
60.000000 400.000000 0.221652
70.000000 400.000000 0.147263
80.000000 400.000000 0.108239
90.000000 400.000000 0.079120
100.000000 400.000000 0.073504
110.000000 400.000000 0.095028
120.000000 400.000000 0.085107
130.000000 400.000000 0.066528
140.000000 400.000000 0.056328
150.000000 400.000000 0.058346
160.000000 400.000000 0.053649
170.000000 400.000000 0.044206
180.000000 400.000000 0.042661
190.000000 400.000000 0.046504
200.000000 400.000000 0.063497
210.000000 400.000000 0.071695
220.000000 400.000000 0.075212
230.000000 400.000000 0.083287
240.000000 400.000000 0.080032
250.000000 400.000000 0.059671
260.000000 400.000000 0.062499
270.000000 400.000000 0.081180
280.000000 400.000000 0.087893
290.000000 400.000000 0.079832
300.000000 400.000000 0.080837
310.000000 400.000000 0.080649
320.000000 400.000000 0.066000
330.000000 400.000000 0.067414
340.000000 400.000000 0.082500
350.000000 400.000000 0.069078
360.000000 400.000000 0.056904
370.000000 400.000000 0.061832
380.000000 400.000000 0.061286
390.000000 400.000000 0.057477
400.000000 400.000000 0.073306
410.000000 400.000000 0.107180
420.000000 400.000000 0.105321
430.000000 400.000000 0.119213
440.000000 400.000000 0.206587
450.000000 400.000000 0.350534
460.000000 400.000000 0.614390
470.000000 400.000000 0.801908
480.000000 400.000000 0.903498
490.000000 400.000000 0.946505
500.000000 400.000000 0.946505
0.000000 410.000000 0.975513
10.000000 410.000000 0.975513
20.000000 410.000000 0.951270
30.000000 410.000000 0.889812
40.000000 410.000000 0.767997
50.000000 410.000000 0.570107
60.000000 410.000000 0.319843
70.000000 410.000000 0.209451
80.000000 410.000000 0.136625
90.000000 410.000000 0.093707
100.000000 410.000000 0.080416
110.000000 410.000000 0.098996
120.000000 410.000000 0.086923
130.000000 410.000000 0.060453
140.000000 410.000000 0.050916
150.000000 410.000000 0.053238
160.000000 410.000000 0.057360
170.000000 410.000000 0.047523
180.000000 410.000000 0.045747
190.000000 410.000000 0.045001
200.000000 410.000000 0.048345
210.000000 410.000000 0.061754
220.000000 410.000000 0.069836
230.000000 410.000000 0.079673
240.000000 410.000000 0.071861
250.000000 410.000000 0.059033
260.000000 410.000000 0.074407
270.000000 410.000000 0.091593
280.000000 410.000000 0.099517
290.000000 410.000000 0.101622
300.000000 410.000000 0.092461
310.000000 410.000000 0.071364
320.000000 410.000000 0.064547
330.000000 410.000000 0.073625
340.000000 410.000000 0.079993
350.000000 410.000000 0.068162
360.000000 410.000000 0.060706
370.000000 410.000000 0.057518
380.000000 410.000000 0.050894
390.000000 410.000000 0.055017
400.000000 410.000000 0.068529
410.000000 410.000000 0.097380
420.000000 410.000000 0.116211
430.000000 410.000000 0.174827
440.000000 410.000000 0.330648
450.000000 410.000000 0.548306
460.000000 410.000000 0.754725
470.000000 410.000000 0.883394
480.000000 410.000000 0.947842
490.000000 410.000000 0.973166
500.000000 410.000000 0.973166
0.000000 420.000000 0.988639
10.000000 420.000000 0.988639
20.000000 420.000000 0.976375
30.000000 420.000000 0.943819
40.000000 420.000000 0.874580
50.000000 420.000000 0.748198
60.000000 420.000000 0.547639
70.000000 420.000000 0.356771
80.000000 420.000000 0.194479
90.000000 420.000000 0.123036
100.000000 420.000000 0.090886
110.000000 420.000000 0.092736
120.000000 420.000000 0.076603
130.000000 420.000000 0.061106
140.000000 420.000000 0.060134
150.000000 420.000000 0.062029
160.000000 420.000000 0.058089
170.000000 420.000000 0.053879
180.000000 420.000000 0.061427
190.000000 420.000000 0.057898
200.000000 420.000000 0.046658
210.000000 420.000000 0.054078
220.000000 420.000000 0.070566
230.000000 420.000000 0.082310
240.000000 420.000000 0.084545
250.000000 420.000000 0.067933
260.000000 420.000000 0.070689
270.000000 420.000000 0.064853
280.000000 420.000000 0.067364
290.000000 420.000000 0.075115
300.000000 420.000000 0.069216
310.000000 420.000000 0.061607
320.000000 420.000000 0.065238
330.000000 420.000000 0.083534
340.000000 420.000000 0.071294
350.000000 420.000000 0.052048
360.000000 420.000000 0.049992
370.000000 420.000000 0.050404
380.000000 420.000000 0.053618
390.000000 420.000000 0.066262
400.000000 420.000000 0.079965
410.000000 420.000000 0.105567
420.000000 420.000000 0.163526
430.000000 420.000000 0.307560
440.000000 420.000000 0.517577
450.000000 420.000000 0.710014
460.000000 420.000000 0.856165
470.000000 420.000000 0.936790
480.000000 420.000000 0.973783
490.000000 420.000000 0.987407
500.000000 420.000000 0.987407
0.000000 430.000000 0.995139
10.000000 430.000000 0.995139
20.000000 430.000000 0.989426
30.000000 430.000000 0.973474
40.000000 430.000000 0.936841
50.000000 430.000000 0.862234
60.000000 430.000000 0.730784
70.000000 430.000000 0.543469
80.000000 430.000000 0.304711
90.000000 430.000000 0.184274
100.000000 430.000000 0.121887
110.000000 430.000000 0.094432
120.000000 430.000000 0.076865
130.000000 430.000000 0.071303
140.000000 430.000000 0.074605
150.000000 430.000000 0.077605
160.000000 430.000000 0.068262
170.000000 430.000000 0.070480
180.000000 430.000000 0.081981
190.000000 430.000000 0.066390
200.000000 430.000000 0.049760
210.000000 430.000000 0.050056
220.000000 430.000000 0.065372
230.000000 430.000000 0.072174
240.000000 430.000000 0.080577
250.000000 430.000000 0.070113
260.000000 430.000000 0.066992
270.000000 430.000000 0.054153
280.000000 430.000000 0.052025
290.000000 430.000000 0.061213
300.000000 430.000000 0.070897
310.000000 430.000000 0.065986
320.000000 430.000000 0.057071
330.000000 430.000000 0.064050
340.000000 430.000000 0.054016
350.000000 430.000000 0.048236
360.000000 430.000000 0.050782
370.000000 430.000000 0.053255
380.000000 430.000000 0.067960
390.000000 430.000000 0.094769
400.000000 430.000000 0.117931
410.000000 430.000000 0.163639
420.000000 430.000000 0.294110
430.000000 430.000000 0.497118
440.000000 430.000000 0.686044
450.000000 430.000000 0.831006
460.000000 430.000000 0.922106
470.000000 430.000000 0.967839
480.000000 430.000000 0.987480
490.000000 430.000000 0.994356
500.000000 430.000000 0.994356
0.000000 440.000000 0.998034
10.000000 440.000000 0.998034
20.000000 440.000000 0.995517
30.000000 440.000000 0.988147
40.000000 440.000000 0.970109
50.000000 440.000000 0.930368
60.000000 440.000000 0.851765
70.000000 440.000000 0.705056
80.000000 440.000000 0.467058
90.000000 440.000000 0.313756
100.000000 440.000000 0.199783
110.000000 440.000000 0.145127
120.000000 440.000000 0.114642
130.000000 440.000000 0.097007
140.000000 440.000000 0.102678
150.000000 440.000000 0.104233
160.000000 440.000000 0.089278
170.000000 440.000000 0.106511
180.000000 440.000000 0.101471
190.000000 440.000000 0.066377
200.000000 440.000000 0.054397
210.000000 440.000000 0.051312
220.000000 440.000000 0.053004
230.000000 440.000000 0.056458
240.000000 440.000000 0.060060
250.000000 440.000000 0.056265
260.000000 440.000000 0.054733
270.000000 440.000000 0.052586
280.000000 440.000000 0.053031
290.000000 440.000000 0.061989
300.000000 440.000000 0.088129
310.000000 440.000000 0.072662
320.000000 440.000000 0.054872
330.000000 440.000000 0.056045
340.000000 440.000000 0.051731
350.000000 440.000000 0.058929
360.000000 440.000000 0.068112
370.000000 440.000000 0.070545
380.000000 440.000000 0.089639
390.000000 440.000000 0.130668
400.000000 440.000000 0.182901
410.000000 440.000000 0.294501
420.000000 440.000000 0.510057
430.000000 440.000000 0.686971
440.000000 440.000000 0.820054
450.000000 440.000000 0.910436
460.000000 440.000000 0.960932
470.000000 440.000000 0.984630
480.000000 440.000000 0.994313
490.000000 440.000000 0.997573
500.000000 440.000000 0.997573
0.000000 450.000000 0.999228
10.000000 450.000000 0.999228
20.000000 450.000000 0.998151
30.000000 450.000000 0.994868
40.000000 450.000000 0.986454
50.000000 450.000000 0.967068
60.000000 450.000000 0.927280
70.000000 450.000000 0.854185
80.000000 450.000000 0.733288
90.000000 450.000000 0.568133
100.000000 450.000000 0.373021
110.000000 450.000000 0.278910
120.000000 450.000000 0.195287
130.000000 450.000000 0.154283
140.000000 450.000000 0.167062
150.000000 450.000000 0.154838
160.000000 450.000000 0.116388
170.000000 450.000000 0.119185
180.000000 450.000000 0.101786
190.000000 450.000000 0.071825
200.000000 450.000000 0.069647
210.000000 450.000000 0.061625
220.000000 450.000000 0.058409
230.000000 450.000000 0.067536
240.000000 450.000000 0.075864
250.000000 450.000000 0.062146
260.000000 450.000000 0.054420
270.000000 450.000000 0.058819
280.000000 450.000000 0.060411
290.000000 450.000000 0.058692
300.000000 450.000000 0.076976
310.000000 450.000000 0.064046
320.000000 450.000000 0.053536
330.000000 450.000000 0.054423
340.000000 450.000000 0.059812
350.000000 450.000000 0.073666
360.000000 450.000000 0.091146
370.000000 450.000000 0.108335
380.000000 450.000000 0.152223
390.000000 450.000000 0.217184
400.000000 450.000000 0.336802
410.000000 450.000000 0.561573
420.000000 450.000000 0.718421
430.000000 450.000000 0.831364
440.000000 450.000000 0.909779
450.000000 450.000000 0.957526
460.000000 450.000000 0.982205
470.000000 450.000000 0.993240
480.000000 450.000000 0.997590
490.000000 450.000000 0.999013
500.000000 450.000000 0.999013
0.000000 460.000000 0.999702
10.000000 460.000000 0.999702
20.000000 460.000000 0.999256
30.000000 460.000000 0.997855
40.000000 460.000000 0.994158
50.000000 460.000000 0.985421
60.000000 460.000000 0.967041
70.000000 460.000000 0.932534
80.000000 460.000000 0.873118
90.000000 460.000000 0.778273
100.000000 460.000000 0.634665
110.000000 460.000000 0.472782
120.000000 460.000000 0.311084
130.000000 460.000000 0.202871
140.000000 460.000000 0.194847
150.000000 460.000000 0.171776
160.000000 460.000000 0.137609
170.000000 460.000000 0.119625
180.000000 460.000000 0.099638
190.000000 460.000000 0.080717
200.000000 460.000000 0.070267
210.000000 460.000000 0.068868
220.000000 460.000000 0.073163
230.000000 460.000000 0.086389
240.000000 460.000000 0.090007
250.000000 460.000000 0.070350
260.000000 460.000000 0.056391
270.000000 460.000000 0.056184
280.000000 460.000000 0.055085
290.000000 460.000000 0.055760
300.000000 460.000000 0.063021
310.000000 460.000000 0.062511
320.000000 460.000000 0.059382
330.000000 460.000000 0.066727
340.000000 460.000000 0.085162
350.000000 460.000000 0.104400
360.000000 460.000000 0.137185
370.000000 460.000000 0.186627
380.000000 460.000000 0.302491
390.000000 460.000000 0.442144
400.000000 460.000000 0.592450
410.000000 460.000000 0.757389
420.000000 460.000000 0.856703
430.000000 460.000000 0.920644
440.000000 460.000000 0.960166
450.000000 460.000000 0.982066
460.000000 460.000000 0.992718
470.000000 460.000000 0.997303
480.000000 460.000000 0.999062
490.000000 460.000000 0.999626
500.000000 460.000000 0.999626
0.000000 470.000000 0.999888
10.000000 470.000000 0.999888
20.000000 470.000000 0.999712
30.000000 470.000000 0.999151
40.000000 470.000000 0.997647
50.000000 470.000000 0.994039
60.000000 470.000000 0.986286
70.000000 470.000000 0.971157
80.000000 470.000000 0.943223
90.000000 470.000000 0.892736
100.000000 470.000000 0.805072
110.000000 470.000000 0.673376
120.000000 470.000000 0.467652
130.000000 470.000000 0.300445
140.000000 470.000000 0.230943
150.000000 470.000000 0.182533
160.000000 470.000000 0.166039
170.000000 470.000000 0.138066
180.000000 470.000000 0.125286
190.000000 470.000000 0.098671
200.000000 470.000000 0.082236
210.000000 470.000000 0.092283
220.000000 470.000000 0.096705
230.000000 470.000000 0.090145
240.000000 470.000000 0.075192
250.000000 470.000000 0.073171
260.000000 470.000000 0.069463
270.000000 470.000000 0.059912
280.000000 470.000000 0.057691
290.000000 470.000000 0.058968
300.000000 470.000000 0.068399
310.000000 470.000000 0.078726
320.000000 470.000000 0.077825
330.000000 470.000000 0.096174
340.000000 470.000000 0.131479
350.000000 470.000000 0.182298
360.000000 470.000000 0.288198
370.000000 470.000000 0.365443
380.000000 470.000000 0.519917
390.000000 470.000000 0.681128
400.000000 470.000000 0.797512
410.000000 470.000000 0.882261
420.000000 470.000000 0.935228
430.000000 470.000000 0.966675
440.000000 470.000000 0.984225
450.000000 470.000000 0.993181
460.000000 470.000000 0.997306
470.000000 470.000000 0.999022
480.000000 470.000000 0.999666
490.000000 470.000000 0.999869
500.000000 470.000000 0.999869
0.000000 480.000000 0.999959
10.000000 480.000000 0.999959
20.000000 480.000000 0.999893
30.000000 480.000000 0.999680
40.000000 480.000000 0.999105
50.000000 480.000000 0.997709
60.000000 480.000000 0.994629
70.000000 480.000000 0.988302
80.000000 480.000000 0.975659
90.000000 480.000000 0.950620
100.000000 480.000000 0.903708
110.000000 480.000000 0.826743
120.000000 480.000000 0.708288
130.000000 480.000000 0.558167
140.000000 480.000000 0.436298
150.000000 480.000000 0.314825
160.000000 480.000000 0.255804
170.000000 480.000000 0.216811
180.000000 480.000000 0.188365
190.000000 480.000000 0.119069
200.000000 480.000000 0.102157
210.000000 480.000000 0.110522
220.000000 480.000000 0.095586
230.000000 480.000000 0.078659
240.000000 480.000000 0.068738
250.000000 480.000000 0.074442
260.000000 480.000000 0.080901
270.000000 480.000000 0.081608
280.000000 480.000000 0.083195
290.000000 480.000000 0.078173
300.000000 480.000000 0.094339
310.000000 480.000000 0.115546
320.000000 480.000000 0.124521
330.000000 480.000000 0.147497
340.000000 480.000000 0.213375
350.000000 480.000000 0.326930
360.000000 480.000000 0.493253
370.000000 480.000000 0.613320
380.000000 480.000000 0.734637
390.000000 480.000000 0.833220
400.000000 480.000000 0.901860
410.000000 480.000000 0.946367
420.000000 480.000000 0.972593
430.000000 480.000000 0.986887
440.000000 480.000000 0.994151
450.000000 480.000000 0.997578
460.000000 480.000000 0.999070
470.000000 480.000000 0.999669
480.000000 480.000000 0.999888
490.000000 480.000000 0.999957
500.000000 480.000000 0.999957
0.000000 490.000000 0.999983
10.000000 490.000000 0.999983
20.000000 490.000000 0.999954
30.000000 490.000000 0.999862
40.000000 490.000000 0.999612
50.000000 490.000000 0.998994
60.000000 490.000000 0.997580
70.000000 490.000000 0.994492
80.000000 490.000000 0.987829
90.000000 490.000000 0.973704
100.000000 490.000000 0.945947
110.000000 490.000000 0.898531
120.000000 490.000000 0.828209
130.000000 490.000000 0.735654
140.000000 490.000000 0.631474
150.000000 490.000000 0.514387
160.000000 490.000000 0.393795
170.000000 490.000000 0.331363
180.000000 490.000000 0.268322
190.000000 490.000000 0.164327
200.000000 490.000000 0.119277
210.000000 490.000000 0.111411
220.000000 490.000000 0.090452
230.000000 490.000000 0.081118
240.000000 490.000000 0.087625
250.000000 490.000000 0.088827
260.000000 490.000000 0.082162
270.000000 490.000000 0.088365
280.000000 490.000000 0.103347
290.000000 490.000000 0.115464
300.000000 490.000000 0.132104
310.000000 490.000000 0.155258
320.000000 490.000000 0.182143
330.000000 490.000000 0.220907
340.000000 490.000000 0.354667
350.000000 490.000000 0.511209
360.000000 490.000000 0.637529
370.000000 490.000000 0.741698
380.000000 490.000000 0.832206
390.000000 490.000000 0.899775
400.000000 490.000000 0.944589
410.000000 490.000000 0.971702
420.000000 490.000000 0.986566
430.000000 490.000000 0.994021
440.000000 490.000000 0.997495
450.000000 490.000000 0.999011
460.000000 490.000000 0.999633
470.000000 490.000000 0.999872
480.000000 490.000000 0.999958
490.000000 490.000000 0.999984
500.000000 490.000000 0.999984
0.000000 500.000000 0.999983
10.000000 500.000000 0.999983
20.000000 500.000000 0.999954
30.000000 500.000000 0.999862
40.000000 500.000000 0.999612
50.000000 500.000000 0.998994
60.000000 500.000000 0.997580
70.000000 500.000000 0.994492
80.000000 500.000000 0.987829
90.000000 500.000000 0.973704
100.000000 500.000000 0.945947
110.000000 500.000000 0.898531
120.000000 500.000000 0.828209
130.000000 500.000000 0.735654
140.000000 500.000000 0.631474
150.000000 500.000000 0.514387
160.000000 500.000000 0.393795
170.000000 500.000000 0.331363
180.000000 500.000000 0.268322
190.000000 500.000000 0.164327
200.000000 500.000000 0.119277
210.000000 500.000000 0.111411
220.000000 500.000000 0.090452
230.000000 500.000000 0.081118
240.000000 500.000000 0.087625
250.000000 500.000000 0.088827
260.000000 500.000000 0.082162
270.000000 500.000000 0.088365
280.000000 500.000000 0.103347
290.000000 500.000000 0.115464
300.000000 500.000000 0.132104
310.000000 500.000000 0.155258
320.000000 500.000000 0.182143
330.000000 500.000000 0.220907
340.000000 500.000000 0.354667
350.000000 500.000000 0.511209
360.000000 500.000000 0.637529
370.000000 500.000000 0.741698
380.000000 500.000000 0.832206
390.000000 500.000000 0.899775
400.000000 500.000000 0.944589
410.000000 500.000000 0.971702
420.000000 500.000000 0.986566
430.000000 500.000000 0.994021
440.000000 500.000000 0.997495
450.000000 500.000000 0.999011
460.000000 500.000000 0.999633
470.000000 500.000000 0.999872
480.000000 500.000000 0.999958
490.000000 500.000000 0.999984
500.000000 500.000000 0.999984
