# 500.000000 500.000000
# 51 51
# 0 16 
0.000000 0.000000 1.000000
10.000000 0.000000 1.000000
20.000000 0.000000 1.000000
30.000000 0.000000 1.000000
40.000000 0.000000 0.999999
50.000000 0.000000 0.999997
60.000000 0.000000 0.999986
70.000000 0.000000 0.999945
80.000000 0.000000 0.999815
90.000000 0.000000 0.999466
100.000000 0.000000 0.998558
110.000000 0.000000 0.995682
120.000000 0.000000 0.987769
130.000000 0.000000 0.972254
140.000000 0.000000 0.944226
150.000000 0.000000 0.917377
160.000000 0.000000 0.810971
170.000000 0.000000 0.563926
180.000000 0.000000 0.495391
190.000000 0.000000 0.457600
200.000000 0.000000 0.490314
210.000000 0.000000 0.502792
220.000000 0.000000 0.469205
230.000000 0.000000 0.491650
240.000000 0.000000 0.697458
250.000000 0.000000 0.929155
260.000000 0.000000 0.943866
270.000000 0.000000 0.823553
280.000000 0.000000 0.523841
290.000000 0.000000 0.422044
300.000000 0.000000 0.466200
310.000000 0.000000 0.606590
320.000000 0.000000 0.671382
330.000000 0.000000 0.777560
340.000000 0.000000 0.801564
350.000000 0.000000 0.838571
360.000000 0.000000 0.868633
370.000000 0.000000 0.934153
380.000000 0.000000 0.963948
390.000000 0.000000 0.982197
400.000000 0.000000 0.993598
410.000000 0.000000 0.998197
420.000000 0.000000 0.999550
430.000000 0.000000 0.999892
440.000000 0.000000 0.999974
450.000000 0.000000 0.999994
460.000000 0.000000 0.999998
470.000000 0.000000 1.000000
480.000000 0.000000 1.000000
490.000000 0.000000 1.000000
500.000000 0.000000 1.000000
0.000000 10.000000 1.000000
10.000000 10.000000 1.000000
20.000000 10.000000 1.000000
30.000000 10.000000 1.000000
40.000000 10.000000 0.999999
50.000000 10.000000 0.999997
60.000000 10.000000 0.999986
70.000000 10.000000 0.999945
80.000000 10.000000 0.999815
90.000000 10.000000 0.999466
100.000000 10.000000 0.998558
110.000000 10.000000 0.995682
120.000000 10.000000 0.987769
130.000000 10.000000 0.972254
140.000000 10.000000 0.944226
150.000000 10.000000 0.917377
160.000000 10.000000 0.810971
170.000000 10.000000 0.563926
180.000000 10.000000 0.495391
190.000000 10.000000 0.457600
200.000000 10.000000 0.490314
210.000000 10.000000 0.502792
220.000000 10.000000 0.469205
230.000000 10.000000 0.491650
240.000000 10.000000 0.697458
250.000000 10.000000 0.929155
260.000000 10.000000 0.943866
270.000000 10.000000 0.823553
280.000000 10.000000 0.523841
290.000000 10.000000 0.422044
300.000000 10.000000 0.466200
310.000000 10.000000 0.606590
320.000000 10.000000 0.671382
330.000000 10.000000 0.777560
340.000000 10.000000 0.801564
350.000000 10.000000 0.838571
360.000000 10.000000 0.868633
370.000000 10.000000 0.934153
380.000000 10.000000 0.963948
390.000000 10.000000 0.982197
400.000000 10.000000 0.993598
410.000000 10.000000 0.998197
420.000000 10.000000 0.999550
430.000000 10.000000 0.999892
440.000000 10.000000 0.999974
450.000000 10.000000 0.999994
460.000000 10.000000 0.999998
470.000000 10.000000 1.000000
480.000000 10.000000 1.000000
490.000000 10.000000 1.000000
500.000000 10.000000 1.000000
0.000000 20.000000 1.000000
10.000000 20.000000 1.000000
20.000000 20.000000 1.000000
30.000000 20.000000 0.999999
40.000000 20.000000 0.999997
50.000000 20.000000 0.999985
60.000000 20.000000 0.999934
70.000000 20.000000 0.999737
80.000000 20.000000 0.999114
90.000000 20.000000 0.997558
100.000000 20.000000 0.994270
110.000000 20.000000 0.984469
120.000000 20.000000 0.956386
130.000000 20.000000 0.901708
140.000000 20.000000 0.772763
150.000000 20.000000 0.723974
160.000000 20.000000 0.721822
170.000000 20.000000 0.480969
180.000000 20.000000 0.393339
190.000000 20.000000 0.371316
200.000000 20.000000 0.374461
210.000000 20.000000 0.392473
220.000000 20.000000 0.401444
230.000000 20.000000 0.505631
240.000000 20.000000 0.773197
250.000000 20.000000 0.939199
260.000000 20.000000 0.931871
270.000000 20.000000 0.766431
280.000000 20.000000 0.498912
290.000000 20.000000 0.445925
300.000000 20.000000 0.438593
310.000000 20.000000 0.449681
320.000000 20.000000 0.462663
330.000000 20.000000 0.511450
340.000000 20.000000 0.518746
350.000000 20.000000 0.580196
360.000000 20.000000 0.618597
370.000000 20.000000 0.817471
380.000000 20.000000 0.884522
390.000000 20.000000 0.942597
400.000000 20.000000 0.980118
410.000000 20.000000 0.994428
420.000000 20.000000 0.998490
430.000000 20.000000 0.999586
440.000000 20.000000 0.999884
450.000000 20.000000 0.999968
460.000000 20.000000 0.999992
470.000000 20.000000 0.999998
480.000000 20.000000 1.000000
490.000000 20.000000 1.000000
500.000000 20.000000 1.000000
0.000000 30.000000 1.000000
10.000000 30.000000 1.000000
20.000000 30.000000 0.999999
30.000000 30.000000 0.999997
40.000000 30.000000 0.999985
50.000000 30.000000 0.999927
60.000000 30.000000 0.999674
70.000000 30.000000 0.998707
80.000000 30.000000 0.995619
90.000000 30.000000 0.988047
100.000000 30.000000 0.975146
110.000000 30.000000 0.943787
120.000000 30.000000 0.850773
130.000000 30.000000 0.682371
140.000000 30.000000 0.525932
150.000000 30.000000 0.503320
160.000000 30.000000 0.569959
170.000000 30.000000 0.446020
180.000000 30.000000 0.365550
190.000000 30.000000 0.352636
200.000000 30.000000 0.353529
210.000000 30.000000 0.380524
220.000000 30.000000 0.384412
230.000000 30.000000 0.480752
240.000000 30.000000 0.684130
250.000000 30.000000 0.921499
260.000000 30.000000 0.945153
270.000000 30.000000 0.841592
280.000000 30.000000 0.643641
290.000000 30.000000 0.673741
300.000000 30.000000 0.638300
310.000000 30.000000 0.501191
320.000000 30.000000 0.479893
330.000000 30.000000 0.549351
340.000000 30.000000 0.525399
350.000000 30.000000 0.514636
360.000000 30.000000 0.472151
370.000000 30.000000 0.593962
380.000000 30.000000 0.631850
390.000000 30.000000 0.835581
400.000000 30.000000 0.945803
410.000000 30.000000 0.983615
420.000000 30.000000 0.994509
430.000000 30.000000 0.998194
440.000000 30.000000 0.999421
450.000000 30.000000 0.999826
460.000000 30.000000 0.999953
470.000000 30.000000 0.999989
480.000000 30.000000 0.999998
490.000000 30.000000 1.000000
500.000000 30.000000 1.000000
0.000000 40.000000 0.999999
10.000000 40.000000 0.999999
20.000000 40.000000 0.999997
30.000000 40.000000 0.999985
40.000000 40.000000 0.999927
50.000000 40.000000 0.999667
60.000000 40.000000 0.998567
70.000000 40.000000 0.994474
80.000000 40.000000 0.981324
90.000000 40.000000 0.946754
100.000000 40.000000 0.885740
110.000000 40.000000 0.804979
120.000000 40.000000 0.597718
130.000000 40.000000 0.459789
140.000000 40.000000 0.436708
150.000000 40.000000 0.422074
160.000000 40.000000 0.419557
170.000000 40.000000 0.372164
180.000000 40.000000 0.354805
190.000000 40.000000 0.355635
200.000000 40.000000 0.368119
210.000000 40.000000 0.382258
220.000000 40.000000 0.399715
230.000000 40.000000 0.525337
240.000000 40.000000 0.724002
250.000000 40.000000 0.880940
260.000000 40.000000 0.947755
270.000000 40.000000 0.940431
280.000000 40.000000 0.896383
290.000000 40.000000 0.876201
300.000000 40.000000 0.777543
310.000000 40.000000 0.531048
320.000000 40.000000 0.590612
330.000000 40.000000 0.784474
340.000000 40.000000 0.799697
350.000000 40.000000 0.657132
360.000000 40.000000 0.452536
370.000000 40.000000 0.441229
380.000000 40.000000 0.474518
390.000000 40.000000 0.701763
400.000000 40.000000 0.899280
410.000000 40.000000 0.957072
420.000000 40.000000 0.979467
430.000000 40.000000 0.992194
440.000000 40.000000 0.997221
450.000000 40.000000 0.999105
460.000000 40.000000 0.999754
470.000000 40.000000 0.999942
480.000000 40.000000 0.999988
490.000000 40.000000 0.999998
500.000000 40.000000 0.999998
0.000000 50.000000 0.999996
10.000000 50.000000 0.999996
20.000000 50.000000 0.999984
30.000000 50.000000 0.999925
40.000000 50.000000 0.999671
50.000000 50.000000 0.998597
60.000000 50.000000 0.994314
70.000000 50.000000 0.979807
80.000000 50.000000 0.936260
90.000000 50.000000 0.801626
100.000000 50.000000 0.645882
110.000000 50.000000 0.619066
120.000000 50.000000 0.475715
130.000000 50.000000 0.406770
140.000000 50.000000 0.392269
150.000000 50.000000 0.373269
160.000000 50.000000 0.390158
170.000000 50.000000 0.360064
180.000000 50.000000 0.368924
190.000000 50.000000 0.404618
200.000000 50.000000 0.449579
210.000000 50.000000 0.454395
220.000000 50.000000 0.429740
230.000000 50.000000 0.453819
240.000000 50.000000 0.517545
250.000000 50.000000 0.662120
260.000000 50.000000 0.884861
270.000000 50.000000 0.938002
280.000000 50.000000 0.954140
290.000000 50.000000 0.944587
300.000000 50.000000 0.852018
310.000000 50.000000 0.628602
320.000000 50.000000 0.719800
330.000000 50.000000 0.893149
340.000000 50.000000 0.906756
350.000000 50.000000 0.762452
360.000000 50.000000 0.516647
370.000000 50.000000 0.441282
380.000000 50.000000 0.441343
390.000000 50.000000 0.567761
400.000000 50.000000 0.804083
410.000000 50.000000 0.854910
420.000000 50.000000 0.916770
430.000000 50.000000 0.968566
440.000000 50.000000 0.987884
450.000000 50.000000 0.995876
460.000000 50.000000 0.998849
470.000000 50.000000 0.999734
480.000000 50.000000 0.999948
490.000000 50.000000 0.999990
500.000000 50.000000 0.999990
0.000000 60.000000 0.999980
10.000000 60.000000 0.999980
20.000000 60.000000 0.999918
30.000000 60.000000 0.999647
40.000000 60.000000 0.998572
50.000000 60.000000 0.994325
60.000000 60.000000 0.977950
70.000000 60.000000 0.932355
80.000000 60.000000 0.840011
90.000000 60.000000 0.581729
100.000000 60.000000 0.507675
110.000000 60.000000 0.511957
120.000000 60.000000 0.430702
130.000000 60.000000 0.389520
140.000000 60.000000 0.376341
150.000000 60.000000 0.371769
160.000000 60.000000 0.365601
170.000000 60.000000 0.389935
180.000000 60.000000 0.416722
190.000000 60.000000 0.539452
200.000000 60.000000 0.681481
210.000000 60.000000 0.677705
220.000000 60.000000 0.635857
230.000000 60.000000 0.591245
240.000000 60.000000 0.490801
250.000000 60.000000 0.540654
260.000000 60.000000 0.764619
270.000000 60.000000 0.823928
280.000000 60.000000 0.916525
290.000000 60.000000 0.954505
300.000000 60.000000 0.922626
310.000000 60.000000 0.811370
320.000000 60.000000 0.868339
330.000000 60.000000 0.948745
340.000000 60.000000 0.954222
350.000000 60.000000 0.880234
360.000000 60.000000 0.667638
370.000000 60.000000 0.448952
380.000000 60.000000 0.446001
390.000000 60.000000 0.447128
400.000000 60.000000 0.532757
410.000000 60.000000 0.551057
420.000000 60.000000 0.703569
430.000000 60.000000 0.896677
440.000000 60.000000 0.954294
450.000000 60.000000 0.983581
460.000000 60.000000 0.995419
470.000000 60.000000 0.998965
480.000000 60.000000 0.999802
490.000000 60.000000 0.999962
500.000000 60.000000 0.999962
0.000000 70.000000 0.999908
10.000000 70.000000 0.999908
20.000000 70.000000 0.999622
30.000000 70.000000 0.998422
40.000000 70.000000 0.994082
50.000000 70.000000 0.977874
60.000000 70.000000 0.910350
70.000000 70.000000 0.753339
80.000000 70.000000 0.673265
90.000000 70.000000 0.507604
100.000000 70.000000 0.477363
110.000000 70.000000 0.521921
120.000000 70.000000 0.480246
130.000000 70.000000 0.454973
140.000000 70.000000 0.375046
150.000000 70.000000 0.369573
160.000000 70.000000 0.351221
170.000000 70.000000 0.388208
180.000000 70.000000 0.436686
190.000000 70.000000 0.582840
200.000000 70.000000 0.618901
210.000000 70.000000 0.587476
220.000000 70.000000 0.739956
230.000000 70.000000 0.779960
240.000000 70.000000 0.579671
250.000000 70.000000 0.448364
260.000000 70.000000 0.497297
270.000000 70.000000 0.532442
280.000000 70.000000 0.762301
290.000000 70.000000 0.904435
300.000000 70.000000 0.882581
310.000000 70.000000 0.798687
320.000000 70.000000 0.800177
330.000000 70.000000 0.920778
340.000000 70.000000 0.943123
350.000000 70.000000 0.866986
360.000000 70.000000 0.594913
370.000000 70.000000 0.451272
380.000000 70.000000 0.515149
390.000000 70.000000 0.417321
400.000000 70.000000 0.417398
410.000000 70.000000 0.436055
420.000000 70.000000 0.576836
430.000000 70.000000 0.755804
440.000000 70.000000 0.850497
450.000000 70.000000 0.946372
460.000000 70.000000 0.985423
470.000000 70.000000 0.996814
480.000000 70.000000 0.999407
490.000000 70.000000 0.999889
500.000000 70.000000 0.999889
0.000000 80.000000 0.999623
10.000000 80.000000 0.999623
20.000000 80.000000 0.998431
30.000000 80.000000 0.993545
40.000000 80.000000 0.977474
50.000000 80.000000 0.926177
60.000000 80.000000 0.762220
70.000000 80.000000 0.551463
80.000000 80.000000 0.452300
90.000000 80.000000 0.422389
100.000000 80.000000 0.485058
110.000000 80.000000 0.553502
120.000000 80.000000 0.461651
130.000000 80.000000 0.409774
140.000000 80.000000 0.360290
150.000000 80.000000 0.358837
160.000000 80.000000 0.342728
170.000000 80.000000 0.353483
180.000000 80.000000 0.382996
190.000000 80.000000 0.426265
200.000000 80.000000 0.434864
210.000000 80.000000 0.491082
220.000000 80.000000 0.735555
230.000000 80.000000 0.832248
240.000000 80.000000 0.624912
250.000000 80.000000 0.445442
260.000000 80.000000 0.494314
270.000000 80.000000 0.463652
280.000000 80.000000 0.641383
290.000000 80.000000 0.811043
300.000000 80.000000 0.668807
310.000000 80.000000 0.560903
320.000000 80.000000 0.580408
330.000000 80.000000 0.787087
340.000000 80.000000 0.865191
350.000000 80.000000 0.800391
360.000000 80.000000 0.556102
370.000000 80.000000 0.438496
380.000000 80.000000 0.452012
390.000000 80.000000 0.424581
400.000000 80.000000 0.383930
410.000000 80.000000 0.392715
420.000000 80.000000 0.450283
430.000000 80.000000 0.512974
440.000000 80.000000 0.634301
450.000000 80.000000 0.876129
460.000000 80.000000 0.967491
470.000000 80.000000 0.993020
480.000000 80.000000 0.998703
490.000000 80.000000 0.999755
500.000000 80.000000 0.999755
0.000000 90.000000 0.998716
10.000000 90.000000 0.998716
20.000000 90.000000 0.994481
30.000000 90.000000 0.976729
40.000000 90.000000 0.920244
50.000000 90.000000 0.780115
60.000000 90.000000 0.578609
70.000000 90.000000 0.459864
80.000000 90.000000 0.396670
90.000000 90.000000 0.421583
100.000000 90.000000 0.580674
110.000000 90.000000 0.683547
120.000000 90.000000 0.496304
130.000000 90.000000 0.403667
140.000000 90.000000 0.357425
150.000000 90.000000 0.346547
160.000000 90.000000 0.369150
170.000000 90.000000 0.392198
180.000000 90.000000 0.356674
190.000000 90.000000 0.369362
200.000000 90.000000 0.400476
210.000000 90.000000 0.487871
220.000000 90.000000 0.745291
230.000000 90.000000 0.831756
240.000000 90.000000 0.582661
250.000000 90.000000 0.445962
260.000000 90.000000 0.545408
270.000000 90.000000 0.472475
280.000000 90.000000 0.510899
290.000000 90.000000 0.709639
300.000000 90.000000 0.645466
310.000000 90.000000 0.588049
320.000000 90.000000 0.496339
330.000000 90.000000 0.567799
340.000000 90.000000 0.613662
350.000000 90.000000 0.570224
360.000000 90.000000 0.494224
370.000000 90.000000 0.465220
380.000000 90.000000 0.429136
390.000000 90.000000 0.461082
400.000000 90.000000 0.400698
410.000000 90.000000 0.406444
420.000000 90.000000 0.447030
430.000000 90.000000 0.531005
440.000000 90.000000 0.685690
450.000000 90.000000 0.873083
460.000000 90.000000 0.960288
470.000000 90.000000 0.990031
480.000000 90.000000 0.997885
490.000000 90.000000 0.999551
500.000000 90.000000 0.999551
0.000000 100.000000 0.996550
10.000000 100.000000 0.996550
20.000000 100.000000 0.984731
30.000000 100.000000 0.932244
40.000000 100.000000 0.747408
50.000000 100.000000 0.526964
60.000000 100.000000 0.449820
70.000000 100.000000 0.379014
80.000000 100.000000 0.369513
90.000000 100.000000 0.390514
100.000000 100.000000 0.487374
110.000000 100.000000 0.642098
120.000000 100.000000 0.547115
130.000000 100.000000 0.434523
140.000000 100.000000 0.375926
150.000000 100.000000 0.367715
160.000000 100.000000 0.362543
170.000000 100.000000 0.377941
180.000000 100.000000 0.370886
190.000000 100.000000 0.370548
200.000000 100.000000 0.382220
210.000000 100.000000 0.479414
220.000000 100.000000 0.720151
230.000000 100.000000 0.772118
240.000000 100.000000 0.562375
250.000000 100.000000 0.437149
260.000000 100.000000 0.464436
270.000000 100.000000 0.527301
280.000000 100.000000 0.508643
290.000000 100.000000 0.524623
300.000000 100.000000 0.576244
310.000000 100.000000 0.652319
320.000000 100.000000 0.545371
330.000000 100.000000 0.527679
340.000000 100.000000 0.550345
350.000000 100.000000 0.546934
360.000000 100.000000 0.481237
370.000000 100.000000 0.463614
380.000000 100.000000 0.501459
390.000000 100.000000 0.636003
400.000000 100.000000 0.483422
410.000000 100.000000 0.427039
420.000000 100.000000 0.536816
430.000000 100.000000 0.679667
440.000000 100.000000 0.793355
450.000000 100.000000 0.854578
460.000000 100.000000 0.931763
470.000000 100.000000 0.979934
480.000000 100.000000 0.995377
490.000000 100.000000 0.998971
500.000000 100.000000 0.998971
0.000000 110.000000 0.992648
10.000000 110.000000 0.992648
20.000000 110.000000 0.968802
30.000000 110.000000 0.868373
40.000000 110.000000 0.621890
50.000000 110.000000 0.430206
60.000000 110.000000 0.379504
70.000000 110.000000 0.351707
80.000000 110.000000 0.355947
90.000000 110.000000 0.367384
100.000000 110.000000 0.390301
110.000000 110.000000 0.419733
120.000000 110.000000 0.406184
130.000000 110.000000 0.386247
140.000000 110.000000 0.375574
150.000000 110.000000 0.389021
160.000000 110.000000 0.388073
170.000000 110.000000 0.383979
180.000000 110.000000 0.372599
190.000000 110.000000 0.371405
200.000000 110.000000 0.388178
210.000000 110.000000 0.451314
220.000000 110.000000 0.594894
230.000000 110.000000 0.563756
240.000000 110.000000 0.448172
250.000000 110.000000 0.408925
260.000000 110.000000 0.413336
270.000000 110.000000 0.546537
280.000000 110.000000 0.504279
290.000000 110.000000 0.453108
300.000000 110.000000 0.476654
310.000000 110.000000 0.650258
320.000000 110.000000 0.713158
330.000000 110.000000 0.617866
340.000000 110.000000 0.622886
350.000000 110.000000 0.740658
360.000000 110.000000 0.626359
370.000000 110.000000 0.509254
380.000000 110.000000 0.550369
390.000000 110.000000 0.576109
400.000000 110.000000 0.515751
410.000000 110.000000 0.438051
420.000000 110.000000 0.515960
430.000000 110.000000 0.602672
440.000000 110.000000 0.623258
450.000000 110.000000 0.594093
460.000000 110.000000 0.789641
470.000000 110.000000 0.949594
480.000000 110.000000 0.989402
490.000000 110.000000 0.997773
500.000000 110.000000 0.997773
0.000000 120.000000 0.984044
10.000000 120.000000 0.984044
20.000000 120.000000 0.937250
30.000000 120.000000 0.765490
40.000000 120.000000 0.531872
50.000000 120.000000 0.415455
60.000000 120.000000 0.355068
70.000000 120.000000 0.362950
80.000000 120.000000 0.374620
90.000000 120.000000 0.405320
100.000000 120.000000 0.399558
110.000000 120.000000 0.378214
120.000000 120.000000 0.366928
130.000000 120.000000 0.373630
140.000000 120.000000 0.411142
150.000000 120.000000 0.473702
160.000000 120.000000 0.416433
170.000000 120.000000 0.372319
180.000000 120.000000 0.353144
190.000000 120.000000 0.372241
200.000000 120.000000 0.405987
210.000000 120.000000 0.443177
220.000000 120.000000 0.457786
230.000000 120.000000 0.462549
240.000000 120.000000 0.415355
250.000000 120.000000 0.421278
260.000000 120.000000 0.388223
270.000000 120.000000 0.417835
280.000000 120.000000 0.398470
290.000000 120.000000 0.394735
300.000000 120.000000 0.409506
310.000000 120.000000 0.532055
320.000000 120.000000 0.559035
330.000000 120.000000 0.467532
340.000000 120.000000 0.509093
350.000000 120.000000 0.766613
360.000000 120.000000 0.734143
370.000000 120.000000 0.504525
380.000000 120.000000 0.460847
390.000000 120.000000 0.419889
400.000000 120.000000 0.397171
410.000000 120.000000 0.380470
420.000000 120.000000 0.434617
430.000000 120.000000 0.428105
440.000000 120.000000 0.459711
450.000000 120.000000 0.498191
460.000000 120.000000 0.728797
470.000000 120.000000 0.932807
480.000000 120.000000 0.985606
490.000000 120.000000 0.996932
500.000000 120.000000 0.996932
0.000000 130.000000 0.967401
10.000000 130.000000 0.967401
20.000000 130.000000 0.886303
30.000000 130.000000 0.678604
40.000000 130.000000 0.461619
50.000000 130.000000 0.375167
60.000000 130.000000 0.344476
70.000000 130.000000 0.348972
80.000000 130.000000 0.379547
90.000000 130.000000 0.451023
100.000000 130.000000 0.435588
110.000000 130.000000 0.378483
120.000000 130.000000 0.381033
130.000000 130.000000 0.386464
140.000000 130.000000 0.418725
150.000000 130.000000 0.429979
160.000000 130.000000 0.373496
170.000000 130.000000 0.343896
180.000000 130.000000 0.348019
190.000000 130.000000 0.371652
200.000000 130.000000 0.452299
210.000000 130.000000 0.576894
220.000000 130.000000 0.603867
230.000000 130.000000 0.601984
240.000000 130.000000 0.447382
250.000000 130.000000 0.390594
260.000000 130.000000 0.388772
270.000000 130.000000 0.369691
280.000000 130.000000 0.370995
290.000000 130.000000 0.442075
300.000000 130.000000 0.397497
310.000000 130.000000 0.419224
320.000000 130.000000 0.409106
330.000000 130.000000 0.404797
340.000000 130.000000 0.476744
350.000000 130.000000 0.720083
360.000000 130.000000 0.679117
370.000000 130.000000 0.449520
380.000000 130.000000 0.391567
390.000000 130.000000 0.364475
400.000000 130.000000 0.370831
410.000000 130.000000 0.377879
420.000000 130.000000 0.420245
430.000000 130.000000 0.423366
440.000000 130.000000 0.548137
450.000000 130.000000 0.542496
460.000000 130.000000 0.729736
470.000000 130.000000 0.928841
480.000000 130.000000 0.983942
490.000000 130.000000 0.996430
500.000000 130.000000 0.996430
0.000000 140.000000 0.943863
10.000000 140.000000 0.943863
20.000000 140.000000 0.810656
30.000000 140.000000 0.548764
40.000000 140.000000 0.407804
50.000000 140.000000 0.368615
60.000000 140.000000 0.346418
70.000000 140.000000 0.346687
80.000000 140.000000 0.377572
90.000000 140.000000 0.412105
100.000000 140.000000 0.420617
110.000000 140.000000 0.391227
120.000000 140.000000 0.412236
130.000000 140.000000 0.395990
140.000000 140.000000 0.375512
150.000000 140.000000 0.363517
160.000000 140.000000 0.343736
170.000000 140.000000 0.339081
180.000000 140.000000 0.342005
190.000000 140.000000 0.369830
200.000000 140.000000 0.452457
210.000000 140.000000 0.582832
220.000000 140.000000 0.665168
230.000000 140.000000 0.697860
240.000000 140.000000 0.473043
250.000000 140.000000 0.398271
260.000000 140.000000 0.400772
270.000000 140.000000 0.368711
280.000000 140.000000 0.355510
290.000000 140.000000 0.384497
300.000000 140.000000 0.403178
310.000000 140.000000 0.429042
320.000000 140.000000 0.416244
330.000000 140.000000 0.415246
340.000000 140.000000 0.467852
350.000000 140.000000 0.638065
360.000000 140.000000 0.536753
370.000000 140.000000 0.400932
380.000000 140.000000 0.356184
390.000000 140.000000 0.343310
400.000000 140.000000 0.346453
410.000000 140.000000 0.360154
420.000000 140.000000 0.370272
430.000000 140.000000 0.413453
440.000000 140.000000 0.525366
450.000000 140.000000 0.475887
460.000000 140.000000 0.650829
470.000000 140.000000 0.905268
480.000000 140.000000 0.978632
490.000000 140.000000 0.995242
500.000000 140.000000 0.995243
0.000000 150.000000 0.917570
10.000000 150.000000 0.917570
20.000000 150.000000 0.704131
30.000000 150.000000 0.495620
40.000000 150.000000 0.400774
50.000000 150.000000 0.363731
60.000000 150.000000 0.360004
70.000000 150.000000 0.342248
80.000000 150.000000 0.340977
90.000000 150.000000 0.357436
100.000000 150.000000 0.367123
110.000000 150.000000 0.380889
120.000000 150.000000 0.385162
130.000000 150.000000 0.372134
140.000000 150.000000 0.348725
150.000000 150.000000 0.355433
160.000000 150.000000 0.345713
170.000000 150.000000 0.352644
180.000000 150.000000 0.338701
190.000000 150.000000 0.346781
200.000000 150.000000 0.375282
210.000000 150.000000 0.420038
220.000000 150.000000 0.491752
230.000000 150.000000 0.533149
240.000000 150.000000 0.411414
250.000000 150.000000 0.362400
260.000000 150.000000 0.370769
270.000000 150.000000 0.386320
280.000000 150.000000 0.368738
290.000000 150.000000 0.380201
300.000000 150.000000 0.462372
310.000000 150.000000 0.452028
320.000000 150.000000 0.422250
330.000000 150.000000 0.473815
340.000000 150.000000 0.567681
350.000000 150.000000 0.661058
360.000000 150.000000 0.481240
370.000000 150.000000 0.392350
380.000000 150.000000 0.344470
390.000000 150.000000 0.340344
400.000000 150.000000 0.360806
410.000000 150.000000 0.380618
420.000000 150.000000 0.365498
430.000000 150.000000 0.383023
440.000000 150.000000 0.435028
450.000000 150.000000 0.476510
460.000000 150.000000 0.697867
470.000000 150.000000 0.902768
480.000000 150.000000 0.975929
490.000000 150.000000 0.994235
500.000000 150.000000 0.994235
0.000000 160.000000 0.876708
10.000000 160.000000 0.876708
20.000000 160.000000 0.624574
30.000000 160.000000 0.442282
40.000000 160.000000 0.398221
50.000000 160.000000 0.386929
60.000000 160.000000 0.405724
70.000000 160.000000 0.343891
80.000000 160.000000 0.330068
90.000000 160.000000 0.334673
100.000000 160.000000 0.356641
110.000000 160.000000 0.403146
120.000000 160.000000 0.415620
130.000000 160.000000 0.358868
140.000000 160.000000 0.342012
150.000000 160.000000 0.343463
160.000000 160.000000 0.339020
170.000000 160.000000 0.344784
180.000000 160.000000 0.337833
190.000000 160.000000 0.343197
200.000000 160.000000 0.350089
210.000000 160.000000 0.381282
220.000000 160.000000 0.433009
230.000000 160.000000 0.444288
240.000000 160.000000 0.391651
250.000000 160.000000 0.370418
260.000000 160.000000 0.376888
270.000000 160.000000 0.406731
280.000000 160.000000 0.379990
290.000000 160.000000 0.375839
300.000000 160.000000 0.406389
310.000000 160.000000 0.409189
320.000000 160.000000 0.513467
330.000000 160.000000 0.597701
340.000000 160.000000 0.502047
350.000000 160.000000 0.476912
360.000000 160.000000 0.401395
370.000000 160.000000 0.359907
380.000000 160.000000 0.345574
390.000000 160.000000 0.358575
400.000000 160.000000 0.362201
410.000000 160.000000 0.383345
420.000000 160.000000 0.380862
430.000000 160.000000 0.432829
440.000000 160.000000 0.518076
450.000000 160.000000 0.485486
460.000000 160.000000 0.607039
470.000000 160.000000 0.859673
480.000000 160.000000 0.965809
490.000000 160.000000 0.991499
500.000000 160.000000 0.991499
0.000000 170.000000 0.783004
10.000000 170.000000 0.783004
20.000000 170.000000 0.597827
30.000000 170.000000 0.443866
40.000000 170.000000 0.440393
50.000000 170.000000 0.408766
60.000000 170.000000 0.372820
70.000000 170.000000 0.350130
80.000000 170.000000 0.329185
90.000000 170.000000 0.334396
100.000000 170.000000 0.359491
110.000000 170.000000 0.374417
120.000000 170.000000 0.416841
130.000000 170.000000 0.366694
140.000000 170.000000 0.368317
150.000000 170.000000 0.345042
160.000000 170.000000 0.352149
170.000000 170.000000 0.337296
180.000000 170.000000 0.340467
190.000000 170.000000 0.346308
200.000000 170.000000 0.349345
210.000000 170.000000 0.360244
220.000000 170.000000 0.387087
230.000000 170.000000 0.401378
240.000000 170.000000 0.370106
250.000000 170.000000 0.393415
260.000000 170.000000 0.382728
270.000000 170.000000 0.377609
280.000000 170.000000 0.361726
290.000000 170.000000 0.354867
300.000000 170.000000 0.375148
310.000000 170.000000 0.403778
320.000000 170.000000 0.532090
330.000000 170.000000 0.620714
340.000000 170.000000 0.445941
350.000000 170.000000 0.390332
360.000000 170.000000 0.365754
370.000000 170.000000 0.354355
380.000000 170.000000 0.353805
390.000000 170.000000 0.354573
400.000000 170.000000 0.389352
410.000000 170.000000 0.422425
420.000000 170.000000 0.408624
430.000000 170.000000 0.491454
440.000000 170.000000 0.692636
450.000000 170.000000 0.594203
460.000000 170.000000 0.594283
470.000000 170.000000 0.817516
480.000000 170.000000 0.961522
490.000000 170.000000 0.987636
500.000000 170.000000 0.987636
0.000000 180.000000 0.564693
10.000000 180.000000 0.564693
20.000000 180.000000 0.485722
30.000000 180.000000 0.453819
40.000000 180.000000 0.396129
50.000000 180.000000 0.369803
60.000000 180.000000 0.376615
70.000000 180.000000 0.364263
80.000000 180.000000 0.344110
90.000000 180.000000 0.347287
100.000000 180.000000 0.346874
110.000000 180.000000 0.363213
120.000000 180.000000 0.382996
130.000000 180.000000 0.356043
140.000000 180.000000 0.364741
150.000000 180.000000 0.346012
160.000000 180.000000 0.352137
170.000000 180.000000 0.344251
180.000000 180.000000 0.348125
190.000000 180.000000 0.356429
200.000000 180.000000 0.354320
210.000000 180.000000 0.377557
220.000000 180.000000 0.400240
230.000000 180.000000 0.391170
240.000000 180.000000 0.389355
250.000000 180.000000 0.408520
260.000000 180.000000 0.385491
270.000000 180.000000 0.402321
280.000000 180.000000 0.361771
290.000000 180.000000 0.358709
300.000000 180.000000 0.382136
310.000000 180.000000 0.420285
320.000000 180.000000 0.472851
330.000000 180.000000 0.535332
340.000000 180.000000 0.418825
350.000000 180.000000 0.383710
360.000000 180.000000 0.358971
370.000000 180.000000 0.366418
380.000000 180.000000 0.359742
390.000000 180.000000 0.378341
400.000000 180.000000 0.413315
410.000000 180.000000 0.379801
420.000000 180.000000 0.391741
430.000000 180.000000 0.489011
440.000000 180.000000 0.712659
450.000000 180.000000 0.778361
460.000000 180.000000 0.750743
470.000000 180.000000 0.842890
480.000000 180.000000 0.956149
490.000000 180.000000 0.969330
500.000000 180.000000 0.969330
0.000000 190.000000 0.492253
10.000000 190.000000 0.492253
20.000000 190.000000 0.497386
30.000000 190.000000 0.497869
40.000000 190.000000 0.399924
50.000000 190.000000 0.363505
60.000000 190.000000 0.377062
70.000000 190.000000 0.366399
80.000000 190.000000 0.358705
90.000000 190.000000 0.387124
100.000000 190.000000 0.348075
110.000000 190.000000 0.370588
120.000000 190.000000 0.403115
130.000000 190.000000 0.372704
140.000000 190.000000 0.342678
150.000000 190.000000 0.335103
160.000000 190.000000 0.339903
170.000000 190.000000 0.340517
180.000000 190.000000 0.350924
190.000000 190.000000 0.371768
200.000000 190.000000 0.373305
210.000000 190.000000 0.370965
220.000000 190.000000 0.368108
230.000000 190.000000 0.365961
240.000000 190.000000 0.378447
250.000000 190.000000 0.386401
260.000000 190.000000 0.390891
270.000000 190.000000 0.424943
280.000000 190.000000 0.372562
290.000000 190.000000 0.392765
300.000000 190.000000 0.412330
310.000000 190.000000 0.476253
320.000000 190.000000 0.594194
330.000000 190.000000 0.614053
340.000000 190.000000 0.457821
350.000000 190.000000 0.433687
360.000000 190.000000 0.395307
370.000000 190.000000 0.433964
380.000000 190.000000 0.397599
390.000000 190.000000 0.396128
400.000000 190.000000 0.386345
410.000000 190.000000 0.370109
420.000000 190.000000 0.403183
430.000000 190.000000 0.481601
440.000000 190.000000 0.634430
450.000000 190.000000 0.647647
460.000000 190.000000 0.622682
470.000000 190.000000 0.715708
480.000000 190.000000 0.880721
490.000000 190.000000 0.886307
500.000000 190.000000 0.886307
0.000000 200.000000 0.524203
10.000000 200.000000 0.524203
20.000000 200.000000 0.452203
30.000000 200.000000 0.404446
40.000000 200.000000 0.378410
50.000000 200.000000 0.365803
60.000000 200.000000 0.372956
70.000000 200.000000 0.377096
80.000000 200.000000 0.350909
90.000000 200.000000 0.349649
100.000000 200.000000 0.340306
110.000000 200.000000 0.367968
120.000000 200.000000 0.411299
130.000000 200.000000 0.385270
140.000000 200.000000 0.339341
150.000000 200.000000 0.333776
160.000000 200.000000 0.334548
170.000000 200.000000 0.349291
180.000000 200.000000 0.385388
190.000000 200.000000 0.410415
200.000000 200.000000 0.390053
210.000000 200.000000 0.405929
220.000000 200.000000 0.398958
230.000000 200.000000 0.377831
240.000000 200.000000 0.393094
250.000000 200.000000 0.405378
260.000000 200.000000 0.385845
270.000000 200.000000 0.376025
280.000000 200.000000 0.367683
290.000000 200.000000 0.417211
300.000000 200.000000 0.481403
310.000000 200.000000 0.606223
320.000000 200.000000 0.789716
330.000000 200.000000 0.741299
340.000000 200.000000 0.549899
350.000000 200.000000 0.458576
360.000000 200.000000 0.425435
370.000000 200.000000 0.432285
380.000000 200.000000 0.466067
390.000000 200.000000 0.500873
400.000000 200.000000 0.432446
410.000000 200.000000 0.410864
420.000000 200.000000 0.459662
430.000000 200.000000 0.527572
440.000000 200.000000 0.564676
450.000000 200.000000 0.496963
460.000000 200.000000 0.556249
470.000000 200.000000 0.703604
480.000000 200.000000 0.736360
490.000000 200.000000 0.659969
500.000000 200.000000 0.659969
0.000000 210.000000 0.599589
10.000000 210.000000 0.599589
20.000000 210.000000 0.421980
30.000000 210.000000 0.369792
40.000000 210.000000 0.383753
50.000000 210.000000 0.394088
60.000000 210.000000 0.387431
70.000000 210.000000 0.378109
80.000000 210.000000 0.361809
90.000000 210.000000 0.352750
100.000000 210.000000 0.344746
110.000000 210.000000 0.349981
120.000000 210.000000 0.361755
130.000000 210.000000 0.347804
140.000000 210.000000 0.344810
150.000000 210.000000 0.340703
160.000000 210.000000 0.363769
170.000000 210.000000 0.379797
180.000000 210.000000 0.448635
190.000000 210.000000 0.499502
200.000000 210.000000 0.479799
210.000000 210.000000 0.561227
220.000000 210.000000 0.519148
230.000000 210.000000 0.408227
240.000000 210.000000 0.400407
250.000000 210.000000 0.377910
260.000000 210.000000 0.412851
270.000000 210.000000 0.370351
280.000000 210.000000 0.390767
290.000000 210.000000 0.417026
300.000000 210.000000 0.471480
310.000000 210.000000 0.557692
320.000000 210.000000 0.782137
330.000000 210.000000 0.835637
340.000000 210.000000 0.744437
350.000000 210.000000 0.590500
360.000000 210.000000 0.557165
370.000000 210.000000 0.578370
380.000000 210.000000 0.607788
390.000000 210.000000 0.733149
400.000000 210.000000 0.640686
410.000000 210.000000 0.569013
420.000000 210.000000 0.681163
430.000000 210.000000 0.682280
440.000000 210.000000 0.513322
450.000000 210.000000 0.495181
460.000000 210.000000 0.704607
470.000000 210.000000 0.807468
480.000000 210.000000 0.616769
490.000000 210.000000 0.493579
500.000000 210.000000 0.493579
0.000000 220.000000 0.505162
10.000000 220.000000 0.505162
20.000000 220.000000 0.406215
30.000000 220.000000 0.381570
40.000000 220.000000 0.380788
50.000000 220.000000 0.374484
60.000000 220.000000 0.382061
70.000000 220.000000 0.390336
80.000000 220.000000 0.401845
90.000000 220.000000 0.363547
100.000000 220.000000 0.357110
110.000000 220.000000 0.339901
120.000000 220.000000 0.342188
130.000000 220.000000 0.346294
140.000000 220.000000 0.367237
150.000000 220.000000 0.359767
160.000000 220.000000 0.404004
170.000000 220.000000 0.417119
180.000000 220.000000 0.410615
190.000000 220.000000 0.448364
200.000000 220.000000 0.508051
210.000000 220.000000 0.628336
220.000000 220.000000 0.597435
230.000000 220.000000 0.423510
240.000000 220.000000 0.376913
250.000000 220.000000 0.352546
260.000000 220.000000 0.358618
270.000000 220.000000 0.366767
280.000000 220.000000 0.389550
290.000000 220.000000 0.379853
300.000000 220.000000 0.404410
310.000000 220.000000 0.434849
320.000000 220.000000 0.611636
330.000000 220.000000 0.706215
340.000000 220.000000 0.628458
350.000000 220.000000 0.616256
360.000000 220.000000 0.679604
370.000000 220.000000 0.613854
380.000000 220.000000 0.596915
390.000000 220.000000 0.740241
400.000000 220.000000 0.803845
410.000000 220.000000 0.757955
420.000000 220.000000 0.712688
430.000000 220.000000 0.725485
440.000000 220.000000 0.544492
450.000000 220.000000 0.492994
460.000000 220.000000 0.740883
470.000000 220.000000 0.828892
480.000000 220.000000 0.666449
490.000000 220.000000 0.445259
500.000000 220.000000 0.445259
0.000000 230.000000 0.407303
10.000000 230.000000 0.407303
20.000000 230.000000 0.380293
30.000000 230.000000 0.401541
40.000000 230.000000 0.413418
50.000000 230.000000 0.391778
60.000000 230.000000 0.435712
70.000000 230.000000 0.423280
80.000000 230.000000 0.396819
90.000000 230.000000 0.371806
100.000000 230.000000 0.372638
110.000000 230.000000 0.346458
120.000000 230.000000 0.340022
130.000000 230.000000 0.346070
140.000000 230.000000 0.349034
150.000000 230.000000 0.338139
160.000000 230.000000 0.356136
170.000000 230.000000 0.375584
180.000000 230.000000 0.405987
190.000000 230.000000 0.420928
200.000000 230.000000 0.425013
210.000000 230.000000 0.510226
220.000000 230.000000 0.517745
230.000000 230.000000 0.409373
240.000000 230.000000 0.391994
250.000000 230.000000 0.369847
260.000000 230.000000 0.381169
270.000000 230.000000 0.415245
280.000000 230.000000 0.387167
290.000000 230.000000 0.373963
300.000000 230.000000 0.387103
310.000000 230.000000 0.375526
320.000000 230.000000 0.422414
330.000000 230.000000 0.478726
340.000000 230.000000 0.509890
350.000000 230.000000 0.605552
360.000000 230.000000 0.668232
370.000000 230.000000 0.528496
380.000000 230.000000 0.493772
390.000000 230.000000 0.617824
400.000000 230.000000 0.641269
410.000000 230.000000 0.576241
420.000000 230.000000 0.484069
430.000000 230.000000 0.527787
440.000000 230.000000 0.454153
450.000000 230.000000 0.452763
460.000000 230.000000 0.635872
470.000000 230.000000 0.685052
480.000000 230.000000 0.552598
490.000000 230.000000 0.418545
500.000000 230.000000 0.418545
0.000000 240.000000 0.374475
10.000000 240.000000 0.374475
20.000000 240.000000 0.373642
30.000000 240.000000 0.383377
40.000000 240.000000 0.413271
50.000000 240.000000 0.374577
60.000000 240.000000 0.369298
70.000000 240.000000 0.372881
80.000000 240.000000 0.379261
90.000000 240.000000 0.377595
100.000000 240.000000 0.371117
110.000000 240.000000 0.377649
120.000000 240.000000 0.376532
130.000000 240.000000 0.372945
140.000000 240.000000 0.360954
150.000000 240.000000 0.336514
160.000000 240.000000 0.346024
170.000000 240.000000 0.365162
180.000000 240.000000 0.412995
190.000000 240.000000 0.384198
200.000000 240.000000 0.367623
210.000000 240.000000 0.397276
220.000000 240.000000 0.413236
230.000000 240.000000 0.389293
240.000000 240.000000 0.422819
250.000000 240.000000 0.386099
260.000000 240.000000 0.411087
270.000000 240.000000 0.432542
280.000000 240.000000 0.397045
290.000000 240.000000 0.395515
300.000000 240.000000 0.373028
310.000000 240.000000 0.369150
320.000000 240.000000 0.419496
330.000000 240.000000 0.504689
340.000000 240.000000 0.677714
350.000000 240.000000 0.830759
360.000000 240.000000 0.848197
370.000000 240.000000 0.629155
380.000000 240.000000 0.491200
390.000000 240.000000 0.474349
400.000000 240.000000 0.444730
410.000000 240.000000 0.416692
420.000000 240.000000 0.412146
430.000000 240.000000 0.395151
440.000000 240.000000 0.388453
450.000000 240.000000 0.434222
460.000000 240.000000 0.591833
470.000000 240.000000 0.637393
480.000000 240.000000 0.499837
490.000000 240.000000 0.464992
500.000000 240.000000 0.464992
0.000000 250.000000 0.381220
10.000000 250.000000 0.381220
20.000000 250.000000 0.375611
30.000000 250.000000 0.368659
40.000000 250.000000 0.366915
50.000000 250.000000 0.358068
60.000000 250.000000 0.345671
70.000000 250.000000 0.355685
80.000000 250.000000 0.370623
90.000000 250.000000 0.382369
100.000000 250.000000 0.416275
110.000000 250.000000 0.487460
120.000000 250.000000 0.472154
130.000000 250.000000 0.389031
140.000000 250.000000 0.355786
150.000000 250.000000 0.337277
160.000000 250.000000 0.336612
170.000000 250.000000 0.345887
180.000000 250.000000 0.363180
190.000000 250.000000 0.365703
200.000000 250.000000 0.337770
210.000000 250.000000 0.355233
220.000000 250.000000 0.368035
230.000000 250.000000 0.382917
240.000000 250.000000 0.404552
250.000000 250.000000 0.389936
260.000000 250.000000 0.453034
270.000000 250.000000 0.550657
280.000000 250.000000 0.462837
290.000000 250.000000 0.408656
300.000000 250.000000 0.390348
310.000000 250.000000 0.376246
320.000000 250.000000 0.408378
330.000000 250.000000 0.544008
340.000000 250.000000 0.759252
350.000000 250.000000 0.916387
360.000000 250.000000 0.908772
370.000000 250.000000 0.775973
380.000000 250.000000 0.574153
390.000000 250.000000 0.430084
400.000000 250.000000 0.427557
410.000000 250.000000 0.394632
420.000000 250.000000 0.395652
430.000000 250.000000 0.365963
440.000000 250.000000 0.370108
450.000000 250.000000 0.424983
460.000000 250.000000 0.575882
470.000000 250.000000 0.755609
480.000000 250.000000 0.651366
490.000000 250.000000 0.620641
500.000000 250.000000 0.620641
0.000000 260.000000 0.371519
10.000000 260.000000 0.371519
20.000000 260.000000 0.361231
30.000000 260.000000 0.367351
40.000000 260.000000 0.356415
50.000000 260.000000 0.341567
60.000000 260.000000 0.341121
70.000000 260.000000 0.340727
80.000000 260.000000 0.344295
90.000000 260.000000 0.366411
100.000000 260.000000 0.416719
110.000000 260.000000 0.576182
120.000000 260.000000 0.623091
130.000000 260.000000 0.445365
140.000000 260.000000 0.371661
150.000000 260.000000 0.344186
160.000000 260.000000 0.335649
170.000000 260.000000 0.338680
180.000000 260.000000 0.341755
190.000000 260.000000 0.365859
200.000000 260.000000 0.336500
210.000000 260.000000 0.342711
220.000000 260.000000 0.359780
230.000000 260.000000 0.387460
240.000000 260.000000 0.369961
250.000000 260.000000 0.378361
260.000000 260.000000 0.433338
270.000000 260.000000 0.612022
280.000000 260.000000 0.566436
290.000000 260.000000 0.459788
300.000000 260.000000 0.388869
310.000000 260.000000 0.378983
320.000000 260.000000 0.402916
330.000000 260.000000 0.532751
340.000000 260.000000 0.788483
350.000000 260.000000 0.865994
360.000000 260.000000 0.756662
370.000000 260.000000 0.761177
380.000000 260.000000 0.582340
390.000000 260.000000 0.439481
400.000000 260.000000 0.446623
410.000000 260.000000 0.457945
420.000000 260.000000 0.395678
430.000000 260.000000 0.376263
440.000000 260.000000 0.410934
450.000000 260.000000 0.531252
460.000000 260.000000 0.720607
470.000000 260.000000 0.819597
480.000000 260.000000 0.819278
490.000000 260.000000 0.853930
500.000000 260.000000 0.853930
0.000000 270.000000 0.378689
10.000000 270.000000 0.378689
20.000000 270.000000 0.371736
30.000000 270.000000 0.391942
40.000000 270.000000 0.369769
50.000000 270.000000 0.344726
60.000000 270.000000 0.340832
70.000000 270.000000 0.339605
80.000000 270.000000 0.335097
90.000000 270.000000 0.353234
100.000000 270.000000 0.397515
110.000000 270.000000 0.469692
120.000000 270.000000 0.488414
130.000000 270.000000 0.401255
140.000000 270.000000 0.374353
150.000000 270.000000 0.359066
160.000000 270.000000 0.352123
170.000000 270.000000 0.336077
180.000000 270.000000 0.344447
190.000000 270.000000 0.339785
200.000000 270.000000 0.338632
210.000000 270.000000 0.352646
220.000000 270.000000 0.398282
230.000000 270.000000 0.456478
240.000000 270.000000 0.377779
250.000000 270.000000 0.365826
260.000000 270.000000 0.388792
270.000000 270.000000 0.437194
280.000000 270.000000 0.451944
290.000000 270.000000 0.441173
300.000000 270.000000 0.388783
310.000000 270.000000 0.362477
320.000000 270.000000 0.391778
330.000000 270.000000 0.460097
340.000000 270.000000 0.663635
350.000000 270.000000 0.754895
360.000000 270.000000 0.576166
370.000000 270.000000 0.523408
380.000000 270.000000 0.453232
390.000000 270.000000 0.514886
400.000000 270.000000 0.577818
410.000000 270.000000 0.596887
420.000000 270.000000 0.456275
430.000000 270.000000 0.426106
440.000000 270.000000 0.526161
450.000000 270.000000 0.680600
460.000000 270.000000 0.749860
470.000000 270.000000 0.659151
480.000000 270.000000 0.652634
490.000000 270.000000 0.832696
500.000000 270.000000 0.832696
0.000000 280.000000 0.416502
10.000000 280.000000 0.416502
20.000000 280.000000 0.438654
30.000000 280.000000 0.420525
40.000000 280.000000 0.398153
50.000000 280.000000 0.382918
60.000000 280.000000 0.360661
70.000000 280.000000 0.355083
80.000000 280.000000 0.347587
90.000000 280.000000 0.350742
100.000000 280.000000 0.371436
110.000000 280.000000 0.409602
120.000000 280.000000 0.395751
130.000000 280.000000 0.397874
140.000000 280.000000 0.426355
150.000000 280.000000 0.395292
160.000000 280.000000 0.374903
170.000000 280.000000 0.348383
180.000000 280.000000 0.357967
190.000000 280.000000 0.367763
200.000000 280.000000 0.372313
210.000000 280.000000 0.372925
220.000000 280.000000 0.353775
230.000000 280.000000 0.365182
240.000000 280.000000 0.353286
250.000000 280.000000 0.365807
260.000000 280.000000 0.415367
270.000000 280.000000 0.433565
280.000000 280.000000 0.401354
290.000000 280.000000 0.386487
300.000000 280.000000 0.374179
310.000000 280.000000 0.357991
320.000000 280.000000 0.360828
330.000000 280.000000 0.400686
340.000000 280.000000 0.503513
350.000000 280.000000 0.606983
360.000000 280.000000 0.464230
370.000000 280.000000 0.412112
380.000000 280.000000 0.426501
390.000000 280.000000 0.593822
400.000000 280.000000 0.550555
410.000000 280.000000 0.531069
420.000000 280.000000 0.483604
430.000000 280.000000 0.533518
440.000000 280.000000 0.711116
450.000000 280.000000 0.667572
460.000000 280.000000 0.530521
470.000000 280.000000 0.454769
480.000000 280.000000 0.486417
490.000000 280.000000 0.716627
500.000000 280.000000 0.716627
0.000000 290.000000 0.556946
10.000000 290.000000 0.556946
20.000000 290.000000 0.666451
30.000000 290.000000 0.576282
40.000000 290.000000 0.464477
50.000000 290.000000 0.397805
60.000000 290.000000 0.387304
70.000000 290.000000 0.373698
80.000000 290.000000 0.362979
90.000000 290.000000 0.373291
100.000000 290.000000 0.398869
110.000000 290.000000 0.450404
120.000000 290.000000 0.386921
130.000000 290.000000 0.378855
140.000000 290.000000 0.405368
150.000000 290.000000 0.436965
160.000000 290.000000 0.391780
170.000000 290.000000 0.361276
180.000000 290.000000 0.395233
190.000000 290.000000 0.444869
200.000000 290.000000 0.444156
210.000000 290.000000 0.410344
220.000000 290.000000 0.355778
230.000000 290.000000 0.360038
240.000000 290.000000 0.356697
250.000000 290.000000 0.371534
260.000000 290.000000 0.460993
270.000000 290.000000 0.478417
280.000000 290.000000 0.416172
290.000000 290.000000 0.402217
300.000000 290.000000 0.419790
310.000000 290.000000 0.388417
320.000000 290.000000 0.378198
330.000000 290.000000 0.381378
340.000000 290.000000 0.433064
350.000000 290.000000 0.514368
360.000000 290.000000 0.417630
370.000000 290.000000 0.397618
380.000000 290.000000 0.428753
390.000000 290.000000 0.609851
400.000000 290.000000 0.623477
410.000000 290.000000 0.547862
420.000000 290.000000 0.615000
430.000000 290.000000 0.771758
440.000000 290.000000 0.789799
450.000000 290.000000 0.624830
460.000000 290.000000 0.461748
470.000000 290.000000 0.396563
480.000000 290.000000 0.431100
490.000000 290.000000 0.504048
500.000000 290.000000 0.504048
0.000000 300.000000 0.627631
10.000000 300.000000 0.627631
20.000000 300.000000 0.784016
30.000000 300.000000 0.619892
40.000000 300.000000 0.446557
50.000000 300.000000 0.379661
60.000000 300.000000 0.402888
70.000000 300.000000 0.446557
80.000000 300.000000 0.414957
90.000000 300.000000 0.404698
100.000000 300.000000 0.385461
110.000000 300.000000 0.402668
120.000000 300.000000 0.365374
130.000000 300.000000 0.366075
140.000000 300.000000 0.406812
150.000000 300.000000 0.550275
160.000000 300.000000 0.454719
170.000000 300.000000 0.383424
180.000000 300.000000 0.398748
190.000000 300.000000 0.409883
200.000000 300.000000 0.453658
210.000000 300.000000 0.396972
220.000000 300.000000 0.351975
230.000000 300.000000 0.353754
240.000000 300.000000 0.361484
250.000000 300.000000 0.376639
260.000000 300.000000 0.459450
270.000000 300.000000 0.549377
280.000000 300.000000 0.450388
290.000000 300.000000 0.427263
300.000000 300.000000 0.453651
310.000000 300.000000 0.400708
320.000000 300.000000 0.371748
330.000000 300.000000 0.369103
340.000000 300.000000 0.402572
350.000000 300.000000 0.433614
360.000000 300.000000 0.404263
370.000000 300.000000 0.388374
380.000000 300.000000 0.469849
390.000000 300.000000 0.707016
400.000000 300.000000 0.769767
410.000000 300.000000 0.738554
420.000000 300.000000 0.804020
430.000000 300.000000 0.853373
440.000000 300.000000 0.663774
450.000000 300.000000 0.596122
460.000000 300.000000 0.547430
470.000000 300.000000 0.398230
480.000000 300.000000 0.380792
490.000000 300.000000 0.406215
500.000000 300.000000 0.406215
0.000000 310.000000 0.876177
10.000000 310.000000 0.876177
20.000000 310.000000 0.892201
30.000000 310.000000 0.708920
40.000000 310.000000 0.455661
50.000000 310.000000 0.387218
60.000000 310.000000 0.445132
70.000000 310.000000 0.490990
80.000000 310.000000 0.445726
90.000000 310.000000 0.429841
100.000000 310.000000 0.392562
110.000000 310.000000 0.365401
120.000000 310.000000 0.350545
130.000000 310.000000 0.354566
140.000000 310.000000 0.394306
150.000000 310.000000 0.555548
160.000000 310.000000 0.495621
170.000000 310.000000 0.403416
180.000000 310.000000 0.440649
190.000000 310.000000 0.382637
200.000000 310.000000 0.371803
210.000000 310.000000 0.349842
220.000000 310.000000 0.338324
230.000000 310.000000 0.364721
240.000000 310.000000 0.413579
250.000000 310.000000 0.404228
260.000000 310.000000 0.487778
270.000000 310.000000 0.613060
280.000000 310.000000 0.474810
290.000000 310.000000 0.399336
300.000000 310.000000 0.397175
310.000000 310.000000 0.403387
320.000000 310.000000 0.417712
330.000000 310.000000 0.394679
340.000000 310.000000 0.436695
350.000000 310.000000 0.509118
360.000000 310.000000 0.494558
370.000000 310.000000 0.448636
380.000000 310.000000 0.525351
390.000000 310.000000 0.738708
400.000000 310.000000 0.608311
410.000000 310.000000 0.577244
420.000000 310.000000 0.722387
430.000000 310.000000 0.765012
440.000000 310.000000 0.577512
450.000000 310.000000 0.472727
460.000000 310.000000 0.414804
470.000000 310.000000 0.367892
480.000000 310.000000 0.371533
490.000000 310.000000 0.447215
500.000000 310.000000 0.447215
0.000000 320.000000 0.969566
10.000000 320.000000 0.969566
20.000000 320.000000 0.945089
30.000000 320.000000 0.794452
40.000000 320.000000 0.502020
50.000000 320.000000 0.421479
60.000000 320.000000 0.483355
70.000000 320.000000 0.534322
80.000000 320.000000 0.466527
90.000000 320.000000 0.375719
100.000000 320.000000 0.345354
110.000000 320.000000 0.346492
120.000000 320.000000 0.344061
130.000000 320.000000 0.361304
140.000000 320.000000 0.356830
150.000000 320.000000 0.407802
160.000000 320.000000 0.406041
170.000000 320.000000 0.392536
180.000000 320.000000 0.440770
190.000000 320.000000 0.400794
200.000000 320.000000 0.380779
210.000000 320.000000 0.352514
220.000000 320.000000 0.347091
230.000000 320.000000 0.362709
240.000000 320.000000 0.401896
250.000000 320.000000 0.421481
260.000000 320.000000 0.599722
270.000000 320.000000 0.679529
280.000000 320.000000 0.510243
290.000000 320.000000 0.393683
300.000000 320.000000 0.433577
310.000000 320.000000 0.399492
320.000000 320.000000 0.397582
330.000000 320.000000 0.436784
340.000000 320.000000 0.528095
350.000000 320.000000 0.642493
360.000000 320.000000 0.658611
370.000000 320.000000 0.568170
380.000000 320.000000 0.638431
390.000000 320.000000 0.766141
400.000000 320.000000 0.524977
410.000000 320.000000 0.433053
420.000000 320.000000 0.471760
430.000000 320.000000 0.562447
440.000000 320.000000 0.530504
450.000000 320.000000 0.414025
460.000000 320.000000 0.381545
470.000000 320.000000 0.383585
480.000000 320.000000 0.405227
490.000000 320.000000 0.565637
500.000000 320.000000 0.565637
0.000000 330.000000 0.990004
10.000000 330.000000 0.990004
20.000000 330.000000 0.967745
30.000000 330.000000 0.834957
40.000000 330.000000 0.580933
50.000000 330.000000 0.453354
60.000000 330.000000 0.459247
70.000000 330.000000 0.507383
80.000000 330.000000 0.417859
90.000000 330.000000 0.353608
100.000000 330.000000 0.343705
110.000000 330.000000 0.349605
120.000000 330.000000 0.350874
130.000000 330.000000 0.347583
140.000000 330.000000 0.349694
150.000000 330.000000 0.356777
160.000000 330.000000 0.370419
170.000000 330.000000 0.401359
180.000000 330.000000 0.532811
190.000000 330.000000 0.493574
200.000000 330.000000 0.438426
210.000000 330.000000 0.380380
220.000000 330.000000 0.364203
230.000000 330.000000 0.364368
240.000000 330.000000 0.396371
250.000000 330.000000 0.388772
260.000000 330.000000 0.463930
270.000000 330.000000 0.485495
280.000000 330.000000 0.425130
290.000000 330.000000 0.364938
300.000000 330.000000 0.374309
310.000000 330.000000 0.377213
320.000000 330.000000 0.416399
330.000000 330.000000 0.496793
340.000000 330.000000 0.679966
350.000000 330.000000 0.819435
360.000000 330.000000 0.859738
370.000000 330.000000 0.714990
380.000000 330.000000 0.766779
390.000000 330.000000 0.783500
400.000000 330.000000 0.518799
410.000000 330.000000 0.417894
420.000000 330.000000 0.414773
430.000000 330.000000 0.508092
440.000000 330.000000 0.524778
450.000000 330.000000 0.421761
460.000000 330.000000 0.398923
470.000000 330.000000 0.395891
480.000000 330.000000 0.453782
490.000000 330.000000 0.711748
500.000000 330.000000 0.711748
0.000000 340.000000 0.994655
10.000000 340.000000 0.994655
20.000000 340.000000 0.979892
30.000000 340.000000 0.914014
40.000000 340.000000 0.703852
50.000000 340.000000 0.481968
60.000000 340.000000 0.415695
70.000000 340.000000 0.425204
80.000000 340.000000 0.392491
90.000000 340.000000 0.357681
100.000000 340.000000 0.340410
110.000000 340.000000 0.357397
120.000000 340.000000 0.370487
130.000000 340.000000 0.378454
140.000000 340.000000 0.364639
150.000000 340.000000 0.353179
160.000000 340.000000 0.376891
170.000000 340.000000 0.399964
180.000000 340.000000 0.456051
190.000000 340.000000 0.522544
200.000000 340.000000 0.554481
210.000000 340.000000 0.425606
220.000000 340.000000 0.355995
230.000000 340.000000 0.358037
240.000000 340.000000 0.408650
250.000000 340.000000 0.363900
260.000000 340.000000 0.374834
270.000000 340.000000 0.361419
280.000000 340.000000 0.352560
290.000000 340.000000 0.356432
300.000000 340.000000 0.366144
310.000000 340.000000 0.403230
320.000000 340.000000 0.456516
330.000000 340.000000 0.519032
340.000000 340.000000 0.796763
350.000000 340.000000 0.935458
360.000000 340.000000 0.956910
370.000000 340.000000 0.896795
380.000000 340.000000 0.813316
390.000000 340.000000 0.695083
400.000000 340.000000 0.546965
410.000000 340.000000 0.462082
420.000000 340.000000 0.407876
430.000000 340.000000 0.407139
440.000000 340.000000 0.407658
450.000000 340.000000 0.429604
460.000000 340.000000 0.506075
470.000000 340.000000 0.495092
480.000000 340.000000 0.501050
490.000000 340.000000 0.766865
500.000000 340.000000 0.766865
0.000000 350.000000 0.992020
10.000000 350.000000 0.992020
20.000000 350.000000 0.968605
30.000000 350.000000 0.881077
40.000000 350.000000 0.652119
50.000000 350.000000 0.452529
60.000000 350.000000 0.408521
70.000000 350.000000 0.389791
80.000000 350.000000 0.411771
90.000000 350.000000 0.380255
100.000000 350.000000 0.349590
110.000000 350.000000 0.366869
120.000000 350.000000 0.424955
130.000000 350.000000 0.420924
140.000000 350.000000 0.375643
150.000000 350.000000 0.367636
160.000000 350.000000 0.419579
170.000000 350.000000 0.473928
180.000000 350.000000 0.406920
190.000000 350.000000 0.411207
200.000000 350.000000 0.415099
210.000000 350.000000 0.389982
220.000000 350.000000 0.356951
230.000000 350.000000 0.358458
240.000000 350.000000 0.375273
250.000000 350.000000 0.363738
260.000000 350.000000 0.359675
270.000000 350.000000 0.350767
280.000000 350.000000 0.353200
290.000000 350.000000 0.370778
300.000000 350.000000 0.400523
310.000000 350.000000 0.419452
320.000000 350.000000 0.544650
330.000000 350.000000 0.635573
340.000000 350.000000 0.799367
350.000000 350.000000 0.927427
360.000000 350.000000 0.949843
370.000000 350.000000 0.893518
380.000000 350.000000 0.658372
390.000000 350.000000 0.536749
400.000000 350.000000 0.669920
410.000000 350.000000 0.697562
420.000000 350.000000 0.525560
430.000000 350.000000 0.395919
440.000000 350.000000 0.392661
450.000000 350.000000 0.421533
460.000000 350.000000 0.512044
470.000000 350.000000 0.532353
480.000000 350.000000 0.527706
490.000000 350.000000 0.756325
500.000000 350.000000 0.756325
0.000000 360.000000 0.983345
10.000000 360.000000 0.983345
20.000000 360.000000 0.919762
30.000000 360.000000 0.709530
40.000000 360.000000 0.554251
50.000000 360.000000 0.423928
60.000000 360.000000 0.399560
70.000000 360.000000 0.391380
80.000000 360.000000 0.418905
90.000000 360.000000 0.374155
100.000000 360.000000 0.353568
110.000000 360.000000 0.381117
120.000000 360.000000 0.407285
130.000000 360.000000 0.383596
140.000000 360.000000 0.355041
150.000000 360.000000 0.353603
160.000000 360.000000 0.386286
170.000000 360.000000 0.416979
180.000000 360.000000 0.395491
190.000000 360.000000 0.437455
200.000000 360.000000 0.409020
210.000000 360.000000 0.458047
220.000000 360.000000 0.389213
230.000000 360.000000 0.398412
240.000000 360.000000 0.406060
250.000000 360.000000 0.365879
260.000000 360.000000 0.359901
270.000000 360.000000 0.355838
280.000000 360.000000 0.378328
290.000000 360.000000 0.459423
300.000000 360.000000 0.508102
310.000000 360.000000 0.429460
320.000000 360.000000 0.437963
330.000000 360.000000 0.473313
340.000000 360.000000 0.614379
350.000000 360.000000 0.819920
360.000000 360.000000 0.877717
370.000000 360.000000 0.846414
380.000000 360.000000 0.635625
390.000000 360.000000 0.550594
400.000000 360.000000 0.736506
410.000000 360.000000 0.789442
420.000000 360.000000 0.632836
430.000000 360.000000 0.421747
440.000000 360.000000 0.414187
450.000000 360.000000 0.417828
460.000000 360.000000 0.510052
470.000000 360.000000 0.699362
480.000000 360.000000 0.744023
490.000000 360.000000 0.888739
500.000000 360.000000 0.888739
0.000000 370.000000 0.978697
10.000000 370.000000 0.978697
20.000000 370.000000 0.892583
30.000000 370.000000 0.635055
40.000000 370.000000 0.487915
50.000000 370.000000 0.410355
60.000000 370.000000 0.394994
70.000000 370.000000 0.391654
80.000000 370.000000 0.381520
90.000000 370.000000 0.354473
100.000000 370.000000 0.349966
110.000000 370.000000 0.362401
120.000000 370.000000 0.370006
130.000000 370.000000 0.353962
140.000000 370.000000 0.348465
150.000000 370.000000 0.345776
160.000000 370.000000 0.351068
170.000000 370.000000 0.366743
180.000000 370.000000 0.383995
190.000000 370.000000 0.393586
200.000000 370.000000 0.416602
210.000000 370.000000 0.485995
220.000000 370.000000 0.418948
230.000000 370.000000 0.425185
240.000000 370.000000 0.450238
250.000000 370.000000 0.373642
260.000000 370.000000 0.363482
270.000000 370.000000 0.365138
280.000000 370.000000 0.392026
290.000000 370.000000 0.430902
300.000000 370.000000 0.509599
310.000000 370.000000 0.504208
320.000000 370.000000 0.476842
330.000000 370.000000 0.473209
340.000000 370.000000 0.601480
350.000000 370.000000 0.697141
360.000000 370.000000 0.643126
370.000000 370.000000 0.642671
380.000000 370.000000 0.548928
390.000000 370.000000 0.503894
400.000000 370.000000 0.610062
410.000000 370.000000 0.638428
420.000000 370.000000 0.518121
430.000000 370.000000 0.434000
440.000000 370.000000 0.489693
450.000000 370.000000 0.474093
460.000000 370.000000 0.512039
470.000000 370.000000 0.770039
480.000000 370.000000 0.903476
490.000000 370.000000 0.960107
500.000000 370.000000 0.960107
0.000000 380.000000 0.988307
10.000000 380.000000 0.988307
20.000000 380.000000 0.953865
30.000000 380.000000 0.835345
40.000000 380.000000 0.709173
50.000000 380.000000 0.536051
60.000000 380.000000 0.432829
70.000000 380.000000 0.498519
80.000000 380.000000 0.450778
90.000000 380.000000 0.372540
100.000000 380.000000 0.356947
110.000000 380.000000 0.362735
120.000000 380.000000 0.371613
130.000000 380.000000 0.361914
140.000000 380.000000 0.363463
150.000000 380.000000 0.351595
160.000000 380.000000 0.349270
170.000000 380.000000 0.359277
180.000000 380.000000 0.369503
190.000000 380.000000 0.402313
200.000000 380.000000 0.420563
210.000000 380.000000 0.409481
220.000000 380.000000 0.386276
230.000000 380.000000 0.382418
240.000000 380.000000 0.411134
250.000000 380.000000 0.370816
260.000000 380.000000 0.361892
270.000000 380.000000 0.382702
280.000000 380.000000 0.427832
290.000000 380.000000 0.421265
300.000000 380.000000 0.560984
310.000000 380.000000 0.651991
320.000000 380.000000 0.500338
330.000000 380.000000 0.459695
340.000000 380.000000 0.596997
350.000000 380.000000 0.577652
360.000000 380.000000 0.469340
370.000000 380.000000 0.450819
380.000000 380.000000 0.430375
390.000000 380.000000 0.406017
400.000000 380.000000 0.415814
410.000000 380.000000 0.432039
420.000000 380.000000 0.435229
430.000000 380.000000 0.426336
440.000000 380.000000 0.580957
450.000000 380.000000 0.589158
460.000000 380.000000 0.579407
470.000000 380.000000 0.817279
480.000000 380.000000 0.947888
490.000000 380.000000 0.983532
500.000000 380.000000 0.983532
0.000000 390.000000 0.995594
10.000000 390.000000 0.995594
20.000000 390.000000 0.983925
30.000000 390.000000 0.945595
40.000000 390.000000 0.867450
50.000000 390.000000 0.684680
60.000000 390.000000 0.503053
70.000000 390.000000 0.543560
80.000000 390.000000 0.515864
90.000000 390.000000 0.425735
100.000000 390.000000 0.390425
110.000000 390.000000 0.395478
120.000000 390.000000 0.378293
130.000000 390.000000 0.361443
140.000000 390.000000 0.355774
150.000000 390.000000 0.350606
160.000000 390.000000 0.358689
170.000000 390.000000 0.417707
180.000000 390.000000 0.388984
190.000000 390.000000 0.441707
200.000000 390.000000 0.423490
210.000000 390.000000 0.374361
220.000000 390.000000 0.355937
230.000000 390.000000 0.355659
240.000000 390.000000 0.368439
250.000000 390.000000 0.362543
260.000000 390.000000 0.369138
270.000000 390.000000 0.388248
280.000000 390.000000 0.384514
290.000000 390.000000 0.413604
300.000000 390.000000 0.540944
310.000000 390.000000 0.704829
320.000000 390.000000 0.573457
330.000000 390.000000 0.466779
340.000000 390.000000 0.600257
350.000000 390.000000 0.574390
360.000000 390.000000 0.419728
370.000000 390.000000 0.376847
380.000000 390.000000 0.367582
390.000000 390.000000 0.358600
400.000000 390.000000 0.361346
410.000000 390.000000 0.385136
420.000000 390.000000 0.455860
430.000000 390.000000 0.423061
440.000000 390.000000 0.520948
450.000000 390.000000 0.709092
460.000000 390.000000 0.847519
470.000000 390.000000 0.936307
480.000000 390.000000 0.980566
490.000000 390.000000 0.994152
500.000000 390.000000 0.994152
0.000000 400.000000 0.998610
10.000000 400.000000 0.998610
20.000000 400.000000 0.994780
30.000000 400.000000 0.980040
40.000000 400.000000 0.929620
50.000000 400.000000 0.727704
60.000000 400.000000 0.600045
70.000000 400.000000 0.710955
80.000000 400.000000 0.738950
90.000000 400.000000 0.558750
100.000000 400.000000 0.401434
110.000000 400.000000 0.394248
120.000000 400.000000 0.366200
130.000000 400.000000 0.348491
140.000000 400.000000 0.347423
150.000000 400.000000 0.349573
160.000000 400.000000 0.353328
170.000000 400.000000 0.374844
180.000000 400.000000 0.368378
190.000000 400.000000 0.382767
200.000000 400.000000 0.368806
210.000000 400.000000 0.358612
220.000000 400.000000 0.350934
230.000000 400.000000 0.352101
240.000000 400.000000 0.363727
250.000000 400.000000 0.386615
260.000000 400.000000 0.388274
270.000000 400.000000 0.422204
280.000000 400.000000 0.407134
290.000000 400.000000 0.452055
300.000000 400.000000 0.605586
310.000000 400.000000 0.662097
320.000000 400.000000 0.498089
330.000000 400.000000 0.431258
340.000000 400.000000 0.432198
350.000000 400.000000 0.415611
360.000000 400.000000 0.367604
370.000000 400.000000 0.361452
380.000000 400.000000 0.351825
390.000000 400.000000 0.342873
400.000000 400.000000 0.361788
410.000000 400.000000 0.368191
420.000000 400.000000 0.419304
430.000000 400.000000 0.437747
440.000000 400.000000 0.597756
450.000000 400.000000 0.810383
460.000000 400.000000 0.942485
470.000000 400.000000 0.980360
480.000000 400.000000 0.994201
490.000000 400.000000 0.998288
500.000000 400.000000 0.998288
0.000000 410.000000 0.999617
10.000000 410.000000 0.999617
20.000000 410.000000 0.998495
30.000000 410.000000 0.993736
40.000000 410.000000 0.974729
50.000000 410.000000 0.884160
60.000000 410.000000 0.833452
70.000000 410.000000 0.887109
80.000000 410.000000 0.803856
90.000000 410.000000 0.530871
100.000000 410.000000 0.394810
110.000000 410.000000 0.370314
120.000000 410.000000 0.366808
130.000000 410.000000 0.361136
140.000000 410.000000 0.375712
150.000000 410.000000 0.382599
160.000000 410.000000 0.376563
170.000000 410.000000 0.365873
180.000000 410.000000 0.396712
190.000000 410.000000 0.403856
200.000000 410.000000 0.363760
210.000000 410.000000 0.349621
220.000000 410.000000 0.358408
230.000000 410.000000 0.363672
240.000000 410.000000 0.401487
250.000000 410.000000 0.476656
260.000000 410.000000 0.413189
270.000000 410.000000 0.457617
280.000000 410.000000 0.414927
290.000000 410.000000 0.462624
300.000000 410.000000 0.639220
310.000000 410.000000 0.688240
320.000000 410.000000 0.503050
330.000000 410.000000 0.415089
340.000000 410.000000 0.384641
350.000000 410.000000 0.356620
360.000000 410.000000 0.346474
370.000000 410.000000 0.348952
380.000000 410.000000 0.348768
390.000000 410.000000 0.342922
400.000000 410.000000 0.350174
410.000000 410.000000 0.361196
420.000000 410.000000 0.394338
430.000000 410.000000 0.465893
440.000000 410.000000 0.730031
450.000000 410.000000 0.916758
460.000000 410.000000 0.977456
470.000000 410.000000 0.993840
480.000000 410.000000 0.998396
490.000000 410.000000 0.999555
500.000000 410.000000 0.999555
0.000000 420.000000 0.999907
10.000000 420.000000 0.999907
20.000000 420.000000 0.999622
30.000000 420.000000 0.998393
40.000000 420.000000 0.993794
50.000000 420.000000 0.978652
60.000000 420.000000 0.954917
70.000000 420.000000 0.905622
80.000000 420.000000 0.736359
90.000000 420.000000 0.478900
100.000000 420.000000 0.399183
110.000000 420.000000 0.378951
120.000000 420.000000 0.429336
130.000000 420.000000 0.396999
140.000000 420.000000 0.478719
150.000000 420.000000 0.534900
160.000000 420.000000 0.451859
170.000000 420.000000 0.398406
180.000000 420.000000 0.412662
190.000000 420.000000 0.421220
200.000000 420.000000 0.382396
210.000000 420.000000 0.362149
220.000000 420.000000 0.375304
230.000000 420.000000 0.374635
240.000000 420.000000 0.427302
250.000000 420.000000 0.447714
260.000000 420.000000 0.382145
270.000000 420.000000 0.388526
280.000000 420.000000 0.398596
290.000000 420.000000 0.452069
300.000000 420.000000 0.567230
310.000000 420.000000 0.538526
320.000000 420.000000 0.428286
330.000000 420.000000 0.370898
340.000000 420.000000 0.353705
350.000000 420.000000 0.344745
360.000000 420.000000 0.345329
370.000000 420.000000 0.359926
380.000000 420.000000 0.357493
390.000000 420.000000 0.348143
400.000000 420.000000 0.371438
410.000000 420.000000 0.389101
420.000000 420.000000 0.444541
430.000000 420.000000 0.552503
440.000000 420.000000 0.799448
450.000000 420.000000 0.953407
460.000000 420.000000 0.989723
470.000000 420.000000 0.997781
480.000000 420.000000 0.999526
490.000000 420.000000 0.999886
500.000000 420.000000 0.999886
0.000000 430.000000 0.999978
10.000000 430.000000 0.999978
20.000000 430.000000 0.999904
30.000000 430.000000 0.999547
40.000000 430.000000 0.997982
50.000000 430.000000 0.991576
60.000000 430.000000 0.968063
70.000000 430.000000 0.885977
80.000000 430.000000 0.637936
90.000000 430.000000 0.495296
100.000000 430.000000 0.482634
110.000000 430.000000 0.424530
120.000000 430.000000 0.406005
130.000000 430.000000 0.392750
140.000000 430.000000 0.513342
150.000000 430.000000 0.663721
160.000000 430.000000 0.497392
170.000000 430.000000 0.403461
180.000000 430.000000 0.419926
190.000000 430.000000 0.408526
200.000000 430.000000 0.396117
210.000000 430.000000 0.380073
220.000000 430.000000 0.362464
230.000000 430.000000 0.376697
240.000000 430.000000 0.427292
250.000000 430.000000 0.392694
260.000000 430.000000 0.364619
270.000000 430.000000 0.372243
280.000000 430.000000 0.419629
290.000000 430.000000 0.407243
300.000000 430.000000 0.424671
310.000000 430.000000 0.401880
320.000000 430.000000 0.368913
330.000000 430.000000 0.352482
340.000000 430.000000 0.344729
350.000000 430.000000 0.339191
360.000000 430.000000 0.345894
370.000000 430.000000 0.354602
380.000000 430.000000 0.367079
390.000000 430.000000 0.368777
400.000000 430.000000 0.402104
410.000000 430.000000 0.478578
420.000000 430.000000 0.617395
430.000000 430.000000 0.817762
440.000000 430.000000 0.936898
450.000000 430.000000 0.983527
460.000000 430.000000 0.996330
470.000000 430.000000 0.999261
480.000000 430.000000 0.999859
490.000000 430.000000 0.999970
500.000000 430.000000 0.999970
0.000000 440.000000 0.999994
10.000000 440.000000 0.999994
20.000000 440.000000 0.999972
30.000000 440.000000 0.999843
40.000000 440.000000 0.999157
50.000000 440.000000 0.995796
60.000000 440.000000 0.981320
70.000000 440.000000 0.929883
80.000000 440.000000 0.785373
90.000000 440.000000 0.712013
100.000000 440.000000 0.716146
110.000000 440.000000 0.602456
120.000000 440.000000 0.434007
130.000000 440.000000 0.400893
140.000000 440.000000 0.459550
150.000000 440.000000 0.612285
160.000000 440.000000 0.467630
170.000000 440.000000 0.419085
180.000000 440.000000 0.437926
190.000000 440.000000 0.448785
200.000000 440.000000 0.450325
210.000000 440.000000 0.395552
220.000000 440.000000 0.415827
230.000000 440.000000 0.405796
240.000000 440.000000 0.375598
250.000000 440.000000 0.356225
260.000000 440.000000 0.351959
270.000000 440.000000 0.380310
280.000000 440.000000 0.436692
290.000000 440.000000 0.420947
300.000000 440.000000 0.409724
310.000000 440.000000 0.381636
320.000000 440.000000 0.357353
330.000000 440.000000 0.348167
340.000000 440.000000 0.345737
350.000000 440.000000 0.345076
360.000000 440.000000 0.347872
370.000000 440.000000 0.370048
380.000000 440.000000 0.400308
390.000000 440.000000 0.440376
400.000000 440.000000 0.540037
410.000000 440.000000 0.748709
420.000000 440.000000 0.868187
430.000000 440.000000 0.949391
440.000000 440.000000 0.982938
450.000000 440.000000 0.995375
460.000000 440.000000 0.998949
470.000000 440.000000 0.999790
480.000000 440.000000 0.999962
490.000000 440.000000 0.999992
500.000000 440.000000 0.999992
0.000000 450.000000 0.999998
10.000000 450.000000 0.999998
20.000000 450.000000 0.999991
30.000000 450.000000 0.999947
40.000000 450.000000 0.999697
50.000000 450.000000 0.998444
60.000000 450.000000 0.993170
70.000000 450.000000 0.976099
80.000000 450.000000 0.940634
90.000000 450.000000 0.922491
100.000000 450.000000 0.899217
110.000000 450.000000 0.752347
120.000000 450.000000 0.479194
130.000000 450.000000 0.396815
140.000000 450.000000 0.402662
150.000000 450.000000 0.478906
160.000000 450.000000 0.415766
170.000000 450.000000 0.515703
180.000000 450.000000 0.599551
190.000000 450.000000 0.532626
200.000000 450.000000 0.457738
210.000000 450.000000 0.420913
220.000000 450.000000 0.471166
230.000000 450.000000 0.424303
240.000000 450.000000 0.363960
250.000000 450.000000 0.372000
260.000000 450.000000 0.351452
270.000000 450.000000 0.357936
280.000000 450.000000 0.409618
290.000000 450.000000 0.411978
300.000000 450.000000 0.396991
310.000000 450.000000 0.373393
320.000000 450.000000 0.367622
330.000000 450.000000 0.363983
340.000000 450.000000 0.366399
350.000000 450.000000 0.410413
360.000000 450.000000 0.380587
370.000000 450.000000 0.416017
380.000000 450.000000 0.490002
390.000000 450.000000 0.562727
400.000000 450.000000 0.753361
410.000000 450.000000 0.915824
420.000000 450.000000 0.965818
430.000000 450.000000 0.987395
440.000000 450.000000 0.995927
450.000000 450.000000 0.998899
460.000000 450.000000 0.999747
470.000000 450.000000 0.999949
480.000000 450.000000 0.999991
490.000000 450.000000 0.999998
500.000000 450.000000 0.999998
0.000000 460.000000 1.000000
10.000000 460.000000 1.000000
20.000000 460.000000 0.999998
30.000000 460.000000 0.999985
40.000000 460.000000 0.999914
50.000000 460.000000 0.999567
60.000000 460.000000 0.998176
70.000000 460.000000 0.993981
80.000000 460.000000 0.986047
90.000000 460.000000 0.979635
100.000000 460.000000 0.957686
110.000000 460.000000 0.845107
120.000000 460.000000 0.585185
130.000000 460.000000 0.451971
140.000000 460.000000 0.407390
150.000000 460.000000 0.406992
160.000000 460.000000 0.398166
170.000000 460.000000 0.503664
180.000000 460.000000 0.640110
190.000000 460.000000 0.508096
200.000000 460.000000 0.438314
210.000000 460.000000 0.423568
220.000000 460.000000 0.426971
230.000000 460.000000 0.379722
240.000000 460.000000 0.363720
250.000000 460.000000 0.393355
260.000000 460.000000 0.369848
270.000000 460.000000 0.366451
280.000000 460.000000 0.423293
290.000000 460.000000 0.426245
300.000000 460.000000 0.397047
310.000000 460.000000 0.388012
320.000000 460.000000 0.376043
330.000000 460.000000 0.375890
340.000000 460.000000 0.418640
350.000000 460.000000 0.549948
360.000000 460.000000 0.495012
370.000000 460.000000 0.488275
380.000000 460.000000 0.662256
390.000000 460.000000 0.785741
400.000000 460.000000 0.910450
410.000000 460.000000 0.975411
420.000000 460.000000 0.991614
430.000000 460.000000 0.997168
440.000000 460.000000 0.999133
450.000000 460.000000 0.999770
460.000000 460.000000 0.999947
470.000000 460.000000 0.999989
480.000000 460.000000 0.999998
490.000000 460.000000 1.000000
500.000000 460.000000 1.000000
0.000000 470.000000 1.000000
10.000000 470.000000 1.000000
20.000000 470.000000 0.999999
30.000000 470.000000 0.999996
40.000000 470.000000 0.999980
50.000000 470.000000 0.999903
60.000000 470.000000 0.999606
70.000000 470.000000 0.998743
80.000000 470.000000 0.997022
90.000000 470.000000 0.994114
100.000000 470.000000 0.981313
110.000000 470.000000 0.926168
120.000000 470.000000 0.774183
130.000000 470.000000 0.645474
140.000000 470.000000 0.566541
150.000000 470.000000 0.458755
160.000000 470.000000 0.431557
170.000000 470.000000 0.435090
180.000000 470.000000 0.505968
190.000000 470.000000 0.417985
200.000000 470.000000 0.431088
210.000000 470.000000 0.487972
220.000000 470.000000 0.406348
230.000000 470.000000 0.373211
240.000000 470.000000 0.365278
250.000000 470.000000 0.427334
260.000000 470.000000 0.403055
270.000000 470.000000 0.386641
280.000000 470.000000 0.477907
290.000000 470.000000 0.435333
300.000000 470.000000 0.379351
310.000000 470.000000 0.361718
320.000000 470.000000 0.377289
330.000000 470.000000 0.429911
340.000000 470.000000 0.426115
350.000000 470.000000 0.541323
360.000000 470.000000 0.594238
370.000000 470.000000 0.605962
380.000000 470.000000 0.786087
390.000000 470.000000 0.937657
400.000000 470.000000 0.979971
410.000000 470.000000 0.994035
420.000000 470.000000 0.998131
430.000000 470.000000 0.999421
440.000000 470.000000 0.999833
450.000000 470.000000 0.999957
460.000000 470.000000 0.999990
470.000000 470.000000 0.999998
480.000000 470.000000 1.000000
490.000000 470.000000 1.000000
500.000000 470.000000 1.000000
0.000000 480.000000 1.000000
10.000000 480.000000 1.000000
20.000000 480.000000 1.000000
30.000000 480.000000 0.999999
40.000000 480.000000 0.999996
50.000000 480.000000 0.999981
60.000000 480.000000 0.999926
70.000000 480.000000 0.999765
80.000000 480.000000 0.999381
90.000000 480.000000 0.998300
100.000000 480.000000 0.993485
110.000000 480.000000 0.975408
120.000000 480.000000 0.929801
130.000000 480.000000 0.877665
140.000000 480.000000 0.828089
150.000000 480.000000 0.708819
160.000000 480.000000 0.646212
170.000000 480.000000 0.522172
180.000000 480.000000 0.424205
190.000000 480.000000 0.390806
200.000000 480.000000 0.398619
210.000000 480.000000 0.476009
220.000000 480.000000 0.409214
230.000000 480.000000 0.378110
240.000000 480.000000 0.362043
250.000000 480.000000 0.376716
260.000000 480.000000 0.378671
270.000000 480.000000 0.369956
280.000000 480.000000 0.410139
290.000000 480.000000 0.417497
300.000000 480.000000 0.395305
310.000000 480.000000 0.387716
320.000000 480.000000 0.438053
330.000000 480.000000 0.503076
340.000000 480.000000 0.560993
350.000000 480.000000 0.684336
360.000000 480.000000 0.732774
370.000000 480.000000 0.815055
380.000000 480.000000 0.925769
390.000000 480.000000 0.978790
400.000000 480.000000 0.994341
410.000000 480.000000 0.998510
420.000000 480.000000 0.999593
430.000000 480.000000 0.999887
440.000000 480.000000 0.999970
450.000000 480.000000 0.999993
460.000000 480.000000 0.999998
470.000000 480.000000 1.000000
480.000000 480.000000 1.000000
490.000000 480.000000 1.000000
500.000000 480.000000 1.000000
0.000000 490.000000 1.000000
10.000000 490.000000 1.000000
20.000000 490.000000 1.000000
30.000000 490.000000 1.000000
40.000000 490.000000 0.999999
50.000000 490.000000 0.999996
60.000000 490.000000 0.999986
70.000000 490.000000 0.999952
80.000000 490.000000 0.999852
90.000000 490.000000 0.999482
100.000000 490.000000 0.997900
110.000000 490.000000 0.992466
120.000000 490.000000 0.979694
130.000000 490.000000 0.963437
140.000000 490.000000 0.944016
150.000000 490.000000 0.900214
160.000000 490.000000 0.856662
170.000000 490.000000 0.725270
180.000000 490.000000 0.507782
190.000000 490.000000 0.467214
200.000000 490.000000 0.417342
210.000000 490.000000 0.439524
220.000000 490.000000 0.400563
230.000000 490.000000 0.387130
240.000000 490.000000 0.358695
250.000000 490.000000 0.371080
260.000000 490.000000 0.379203
270.000000 490.000000 0.377695
280.000000 490.000000 0.422231
290.000000 490.000000 0.539927
300.000000 490.000000 0.464580
310.000000 490.000000 0.451273
320.000000 490.000000 0.623823
330.000000 490.000000 0.699280
340.000000 490.000000 0.760734
350.000000 490.000000 0.856386
360.000000 490.000000 0.886663
370.000000 490.000000 0.926980
380.000000 490.000000 0.971664
390.000000 490.000000 0.991938
400.000000 490.000000 0.998027
410.000000 490.000000 0.999545
420.000000 490.000000 0.999895
430.000000 490.000000 0.999975
440.000000 490.000000 0.999994
450.000000 490.000000 0.999999
460.000000 490.000000 1.000000
470.000000 490.000000 1.000000
480.000000 490.000000 1.000000
490.000000 490.000000 1.000000
500.000000 490.000000 1.000000
0.000000 500.000000 1.000000
10.000000 500.000000 1.000000
20.000000 500.000000 1.000000
30.000000 500.000000 1.000000
40.000000 500.000000 0.999999
50.000000 500.000000 0.999996
60.000000 500.000000 0.999986
70.000000 500.000000 0.999952
80.000000 500.000000 0.999852
90.000000 500.000000 0.999482
100.000000 500.000000 0.997900
110.000000 500.000000 0.992466
120.000000 500.000000 0.979694
130.000000 500.000000 0.963437
140.000000 500.000000 0.944016
150.000000 500.000000 0.900214
160.000000 500.000000 0.856662
170.000000 500.000000 0.725270
180.000000 500.000000 0.507782
190.000000 500.000000 0.467214
200.000000 500.000000 0.417342
210.000000 500.000000 0.439524
220.000000 500.000000 0.400563
230.000000 500.000000 0.387130
240.000000 500.000000 0.358695
250.000000 500.000000 0.371080
260.000000 500.000000 0.379203
270.000000 500.000000 0.377695
280.000000 500.000000 0.422231
290.000000 500.000000 0.539927
300.000000 500.000000 0.464580
310.000000 500.000000 0.451273
320.000000 500.000000 0.623823
330.000000 500.000000 0.699280
340.000000 500.000000 0.760734
350.000000 500.000000 0.856386
360.000000 500.000000 0.886663
370.000000 500.000000 0.926980
380.000000 500.000000 0.971664
390.000000 500.000000 0.991938
400.000000 500.000000 0.998027
410.000000 500.000000 0.999545
420.000000 500.000000 0.999895
430.000000 500.000000 0.999975
440.000000 500.000000 0.999994
450.000000 500.000000 0.999999
460.000000 500.000000 1.000000
470.000000 500.000000 1.000000
480.000000 500.000000 1.000000
490.000000 500.000000 1.000000
500.000000 500.000000 1.000000
