# 500.000000 500.000000
# 51 51
# 0 35 
0.000000 0.000000 0.999998
10.000000 0.000000 0.999998
20.000000 0.000000 0.999994
30.000000 0.000000 0.999977
40.000000 0.000000 0.999921
50.000000 0.000000 0.999750
60.000000 0.000000 0.999267
70.000000 0.000000 0.998036
80.000000 0.000000 0.995189
90.000000 0.000000 0.989080
100.000000 0.000000 0.976345
110.000000 0.000000 0.950717
120.000000 0.000000 0.905747
130.000000 0.000000 0.838934
140.000000 0.000000 0.747440
150.000000 0.000000 0.629538
160.000000 0.000000 0.471167
170.000000 0.000000 0.339800
180.000000 0.000000 0.235667
190.000000 0.000000 0.209729
200.000000 0.000000 0.174103
210.000000 0.000000 0.167429
220.000000 0.000000 0.183810
230.000000 0.000000 0.235524
240.000000 0.000000 0.365253
250.000000 0.000000 0.617727
260.000000 0.000000 0.739877
270.000000 0.000000 0.583094
280.000000 0.000000 0.296136
290.000000 0.000000 0.234118
300.000000 0.000000 0.236224
310.000000 0.000000 0.261389
320.000000 0.000000 0.273622
330.000000 0.000000 0.404885
340.000000 0.000000 0.529824
350.000000 0.000000 0.588268
360.000000 0.000000 0.668674
370.000000 0.000000 0.782370
380.000000 0.000000 0.865941
390.000000 0.000000 0.922685
400.000000 0.000000 0.960540
410.000000 0.000000 0.982254
420.000000 0.000000 0.992687
430.000000 0.000000 0.997152
440.000000 0.000000 0.998932
450.000000 0.000000 0.999612
460.000000 0.000000 0.999865
470.000000 0.000000 0.999956
480.000000 0.000000 0.999986
490.000000 0.000000 0.999995
500.000000 0.000000 0.999995
0.000000 10.000000 0.999998
10.000000 10.000000 0.999998
20.000000 10.000000 0.999994
30.000000 10.000000 0.999977
40.000000 10.000000 0.999921
50.000000 10.000000 0.999750
60.000000 10.000000 0.999267
70.000000 10.000000 0.998036
80.000000 10.000000 0.995189
90.000000 10.000000 0.989080
100.000000 10.000000 0.976345
110.000000 10.000000 0.950717
120.000000 10.000000 0.905747
130.000000 10.000000 0.838934
140.000000 10.000000 0.747440
150.000000 10.000000 0.629538
160.000000 10.000000 0.471167
170.000000 10.000000 0.339800
180.000000 10.000000 0.235667
190.000000 10.000000 0.209729
200.000000 10.000000 0.174103
210.000000 10.000000 0.167429
220.000000 10.000000 0.183810
230.000000 10.000000 0.235524
240.000000 10.000000 0.365253
250.000000 10.000000 0.617727
260.000000 10.000000 0.739877
270.000000 10.000000 0.583094
280.000000 10.000000 0.296136
290.000000 10.000000 0.234118
300.000000 10.000000 0.236224
310.000000 10.000000 0.261389
320.000000 10.000000 0.273622
330.000000 10.000000 0.404885
340.000000 10.000000 0.529824
350.000000 10.000000 0.588268
360.000000 10.000000 0.668674
370.000000 10.000000 0.782370
380.000000 10.000000 0.865941
390.000000 10.000000 0.922685
400.000000 10.000000 0.960540
410.000000 10.000000 0.982254
420.000000 10.000000 0.992687
430.000000 10.000000 0.997152
440.000000 10.000000 0.998932
450.000000 10.000000 0.999612
460.000000 10.000000 0.999865
470.000000 10.000000 0.999956
480.000000 10.000000 0.999986
490.000000 10.000000 0.999995
500.000000 10.000000 0.999995
0.000000 20.000000 0.999993
10.000000 20.000000 0.999993
20.000000 20.000000 0.999979
30.000000 20.000000 0.999928
40.000000 20.000000 0.999763
50.000000 20.000000 0.999266
60.000000 20.000000 0.997907
70.000000 20.000000 0.994540
80.000000 20.000000 0.987077
90.000000 20.000000 0.972142
100.000000 20.000000 0.943416
110.000000 20.000000 0.889939
120.000000 20.000000 0.806401
130.000000 20.000000 0.691974
140.000000 20.000000 0.511073
150.000000 20.000000 0.403028
160.000000 20.000000 0.319053
170.000000 20.000000 0.228461
180.000000 20.000000 0.164103
190.000000 20.000000 0.156644
200.000000 20.000000 0.142059
210.000000 20.000000 0.154249
220.000000 20.000000 0.159778
230.000000 20.000000 0.207318
240.000000 20.000000 0.319205
250.000000 20.000000 0.528012
260.000000 20.000000 0.712140
270.000000 20.000000 0.569387
280.000000 20.000000 0.310561
290.000000 20.000000 0.265498
300.000000 20.000000 0.224649
310.000000 20.000000 0.204696
320.000000 20.000000 0.216870
330.000000 20.000000 0.295691
340.000000 20.000000 0.400396
350.000000 20.000000 0.409600
360.000000 20.000000 0.470990
370.000000 20.000000 0.633104
380.000000 20.000000 0.767119
390.000000 20.000000 0.859237
400.000000 20.000000 0.924699
410.000000 20.000000 0.964274
420.000000 20.000000 0.984049
430.000000 20.000000 0.993190
440.000000 20.000000 0.997214
450.000000 20.000000 0.998912
460.000000 20.000000 0.999600
470.000000 20.000000 0.999864
480.000000 20.000000 0.999957
490.000000 20.000000 0.999985
500.000000 20.000000 0.999985
0.000000 30.000000 0.999974
10.000000 30.000000 0.999974
20.000000 30.000000 0.999924
30.000000 30.000000 0.999747
40.000000 30.000000 0.999193
50.000000 30.000000 0.997596
60.000000 30.000000 0.993381
70.000000 30.000000 0.983321
80.000000 30.000000 0.962059
90.000000 30.000000 0.922849
100.000000 30.000000 0.854627
110.000000 30.000000 0.742281
120.000000 30.000000 0.590007
130.000000 30.000000 0.424933
140.000000 30.000000 0.295956
150.000000 30.000000 0.230837
160.000000 30.000000 0.188540
170.000000 30.000000 0.153172
180.000000 30.000000 0.129233
190.000000 30.000000 0.125460
200.000000 30.000000 0.126352
210.000000 30.000000 0.151307
220.000000 30.000000 0.156595
230.000000 30.000000 0.191609
240.000000 30.000000 0.302212
250.000000 30.000000 0.529303
260.000000 30.000000 0.640442
270.000000 30.000000 0.506690
280.000000 30.000000 0.363097
290.000000 30.000000 0.400221
300.000000 30.000000 0.339004
310.000000 30.000000 0.227987
320.000000 30.000000 0.224235
330.000000 30.000000 0.260804
340.000000 30.000000 0.303261
350.000000 30.000000 0.287654
360.000000 30.000000 0.296866
370.000000 30.000000 0.371312
380.000000 30.000000 0.559743
390.000000 30.000000 0.723379
400.000000 30.000000 0.840610
410.000000 30.000000 0.917953
420.000000 30.000000 0.959220
430.000000 30.000000 0.980799
440.000000 30.000000 0.991530
450.000000 30.000000 0.996502
460.000000 30.000000 0.998664
470.000000 30.000000 0.999535
480.000000 30.000000 0.999852
490.000000 30.000000 0.999948
500.000000 30.000000 0.999948
0.000000 40.000000 0.999905
10.000000 40.000000 0.999905
20.000000 40.000000 0.999734
30.000000 40.000000 0.999149
40.000000 40.000000 0.997410
50.000000 40.000000 0.992660
60.000000 40.000000 0.980792
70.000000 40.000000 0.953963
80.000000 40.000000 0.900580
90.000000 40.000000 0.812868
100.000000 40.000000 0.681665
110.000000 40.000000 0.515900
120.000000 40.000000 0.352168
130.000000 40.000000 0.236759
140.000000 40.000000 0.180580
150.000000 40.000000 0.154822
160.000000 40.000000 0.137018
170.000000 40.000000 0.124309
180.000000 40.000000 0.117216
190.000000 40.000000 0.119833
200.000000 40.000000 0.125265
210.000000 40.000000 0.145775
220.000000 40.000000 0.156344
230.000000 40.000000 0.189169
240.000000 40.000000 0.288089
250.000000 40.000000 0.446461
260.000000 40.000000 0.491079
270.000000 40.000000 0.511536
280.000000 40.000000 0.511841
290.000000 40.000000 0.579925
300.000000 40.000000 0.442516
310.000000 40.000000 0.292109
320.000000 40.000000 0.338189
330.000000 40.000000 0.389774
340.000000 40.000000 0.366867
350.000000 40.000000 0.272178
360.000000 40.000000 0.230648
370.000000 40.000000 0.241968
380.000000 40.000000 0.355995
390.000000 40.000000 0.524743
400.000000 40.000000 0.688301
410.000000 40.000000 0.822176
420.000000 40.000000 0.900025
430.000000 40.000000 0.948368
440.000000 40.000000 0.975789
450.000000 40.000000 0.989564
460.000000 40.000000 0.995900
470.000000 40.000000 0.998551
480.000000 40.000000 0.999535
490.000000 40.000000 0.999837
500.000000 40.000000 0.999837
0.000000 50.000000 0.999676
10.000000 50.000000 0.999676
20.000000 50.000000 0.999127
30.000000 50.000000 0.997331
40.000000 50.000000 0.992297
50.000000 50.000000 0.979460
60.000000 50.000000 0.949807
70.000000 50.000000 0.888358
80.000000 50.000000 0.776216
90.000000 50.000000 0.621568
100.000000 50.000000 0.443013
110.000000 50.000000 0.293982
120.000000 50.000000 0.209839
130.000000 50.000000 0.163277
140.000000 50.000000 0.135545
150.000000 50.000000 0.122766
160.000000 50.000000 0.116760
170.000000 50.000000 0.113324
180.000000 50.000000 0.115267
190.000000 50.000000 0.125451
200.000000 50.000000 0.140306
210.000000 50.000000 0.158961
220.000000 50.000000 0.162354
230.000000 50.000000 0.190561
240.000000 50.000000 0.227820
250.000000 50.000000 0.295501
260.000000 50.000000 0.375623
270.000000 50.000000 0.455443
280.000000 50.000000 0.589979
290.000000 50.000000 0.675948
300.000000 50.000000 0.457132
310.000000 50.000000 0.340648
320.000000 50.000000 0.430983
330.000000 50.000000 0.585378
340.000000 50.000000 0.554100
350.000000 50.000000 0.358118
360.000000 50.000000 0.245477
370.000000 50.000000 0.201028
380.000000 50.000000 0.220879
390.000000 50.000000 0.303336
400.000000 50.000000 0.437274
410.000000 50.000000 0.653366
420.000000 50.000000 0.781557
430.000000 50.000000 0.876355
440.000000 50.000000 0.938559
450.000000 50.000000 0.972460
460.000000 50.000000 0.988904
470.000000 50.000000 0.996023
480.000000 50.000000 0.998718
490.000000 50.000000 0.999551
500.000000 50.000000 0.999551
0.000000 60.000000 0.998980
10.000000 60.000000 0.998980
20.000000 60.000000 0.997356
30.000000 60.000000 0.992293
40.000000 60.000000 0.979025
50.000000 60.000000 0.947767
60.000000 60.000000 0.882856
70.000000 60.000000 0.767382
80.000000 60.000000 0.585347
90.000000 60.000000 0.389387
100.000000 60.000000 0.252112
110.000000 60.000000 0.191431
120.000000 60.000000 0.161680
130.000000 60.000000 0.139859
140.000000 60.000000 0.117364
150.000000 60.000000 0.110106
160.000000 60.000000 0.107377
170.000000 60.000000 0.110856
180.000000 60.000000 0.118525
190.000000 60.000000 0.134218
200.000000 60.000000 0.160059
210.000000 60.000000 0.186574
220.000000 60.000000 0.190037
230.000000 60.000000 0.199625
240.000000 60.000000 0.206438
250.000000 60.000000 0.227235
260.000000 60.000000 0.281896
270.000000 60.000000 0.359567
280.000000 60.000000 0.491216
290.000000 60.000000 0.629888
300.000000 60.000000 0.451001
310.000000 60.000000 0.353205
320.000000 60.000000 0.398291
330.000000 60.000000 0.584851
340.000000 60.000000 0.607586
350.000000 60.000000 0.421516
360.000000 60.000000 0.267207
370.000000 60.000000 0.215307
380.000000 60.000000 0.175499
390.000000 60.000000 0.198923
400.000000 60.000000 0.274706
410.000000 60.000000 0.460271
420.000000 60.000000 0.598801
430.000000 60.000000 0.748205
440.000000 60.000000 0.866069
450.000000 60.000000 0.937609
460.000000 60.000000 0.974240
470.000000 60.000000 0.990629
480.000000 60.000000 0.996952
490.000000 60.000000 0.998929
500.000000 60.000000 0.998929
0.000000 70.000000 0.997097
10.000000 70.000000 0.997097
20.000000 70.000000 0.992754
30.000000 70.000000 0.979946
40.000000 70.000000 0.948777
50.000000 70.000000 0.880875
60.000000 70.000000 0.756806
70.000000 70.000000 0.577290
80.000000 70.000000 0.360894
90.000000 70.000000 0.253668
100.000000 70.000000 0.185291
110.000000 70.000000 0.160744
120.000000 70.000000 0.149872
130.000000 70.000000 0.149150
140.000000 70.000000 0.114386
150.000000 70.000000 0.109616
160.000000 70.000000 0.112179
170.000000 70.000000 0.112700
180.000000 70.000000 0.117915
190.000000 70.000000 0.133634
200.000000 70.000000 0.159511
210.000000 70.000000 0.187922
220.000000 70.000000 0.211565
230.000000 70.000000 0.236323
240.000000 70.000000 0.216541
250.000000 70.000000 0.202138
260.000000 70.000000 0.222175
270.000000 70.000000 0.276995
280.000000 70.000000 0.370907
290.000000 70.000000 0.458363
300.000000 70.000000 0.369704
310.000000 70.000000 0.338457
320.000000 70.000000 0.339158
330.000000 70.000000 0.455967
340.000000 70.000000 0.461336
350.000000 70.000000 0.360386
360.000000 70.000000 0.250808
370.000000 70.000000 0.219278
380.000000 70.000000 0.162232
390.000000 70.000000 0.161072
400.000000 70.000000 0.192864
410.000000 70.000000 0.268685
420.000000 70.000000 0.355835
430.000000 70.000000 0.555304
440.000000 70.000000 0.745146
450.000000 70.000000 0.880122
460.000000 70.000000 0.949695
470.000000 70.000000 0.981332
480.000000 70.000000 0.993820
490.000000 70.000000 0.997793
500.000000 70.000000 0.997793
0.000000 80.000000 0.992642
10.000000 80.000000 0.992642
20.000000 80.000000 0.982373
30.000000 80.000000 0.953966
40.000000 80.000000 0.890220
50.000000 80.000000 0.756415
60.000000 80.000000 0.552827
70.000000 80.000000 0.384371
80.000000 80.000000 0.228085
90.000000 80.000000 0.178811
100.000000 80.000000 0.161533
110.000000 80.000000 0.158712
120.000000 80.000000 0.141369
130.000000 80.000000 0.127297
140.000000 80.000000 0.112029
150.000000 80.000000 0.121491
160.000000 80.000000 0.128931
170.000000 80.000000 0.124379
180.000000 80.000000 0.122966
190.000000 80.000000 0.122258
200.000000 80.000000 0.143339
210.000000 80.000000 0.171555
220.000000 80.000000 0.213439
230.000000 80.000000 0.249784
240.000000 80.000000 0.214423
250.000000 80.000000 0.190932
260.000000 80.000000 0.197560
270.000000 80.000000 0.214638
280.000000 80.000000 0.263743
290.000000 80.000000 0.302098
300.000000 80.000000 0.267899
310.000000 80.000000 0.259000
320.000000 80.000000 0.254542
330.000000 80.000000 0.315434
340.000000 80.000000 0.327578
350.000000 80.000000 0.282683
360.000000 80.000000 0.204921
370.000000 80.000000 0.171164
380.000000 80.000000 0.150954
390.000000 80.000000 0.155318
400.000000 80.000000 0.162314
410.000000 80.000000 0.184968
420.000000 80.000000 0.226357
430.000000 80.000000 0.336110
440.000000 80.000000 0.525742
450.000000 80.000000 0.797547
460.000000 80.000000 0.916644
470.000000 80.000000 0.967899
480.000000 80.000000 0.988971
490.000000 80.000000 0.995935
500.000000 80.000000 0.995935
0.000000 90.000000 0.983544
10.000000 90.000000 0.983544
20.000000 90.000000 0.962291
30.000000 90.000000 0.907544
40.000000 90.000000 0.795842
50.000000 90.000000 0.584339
60.000000 90.000000 0.361366
70.000000 90.000000 0.240780
80.000000 90.000000 0.169431
90.000000 90.000000 0.159459
100.000000 90.000000 0.149299
110.000000 90.000000 0.151293
120.000000 90.000000 0.134581
130.000000 90.000000 0.119334
140.000000 90.000000 0.108867
150.000000 90.000000 0.112921
160.000000 90.000000 0.114405
170.000000 90.000000 0.113307
180.000000 90.000000 0.120517
190.000000 90.000000 0.111977
200.000000 90.000000 0.141884
210.000000 90.000000 0.164062
220.000000 90.000000 0.197372
230.000000 90.000000 0.211595
240.000000 90.000000 0.186435
250.000000 90.000000 0.165363
260.000000 90.000000 0.172692
270.000000 90.000000 0.178662
280.000000 90.000000 0.201686
290.000000 90.000000 0.217061
300.000000 90.000000 0.221191
310.000000 90.000000 0.203334
320.000000 90.000000 0.200300
330.000000 90.000000 0.226091
340.000000 90.000000 0.234012
350.000000 90.000000 0.225748
360.000000 90.000000 0.176015
370.000000 90.000000 0.158088
380.000000 90.000000 0.149058
390.000000 90.000000 0.162078
400.000000 90.000000 0.171916
410.000000 90.000000 0.162189
420.000000 90.000000 0.199328
430.000000 90.000000 0.269221
440.000000 90.000000 0.449098
450.000000 90.000000 0.733971
460.000000 90.000000 0.874698
470.000000 90.000000 0.946034
480.000000 90.000000 0.980470
490.000000 90.000000 0.992619
500.000000 90.000000 0.992619
0.000000 100.000000 0.967304
10.000000 100.000000 0.967304
20.000000 100.000000 0.928327
30.000000 100.000000 0.833166
40.000000 100.000000 0.636928
50.000000 100.000000 0.410256
60.000000 100.000000 0.238136
70.000000 100.000000 0.160718
80.000000 100.000000 0.138386
90.000000 100.000000 0.130296
100.000000 100.000000 0.136293
110.000000 100.000000 0.137407
120.000000 100.000000 0.126548
130.000000 100.000000 0.116200
140.000000 100.000000 0.115953
150.000000 100.000000 0.107612
160.000000 100.000000 0.102330
170.000000 100.000000 0.101143
180.000000 100.000000 0.103001
190.000000 100.000000 0.105323
200.000000 100.000000 0.124047
210.000000 100.000000 0.152471
220.000000 100.000000 0.178701
230.000000 100.000000 0.192518
240.000000 100.000000 0.171151
250.000000 100.000000 0.147400
260.000000 100.000000 0.152566
270.000000 100.000000 0.160251
280.000000 100.000000 0.165902
290.000000 100.000000 0.173282
300.000000 100.000000 0.179049
310.000000 100.000000 0.187105
320.000000 100.000000 0.189819
330.000000 100.000000 0.190366
340.000000 100.000000 0.193825
350.000000 100.000000 0.191507
360.000000 100.000000 0.171220
370.000000 100.000000 0.167598
380.000000 100.000000 0.158400
390.000000 100.000000 0.164584
400.000000 100.000000 0.159858
410.000000 100.000000 0.151820
420.000000 100.000000 0.176233
430.000000 100.000000 0.241306
440.000000 100.000000 0.413403
450.000000 100.000000 0.601741
460.000000 100.000000 0.775982
470.000000 100.000000 0.890023
480.000000 100.000000 0.960861
490.000000 100.000000 0.985850
500.000000 100.000000 0.985850
0.000000 110.000000 0.940801
10.000000 110.000000 0.940801
20.000000 110.000000 0.876088
30.000000 110.000000 0.724730
40.000000 110.000000 0.454611
50.000000 110.000000 0.260466
60.000000 110.000000 0.166641
70.000000 110.000000 0.128294
80.000000 110.000000 0.122112
90.000000 110.000000 0.113965
100.000000 110.000000 0.130823
110.000000 110.000000 0.124533
120.000000 110.000000 0.118930
130.000000 110.000000 0.113253
140.000000 110.000000 0.133716
150.000000 110.000000 0.125089
160.000000 110.000000 0.104030
170.000000 110.000000 0.099318
180.000000 110.000000 0.097452
190.000000 110.000000 0.099734
200.000000 110.000000 0.116081
210.000000 110.000000 0.145110
220.000000 110.000000 0.169757
230.000000 110.000000 0.206047
240.000000 110.000000 0.193387
250.000000 110.000000 0.146579
260.000000 110.000000 0.133734
270.000000 110.000000 0.134262
280.000000 110.000000 0.139486
290.000000 110.000000 0.139094
300.000000 110.000000 0.156869
310.000000 110.000000 0.189206
320.000000 110.000000 0.207062
330.000000 110.000000 0.194946
340.000000 110.000000 0.191337
350.000000 110.000000 0.193929
360.000000 110.000000 0.175227
370.000000 110.000000 0.160200
380.000000 110.000000 0.151961
390.000000 110.000000 0.159661
400.000000 110.000000 0.141721
410.000000 110.000000 0.138142
420.000000 110.000000 0.155401
430.000000 110.000000 0.193069
440.000000 110.000000 0.262461
450.000000 110.000000 0.358478
460.000000 110.000000 0.535072
470.000000 110.000000 0.744533
480.000000 110.000000 0.920576
490.000000 110.000000 0.974339
500.000000 110.000000 0.974339
0.000000 120.000000 0.899353
10.000000 120.000000 0.899353
20.000000 120.000000 0.799538
30.000000 120.000000 0.565392
40.000000 120.000000 0.310982
50.000000 120.000000 0.185987
60.000000 120.000000 0.134572
70.000000 120.000000 0.113651
80.000000 120.000000 0.107157
90.000000 120.000000 0.110214
100.000000 120.000000 0.120298
110.000000 120.000000 0.114792
120.000000 120.000000 0.111718
130.000000 120.000000 0.109711
140.000000 120.000000 0.125385
150.000000 120.000000 0.128219
160.000000 120.000000 0.104172
170.000000 120.000000 0.095644
180.000000 120.000000 0.095551
190.000000 120.000000 0.096669
200.000000 120.000000 0.114331
210.000000 120.000000 0.147943
220.000000 120.000000 0.169837
230.000000 120.000000 0.224283
240.000000 120.000000 0.235549
250.000000 120.000000 0.148392
260.000000 120.000000 0.123630
270.000000 120.000000 0.120479
280.000000 120.000000 0.118541
290.000000 120.000000 0.122594
300.000000 120.000000 0.134417
310.000000 120.000000 0.162065
320.000000 120.000000 0.167825
330.000000 120.000000 0.164974
340.000000 120.000000 0.182897
350.000000 120.000000 0.194342
360.000000 120.000000 0.184283
370.000000 120.000000 0.158296
380.000000 120.000000 0.142531
390.000000 120.000000 0.135340
400.000000 120.000000 0.124829
410.000000 120.000000 0.124272
420.000000 120.000000 0.135502
430.000000 120.000000 0.158404
440.000000 120.000000 0.192311
450.000000 120.000000 0.253723
460.000000 120.000000 0.384338
470.000000 120.000000 0.617530
480.000000 120.000000 0.886206
490.000000 120.000000 0.964425
500.000000 120.000000 0.964425
0.000000 130.000000 0.838624
10.000000 130.000000 0.838624
20.000000 130.000000 0.698192
30.000000 130.000000 0.425521
40.000000 130.000000 0.232797
50.000000 130.000000 0.154035
60.000000 130.000000 0.121236
70.000000 130.000000 0.114220
80.000000 130.000000 0.107705
90.000000 130.000000 0.111270
100.000000 130.000000 0.111774
110.000000 130.000000 0.107097
120.000000 130.000000 0.104787
130.000000 130.000000 0.103107
140.000000 130.000000 0.113901
150.000000 130.000000 0.123392
160.000000 130.000000 0.104537
170.000000 130.000000 0.096594
180.000000 130.000000 0.094204
190.000000 130.000000 0.100312
200.000000 130.000000 0.124258
210.000000 130.000000 0.171616
220.000000 130.000000 0.181126
230.000000 130.000000 0.201899
240.000000 130.000000 0.196963
250.000000 130.000000 0.136916
260.000000 130.000000 0.117292
270.000000 130.000000 0.116009
280.000000 130.000000 0.111145
290.000000 130.000000 0.113785
300.000000 130.000000 0.123172
310.000000 130.000000 0.131700
320.000000 130.000000 0.134241
330.000000 130.000000 0.138341
340.000000 130.000000 0.159176
350.000000 130.000000 0.171693
360.000000 130.000000 0.172156
370.000000 130.000000 0.153483
380.000000 130.000000 0.126598
390.000000 130.000000 0.123400
400.000000 130.000000 0.112220
410.000000 130.000000 0.114102
420.000000 130.000000 0.125566
430.000000 130.000000 0.140791
440.000000 130.000000 0.169147
450.000000 130.000000 0.219969
460.000000 130.000000 0.335780
470.000000 130.000000 0.599865
480.000000 130.000000 0.880510
490.000000 130.000000 0.960401
500.000000 130.000000 0.960401
0.000000 140.000000 0.752281
10.000000 140.000000 0.752281
20.000000 140.000000 0.563578
30.000000 140.000000 0.305226
40.000000 140.000000 0.179078
50.000000 140.000000 0.130661
60.000000 140.000000 0.109289
70.000000 140.000000 0.106022
80.000000 140.000000 0.103180
90.000000 140.000000 0.104696
100.000000 140.000000 0.102427
110.000000 140.000000 0.100865
120.000000 140.000000 0.104021
130.000000 140.000000 0.101685
140.000000 140.000000 0.101314
150.000000 140.000000 0.101495
160.000000 140.000000 0.095472
170.000000 140.000000 0.090995
180.000000 140.000000 0.093112
190.000000 140.000000 0.094703
200.000000 140.000000 0.119722
210.000000 140.000000 0.165440
220.000000 140.000000 0.163210
230.000000 140.000000 0.165089
240.000000 140.000000 0.144653
250.000000 140.000000 0.122861
260.000000 140.000000 0.117013
270.000000 140.000000 0.114764
280.000000 140.000000 0.108804
290.000000 140.000000 0.118368
300.000000 140.000000 0.116336
310.000000 140.000000 0.120652
320.000000 140.000000 0.123428
330.000000 140.000000 0.130444
340.000000 140.000000 0.146558
350.000000 140.000000 0.158989
360.000000 140.000000 0.151317
370.000000 140.000000 0.132047
380.000000 140.000000 0.114323
390.000000 140.000000 0.107414
400.000000 140.000000 0.105909
410.000000 140.000000 0.107002
420.000000 140.000000 0.116177
430.000000 140.000000 0.133623
440.000000 140.000000 0.158195
450.000000 140.000000 0.202936
460.000000 140.000000 0.313764
470.000000 140.000000 0.560573
480.000000 140.000000 0.867053
490.000000 140.000000 0.953950
500.000000 140.000000 0.953950
0.000000 150.000000 0.637084
10.000000 150.000000 0.637084
20.000000 150.000000 0.421590
30.000000 150.000000 0.239306
40.000000 150.000000 0.156595
50.000000 150.000000 0.119137
60.000000 150.000000 0.106963
70.000000 150.000000 0.105334
80.000000 150.000000 0.104408
90.000000 150.000000 0.097620
100.000000 150.000000 0.094434
110.000000 150.000000 0.101757
120.000000 150.000000 0.104101
130.000000 150.000000 0.098937
140.000000 150.000000 0.095892
150.000000 150.000000 0.091782
160.000000 150.000000 0.088541
170.000000 150.000000 0.088288
180.000000 150.000000 0.085943
190.000000 150.000000 0.089667
200.000000 150.000000 0.101384
210.000000 150.000000 0.120930
220.000000 150.000000 0.131369
230.000000 150.000000 0.137473
240.000000 150.000000 0.119857
250.000000 150.000000 0.110268
260.000000 150.000000 0.113550
270.000000 150.000000 0.118485
280.000000 150.000000 0.107298
290.000000 150.000000 0.108829
300.000000 150.000000 0.115708
310.000000 150.000000 0.120766
320.000000 150.000000 0.128684
330.000000 150.000000 0.134645
340.000000 150.000000 0.149905
350.000000 150.000000 0.152032
360.000000 150.000000 0.140988
370.000000 150.000000 0.122924
380.000000 150.000000 0.104993
390.000000 150.000000 0.103116
400.000000 150.000000 0.102622
410.000000 150.000000 0.105841
420.000000 150.000000 0.113924
430.000000 150.000000 0.129122
440.000000 150.000000 0.153967
450.000000 150.000000 0.196717
460.000000 150.000000 0.296905
470.000000 150.000000 0.538013
480.000000 150.000000 0.844090
490.000000 150.000000 0.939723
500.000000 150.000000 0.939723
0.000000 160.000000 0.488670
10.000000 160.000000 0.488670
20.000000 160.000000 0.311142
30.000000 160.000000 0.192256
40.000000 160.000000 0.139157
50.000000 160.000000 0.115130
60.000000 160.000000 0.105874
70.000000 160.000000 0.108698
80.000000 160.000000 0.108082
90.000000 160.000000 0.097805
100.000000 160.000000 0.097538
110.000000 160.000000 0.101572
120.000000 160.000000 0.101858
130.000000 160.000000 0.103864
140.000000 160.000000 0.096059
150.000000 160.000000 0.089385
160.000000 160.000000 0.086006
170.000000 160.000000 0.086954
180.000000 160.000000 0.085011
190.000000 160.000000 0.087725
200.000000 160.000000 0.094025
210.000000 160.000000 0.102516
220.000000 160.000000 0.112520
230.000000 160.000000 0.110275
240.000000 160.000000 0.109212
250.000000 160.000000 0.105519
260.000000 160.000000 0.118248
270.000000 160.000000 0.122306
280.000000 160.000000 0.105303
290.000000 160.000000 0.103177
300.000000 160.000000 0.107266
310.000000 160.000000 0.118534
320.000000 160.000000 0.129422
330.000000 160.000000 0.138129
340.000000 160.000000 0.139836
350.000000 160.000000 0.136139
360.000000 160.000000 0.124084
370.000000 160.000000 0.111773
380.000000 160.000000 0.101317
390.000000 160.000000 0.099441
400.000000 160.000000 0.104177
410.000000 160.000000 0.105047
420.000000 160.000000 0.115906
430.000000 160.000000 0.136239
440.000000 160.000000 0.165059
450.000000 160.000000 0.201497
460.000000 160.000000 0.282724
470.000000 160.000000 0.481457
480.000000 160.000000 0.775972
490.000000 160.000000 0.891220
500.000000 160.000000 0.891220
0.000000 170.000000 0.371831
10.000000 170.000000 0.371831
20.000000 170.000000 0.239045
30.000000 170.000000 0.162588
40.000000 170.000000 0.129080
50.000000 170.000000 0.112584
60.000000 170.000000 0.103582
70.000000 170.000000 0.109007
80.000000 170.000000 0.096013
90.000000 170.000000 0.088151
100.000000 170.000000 0.089817
110.000000 170.000000 0.095176
120.000000 170.000000 0.098418
130.000000 170.000000 0.101632
140.000000 170.000000 0.095164
150.000000 170.000000 0.088824
160.000000 170.000000 0.089171
170.000000 170.000000 0.087482
180.000000 170.000000 0.086587
190.000000 170.000000 0.085249
200.000000 170.000000 0.086871
210.000000 170.000000 0.093865
220.000000 170.000000 0.103423
230.000000 170.000000 0.104673
240.000000 170.000000 0.105803
250.000000 170.000000 0.102196
260.000000 170.000000 0.103768
270.000000 170.000000 0.101771
280.000000 170.000000 0.097613
290.000000 170.000000 0.100551
300.000000 170.000000 0.108453
310.000000 170.000000 0.117950
320.000000 170.000000 0.132293
330.000000 170.000000 0.133755
340.000000 170.000000 0.130385
350.000000 170.000000 0.123490
360.000000 170.000000 0.113339
370.000000 170.000000 0.111372
380.000000 170.000000 0.104596
390.000000 170.000000 0.104655
400.000000 170.000000 0.106867
410.000000 170.000000 0.111001
420.000000 170.000000 0.121895
430.000000 170.000000 0.143322
440.000000 170.000000 0.176328
450.000000 170.000000 0.209320
460.000000 170.000000 0.263599
470.000000 170.000000 0.385308
480.000000 170.000000 0.541455
490.000000 170.000000 0.690289
500.000000 170.000000 0.690289
0.000000 180.000000 0.273019
10.000000 180.000000 0.273019
20.000000 180.000000 0.192925
30.000000 180.000000 0.145877
40.000000 180.000000 0.126189
50.000000 180.000000 0.107627
60.000000 180.000000 0.103353
70.000000 180.000000 0.099669
80.000000 180.000000 0.095842
90.000000 180.000000 0.089452
100.000000 180.000000 0.090862
110.000000 180.000000 0.095270
120.000000 180.000000 0.099953
130.000000 180.000000 0.094846
140.000000 180.000000 0.089285
150.000000 180.000000 0.090660
160.000000 180.000000 0.086764
170.000000 180.000000 0.082640
180.000000 180.000000 0.084898
190.000000 180.000000 0.084716
200.000000 180.000000 0.088655
210.000000 180.000000 0.098731
220.000000 180.000000 0.105769
230.000000 180.000000 0.107386
240.000000 180.000000 0.102842
250.000000 180.000000 0.100044
260.000000 180.000000 0.101018
270.000000 180.000000 0.098877
280.000000 180.000000 0.098669
290.000000 180.000000 0.104243
300.000000 180.000000 0.112157
310.000000 180.000000 0.122144
320.000000 180.000000 0.135411
330.000000 180.000000 0.142829
340.000000 180.000000 0.130656
350.000000 180.000000 0.117770
360.000000 180.000000 0.111614
370.000000 180.000000 0.113210
380.000000 180.000000 0.110265
390.000000 180.000000 0.111235
400.000000 180.000000 0.114799
410.000000 180.000000 0.115706
420.000000 180.000000 0.126227
430.000000 180.000000 0.154600
440.000000 180.000000 0.188344
450.000000 180.000000 0.232890
460.000000 180.000000 0.255846
470.000000 180.000000 0.334973
480.000000 180.000000 0.426191
490.000000 180.000000 0.564743
500.000000 180.000000 0.564743
0.000000 190.000000 0.219551
10.000000 190.000000 0.219551
20.000000 190.000000 0.163852
30.000000 190.000000 0.136026
40.000000 190.000000 0.115861
50.000000 190.000000 0.105006
60.000000 190.000000 0.104771
70.000000 190.000000 0.101215
80.000000 190.000000 0.101839
90.000000 190.000000 0.098180
100.000000 190.000000 0.090398
110.000000 190.000000 0.094501
120.000000 190.000000 0.102052
130.000000 190.000000 0.094114
140.000000 190.000000 0.093593
150.000000 190.000000 0.108570
160.000000 190.000000 0.093948
170.000000 190.000000 0.083728
180.000000 190.000000 0.088549
190.000000 190.000000 0.091243
200.000000 190.000000 0.099158
210.000000 190.000000 0.111207
220.000000 190.000000 0.116104
230.000000 190.000000 0.100372
240.000000 190.000000 0.096342
250.000000 190.000000 0.097742
260.000000 190.000000 0.103160
270.000000 190.000000 0.098973
280.000000 190.000000 0.099900
290.000000 190.000000 0.110266
300.000000 190.000000 0.117351
310.000000 190.000000 0.138618
320.000000 190.000000 0.158513
330.000000 190.000000 0.160702
340.000000 190.000000 0.145261
350.000000 190.000000 0.127086
360.000000 190.000000 0.118107
370.000000 190.000000 0.123253
380.000000 190.000000 0.125599
390.000000 190.000000 0.126177
400.000000 190.000000 0.123171
410.000000 190.000000 0.126593
420.000000 190.000000 0.140854
430.000000 190.000000 0.165455
440.000000 190.000000 0.179745
450.000000 190.000000 0.199047
460.000000 190.000000 0.233345
470.000000 190.000000 0.299839
480.000000 190.000000 0.360891
490.000000 190.000000 0.454935
500.000000 190.000000 0.454935
0.000000 200.000000 0.181346
10.000000 200.000000 0.181346
20.000000 200.000000 0.143675
30.000000 200.000000 0.127147
40.000000 200.000000 0.111717
50.000000 200.000000 0.107145
60.000000 200.000000 0.115842
70.000000 200.000000 0.104887
80.000000 200.000000 0.100664
90.000000 200.000000 0.102419
100.000000 200.000000 0.095796
110.000000 200.000000 0.093624
120.000000 200.000000 0.094984
130.000000 200.000000 0.091302
140.000000 200.000000 0.100073
150.000000 200.000000 0.115762
160.000000 200.000000 0.101655
170.000000 200.000000 0.091921
180.000000 200.000000 0.094031
190.000000 200.000000 0.101316
200.000000 200.000000 0.119148
210.000000 200.000000 0.130112
220.000000 200.000000 0.114418
230.000000 200.000000 0.099838
240.000000 200.000000 0.097129
250.000000 200.000000 0.100961
260.000000 200.000000 0.096962
270.000000 200.000000 0.097039
280.000000 200.000000 0.101510
290.000000 200.000000 0.107248
300.000000 200.000000 0.123586
310.000000 200.000000 0.149819
320.000000 200.000000 0.180261
330.000000 200.000000 0.189768
340.000000 200.000000 0.170744
350.000000 200.000000 0.150265
360.000000 200.000000 0.137706
370.000000 200.000000 0.142061
380.000000 200.000000 0.154112
390.000000 200.000000 0.151930
400.000000 200.000000 0.153184
410.000000 200.000000 0.162292
420.000000 200.000000 0.182817
430.000000 200.000000 0.192825
440.000000 200.000000 0.185529
450.000000 200.000000 0.189438
460.000000 200.000000 0.230226
470.000000 200.000000 0.267141
480.000000 200.000000 0.293026
490.000000 200.000000 0.351449
500.000000 200.000000 0.351449
0.000000 210.000000 0.154772
10.000000 210.000000 0.154772
20.000000 210.000000 0.132179
30.000000 210.000000 0.117634
40.000000 210.000000 0.107814
50.000000 210.000000 0.115324
60.000000 210.000000 0.136688
70.000000 210.000000 0.125308
80.000000 210.000000 0.113677
90.000000 210.000000 0.108323
100.000000 210.000000 0.103551
110.000000 210.000000 0.105760
120.000000 210.000000 0.091296
130.000000 210.000000 0.090883
140.000000 210.000000 0.099044
150.000000 210.000000 0.090701
160.000000 210.000000 0.088054
170.000000 210.000000 0.090946
180.000000 210.000000 0.101905
190.000000 210.000000 0.111616
200.000000 210.000000 0.140800
210.000000 210.000000 0.135118
220.000000 210.000000 0.115892
230.000000 210.000000 0.101790
240.000000 210.000000 0.096781
250.000000 210.000000 0.095509
260.000000 210.000000 0.096106
270.000000 210.000000 0.100352
280.000000 210.000000 0.102555
290.000000 210.000000 0.107395
300.000000 210.000000 0.122694
310.000000 210.000000 0.151538
320.000000 210.000000 0.193987
330.000000 210.000000 0.213452
340.000000 210.000000 0.205303
350.000000 210.000000 0.178729
360.000000 210.000000 0.169396
370.000000 210.000000 0.170356
380.000000 210.000000 0.173682
390.000000 210.000000 0.193667
400.000000 210.000000 0.220840
410.000000 210.000000 0.233410
420.000000 210.000000 0.248576
430.000000 210.000000 0.292640
440.000000 210.000000 0.240551
450.000000 210.000000 0.195165
460.000000 210.000000 0.237765
470.000000 210.000000 0.264640
480.000000 210.000000 0.255352
490.000000 210.000000 0.259916
500.000000 210.000000 0.259916
0.000000 220.000000 0.137231
10.000000 220.000000 0.137231
20.000000 220.000000 0.122734
30.000000 220.000000 0.110767
40.000000 220.000000 0.107648
50.000000 220.000000 0.116139
60.000000 220.000000 0.140784
70.000000 220.000000 0.139802
80.000000 220.000000 0.121910
90.000000 220.000000 0.098855
100.000000 220.000000 0.092121
110.000000 220.000000 0.096556
120.000000 220.000000 0.088334
130.000000 220.000000 0.087119
140.000000 220.000000 0.088721
150.000000 220.000000 0.085075
160.000000 220.000000 0.086026
170.000000 220.000000 0.094353
180.000000 220.000000 0.097349
190.000000 220.000000 0.108922
200.000000 220.000000 0.117367
210.000000 220.000000 0.117544
220.000000 220.000000 0.111392
230.000000 220.000000 0.106812
240.000000 220.000000 0.096931
250.000000 220.000000 0.094798
260.000000 220.000000 0.098847
270.000000 220.000000 0.101167
280.000000 220.000000 0.101435
290.000000 220.000000 0.110949
300.000000 220.000000 0.117267
310.000000 220.000000 0.133570
320.000000 220.000000 0.172416
330.000000 220.000000 0.187324
340.000000 220.000000 0.193926
350.000000 220.000000 0.183686
360.000000 220.000000 0.183566
370.000000 220.000000 0.182115
380.000000 220.000000 0.186487
390.000000 220.000000 0.230292
400.000000 220.000000 0.321021
410.000000 220.000000 0.357009
420.000000 220.000000 0.321241
430.000000 220.000000 0.326060
440.000000 220.000000 0.246063
450.000000 220.000000 0.193623
460.000000 220.000000 0.225113
470.000000 220.000000 0.255546
480.000000 220.000000 0.227529
490.000000 220.000000 0.203435
500.000000 220.000000 0.203435
0.000000 230.000000 0.125362
10.000000 230.000000 0.125362
20.000000 230.000000 0.114695
30.000000 230.000000 0.107480
40.000000 230.000000 0.106928
50.000000 230.000000 0.123865
60.000000 230.000000 0.139377
70.000000 230.000000 0.127218
80.000000 230.000000 0.105817
90.000000 230.000000 0.095025
100.000000 230.000000 0.092699
110.000000 230.000000 0.094437
120.000000 230.000000 0.089800
130.000000 230.000000 0.087212
140.000000 230.000000 0.086075
150.000000 230.000000 0.086394
160.000000 230.000000 0.091185
170.000000 230.000000 0.090768
180.000000 230.000000 0.093671
190.000000 230.000000 0.097938
200.000000 230.000000 0.102337
210.000000 230.000000 0.110558
220.000000 230.000000 0.111548
230.000000 230.000000 0.104981
240.000000 230.000000 0.099223
250.000000 230.000000 0.093908
260.000000 230.000000 0.098701
270.000000 230.000000 0.104389
280.000000 230.000000 0.109188
290.000000 230.000000 0.120178
300.000000 230.000000 0.111716
310.000000 230.000000 0.117185
320.000000 230.000000 0.135629
330.000000 230.000000 0.158624
340.000000 230.000000 0.174353
350.000000 230.000000 0.195546
360.000000 230.000000 0.188773
370.000000 230.000000 0.184697
380.000000 230.000000 0.188340
390.000000 230.000000 0.199560
400.000000 230.000000 0.265854
410.000000 230.000000 0.304012
420.000000 230.000000 0.228791
430.000000 230.000000 0.203962
440.000000 230.000000 0.180074
450.000000 230.000000 0.172739
460.000000 230.000000 0.215930
470.000000 230.000000 0.237392
480.000000 230.000000 0.208123
490.000000 230.000000 0.181272
500.000000 230.000000 0.181272
0.000000 240.000000 0.123791
10.000000 240.000000 0.123791
20.000000 240.000000 0.111206
30.000000 240.000000 0.106778
40.000000 240.000000 0.106621
50.000000 240.000000 0.121222
60.000000 240.000000 0.137530
70.000000 240.000000 0.121103
80.000000 240.000000 0.101203
90.000000 240.000000 0.097800
100.000000 240.000000 0.098222
110.000000 240.000000 0.099681
120.000000 240.000000 0.101815
130.000000 240.000000 0.097232
140.000000 240.000000 0.091121
150.000000 240.000000 0.091000
160.000000 240.000000 0.088614
170.000000 240.000000 0.085319
180.000000 240.000000 0.087796
190.000000 240.000000 0.089024
200.000000 240.000000 0.093756
210.000000 240.000000 0.103302
220.000000 240.000000 0.102303
230.000000 240.000000 0.098768
240.000000 240.000000 0.093886
250.000000 240.000000 0.094469
260.000000 240.000000 0.104349
270.000000 240.000000 0.115528
280.000000 240.000000 0.115401
290.000000 240.000000 0.109112
300.000000 240.000000 0.104206
310.000000 240.000000 0.108195
320.000000 240.000000 0.124263
330.000000 240.000000 0.151249
340.000000 240.000000 0.190144
350.000000 240.000000 0.223025
360.000000 240.000000 0.222241
370.000000 240.000000 0.195371
380.000000 240.000000 0.178427
390.000000 240.000000 0.160752
400.000000 240.000000 0.175438
410.000000 240.000000 0.178444
420.000000 240.000000 0.156235
430.000000 240.000000 0.145027
440.000000 240.000000 0.147684
450.000000 240.000000 0.169217
460.000000 240.000000 0.210819
470.000000 240.000000 0.269542
480.000000 240.000000 0.241429
490.000000 240.000000 0.208303
500.000000 240.000000 0.208303
0.000000 250.000000 0.123091
10.000000 250.000000 0.123091
20.000000 250.000000 0.109686
30.000000 250.000000 0.109254
40.000000 250.000000 0.104933
50.000000 250.000000 0.103735
60.000000 250.000000 0.117740
70.000000 250.000000 0.114395
80.000000 250.000000 0.100061
90.000000 250.000000 0.096093
100.000000 250.000000 0.103019
110.000000 250.000000 0.124699
120.000000 250.000000 0.131369
130.000000 250.000000 0.113908
140.000000 250.000000 0.099767
150.000000 250.000000 0.099365
160.000000 250.000000 0.094867
170.000000 250.000000 0.088850
180.000000 250.000000 0.088799
190.000000 250.000000 0.086874
200.000000 250.000000 0.090515
210.000000 250.000000 0.091260
220.000000 250.000000 0.093863
230.000000 250.000000 0.093896
240.000000 250.000000 0.093714
250.000000 250.000000 0.098623
260.000000 250.000000 0.112104
270.000000 250.000000 0.127115
280.000000 250.000000 0.127242
290.000000 250.000000 0.112063
300.000000 250.000000 0.105450
310.000000 250.000000 0.110781
320.000000 250.000000 0.126847
330.000000 250.000000 0.158688
340.000000 250.000000 0.197571
350.000000 250.000000 0.242968
360.000000 250.000000 0.245982
370.000000 250.000000 0.216071
380.000000 250.000000 0.197769
390.000000 250.000000 0.159985
400.000000 250.000000 0.155326
410.000000 250.000000 0.147705
420.000000 250.000000 0.135405
430.000000 250.000000 0.135536
440.000000 250.000000 0.144994
450.000000 250.000000 0.180389
460.000000 250.000000 0.231013
470.000000 250.000000 0.324081
480.000000 250.000000 0.345081
490.000000 250.000000 0.304963
500.000000 250.000000 0.304963
0.000000 260.000000 0.121376
10.000000 260.000000 0.121376
20.000000 260.000000 0.115402
30.000000 260.000000 0.113272
40.000000 260.000000 0.106245
50.000000 260.000000 0.100441
60.000000 260.000000 0.099426
70.000000 260.000000 0.099972
80.000000 260.000000 0.100093
90.000000 260.000000 0.102296
100.000000 260.000000 0.119776
110.000000 260.000000 0.183618
120.000000 260.000000 0.200133
130.000000 260.000000 0.135489
140.000000 260.000000 0.107763
150.000000 260.000000 0.105972
160.000000 260.000000 0.106968
170.000000 260.000000 0.108233
180.000000 260.000000 0.096438
190.000000 260.000000 0.087001
200.000000 260.000000 0.092579
210.000000 260.000000 0.098636
220.000000 260.000000 0.099493
230.000000 260.000000 0.098080
240.000000 260.000000 0.094402
250.000000 260.000000 0.099685
260.000000 260.000000 0.109018
270.000000 260.000000 0.126359
280.000000 260.000000 0.130168
290.000000 260.000000 0.117228
300.000000 260.000000 0.109583
310.000000 260.000000 0.105152
320.000000 260.000000 0.120692
330.000000 260.000000 0.157019
340.000000 260.000000 0.207411
350.000000 260.000000 0.224130
360.000000 260.000000 0.225497
370.000000 260.000000 0.210494
380.000000 260.000000 0.195726
390.000000 260.000000 0.159367
400.000000 260.000000 0.151035
410.000000 260.000000 0.147638
420.000000 260.000000 0.138136
430.000000 260.000000 0.136230
440.000000 260.000000 0.157110
450.000000 260.000000 0.191755
460.000000 260.000000 0.255860
470.000000 260.000000 0.367817
480.000000 260.000000 0.497483
490.000000 260.000000 0.535012
500.000000 260.000000 0.535012
0.000000 270.000000 0.133968
10.000000 270.000000 0.133968
20.000000 270.000000 0.130078
30.000000 270.000000 0.136945
40.000000 270.000000 0.125493
50.000000 270.000000 0.114076
60.000000 270.000000 0.113066
70.000000 270.000000 0.107923
80.000000 270.000000 0.103280
90.000000 270.000000 0.103853
100.000000 270.000000 0.113713
110.000000 270.000000 0.164278
120.000000 270.000000 0.172094
130.000000 270.000000 0.130151
140.000000 270.000000 0.103899
150.000000 270.000000 0.102711
160.000000 270.000000 0.095831
170.000000 270.000000 0.109077
180.000000 270.000000 0.113628
190.000000 270.000000 0.095117
200.000000 270.000000 0.107382
210.000000 270.000000 0.124863
220.000000 270.000000 0.128543
230.000000 270.000000 0.117444
240.000000 270.000000 0.098537
250.000000 270.000000 0.096003
260.000000 270.000000 0.102447
270.000000 270.000000 0.117204
280.000000 270.000000 0.130420
290.000000 270.000000 0.117470
300.000000 270.000000 0.112407
310.000000 270.000000 0.117894
320.000000 270.000000 0.127226
330.000000 270.000000 0.154257
340.000000 270.000000 0.180653
350.000000 270.000000 0.188220
360.000000 270.000000 0.181428
370.000000 270.000000 0.176744
380.000000 270.000000 0.168999
390.000000 270.000000 0.161270
400.000000 270.000000 0.160400
410.000000 270.000000 0.182403
420.000000 270.000000 0.175567
430.000000 270.000000 0.164079
440.000000 270.000000 0.204151
450.000000 270.000000 0.214286
460.000000 270.000000 0.253872
470.000000 270.000000 0.308986
480.000000 270.000000 0.384971
490.000000 270.000000 0.480659
500.000000 270.000000 0.480659
0.000000 280.000000 0.156382
10.000000 280.000000 0.156382
20.000000 280.000000 0.143213
30.000000 280.000000 0.132703
40.000000 280.000000 0.120564
50.000000 280.000000 0.115277
60.000000 280.000000 0.131499
70.000000 280.000000 0.120307
80.000000 280.000000 0.098513
90.000000 280.000000 0.093424
100.000000 280.000000 0.100166
110.000000 280.000000 0.112891
120.000000 280.000000 0.117685
130.000000 280.000000 0.109390
140.000000 280.000000 0.101785
150.000000 280.000000 0.096028
160.000000 280.000000 0.095724
170.000000 280.000000 0.115848
180.000000 280.000000 0.136237
190.000000 280.000000 0.107286
200.000000 280.000000 0.108022
210.000000 280.000000 0.133475
220.000000 280.000000 0.132684
230.000000 280.000000 0.120244
240.000000 280.000000 0.099678
250.000000 280.000000 0.098072
260.000000 280.000000 0.103608
270.000000 280.000000 0.111161
280.000000 280.000000 0.114726
290.000000 280.000000 0.111898
300.000000 280.000000 0.118446
310.000000 280.000000 0.135388
320.000000 280.000000 0.141368
330.000000 280.000000 0.137173
340.000000 280.000000 0.145136
350.000000 280.000000 0.153165
360.000000 280.000000 0.147974
370.000000 280.000000 0.149396
380.000000 280.000000 0.152116
390.000000 280.000000 0.163385
400.000000 280.000000 0.177570
410.000000 280.000000 0.199026
420.000000 280.000000 0.198294
430.000000 280.000000 0.197994
440.000000 280.000000 0.212320
450.000000 280.000000 0.203944
460.000000 280.000000 0.211700
470.000000 280.000000 0.224167
480.000000 280.000000 0.288702
490.000000 280.000000 0.382882
500.000000 280.000000 0.382882
0.000000 290.000000 0.205789
10.000000 290.000000 0.205789
20.000000 290.000000 0.184651
30.000000 290.000000 0.154943
40.000000 290.000000 0.129719
50.000000 290.000000 0.118390
60.000000 290.000000 0.126771
70.000000 290.000000 0.113156
80.000000 290.000000 0.098902
90.000000 290.000000 0.093038
100.000000 290.000000 0.098778
110.000000 290.000000 0.098162
120.000000 290.000000 0.100669
130.000000 290.000000 0.104552
140.000000 290.000000 0.104796
150.000000 290.000000 0.104168
160.000000 290.000000 0.101366
170.000000 290.000000 0.103326
180.000000 290.000000 0.108655
190.000000 290.000000 0.104630
200.000000 290.000000 0.103774
210.000000 290.000000 0.121762
220.000000 290.000000 0.123050
230.000000 290.000000 0.123008
240.000000 290.000000 0.103878
250.000000 290.000000 0.100441
260.000000 290.000000 0.108752
270.000000 290.000000 0.113723
280.000000 290.000000 0.110700
290.000000 290.000000 0.106711
300.000000 290.000000 0.107282
310.000000 290.000000 0.107724
320.000000 290.000000 0.111466
330.000000 290.000000 0.117922
340.000000 290.000000 0.124968
350.000000 290.000000 0.128286
360.000000 290.000000 0.132632
370.000000 290.000000 0.143544
380.000000 290.000000 0.152736
390.000000 290.000000 0.187593
400.000000 290.000000 0.226339
410.000000 290.000000 0.243932
420.000000 290.000000 0.231420
430.000000 290.000000 0.245728
440.000000 290.000000 0.240355
450.000000 290.000000 0.197601
460.000000 290.000000 0.179868
470.000000 290.000000 0.171525
480.000000 290.000000 0.201225
490.000000 290.000000 0.274544
500.000000 290.000000 0.274544
0.000000 300.000000 0.288036
10.000000 300.000000 0.288036
20.000000 300.000000 0.236384
30.000000 300.000000 0.186520
40.000000 300.000000 0.147483
50.000000 300.000000 0.122485
60.000000 300.000000 0.119660
70.000000 300.000000 0.116870
80.000000 300.000000 0.108734
90.000000 300.000000 0.101597
100.000000 300.000000 0.097945
110.000000 300.000000 0.095868
120.000000 300.000000 0.096219
130.000000 300.000000 0.102719
140.000000 300.000000 0.104710
150.000000 300.000000 0.112283
160.000000 300.000000 0.105644
170.000000 300.000000 0.102168
180.000000 300.000000 0.099485
190.000000 300.000000 0.098148
200.000000 300.000000 0.096650
210.000000 300.000000 0.093897
220.000000 300.000000 0.097936
230.000000 300.000000 0.104036
240.000000 300.000000 0.100785
250.000000 300.000000 0.110966
260.000000 300.000000 0.125703
270.000000 300.000000 0.128786
280.000000 300.000000 0.117122
290.000000 300.000000 0.108247
300.000000 300.000000 0.106380
310.000000 300.000000 0.105870
320.000000 300.000000 0.104035
330.000000 300.000000 0.111380
340.000000 300.000000 0.120265
350.000000 300.000000 0.126669
360.000000 300.000000 0.136447
370.000000 300.000000 0.148032
380.000000 300.000000 0.174190
390.000000 300.000000 0.227307
400.000000 300.000000 0.319157
410.000000 300.000000 0.362983
420.000000 300.000000 0.288711
430.000000 300.000000 0.277902
440.000000 300.000000 0.253177
450.000000 300.000000 0.195227
460.000000 300.000000 0.169045
470.000000 300.000000 0.149812
480.000000 300.000000 0.156567
490.000000 300.000000 0.211546
500.000000 300.000000 0.211546
0.000000 310.000000 0.393181
10.000000 310.000000 0.393181
20.000000 310.000000 0.315231
30.000000 310.000000 0.234238
40.000000 310.000000 0.176571
50.000000 310.000000 0.135709
60.000000 310.000000 0.126057
70.000000 310.000000 0.135823
80.000000 310.000000 0.138353
90.000000 310.000000 0.115371
100.000000 310.000000 0.099066
110.000000 310.000000 0.091055
120.000000 310.000000 0.091347
130.000000 310.000000 0.105427
140.000000 310.000000 0.113232
150.000000 310.000000 0.121183
160.000000 310.000000 0.105785
170.000000 310.000000 0.100290
180.000000 310.000000 0.098474
190.000000 310.000000 0.099706
200.000000 310.000000 0.097291
210.000000 310.000000 0.095627
220.000000 310.000000 0.091507
230.000000 310.000000 0.094085
240.000000 310.000000 0.098508
250.000000 310.000000 0.113213
260.000000 310.000000 0.132968
270.000000 310.000000 0.144556
280.000000 310.000000 0.135156
290.000000 310.000000 0.111841
300.000000 310.000000 0.108143
310.000000 310.000000 0.108034
320.000000 310.000000 0.105062
330.000000 310.000000 0.117157
340.000000 310.000000 0.134071
350.000000 310.000000 0.143827
360.000000 310.000000 0.158447
370.000000 310.000000 0.168519
380.000000 310.000000 0.200458
390.000000 310.000000 0.262607
400.000000 310.000000 0.301342
410.000000 310.000000 0.314463
420.000000 310.000000 0.261467
430.000000 310.000000 0.243358
440.000000 310.000000 0.212906
450.000000 310.000000 0.172531
460.000000 310.000000 0.148978
470.000000 310.000000 0.143927
480.000000 310.000000 0.156568
490.000000 310.000000 0.206178
500.000000 310.000000 0.206178
0.000000 320.000000 0.580752
10.000000 320.000000 0.580752
20.000000 320.000000 0.404334
30.000000 320.000000 0.277329
40.000000 320.000000 0.192281
50.000000 320.000000 0.144100
60.000000 320.000000 0.130862
70.000000 320.000000 0.136280
80.000000 320.000000 0.143782
90.000000 320.000000 0.119597
100.000000 320.000000 0.093765
110.000000 320.000000 0.085886
120.000000 320.000000 0.087274
130.000000 320.000000 0.091341
140.000000 320.000000 0.107968
150.000000 320.000000 0.115631
160.000000 320.000000 0.103395
170.000000 320.000000 0.098663
180.000000 320.000000 0.103743
190.000000 320.000000 0.101827
200.000000 320.000000 0.099966
210.000000 320.000000 0.093782
220.000000 320.000000 0.093762
230.000000 320.000000 0.095016
240.000000 320.000000 0.103619
250.000000 320.000000 0.116088
260.000000 320.000000 0.147143
270.000000 320.000000 0.198593
280.000000 320.000000 0.162729
290.000000 320.000000 0.117954
300.000000 320.000000 0.122283
310.000000 320.000000 0.122617
320.000000 320.000000 0.115146
330.000000 320.000000 0.131336
340.000000 320.000000 0.162056
350.000000 320.000000 0.180745
360.000000 320.000000 0.211092
370.000000 320.000000 0.214543
380.000000 320.000000 0.281863
390.000000 320.000000 0.353563
400.000000 320.000000 0.269199
410.000000 320.000000 0.208934
420.000000 320.000000 0.190517
430.000000 320.000000 0.187522
440.000000 320.000000 0.174378
450.000000 320.000000 0.151104
460.000000 320.000000 0.141989
470.000000 320.000000 0.158749
480.000000 320.000000 0.194265
490.000000 320.000000 0.277993
500.000000 320.000000 0.277993
0.000000 330.000000 0.627799
10.000000 330.000000 0.627799
20.000000 330.000000 0.427325
30.000000 330.000000 0.284900
40.000000 330.000000 0.199111
50.000000 330.000000 0.146812
60.000000 330.000000 0.132020
70.000000 330.000000 0.124491
80.000000 330.000000 0.115877
90.000000 330.000000 0.100652
100.000000 330.000000 0.091162
110.000000 330.000000 0.085294
120.000000 330.000000 0.085080
130.000000 330.000000 0.085984
140.000000 330.000000 0.091648
150.000000 330.000000 0.097113
160.000000 330.000000 0.099034
170.000000 330.000000 0.101937
180.000000 330.000000 0.110045
190.000000 330.000000 0.111126
200.000000 330.000000 0.102033
210.000000 330.000000 0.097454
220.000000 330.000000 0.102354
230.000000 330.000000 0.102467
240.000000 330.000000 0.103719
250.000000 330.000000 0.110048
260.000000 330.000000 0.145735
270.000000 330.000000 0.212912
280.000000 330.000000 0.170486
290.000000 330.000000 0.116602
300.000000 330.000000 0.119543
310.000000 330.000000 0.131870
320.000000 330.000000 0.132175
330.000000 330.000000 0.151425
340.000000 330.000000 0.192318
350.000000 330.000000 0.230330
360.000000 330.000000 0.258507
370.000000 330.000000 0.265903
380.000000 330.000000 0.308122
390.000000 330.000000 0.374760
400.000000 330.000000 0.263941
410.000000 330.000000 0.188769
420.000000 330.000000 0.163683
430.000000 330.000000 0.153622
440.000000 330.000000 0.148312
450.000000 330.000000 0.141326
460.000000 330.000000 0.145429
470.000000 330.000000 0.171009
480.000000 330.000000 0.238280
490.000000 330.000000 0.362628
500.000000 330.000000 0.362628
0.000000 340.000000 0.720760
10.000000 340.000000 0.720760
20.000000 340.000000 0.490137
30.000000 340.000000 0.306394
40.000000 340.000000 0.205191
50.000000 340.000000 0.150337
60.000000 340.000000 0.121589
70.000000 340.000000 0.116574
80.000000 340.000000 0.108827
90.000000 340.000000 0.100145
100.000000 340.000000 0.094215
110.000000 340.000000 0.089859
120.000000 340.000000 0.087975
130.000000 340.000000 0.088617
140.000000 340.000000 0.089727
150.000000 340.000000 0.094088
160.000000 340.000000 0.103229
170.000000 340.000000 0.107808
180.000000 340.000000 0.110250
190.000000 340.000000 0.122010
200.000000 340.000000 0.119865
210.000000 340.000000 0.098143
220.000000 340.000000 0.099985
230.000000 340.000000 0.110887
240.000000 340.000000 0.100863
250.000000 340.000000 0.099478
260.000000 340.000000 0.109102
270.000000 340.000000 0.128352
280.000000 340.000000 0.119800
290.000000 340.000000 0.105372
300.000000 340.000000 0.117649
310.000000 340.000000 0.131751
320.000000 340.000000 0.151681
330.000000 340.000000 0.172501
340.000000 340.000000 0.219391
350.000000 340.000000 0.278648
360.000000 340.000000 0.342097
370.000000 340.000000 0.306068
380.000000 340.000000 0.266100
390.000000 340.000000 0.251417
400.000000 340.000000 0.225563
410.000000 340.000000 0.210716
420.000000 340.000000 0.177672
430.000000 340.000000 0.148527
440.000000 340.000000 0.150217
450.000000 340.000000 0.148732
460.000000 340.000000 0.165454
470.000000 340.000000 0.203466
480.000000 340.000000 0.285470
490.000000 340.000000 0.424799
500.000000 340.000000 0.424799
0.000000 350.000000 0.804872
10.000000 350.000000 0.804872
20.000000 350.000000 0.524928
30.000000 350.000000 0.328824
40.000000 350.000000 0.219042
50.000000 350.000000 0.154645
60.000000 350.000000 0.126794
70.000000 350.000000 0.121664
80.000000 350.000000 0.114716
90.000000 350.000000 0.105767
100.000000 350.000000 0.098476
110.000000 350.000000 0.095308
120.000000 350.000000 0.095886
130.000000 350.000000 0.092441
140.000000 350.000000 0.089741
150.000000 350.000000 0.093474
160.000000 350.000000 0.097928
170.000000 350.000000 0.106934
180.000000 350.000000 0.104243
190.000000 350.000000 0.112742
200.000000 350.000000 0.115367
210.000000 350.000000 0.099488
220.000000 350.000000 0.095481
230.000000 350.000000 0.106896
240.000000 350.000000 0.104468
250.000000 350.000000 0.101855
260.000000 350.000000 0.107199
270.000000 350.000000 0.114800
280.000000 350.000000 0.111450
290.000000 350.000000 0.107268
300.000000 350.000000 0.126216
310.000000 350.000000 0.133060
320.000000 350.000000 0.151734
330.000000 350.000000 0.182831
340.000000 350.000000 0.231319
350.000000 350.000000 0.283633
360.000000 350.000000 0.321861
370.000000 350.000000 0.319492
380.000000 350.000000 0.253790
390.000000 350.000000 0.229169
400.000000 350.000000 0.242544
410.000000 350.000000 0.324202
420.000000 350.000000 0.262323
430.000000 350.000000 0.163508
440.000000 350.000000 0.143400
450.000000 350.000000 0.152058
460.000000 350.000000 0.196242
470.000000 350.000000 0.261402
480.000000 350.000000 0.428468
490.000000 350.000000 0.582003
500.000000 350.000000 0.582003
0.000000 360.000000 0.850947
10.000000 360.000000 0.850947
20.000000 360.000000 0.627603
30.000000 360.000000 0.384813
40.000000 360.000000 0.234417
50.000000 360.000000 0.158419
60.000000 360.000000 0.130368
70.000000 360.000000 0.124756
80.000000 360.000000 0.121870
90.000000 360.000000 0.116813
100.000000 360.000000 0.104141
110.000000 360.000000 0.099510
120.000000 360.000000 0.095410
130.000000 360.000000 0.096925
140.000000 360.000000 0.093990
150.000000 360.000000 0.091915
160.000000 360.000000 0.094151
170.000000 360.000000 0.095588
180.000000 360.000000 0.097881
190.000000 360.000000 0.108665
200.000000 360.000000 0.104548
210.000000 360.000000 0.103451
220.000000 360.000000 0.099994
230.000000 360.000000 0.102984
240.000000 360.000000 0.113960
250.000000 360.000000 0.114583
260.000000 360.000000 0.123730
270.000000 360.000000 0.133152
280.000000 360.000000 0.127458
290.000000 360.000000 0.116963
300.000000 360.000000 0.129163
310.000000 360.000000 0.131369
320.000000 360.000000 0.138649
330.000000 360.000000 0.159388
340.000000 360.000000 0.200662
350.000000 360.000000 0.240049
360.000000 360.000000 0.281711
370.000000 360.000000 0.286433
380.000000 360.000000 0.227723
390.000000 360.000000 0.212608
400.000000 360.000000 0.244027
410.000000 360.000000 0.338541
420.000000 360.000000 0.298258
430.000000 360.000000 0.176956
440.000000 360.000000 0.150880
450.000000 360.000000 0.162001
460.000000 360.000000 0.224407
470.000000 360.000000 0.329241
480.000000 360.000000 0.564980
490.000000 360.000000 0.717350
500.000000 360.000000 0.717350
0.000000 370.000000 0.890519
10.000000 370.000000 0.890519
20.000000 370.000000 0.748756
30.000000 370.000000 0.451436
40.000000 370.000000 0.270856
50.000000 370.000000 0.177537
60.000000 370.000000 0.141791
70.000000 370.000000 0.130743
80.000000 370.000000 0.119726
90.000000 370.000000 0.111110
100.000000 370.000000 0.102162
110.000000 370.000000 0.099092
120.000000 370.000000 0.099430
130.000000 370.000000 0.103942
140.000000 370.000000 0.104530
150.000000 370.000000 0.102106
160.000000 370.000000 0.092757
170.000000 370.000000 0.096317
180.000000 370.000000 0.100380
190.000000 370.000000 0.117794
200.000000 370.000000 0.128472
210.000000 370.000000 0.106729
220.000000 370.000000 0.102114
230.000000 370.000000 0.110779
240.000000 370.000000 0.106884
250.000000 370.000000 0.103469
260.000000 370.000000 0.120811
270.000000 370.000000 0.127434
280.000000 370.000000 0.116033
290.000000 370.000000 0.118784
300.000000 370.000000 0.134313
310.000000 370.000000 0.134810
320.000000 370.000000 0.134887
330.000000 370.000000 0.148709
340.000000 370.000000 0.169358
350.000000 370.000000 0.203524
360.000000 370.000000 0.217062
370.000000 370.000000 0.205224
380.000000 370.000000 0.181477
390.000000 370.000000 0.185388
400.000000 370.000000 0.194312
410.000000 370.000000 0.223529
420.000000 370.000000 0.221256
430.000000 370.000000 0.161500
440.000000 370.000000 0.161957
450.000000 370.000000 0.189530
460.000000 370.000000 0.270056
470.000000 370.000000 0.433891
480.000000 370.000000 0.692121
490.000000 370.000000 0.829161
500.000000 370.000000 0.829161
0.000000 380.000000 0.927973
10.000000 380.000000 0.927973
20.000000 380.000000 0.839795
30.000000 380.000000 0.624824
40.000000 380.000000 0.407032
50.000000 380.000000 0.233360
60.000000 380.000000 0.175095
70.000000 380.000000 0.153668
80.000000 380.000000 0.136169
90.000000 380.000000 0.114725
100.000000 380.000000 0.105319
110.000000 380.000000 0.103148
120.000000 380.000000 0.110904
130.000000 380.000000 0.117818
140.000000 380.000000 0.110119
150.000000 380.000000 0.098358
160.000000 380.000000 0.097517
170.000000 380.000000 0.094146
180.000000 380.000000 0.098948
190.000000 380.000000 0.116858
200.000000 380.000000 0.131173
210.000000 380.000000 0.108285
220.000000 380.000000 0.099290
230.000000 380.000000 0.110039
240.000000 380.000000 0.110180
250.000000 380.000000 0.099828
260.000000 380.000000 0.111165
270.000000 380.000000 0.116761
280.000000 380.000000 0.112066
290.000000 380.000000 0.127745
300.000000 380.000000 0.153307
310.000000 380.000000 0.147530
320.000000 380.000000 0.140921
330.000000 380.000000 0.145269
340.000000 380.000000 0.156784
350.000000 380.000000 0.162465
360.000000 380.000000 0.161381
370.000000 380.000000 0.151683
380.000000 380.000000 0.138162
390.000000 380.000000 0.143595
400.000000 380.000000 0.158707
410.000000 380.000000 0.159976
420.000000 380.000000 0.155999
430.000000 380.000000 0.153828
440.000000 380.000000 0.180317
450.000000 380.000000 0.249884
460.000000 380.000000 0.412105
470.000000 380.000000 0.639871
480.000000 380.000000 0.820527
490.000000 380.000000 0.904979
500.000000 380.000000 0.904979
0.000000 390.000000 0.960146
10.000000 390.000000 0.960146
20.000000 390.000000 0.909725
30.000000 390.000000 0.784983
40.000000 390.000000 0.562190
50.000000 390.000000 0.333923
60.000000 390.000000 0.239711
70.000000 390.000000 0.193572
80.000000 390.000000 0.168175
90.000000 390.000000 0.140559
100.000000 390.000000 0.115828
110.000000 390.000000 0.116270
120.000000 390.000000 0.119315
130.000000 390.000000 0.109278
140.000000 390.000000 0.103819
150.000000 390.000000 0.098205
160.000000 390.000000 0.108153
170.000000 390.000000 0.100157
180.000000 390.000000 0.099243
190.000000 390.000000 0.106568
200.000000 390.000000 0.113953
210.000000 390.000000 0.107177
220.000000 390.000000 0.096712
230.000000 390.000000 0.104444
240.000000 390.000000 0.120930
250.000000 390.000000 0.104885
260.000000 390.000000 0.101976
270.000000 390.000000 0.105512
280.000000 390.000000 0.112743
290.000000 390.000000 0.133822
300.000000 390.000000 0.145821
310.000000 390.000000 0.150587
320.000000 390.000000 0.146703
330.000000 390.000000 0.145178
340.000000 390.000000 0.143912
350.000000 390.000000 0.139373
360.000000 390.000000 0.130967
370.000000 390.000000 0.120106
380.000000 390.000000 0.115101
390.000000 390.000000 0.121096
400.000000 390.000000 0.133466
410.000000 390.000000 0.141715
420.000000 390.000000 0.145195
430.000000 390.000000 0.170178
440.000000 390.000000 0.208530
450.000000 390.000000 0.338235
460.000000 390.000000 0.549195
470.000000 390.000000 0.774232
480.000000 390.000000 0.901439
490.000000 390.000000 0.952224
500.000000 390.000000 0.952224
0.000000 400.000000 0.980889
10.000000 400.000000 0.980889
20.000000 400.000000 0.954589
30.000000 400.000000 0.883069
40.000000 400.000000 0.739510
50.000000 400.000000 0.527412
60.000000 400.000000 0.331852
70.000000 400.000000 0.245742
80.000000 400.000000 0.209326
90.000000 400.000000 0.160421
100.000000 400.000000 0.127373
110.000000 400.000000 0.120209
120.000000 400.000000 0.123118
130.000000 400.000000 0.104556
140.000000 400.000000 0.098951
150.000000 400.000000 0.101638
160.000000 400.000000 0.100249
170.000000 400.000000 0.094601
180.000000 400.000000 0.099096
190.000000 400.000000 0.096126
200.000000 400.000000 0.099582
210.000000 400.000000 0.096143
220.000000 400.000000 0.091093
230.000000 400.000000 0.097019
240.000000 400.000000 0.106416
250.000000 400.000000 0.104369
260.000000 400.000000 0.115590
270.000000 400.000000 0.126090
280.000000 400.000000 0.138852
290.000000 400.000000 0.155106
300.000000 400.000000 0.160931
310.000000 400.000000 0.150288
320.000000 400.000000 0.141689
330.000000 400.000000 0.134962
340.000000 400.000000 0.125348
350.000000 400.000000 0.119391
360.000000 400.000000 0.111823
370.000000 400.000000 0.105895
380.000000 400.000000 0.105976
390.000000 400.000000 0.110555
400.000000 400.000000 0.128366
410.000000 400.000000 0.135876
420.000000 400.000000 0.144766
430.000000 400.000000 0.187926
440.000000 400.000000 0.267330
450.000000 400.000000 0.461498
460.000000 400.000000 0.688808
470.000000 400.000000 0.870858
480.000000 400.000000 0.950979
490.000000 400.000000 0.978347
500.000000 400.000000 0.978347
0.000000 410.000000 0.991851
10.000000 410.000000 0.991851
20.000000 410.000000 0.979631
30.000000 410.000000 0.943095
40.000000 410.000000 0.855055
50.000000 410.000000 0.670397
60.000000 410.000000 0.459215
70.000000 410.000000 0.322162
80.000000 410.000000 0.251713
90.000000 410.000000 0.184086
100.000000 410.000000 0.136138
110.000000 410.000000 0.128074
120.000000 410.000000 0.130236
130.000000 410.000000 0.109753
140.000000 410.000000 0.110199
150.000000 410.000000 0.112288
160.000000 410.000000 0.104446
170.000000 410.000000 0.100588
180.000000 410.000000 0.103929
190.000000 410.000000 0.101923
200.000000 410.000000 0.095798
210.000000 410.000000 0.094229
220.000000 410.000000 0.092358
230.000000 410.000000 0.099610
240.000000 410.000000 0.109726
250.000000 410.000000 0.108223
260.000000 410.000000 0.120439
270.000000 410.000000 0.128389
280.000000 410.000000 0.138354
290.000000 410.000000 0.145419
300.000000 410.000000 0.150377
310.000000 410.000000 0.144743
320.000000 410.000000 0.141757
330.000000 410.000000 0.130854
340.000000 410.000000 0.111190
350.000000 410.000000 0.109949
360.000000 410.000000 0.103790
370.000000 410.000000 0.100966
380.000000 410.000000 0.103081
390.000000 410.000000 0.111228
400.000000 410.000000 0.129045
410.000000 410.000000 0.144186
420.000000 410.000000 0.162429
430.000000 410.000000 0.233752
440.000000 410.000000 0.394524
450.000000 410.000000 0.654392
460.000000 410.000000 0.846323
470.000000 410.000000 0.940595
480.000000 410.000000 0.978711
490.000000 410.000000 0.991135
500.000000 410.000000 0.991135
0.000000 420.000000 0.996881
10.000000 420.000000 0.996881
20.000000 420.000000 0.991910
30.000000 420.000000 0.976265
40.000000 420.000000 0.935243
50.000000 420.000000 0.838964
60.000000 420.000000 0.666159
70.000000 420.000000 0.455213
80.000000 420.000000 0.325589
90.000000 420.000000 0.210423
100.000000 420.000000 0.153237
110.000000 420.000000 0.129230
120.000000 420.000000 0.124749
130.000000 420.000000 0.120672
140.000000 420.000000 0.132297
150.000000 420.000000 0.138362
160.000000 420.000000 0.123445
170.000000 420.000000 0.114911
180.000000 420.000000 0.108056
190.000000 420.000000 0.108112
200.000000 420.000000 0.102298
210.000000 420.000000 0.099695
220.000000 420.000000 0.101556
230.000000 420.000000 0.110543
240.000000 420.000000 0.131849
250.000000 420.000000 0.116139
260.000000 420.000000 0.109445
270.000000 420.000000 0.110635
280.000000 420.000000 0.116665
290.000000 420.000000 0.127895
300.000000 420.000000 0.143707
310.000000 420.000000 0.136988
320.000000 420.000000 0.132156
330.000000 420.000000 0.124040
340.000000 420.000000 0.105879
350.000000 420.000000 0.100864
360.000000 420.000000 0.102137
370.000000 420.000000 0.102032
380.000000 420.000000 0.111735
390.000000 420.000000 0.129086
400.000000 420.000000 0.142993
410.000000 420.000000 0.162559
420.000000 420.000000 0.210308
430.000000 420.000000 0.333665
440.000000 420.000000 0.588652
450.000000 420.000000 0.816418
460.000000 420.000000 0.925398
470.000000 420.000000 0.973238
480.000000 420.000000 0.991053
490.000000 420.000000 0.996532
500.000000 420.000000 0.996532
0.000000 430.000000 0.998898
10.000000 430.000000 0.998898
20.000000 430.000000 0.997035
30.000000 430.000000 0.990933
40.000000 430.000000 0.973900
50.000000 430.000000 0.930012
60.000000 430.000000 0.826744
70.000000 430.000000 0.645640
80.000000 430.000000 0.442586
90.000000 430.000000 0.282195
100.000000 430.000000 0.198417
110.000000 430.000000 0.156073
120.000000 430.000000 0.136566
130.000000 430.000000 0.139230
140.000000 430.000000 0.163528
150.000000 430.000000 0.180828
160.000000 430.000000 0.148927
170.000000 430.000000 0.125719
180.000000 430.000000 0.120151
190.000000 430.000000 0.115959
200.000000 430.000000 0.111920
210.000000 430.000000 0.103321
220.000000 430.000000 0.104176
230.000000 430.000000 0.107137
240.000000 430.000000 0.120867
250.000000 430.000000 0.113336
260.000000 430.000000 0.120938
270.000000 430.000000 0.113603
280.000000 430.000000 0.115228
290.000000 430.000000 0.123797
300.000000 430.000000 0.136482
310.000000 430.000000 0.125334
320.000000 430.000000 0.112649
330.000000 430.000000 0.109057
340.000000 430.000000 0.103555
350.000000 430.000000 0.103386
360.000000 430.000000 0.105708
370.000000 430.000000 0.108046
380.000000 430.000000 0.121899
390.000000 430.000000 0.152877
400.000000 430.000000 0.180089
410.000000 430.000000 0.233499
420.000000 430.000000 0.352253
430.000000 430.000000 0.527584
440.000000 430.000000 0.763606
450.000000 430.000000 0.902052
460.000000 430.000000 0.963602
470.000000 430.000000 0.987928
480.000000 430.000000 0.996262
490.000000 430.000000 0.998665
500.000000 430.000000 0.998665
0.000000 440.000000 0.999620
10.000000 440.000000 0.999620
20.000000 440.000000 0.998918
30.000000 440.000000 0.996481
40.000000 440.000000 0.989155
50.000000 440.000000 0.968944
60.000000 440.000000 0.918771
70.000000 440.000000 0.817803
80.000000 440.000000 0.660689
90.000000 440.000000 0.469597
100.000000 440.000000 0.312133
110.000000 440.000000 0.216317
120.000000 440.000000 0.170230
130.000000 440.000000 0.159012
140.000000 440.000000 0.209436
150.000000 440.000000 0.249302
160.000000 440.000000 0.171868
170.000000 440.000000 0.144018
180.000000 440.000000 0.139252
190.000000 440.000000 0.130803
200.000000 440.000000 0.118281
210.000000 440.000000 0.110609
220.000000 440.000000 0.107692
230.000000 440.000000 0.106679
240.000000 440.000000 0.108936
250.000000 440.000000 0.113316
260.000000 440.000000 0.116217
270.000000 440.000000 0.112035
280.000000 440.000000 0.115997
290.000000 440.000000 0.121973
300.000000 440.000000 0.133272
310.000000 440.000000 0.123657
320.000000 440.000000 0.110846
330.000000 440.000000 0.106414
340.000000 440.000000 0.107649
350.000000 440.000000 0.113284
360.000000 440.000000 0.115625
370.000000 440.000000 0.127325
380.000000 440.000000 0.154337
390.000000 440.000000 0.189497
400.000000 440.000000 0.257670
410.000000 440.000000 0.378983
420.000000 440.000000 0.549920
430.000000 440.000000 0.743437
440.000000 440.000000 0.884469
450.000000 440.000000 0.954462
460.000000 440.000000 0.984033
470.000000 440.000000 0.994966
480.000000 440.000000 0.998522
490.000000 440.000000 0.999505
500.000000 440.000000 0.999505
0.000000 450.000000 0.999867
10.000000 450.000000 0.999867
20.000000 450.000000 0.999596
30.000000 450.000000 0.998596
40.000000 450.000000 0.995410
50.000000 450.000000 0.986241
60.000000 450.000000 0.963040
70.000000 450.000000 0.914029
80.000000 450.000000 0.829284
90.000000 450.000000 0.696548
100.000000 450.000000 0.518052
110.000000 450.000000 0.332219
120.000000 450.000000 0.226671
130.000000 450.000000 0.202701
140.000000 450.000000 0.240373
150.000000 450.000000 0.274701
160.000000 450.000000 0.189292
170.000000 450.000000 0.173161
180.000000 450.000000 0.173571
190.000000 450.000000 0.148700
200.000000 450.000000 0.130866
210.000000 450.000000 0.121931
220.000000 450.000000 0.127894
230.000000 450.000000 0.122746
240.000000 450.000000 0.121416
250.000000 450.000000 0.126996
260.000000 450.000000 0.117699
270.000000 450.000000 0.121882
280.000000 450.000000 0.127968
290.000000 450.000000 0.116976
300.000000 450.000000 0.119693
310.000000 450.000000 0.118379
320.000000 450.000000 0.111687
330.000000 450.000000 0.110869
340.000000 450.000000 0.122775
350.000000 450.000000 0.140045
360.000000 450.000000 0.150064
370.000000 450.000000 0.173942
380.000000 450.000000 0.228906
390.000000 450.000000 0.311579
400.000000 450.000000 0.460331
410.000000 450.000000 0.654506
420.000000 450.000000 0.789760
430.000000 450.000000 0.892809
440.000000 450.000000 0.953810
450.000000 450.000000 0.982364
460.000000 450.000000 0.993979
470.000000 450.000000 0.998145
480.000000 450.000000 0.999469
490.000000 450.000000 0.999829
500.000000 450.000000 0.999829
0.000000 460.000000 0.999954
10.000000 460.000000 0.999954
20.000000 460.000000 0.999851
30.000000 460.000000 0.999462
40.000000 460.000000 0.998189
50.000000 460.000000 0.994499
60.000000 460.000000 0.985232
70.000000 460.000000 0.965673
80.000000 460.000000 0.930309
90.000000 460.000000 0.865586
100.000000 460.000000 0.732038
110.000000 460.000000 0.531706
120.000000 460.000000 0.367523
130.000000 460.000000 0.262827
140.000000 460.000000 0.227030
150.000000 460.000000 0.241053
160.000000 460.000000 0.195620
170.000000 460.000000 0.204568
180.000000 460.000000 0.224125
190.000000 460.000000 0.168915
200.000000 460.000000 0.140566
210.000000 460.000000 0.133150
220.000000 460.000000 0.138026
230.000000 460.000000 0.122535
240.000000 460.000000 0.112792
250.000000 460.000000 0.113775
260.000000 460.000000 0.111315
270.000000 460.000000 0.113635
280.000000 460.000000 0.121474
290.000000 460.000000 0.118637
300.000000 460.000000 0.122799
310.000000 460.000000 0.118894
320.000000 460.000000 0.117826
330.000000 460.000000 0.129667
340.000000 460.000000 0.155779
350.000000 460.000000 0.199996
360.000000 460.000000 0.220589
370.000000 460.000000 0.281271
380.000000 460.000000 0.421741
390.000000 460.000000 0.539750
400.000000 460.000000 0.687619
410.000000 460.000000 0.837006
420.000000 460.000000 0.916844
430.000000 460.000000 0.961635
440.000000 460.000000 0.984181
450.000000 460.000000 0.994109
460.000000 460.000000 0.998018
470.000000 460.000000 0.999395
480.000000 460.000000 0.999829
490.000000 460.000000 0.999946
500.000000 460.000000 0.999946
0.000000 470.000000 0.999985
10.000000 470.000000 0.999985
20.000000 470.000000 0.999949
30.000000 470.000000 0.999811
40.000000 470.000000 0.999362
50.000000 470.000000 0.998068
60.000000 470.000000 0.994854
70.000000 470.000000 0.988029
80.000000 470.000000 0.974938
90.000000 470.000000 0.947989
100.000000 470.000000 0.885852
110.000000 470.000000 0.764850
120.000000 470.000000 0.608047
130.000000 470.000000 0.452013
140.000000 470.000000 0.334167
150.000000 470.000000 0.266917
160.000000 470.000000 0.223228
170.000000 470.000000 0.257125
180.000000 470.000000 0.285475
190.000000 470.000000 0.180572
200.000000 470.000000 0.147438
210.000000 470.000000 0.133999
220.000000 470.000000 0.125956
230.000000 470.000000 0.113561
240.000000 470.000000 0.111139
250.000000 470.000000 0.112074
260.000000 470.000000 0.111922
270.000000 470.000000 0.114065
280.000000 470.000000 0.118461
290.000000 470.000000 0.119250
300.000000 470.000000 0.125428
310.000000 470.000000 0.125817
320.000000 470.000000 0.134784
330.000000 470.000000 0.162941
340.000000 470.000000 0.208194
350.000000 470.000000 0.295031
360.000000 470.000000 0.348965
370.000000 470.000000 0.469513
380.000000 470.000000 0.672612
390.000000 470.000000 0.784216
400.000000 470.000000 0.872751
410.000000 470.000000 0.936510
420.000000 470.000000 0.970756
430.000000 470.000000 0.987579
440.000000 470.000000 0.995125
450.000000 470.000000 0.998234
460.000000 470.000000 0.999414
470.000000 470.000000 0.999822
480.000000 470.000000 0.999950
490.000000 470.000000 0.999984
500.000000 470.000000 0.999984
0.000000 480.000000 0.999995
10.000000 480.000000 0.999995
20.000000 480.000000 0.999984
30.000000 480.000000 0.999940
40.000000 480.000000 0.999797
50.000000 480.000000 0.999388
60.000000 480.000000 0.998369
70.000000 480.000000 0.996113
80.000000 480.000000 0.991300
90.000000 480.000000 0.980073
100.000000 480.000000 0.952654
110.000000 480.000000 0.895996
120.000000 480.000000 0.810589
130.000000 480.000000 0.704819
140.000000 480.000000 0.567814
150.000000 480.000000 0.440572
160.000000 480.000000 0.355142
170.000000 480.000000 0.350174
180.000000 480.000000 0.304581
190.000000 480.000000 0.184343
200.000000 480.000000 0.155128
210.000000 480.000000 0.139377
220.000000 480.000000 0.126012
230.000000 480.000000 0.114931
240.000000 480.000000 0.123623
250.000000 480.000000 0.122480
260.000000 480.000000 0.117123
270.000000 480.000000 0.116527
280.000000 480.000000 0.125159
290.000000 480.000000 0.128710
300.000000 480.000000 0.135240
310.000000 480.000000 0.145018
320.000000 480.000000 0.181022
330.000000 480.000000 0.241972
340.000000 480.000000 0.338211
350.000000 480.000000 0.468296
360.000000 480.000000 0.593780
370.000000 480.000000 0.714225
380.000000 480.000000 0.827451
390.000000 480.000000 0.901107
400.000000 480.000000 0.949096
410.000000 480.000000 0.976737
420.000000 480.000000 0.990252
430.000000 480.000000 0.996179
440.000000 480.000000 0.998584
450.000000 480.000000 0.999506
460.000000 480.000000 0.999839
470.000000 480.000000 0.999952
480.000000 480.000000 0.999986
490.000000 480.000000 0.999996
500.000000 480.000000 0.999996
0.000000 490.000000 0.999998
10.000000 490.000000 0.999998
20.000000 490.000000 0.999994
30.000000 490.000000 0.999979
40.000000 490.000000 0.999929
50.000000 490.000000 0.999787
60.000000 490.000000 0.999420
70.000000 490.000000 0.998543
80.000000 490.000000 0.996424
90.000000 490.000000 0.990989
100.000000 490.000000 0.977446
110.000000 490.000000 0.949044
120.000000 490.000000 0.902601
130.000000 490.000000 0.838203
140.000000 490.000000 0.750527
150.000000 490.000000 0.639075
160.000000 490.000000 0.519001
170.000000 490.000000 0.442861
180.000000 490.000000 0.314299
190.000000 490.000000 0.195842
200.000000 490.000000 0.160779
210.000000 490.000000 0.148748
220.000000 490.000000 0.133124
230.000000 490.000000 0.122027
240.000000 490.000000 0.128402
250.000000 490.000000 0.119520
260.000000 490.000000 0.116430
270.000000 490.000000 0.120508
280.000000 490.000000 0.135714
290.000000 490.000000 0.155081
300.000000 490.000000 0.174500
310.000000 490.000000 0.185585
320.000000 490.000000 0.257261
330.000000 490.000000 0.398143
340.000000 490.000000 0.514612
350.000000 490.000000 0.628557
360.000000 490.000000 0.751399
370.000000 490.000000 0.832710
380.000000 490.000000 0.899320
390.000000 490.000000 0.947135
400.000000 490.000000 0.975611
410.000000 490.000000 0.989923
420.000000 490.000000 0.996168
430.000000 490.000000 0.998622
440.000000 490.000000 0.999524
450.000000 490.000000 0.999842
460.000000 490.000000 0.999950
470.000000 490.000000 0.999985
480.000000 490.000000 0.999996
490.000000 490.000000 0.999999
500.000000 490.000000 0.999999
0.000000 500.000000 0.999998
10.000000 500.000000 0.999998
20.000000 500.000000 0.999994
30.000000 500.000000 0.999979
40.000000 500.000000 0.999929
50.000000 500.000000 0.999787
60.000000 500.000000 0.999420
70.000000 500.000000 0.998543
80.000000 500.000000 0.996424
90.000000 500.000000 0.990989
100.000000 500.000000 0.977446
110.000000 500.000000 0.949044
120.000000 500.000000 0.902601
130.000000 500.000000 0.838203
140.000000 500.000000 0.750527
150.000000 500.000000 0.639075
160.000000 500.000000 0.519001
170.000000 500.000000 0.442861
180.000000 500.000000 0.314299
190.000000 500.000000 0.195842
200.000000 500.000000 0.160779
210.000000 500.000000 0.148748
220.000000 500.000000 0.133124
230.000000 500.000000 0.122027
240.000000 500.000000 0.128402
250.000000 500.000000 0.119520
260.000000 500.000000 0.116430
270.000000 500.000000 0.120508
280.000000 500.000000 0.135714
290.000000 500.000000 0.155081
300.000000 500.000000 0.174500
310.000000 500.000000 0.185585
320.000000 500.000000 0.257261
330.000000 500.000000 0.398143
340.000000 500.000000 0.514612
350.000000 500.000000 0.628557
360.000000 500.000000 0.751399
370.000000 500.000000 0.832710
380.000000 500.000000 0.899320
390.000000 500.000000 0.947135
400.000000 500.000000 0.975611
410.000000 500.000000 0.989923
420.000000 500.000000 0.996168
430.000000 500.000000 0.998622
440.000000 500.000000 0.999524
450.000000 500.000000 0.999842
460.000000 500.000000 0.999950
470.000000 500.000000 0.999985
480.000000 500.000000 0.999996
490.000000 500.000000 0.999999
500.000000 500.000000 0.999999
