# 500.000000 500.000000
# 51 51
# 0 43 
0.000000 0.000000 0.999990
10.000000 0.000000 0.999990
20.000000 0.000000 0.999972
30.000000 0.000000 0.999911
40.000000 0.000000 0.999732
50.000000 0.000000 0.999246
60.000000 0.000000 0.998032
70.000000 0.000000 0.995251
80.000000 0.000000 0.989397
90.000000 0.000000 0.977861
100.000000 0.000000 0.956168
110.000000 0.000000 0.917930
120.000000 0.000000 0.857569
130.000000 0.000000 0.775048
140.000000 0.000000 0.669905
150.000000 0.000000 0.545930
160.000000 0.000000 0.407246
170.000000 0.000000 0.277906
180.000000 0.000000 0.178177
190.000000 0.000000 0.140213
200.000000 0.000000 0.121319
210.000000 0.000000 0.135282
220.000000 0.000000 0.143181
230.000000 0.000000 0.180774
240.000000 0.000000 0.250521
250.000000 0.000000 0.394649
260.000000 0.000000 0.578382
270.000000 0.000000 0.481460
280.000000 0.000000 0.239009
290.000000 0.000000 0.175165
300.000000 0.000000 0.160170
310.000000 0.000000 0.170486
320.000000 0.000000 0.195942
330.000000 0.000000 0.305552
340.000000 0.000000 0.455160
350.000000 0.000000 0.538108
360.000000 0.000000 0.619390
370.000000 0.000000 0.721710
380.000000 0.000000 0.817308
390.000000 0.000000 0.889567
400.000000 0.000000 0.938968
410.000000 0.000000 0.969360
420.000000 0.000000 0.985761
430.000000 0.000000 0.993748
440.000000 0.000000 0.997376
450.000000 0.000000 0.998944
460.000000 0.000000 0.999595
470.000000 0.000000 0.999853
480.000000 0.000000 0.999949
490.000000 0.000000 0.999980
500.000000 0.000000 0.999980
0.000000 10.000000 0.999990
10.000000 10.000000 0.999990
20.000000 10.000000 0.999972
30.000000 10.000000 0.999911
40.000000 10.000000 0.999732
50.000000 10.000000 0.999246
60.000000 10.000000 0.998032
70.000000 10.000000 0.995251
80.000000 10.000000 0.989397
90.000000 10.000000 0.977861
100.000000 10.000000 0.956168
110.000000 10.000000 0.917930
120.000000 10.000000 0.857569
130.000000 10.000000 0.775048
140.000000 10.000000 0.669905
150.000000 10.000000 0.545930
160.000000 10.000000 0.407246
170.000000 10.000000 0.277906
180.000000 10.000000 0.178177
190.000000 10.000000 0.140213
200.000000 10.000000 0.121319
210.000000 10.000000 0.135282
220.000000 10.000000 0.143181
230.000000 10.000000 0.180774
240.000000 10.000000 0.250521
250.000000 10.000000 0.394649
260.000000 10.000000 0.578382
270.000000 10.000000 0.481460
280.000000 10.000000 0.239009
290.000000 10.000000 0.175165
300.000000 10.000000 0.160170
310.000000 10.000000 0.170486
320.000000 10.000000 0.195942
330.000000 10.000000 0.305552
340.000000 10.000000 0.455160
350.000000 10.000000 0.538108
360.000000 10.000000 0.619390
370.000000 10.000000 0.721710
380.000000 10.000000 0.817308
390.000000 10.000000 0.889567
400.000000 10.000000 0.938968
410.000000 10.000000 0.969360
420.000000 10.000000 0.985761
430.000000 10.000000 0.993748
440.000000 10.000000 0.997376
450.000000 10.000000 0.998944
460.000000 10.000000 0.999595
470.000000 10.000000 0.999853
480.000000 10.000000 0.999949
490.000000 10.000000 0.999980
500.000000 10.000000 0.999980
0.000000 20.000000 0.999970
10.000000 20.000000 0.999970
20.000000 20.000000 0.999921
30.000000 20.000000 0.999760
40.000000 20.000000 0.999302
50.000000 20.000000 0.998100
60.000000 20.000000 0.995203
70.000000 20.000000 0.988839
80.000000 20.000000 0.976157
90.000000 20.000000 0.952925
100.000000 20.000000 0.912522
110.000000 20.000000 0.845726
120.000000 20.000000 0.743240
130.000000 20.000000 0.627871
140.000000 20.000000 0.503374
150.000000 20.000000 0.354399
160.000000 20.000000 0.239280
170.000000 20.000000 0.180284
180.000000 20.000000 0.123810
190.000000 20.000000 0.108470
200.000000 20.000000 0.104721
210.000000 20.000000 0.133776
220.000000 20.000000 0.130383
230.000000 20.000000 0.146942
240.000000 20.000000 0.220010
250.000000 20.000000 0.334090
260.000000 20.000000 0.473406
270.000000 20.000000 0.435350
280.000000 20.000000 0.247099
290.000000 20.000000 0.202120
300.000000 20.000000 0.168741
310.000000 20.000000 0.148706
320.000000 20.000000 0.161614
330.000000 20.000000 0.221139
340.000000 20.000000 0.322188
350.000000 20.000000 0.412001
360.000000 20.000000 0.482758
370.000000 20.000000 0.587939
380.000000 20.000000 0.712797
390.000000 20.000000 0.818494
400.000000 20.000000 0.895349
410.000000 20.000000 0.944576
420.000000 20.000000 0.972412
430.000000 20.000000 0.986908
440.000000 20.000000 0.994084
450.000000 20.000000 0.997467
460.000000 20.000000 0.998980
470.000000 20.000000 0.999617
480.000000 20.000000 0.999865
490.000000 20.000000 0.999946
500.000000 20.000000 0.999946
0.000000 30.000000 0.999900
10.000000 30.000000 0.999900
20.000000 30.000000 0.999747
30.000000 30.000000 0.999259
40.000000 30.000000 0.997927
50.000000 30.000000 0.994577
60.000000 30.000000 0.986857
70.000000 30.000000 0.970719
80.000000 30.000000 0.940516
90.000000 30.000000 0.889743
100.000000 30.000000 0.809413
110.000000 30.000000 0.684418
120.000000 30.000000 0.470183
130.000000 30.000000 0.337066
140.000000 30.000000 0.268743
150.000000 30.000000 0.191822
160.000000 30.000000 0.144945
170.000000 30.000000 0.113962
180.000000 30.000000 0.090181
190.000000 30.000000 0.098582
200.000000 30.000000 0.106978
210.000000 30.000000 0.130822
220.000000 30.000000 0.132125
230.000000 30.000000 0.135744
240.000000 30.000000 0.197129
250.000000 30.000000 0.301045
260.000000 30.000000 0.366529
270.000000 30.000000 0.327545
280.000000 30.000000 0.267667
290.000000 30.000000 0.272162
300.000000 30.000000 0.241452
310.000000 30.000000 0.170740
320.000000 30.000000 0.169856
330.000000 30.000000 0.201092
340.000000 30.000000 0.226036
350.000000 30.000000 0.252494
360.000000 30.000000 0.305075
370.000000 30.000000 0.375065
380.000000 30.000000 0.506489
390.000000 30.000000 0.653717
400.000000 30.000000 0.795646
410.000000 30.000000 0.884445
420.000000 30.000000 0.937772
430.000000 30.000000 0.967952
440.000000 30.000000 0.984481
450.000000 30.000000 0.992998
460.000000 30.000000 0.997076
470.000000 30.000000 0.998876
480.000000 30.000000 0.999597
490.000000 30.000000 0.999838
500.000000 30.000000 0.999838
0.000000 40.000000 0.999681
10.000000 40.000000 0.999681
20.000000 40.000000 0.999225
30.000000 40.000000 0.997827
40.000000 40.000000 0.994185
50.000000 40.000000 0.985519
60.000000 40.000000 0.966676
70.000000 40.000000 0.929564
80.000000 40.000000 0.865026
90.000000 40.000000 0.766254
100.000000 40.000000 0.621897
110.000000 40.000000 0.436937
120.000000 40.000000 0.272205
130.000000 40.000000 0.182167
140.000000 40.000000 0.138152
150.000000 40.000000 0.116486
160.000000 40.000000 0.118711
170.000000 40.000000 0.098547
180.000000 40.000000 0.076620
190.000000 40.000000 0.085571
200.000000 40.000000 0.093901
210.000000 40.000000 0.106930
220.000000 40.000000 0.114439
230.000000 40.000000 0.125591
240.000000 40.000000 0.176121
250.000000 40.000000 0.244025
260.000000 40.000000 0.290397
270.000000 40.000000 0.298485
280.000000 40.000000 0.330213
290.000000 40.000000 0.368591
300.000000 40.000000 0.278064
310.000000 40.000000 0.214867
320.000000 40.000000 0.255644
330.000000 40.000000 0.306330
340.000000 40.000000 0.259563
350.000000 40.000000 0.201865
360.000000 40.000000 0.183861
370.000000 40.000000 0.204497
380.000000 40.000000 0.275905
390.000000 40.000000 0.405798
400.000000 40.000000 0.618022
410.000000 40.000000 0.767704
420.000000 40.000000 0.865780
430.000000 40.000000 0.925479
440.000000 40.000000 0.961662
450.000000 40.000000 0.981944
460.000000 40.000000 0.992237
470.000000 40.000000 0.996961
480.000000 40.000000 0.998899
490.000000 40.000000 0.999554
500.000000 40.000000 0.999554
0.000000 50.000000 0.999053
10.000000 50.000000 0.999053
20.000000 50.000000 0.997791
30.000000 50.000000 0.994081
40.000000 50.000000 0.984950
50.000000 50.000000 0.964613
60.000000 50.000000 0.923464
70.000000 50.000000 0.847056
80.000000 50.000000 0.726066
90.000000 50.000000 0.552599
100.000000 50.000000 0.381199
110.000000 50.000000 0.234895
120.000000 50.000000 0.158925
130.000000 50.000000 0.116847
140.000000 50.000000 0.092653
150.000000 50.000000 0.083456
160.000000 50.000000 0.088443
170.000000 50.000000 0.079513
180.000000 50.000000 0.071129
190.000000 50.000000 0.074839
200.000000 50.000000 0.084099
210.000000 50.000000 0.099651
220.000000 50.000000 0.104055
230.000000 50.000000 0.116824
240.000000 50.000000 0.150521
250.000000 50.000000 0.186785
260.000000 50.000000 0.229513
270.000000 50.000000 0.267962
280.000000 50.000000 0.327364
290.000000 50.000000 0.373493
300.000000 50.000000 0.310869
310.000000 50.000000 0.242690
320.000000 50.000000 0.266278
330.000000 50.000000 0.333384
340.000000 50.000000 0.319405
350.000000 50.000000 0.230657
360.000000 50.000000 0.169599
370.000000 50.000000 0.165302
380.000000 50.000000 0.181464
390.000000 50.000000 0.236977
400.000000 50.000000 0.391859
410.000000 50.000000 0.582657
420.000000 50.000000 0.739861
430.000000 50.000000 0.843804
440.000000 50.000000 0.914821
450.000000 50.000000 0.958315
460.000000 50.000000 0.981630
470.000000 50.000000 0.992689
480.000000 50.000000 0.997324
490.000000 50.000000 0.998909
500.000000 50.000000 0.998909
0.000000 60.000000 0.997416
10.000000 60.000000 0.997416
20.000000 60.000000 0.994210
30.000000 60.000000 0.985208
40.000000 60.000000 0.964382
50.000000 60.000000 0.921312
60.000000 60.000000 0.840496
70.000000 60.000000 0.683436
80.000000 60.000000 0.482396
90.000000 60.000000 0.311338
100.000000 60.000000 0.211854
110.000000 60.000000 0.158231
120.000000 60.000000 0.128547
130.000000 60.000000 0.097945
140.000000 60.000000 0.076064
150.000000 60.000000 0.072066
160.000000 60.000000 0.071748
170.000000 60.000000 0.070916
180.000000 60.000000 0.070871
190.000000 60.000000 0.075786
200.000000 60.000000 0.091192
210.000000 60.000000 0.107297
220.000000 60.000000 0.111015
230.000000 60.000000 0.120928
240.000000 60.000000 0.133610
250.000000 60.000000 0.150909
260.000000 60.000000 0.178441
270.000000 60.000000 0.219682
280.000000 60.000000 0.286288
290.000000 60.000000 0.332791
300.000000 60.000000 0.280401
310.000000 60.000000 0.237512
320.000000 60.000000 0.247688
330.000000 60.000000 0.307462
340.000000 60.000000 0.308485
350.000000 60.000000 0.237017
360.000000 60.000000 0.183415
370.000000 60.000000 0.181031
380.000000 60.000000 0.144880
390.000000 60.000000 0.151065
400.000000 60.000000 0.225306
410.000000 60.000000 0.376138
420.000000 60.000000 0.560332
430.000000 60.000000 0.706778
440.000000 60.000000 0.831409
450.000000 60.000000 0.914895
460.000000 60.000000 0.961777
470.000000 60.000000 0.984553
480.000000 60.000000 0.994268
490.000000 60.000000 0.997637
500.000000 60.000000 0.997637
0.000000 70.000000 0.993586
10.000000 70.000000 0.993586
20.000000 70.000000 0.986215
30.000000 70.000000 0.966492
40.000000 70.000000 0.923735
50.000000 70.000000 0.842262
60.000000 70.000000 0.705979
70.000000 70.000000 0.470527
80.000000 70.000000 0.279353
90.000000 70.000000 0.183923
100.000000 70.000000 0.138172
110.000000 70.000000 0.120774
120.000000 70.000000 0.104916
130.000000 70.000000 0.091398
140.000000 70.000000 0.075577
150.000000 70.000000 0.085358
160.000000 70.000000 0.092059
170.000000 70.000000 0.086728
180.000000 70.000000 0.085602
190.000000 70.000000 0.079063
200.000000 70.000000 0.092299
210.000000 70.000000 0.107770
220.000000 70.000000 0.121352
230.000000 70.000000 0.138814
240.000000 70.000000 0.141938
250.000000 70.000000 0.127123
260.000000 70.000000 0.137243
270.000000 70.000000 0.168504
280.000000 70.000000 0.215850
290.000000 70.000000 0.256360
300.000000 70.000000 0.233932
310.000000 70.000000 0.206616
320.000000 70.000000 0.214406
330.000000 70.000000 0.255651
340.000000 70.000000 0.254113
350.000000 70.000000 0.209844
360.000000 70.000000 0.161734
370.000000 70.000000 0.145219
380.000000 70.000000 0.113431
390.000000 70.000000 0.117873
400.000000 70.000000 0.143506
410.000000 70.000000 0.205394
420.000000 70.000000 0.300821
430.000000 70.000000 0.468623
440.000000 70.000000 0.698293
450.000000 70.000000 0.845765
460.000000 70.000000 0.930032
470.000000 70.000000 0.971226
480.000000 70.000000 0.989098
490.000000 70.000000 0.995416
500.000000 70.000000 0.995416
0.000000 80.000000 0.985633
10.000000 80.000000 0.985633
20.000000 80.000000 0.970426
30.000000 80.000000 0.931772
40.000000 80.000000 0.853300
50.000000 80.000000 0.715092
60.000000 80.000000 0.508132
70.000000 80.000000 0.299612
80.000000 80.000000 0.193111
90.000000 80.000000 0.135129
100.000000 80.000000 0.107083
110.000000 80.000000 0.102448
120.000000 80.000000 0.087106
130.000000 80.000000 0.077829
140.000000 80.000000 0.074157
150.000000 80.000000 0.095538
160.000000 80.000000 0.100698
170.000000 80.000000 0.096462
180.000000 80.000000 0.100339
190.000000 80.000000 0.078731
200.000000 80.000000 0.085723
210.000000 80.000000 0.101898
220.000000 80.000000 0.120722
230.000000 80.000000 0.131280
240.000000 80.000000 0.128313
250.000000 80.000000 0.115184
260.000000 80.000000 0.121964
270.000000 80.000000 0.133809
280.000000 80.000000 0.161256
290.000000 80.000000 0.180648
300.000000 80.000000 0.168069
310.000000 80.000000 0.161193
320.000000 80.000000 0.165554
330.000000 80.000000 0.197104
340.000000 80.000000 0.193820
350.000000 80.000000 0.188234
360.000000 80.000000 0.140294
370.000000 80.000000 0.110292
380.000000 80.000000 0.098070
390.000000 80.000000 0.101462
400.000000 80.000000 0.112367
410.000000 80.000000 0.155737
420.000000 80.000000 0.192215
430.000000 80.000000 0.311999
440.000000 80.000000 0.541449
450.000000 80.000000 0.754102
460.000000 80.000000 0.885488
470.000000 80.000000 0.951040
480.000000 80.000000 0.980733
490.000000 80.000000 0.991664
500.000000 80.000000 0.991664
0.000000 90.000000 0.970951
10.000000 90.000000 0.970951
20.000000 90.000000 0.942768
30.000000 90.000000 0.874681
40.000000 90.000000 0.741716
50.000000 90.000000 0.512122
60.000000 90.000000 0.327841
70.000000 90.000000 0.189558
80.000000 90.000000 0.147043
90.000000 90.000000 0.129419
100.000000 90.000000 0.103274
110.000000 90.000000 0.091667
120.000000 90.000000 0.092995
130.000000 90.000000 0.083516
140.000000 90.000000 0.073456
150.000000 90.000000 0.076644
160.000000 90.000000 0.074531
170.000000 90.000000 0.074685
180.000000 90.000000 0.084207
190.000000 90.000000 0.072277
200.000000 90.000000 0.087178
210.000000 90.000000 0.095539
220.000000 90.000000 0.109054
230.000000 90.000000 0.116866
240.000000 90.000000 0.112828
250.000000 90.000000 0.106786
260.000000 90.000000 0.114955
270.000000 90.000000 0.111290
280.000000 90.000000 0.121095
290.000000 90.000000 0.129475
300.000000 90.000000 0.130493
310.000000 90.000000 0.125480
320.000000 90.000000 0.125965
330.000000 90.000000 0.138855
340.000000 90.000000 0.143599
350.000000 90.000000 0.137856
360.000000 90.000000 0.113173
370.000000 90.000000 0.099245
380.000000 90.000000 0.093108
390.000000 90.000000 0.098093
400.000000 90.000000 0.112009
410.000000 90.000000 0.146943
420.000000 90.000000 0.179002
430.000000 90.000000 0.242710
440.000000 90.000000 0.424130
450.000000 90.000000 0.657913
460.000000 90.000000 0.823179
470.000000 90.000000 0.917106
480.000000 90.000000 0.965553
490.000000 90.000000 0.984775
500.000000 90.000000 0.984775
0.000000 100.000000 0.946431
10.000000 100.000000 0.946431
20.000000 100.000000 0.898869
30.000000 100.000000 0.789784
40.000000 100.000000 0.591647
50.000000 100.000000 0.326992
60.000000 100.000000 0.193227
70.000000 100.000000 0.124577
80.000000 100.000000 0.113080
90.000000 100.000000 0.105774
100.000000 100.000000 0.091161
110.000000 100.000000 0.091598
120.000000 100.000000 0.106302
130.000000 100.000000 0.103679
140.000000 100.000000 0.090988
150.000000 100.000000 0.072193
160.000000 100.000000 0.064733
170.000000 100.000000 0.061548
180.000000 100.000000 0.064248
190.000000 100.000000 0.064153
200.000000 100.000000 0.075501
210.000000 100.000000 0.089915
220.000000 100.000000 0.103019
230.000000 100.000000 0.123248
240.000000 100.000000 0.114498
250.000000 100.000000 0.094492
260.000000 100.000000 0.093107
270.000000 100.000000 0.093638
280.000000 100.000000 0.097824
290.000000 100.000000 0.101079
300.000000 100.000000 0.104085
310.000000 100.000000 0.111714
320.000000 100.000000 0.111209
330.000000 100.000000 0.116391
340.000000 100.000000 0.114784
350.000000 100.000000 0.113723
360.000000 100.000000 0.105774
370.000000 100.000000 0.100541
380.000000 100.000000 0.094003
390.000000 100.000000 0.103947
400.000000 100.000000 0.120521
410.000000 100.000000 0.134557
420.000000 100.000000 0.146360
430.000000 100.000000 0.173417
440.000000 100.000000 0.283329
450.000000 100.000000 0.446248
460.000000 100.000000 0.685599
470.000000 100.000000 0.846357
480.000000 100.000000 0.934944
490.000000 100.000000 0.971719
500.000000 100.000000 0.971719
0.000000 110.000000 0.908396
10.000000 110.000000 0.908396
20.000000 110.000000 0.834789
30.000000 110.000000 0.677384
40.000000 110.000000 0.418563
50.000000 110.000000 0.218178
60.000000 110.000000 0.140151
70.000000 110.000000 0.093222
80.000000 110.000000 0.083226
90.000000 110.000000 0.083342
100.000000 110.000000 0.089783
110.000000 110.000000 0.077699
120.000000 110.000000 0.084257
130.000000 110.000000 0.095356
140.000000 110.000000 0.109171
150.000000 110.000000 0.087476
160.000000 110.000000 0.065411
170.000000 110.000000 0.059397
180.000000 110.000000 0.058581
190.000000 110.000000 0.061907
200.000000 110.000000 0.070855
210.000000 110.000000 0.084500
220.000000 110.000000 0.103575
230.000000 110.000000 0.141163
240.000000 110.000000 0.139867
250.000000 110.000000 0.103658
260.000000 110.000000 0.085675
270.000000 110.000000 0.079234
280.000000 110.000000 0.083012
290.000000 110.000000 0.083407
300.000000 110.000000 0.091456
310.000000 110.000000 0.101780
320.000000 110.000000 0.108717
330.000000 110.000000 0.111087
340.000000 110.000000 0.107089
350.000000 110.000000 0.109097
360.000000 110.000000 0.103731
370.000000 110.000000 0.095378
380.000000 110.000000 0.089758
390.000000 110.000000 0.096067
400.000000 110.000000 0.108476
410.000000 110.000000 0.119042
420.000000 110.000000 0.129190
430.000000 110.000000 0.132460
440.000000 110.000000 0.183728
450.000000 110.000000 0.280530
460.000000 110.000000 0.508596
470.000000 110.000000 0.729347
480.000000 110.000000 0.885112
490.000000 110.000000 0.951848
500.000000 110.000000 0.951848
0.000000 120.000000 0.851997
10.000000 120.000000 0.851997
20.000000 120.000000 0.745498
30.000000 120.000000 0.544820
40.000000 120.000000 0.294601
50.000000 120.000000 0.149298
60.000000 120.000000 0.097554
70.000000 120.000000 0.076482
80.000000 120.000000 0.071806
90.000000 120.000000 0.076694
100.000000 120.000000 0.086628
110.000000 120.000000 0.071312
120.000000 120.000000 0.067031
130.000000 120.000000 0.075256
140.000000 120.000000 0.100061
150.000000 120.000000 0.096447
160.000000 120.000000 0.071413
170.000000 120.000000 0.065347
180.000000 120.000000 0.063913
190.000000 120.000000 0.068132
200.000000 120.000000 0.075504
210.000000 120.000000 0.087142
220.000000 120.000000 0.102668
230.000000 120.000000 0.149082
240.000000 120.000000 0.163975
250.000000 120.000000 0.122736
260.000000 120.000000 0.090432
270.000000 120.000000 0.072721
280.000000 120.000000 0.069855
290.000000 120.000000 0.073632
300.000000 120.000000 0.079151
310.000000 120.000000 0.089864
320.000000 120.000000 0.099687
330.000000 120.000000 0.100547
340.000000 120.000000 0.103251
350.000000 120.000000 0.106771
360.000000 120.000000 0.099664
370.000000 120.000000 0.091081
380.000000 120.000000 0.082640
390.000000 120.000000 0.083359
400.000000 120.000000 0.092151
410.000000 120.000000 0.093774
420.000000 120.000000 0.095133
430.000000 120.000000 0.102701
440.000000 120.000000 0.133274
450.000000 120.000000 0.198635
460.000000 120.000000 0.374139
470.000000 120.000000 0.601581
480.000000 120.000000 0.835663
490.000000 120.000000 0.933223
500.000000 120.000000 0.933223
0.000000 130.000000 0.772331
10.000000 130.000000 0.772331
20.000000 130.000000 0.625720
30.000000 130.000000 0.398712
40.000000 130.000000 0.211807
50.000000 130.000000 0.113337
60.000000 130.000000 0.084742
70.000000 130.000000 0.069183
80.000000 130.000000 0.065598
90.000000 130.000000 0.071248
100.000000 130.000000 0.075586
110.000000 130.000000 0.065255
120.000000 130.000000 0.064184
130.000000 130.000000 0.078210
140.000000 130.000000 0.098582
150.000000 130.000000 0.102683
160.000000 130.000000 0.090288
170.000000 130.000000 0.073339
180.000000 130.000000 0.064160
190.000000 130.000000 0.081304
200.000000 130.000000 0.093550
210.000000 130.000000 0.100820
220.000000 130.000000 0.102875
230.000000 130.000000 0.115685
240.000000 130.000000 0.115083
250.000000 130.000000 0.092413
260.000000 130.000000 0.075700
270.000000 130.000000 0.067956
280.000000 130.000000 0.065081
290.000000 130.000000 0.069648
300.000000 130.000000 0.072436
310.000000 130.000000 0.083719
320.000000 130.000000 0.106685
330.000000 130.000000 0.096909
340.000000 130.000000 0.098154
350.000000 130.000000 0.099975
360.000000 130.000000 0.093175
370.000000 130.000000 0.085350
380.000000 130.000000 0.075444
390.000000 130.000000 0.072870
400.000000 130.000000 0.073371
410.000000 130.000000 0.072446
420.000000 130.000000 0.077407
430.000000 130.000000 0.087536
440.000000 130.000000 0.109755
450.000000 130.000000 0.155790
460.000000 130.000000 0.256227
470.000000 130.000000 0.444015
480.000000 130.000000 0.775866
490.000000 130.000000 0.918569
500.000000 130.000000 0.918569
0.000000 140.000000 0.672341
10.000000 140.000000 0.672341
20.000000 140.000000 0.497810
30.000000 140.000000 0.254422
40.000000 140.000000 0.139089
50.000000 140.000000 0.089096
60.000000 140.000000 0.072019
70.000000 140.000000 0.065854
80.000000 140.000000 0.062196
90.000000 140.000000 0.064295
100.000000 140.000000 0.062330
110.000000 140.000000 0.061322
120.000000 140.000000 0.067211
130.000000 140.000000 0.083019
140.000000 140.000000 0.079705
150.000000 140.000000 0.070705
160.000000 140.000000 0.073351
170.000000 140.000000 0.062756
180.000000 140.000000 0.060075
190.000000 140.000000 0.078508
200.000000 140.000000 0.096647
210.000000 140.000000 0.093658
220.000000 140.000000 0.089180
230.000000 140.000000 0.091542
240.000000 140.000000 0.083503
250.000000 140.000000 0.072975
260.000000 140.000000 0.072937
270.000000 140.000000 0.069084
280.000000 140.000000 0.065653
290.000000 140.000000 0.072484
300.000000 140.000000 0.072677
310.000000 140.000000 0.076989
320.000000 140.000000 0.098320
330.000000 140.000000 0.091993
340.000000 140.000000 0.089400
350.000000 140.000000 0.094438
360.000000 140.000000 0.091283
370.000000 140.000000 0.078983
380.000000 140.000000 0.071954
390.000000 140.000000 0.072071
400.000000 140.000000 0.065361
410.000000 140.000000 0.064765
420.000000 140.000000 0.070486
430.000000 140.000000 0.081193
440.000000 140.000000 0.100374
450.000000 140.000000 0.139318
460.000000 140.000000 0.222717
470.000000 140.000000 0.398066
480.000000 140.000000 0.754542
490.000000 140.000000 0.904268
500.000000 140.000000 0.904268
0.000000 150.000000 0.553648
10.000000 150.000000 0.553648
20.000000 150.000000 0.388522
30.000000 150.000000 0.190034
40.000000 150.000000 0.109221
50.000000 150.000000 0.078526
60.000000 150.000000 0.071889
70.000000 150.000000 0.076406
80.000000 150.000000 0.065632
90.000000 150.000000 0.058642
100.000000 150.000000 0.057824
110.000000 150.000000 0.067095
120.000000 150.000000 0.068333
130.000000 150.000000 0.066646
140.000000 150.000000 0.060356
150.000000 150.000000 0.056280
160.000000 150.000000 0.054360
170.000000 150.000000 0.053711
180.000000 150.000000 0.063123
190.000000 150.000000 0.076188
200.000000 150.000000 0.077572
210.000000 150.000000 0.074613
220.000000 150.000000 0.073994
230.000000 150.000000 0.076940
240.000000 150.000000 0.070516
250.000000 150.000000 0.070083
260.000000 150.000000 0.087266
270.000000 150.000000 0.081870
280.000000 150.000000 0.065515
290.000000 150.000000 0.065891
300.000000 150.000000 0.067693
310.000000 150.000000 0.073337
320.000000 150.000000 0.083987
330.000000 150.000000 0.086744
340.000000 150.000000 0.088015
350.000000 150.000000 0.109250
360.000000 150.000000 0.106851
370.000000 150.000000 0.077005
380.000000 150.000000 0.075779
390.000000 150.000000 0.082971
400.000000 150.000000 0.065741
410.000000 150.000000 0.063281
420.000000 150.000000 0.071466
430.000000 150.000000 0.080183
440.000000 150.000000 0.096944
450.000000 150.000000 0.133219
460.000000 150.000000 0.207629
470.000000 150.000000 0.366279
480.000000 150.000000 0.689445
490.000000 150.000000 0.869647
500.000000 150.000000 0.869647
0.000000 160.000000 0.414022
10.000000 160.000000 0.414022
20.000000 160.000000 0.264509
30.000000 160.000000 0.148366
40.000000 160.000000 0.091730
50.000000 160.000000 0.072689
60.000000 160.000000 0.077681
70.000000 160.000000 0.091146
80.000000 160.000000 0.073084
90.000000 160.000000 0.059291
100.000000 160.000000 0.060259
110.000000 160.000000 0.077093
120.000000 160.000000 0.079357
130.000000 160.000000 0.068395
140.000000 160.000000 0.059538
150.000000 160.000000 0.054287
160.000000 160.000000 0.051729
170.000000 160.000000 0.052829
180.000000 160.000000 0.063386
190.000000 160.000000 0.063370
200.000000 160.000000 0.060639
210.000000 160.000000 0.062780
220.000000 160.000000 0.067648
230.000000 160.000000 0.067808
240.000000 160.000000 0.065971
250.000000 160.000000 0.067774
260.000000 160.000000 0.084244
270.000000 160.000000 0.077660
280.000000 160.000000 0.064172
290.000000 160.000000 0.063086
300.000000 160.000000 0.073854
310.000000 160.000000 0.085969
320.000000 160.000000 0.086173
330.000000 160.000000 0.081556
340.000000 160.000000 0.083591
350.000000 160.000000 0.091841
360.000000 160.000000 0.088079
370.000000 160.000000 0.070851
380.000000 160.000000 0.072408
390.000000 160.000000 0.084969
400.000000 160.000000 0.068114
410.000000 160.000000 0.068443
420.000000 160.000000 0.087976
430.000000 160.000000 0.090884
440.000000 160.000000 0.101412
450.000000 160.000000 0.132787
460.000000 160.000000 0.196218
470.000000 160.000000 0.320232
480.000000 160.000000 0.609467
490.000000 160.000000 0.777043
500.000000 160.000000 0.777043
0.000000 170.000000 0.285696
10.000000 170.000000 0.285696
20.000000 170.000000 0.174332
30.000000 170.000000 0.113429
40.000000 170.000000 0.080866
50.000000 170.000000 0.068491
60.000000 170.000000 0.067682
70.000000 170.000000 0.075280
80.000000 170.000000 0.061171
90.000000 170.000000 0.053909
100.000000 170.000000 0.057365
110.000000 170.000000 0.076764
120.000000 170.000000 0.083462
130.000000 170.000000 0.079826
140.000000 170.000000 0.064951
150.000000 170.000000 0.054541
160.000000 170.000000 0.059760
170.000000 170.000000 0.053975
180.000000 170.000000 0.053034
190.000000 170.000000 0.052855
200.000000 170.000000 0.060069
210.000000 170.000000 0.075394
220.000000 170.000000 0.078502
230.000000 170.000000 0.077613
240.000000 170.000000 0.070349
250.000000 170.000000 0.063112
260.000000 170.000000 0.061773
270.000000 170.000000 0.059633
280.000000 170.000000 0.057578
290.000000 170.000000 0.060821
300.000000 170.000000 0.071137
310.000000 170.000000 0.086018
320.000000 170.000000 0.080808
330.000000 170.000000 0.076877
340.000000 170.000000 0.074451
350.000000 170.000000 0.074538
360.000000 170.000000 0.070278
370.000000 170.000000 0.065717
380.000000 170.000000 0.075337
390.000000 170.000000 0.091119
400.000000 170.000000 0.074186
410.000000 170.000000 0.070823
420.000000 170.000000 0.089304
430.000000 170.000000 0.093772
440.000000 170.000000 0.107509
450.000000 170.000000 0.138825
460.000000 170.000000 0.182714
470.000000 170.000000 0.257295
480.000000 170.000000 0.396040
490.000000 170.000000 0.529640
500.000000 170.000000 0.529640
0.000000 180.000000 0.220818
10.000000 180.000000 0.220818
20.000000 180.000000 0.136596
30.000000 180.000000 0.098247
40.000000 180.000000 0.076817
50.000000 180.000000 0.065540
60.000000 180.000000 0.061789
70.000000 180.000000 0.061535
80.000000 180.000000 0.055728
90.000000 180.000000 0.053006
100.000000 180.000000 0.055576
110.000000 180.000000 0.063747
120.000000 180.000000 0.069514
130.000000 180.000000 0.067111
140.000000 180.000000 0.057802
150.000000 180.000000 0.062173
160.000000 180.000000 0.074369
170.000000 180.000000 0.059765
180.000000 180.000000 0.050974
190.000000 180.000000 0.051248
200.000000 180.000000 0.065411
210.000000 180.000000 0.091028
220.000000 180.000000 0.098314
230.000000 180.000000 0.091506
240.000000 180.000000 0.073296
250.000000 180.000000 0.059809
260.000000 180.000000 0.057579
270.000000 180.000000 0.054990
280.000000 180.000000 0.057918
290.000000 180.000000 0.059078
300.000000 180.000000 0.065815
310.000000 180.000000 0.075080
320.000000 180.000000 0.078429
330.000000 180.000000 0.079280
340.000000 180.000000 0.075236
350.000000 180.000000 0.069260
360.000000 180.000000 0.066349
370.000000 180.000000 0.069222
380.000000 180.000000 0.071276
390.000000 180.000000 0.081763
400.000000 180.000000 0.072179
410.000000 180.000000 0.071934
420.000000 180.000000 0.082588
430.000000 180.000000 0.100379
440.000000 180.000000 0.114900
450.000000 180.000000 0.142435
460.000000 180.000000 0.175218
470.000000 180.000000 0.215994
480.000000 180.000000 0.297647
490.000000 180.000000 0.376867
500.000000 180.000000 0.376867
0.000000 190.000000 0.152883
10.000000 190.000000 0.152883
20.000000 190.000000 0.107240
30.000000 190.000000 0.083252
40.000000 190.000000 0.070161
50.000000 190.000000 0.065394
60.000000 190.000000 0.063792
70.000000 190.000000 0.060562
80.000000 190.000000 0.058714
90.000000 190.000000 0.060097
100.000000 190.000000 0.063377
110.000000 190.000000 0.066269
120.000000 190.000000 0.066186
130.000000 190.000000 0.059952
140.000000 190.000000 0.066068
150.000000 190.000000 0.083819
160.000000 190.000000 0.077125
170.000000 190.000000 0.058135
180.000000 190.000000 0.052222
190.000000 190.000000 0.054921
200.000000 190.000000 0.068128
210.000000 190.000000 0.096731
220.000000 190.000000 0.101209
230.000000 190.000000 0.074572
240.000000 190.000000 0.059672
250.000000 190.000000 0.056465
260.000000 190.000000 0.056115
270.000000 190.000000 0.056134
280.000000 190.000000 0.059617
290.000000 190.000000 0.064001
300.000000 190.000000 0.069283
310.000000 190.000000 0.090428
320.000000 190.000000 0.096969
330.000000 190.000000 0.092436
340.000000 190.000000 0.081672
350.000000 190.000000 0.076136
360.000000 190.000000 0.084449
370.000000 190.000000 0.092614
380.000000 190.000000 0.080930
390.000000 190.000000 0.076856
400.000000 190.000000 0.076574
410.000000 190.000000 0.081614
420.000000 190.000000 0.098052
430.000000 190.000000 0.134396
440.000000 190.000000 0.133351
450.000000 190.000000 0.127006
460.000000 190.000000 0.152380
470.000000 190.000000 0.185936
480.000000 190.000000 0.244642
490.000000 190.000000 0.322484
500.000000 190.000000 0.322484
0.000000 200.000000 0.120236
10.000000 200.000000 0.120236
20.000000 200.000000 0.091143
30.000000 200.000000 0.076287
40.000000 200.000000 0.070814
50.000000 200.000000 0.080389
60.000000 200.000000 0.082475
70.000000 200.000000 0.071075
80.000000 200.000000 0.073037
90.000000 200.000000 0.080668
100.000000 200.000000 0.076543
110.000000 200.000000 0.075606
120.000000 200.000000 0.075087
130.000000 200.000000 0.071368
140.000000 200.000000 0.082311
150.000000 200.000000 0.084937
160.000000 200.000000 0.067263
170.000000 200.000000 0.057484
180.000000 200.000000 0.055672
190.000000 200.000000 0.063385
200.000000 200.000000 0.091227
210.000000 200.000000 0.109085
220.000000 200.000000 0.097838
230.000000 200.000000 0.071789
240.000000 200.000000 0.057382
250.000000 200.000000 0.056484
260.000000 200.000000 0.054435
270.000000 200.000000 0.055289
280.000000 200.000000 0.058869
290.000000 200.000000 0.062415
300.000000 200.000000 0.074550
310.000000 200.000000 0.106035
320.000000 200.000000 0.125823
330.000000 200.000000 0.105786
340.000000 200.000000 0.094796
350.000000 200.000000 0.094536
360.000000 200.000000 0.120147
370.000000 200.000000 0.112028
380.000000 200.000000 0.094143
390.000000 200.000000 0.089132
400.000000 200.000000 0.094876
410.000000 200.000000 0.105205
420.000000 200.000000 0.125785
430.000000 200.000000 0.162026
440.000000 200.000000 0.147315
450.000000 200.000000 0.125800
460.000000 200.000000 0.140838
470.000000 200.000000 0.160682
480.000000 200.000000 0.190385
490.000000 200.000000 0.231003
500.000000 200.000000 0.231003
0.000000 210.000000 0.093322
10.000000 210.000000 0.093322
20.000000 210.000000 0.082276
30.000000 210.000000 0.071825
40.000000 210.000000 0.072491
50.000000 210.000000 0.100083
60.000000 210.000000 0.115090
70.000000 210.000000 0.101729
80.000000 210.000000 0.093992
90.000000 210.000000 0.093685
100.000000 210.000000 0.090088
110.000000 210.000000 0.086948
120.000000 210.000000 0.070227
130.000000 210.000000 0.071033
140.000000 210.000000 0.077112
150.000000 210.000000 0.061786
160.000000 210.000000 0.057380
170.000000 210.000000 0.063543
180.000000 210.000000 0.061811
190.000000 210.000000 0.071110
200.000000 210.000000 0.100304
210.000000 210.000000 0.098466
220.000000 210.000000 0.086145
230.000000 210.000000 0.074982
240.000000 210.000000 0.058856
250.000000 210.000000 0.053324
260.000000 210.000000 0.054075
270.000000 210.000000 0.059298
280.000000 210.000000 0.060259
290.000000 210.000000 0.063116
300.000000 210.000000 0.070484
310.000000 210.000000 0.096682
320.000000 210.000000 0.115358
330.000000 210.000000 0.108865
340.000000 210.000000 0.107219
350.000000 210.000000 0.107999
360.000000 210.000000 0.128606
370.000000 210.000000 0.117926
380.000000 210.000000 0.102926
390.000000 210.000000 0.109998
400.000000 210.000000 0.125304
410.000000 210.000000 0.142749
420.000000 210.000000 0.157966
430.000000 210.000000 0.187413
440.000000 210.000000 0.183390
450.000000 210.000000 0.135137
460.000000 210.000000 0.135875
470.000000 210.000000 0.150843
480.000000 210.000000 0.163206
490.000000 210.000000 0.166207
500.000000 210.000000 0.166207
0.000000 220.000000 0.087335
10.000000 220.000000 0.087335
20.000000 220.000000 0.091336
30.000000 220.000000 0.074901
40.000000 220.000000 0.072921
50.000000 220.000000 0.103817
60.000000 220.000000 0.122293
70.000000 220.000000 0.108149
80.000000 220.000000 0.079977
90.000000 220.000000 0.069308
100.000000 220.000000 0.069122
110.000000 220.000000 0.072687
120.000000 220.000000 0.056569
130.000000 220.000000 0.054599
140.000000 220.000000 0.056127
150.000000 220.000000 0.051043
160.000000 220.000000 0.054634
170.000000 220.000000 0.067735
180.000000 220.000000 0.060699
190.000000 220.000000 0.060045
200.000000 220.000000 0.070305
210.000000 220.000000 0.067929
220.000000 220.000000 0.073510
230.000000 220.000000 0.082873
240.000000 220.000000 0.062013
250.000000 220.000000 0.054230
260.000000 220.000000 0.058837
270.000000 220.000000 0.073861
280.000000 220.000000 0.076439
290.000000 220.000000 0.077886
300.000000 220.000000 0.073607
310.000000 220.000000 0.077361
320.000000 220.000000 0.097781
330.000000 220.000000 0.102156
340.000000 220.000000 0.105732
350.000000 220.000000 0.114736
360.000000 220.000000 0.133176
370.000000 220.000000 0.132372
380.000000 220.000000 0.118311
390.000000 220.000000 0.130597
400.000000 220.000000 0.162558
410.000000 220.000000 0.204940
420.000000 220.000000 0.217785
430.000000 220.000000 0.222296
440.000000 220.000000 0.200145
450.000000 220.000000 0.141127
460.000000 220.000000 0.137087
470.000000 220.000000 0.150215
480.000000 220.000000 0.140701
490.000000 220.000000 0.143445
500.000000 220.000000 0.143445
0.000000 230.000000 0.083017
10.000000 230.000000 0.083017
20.000000 230.000000 0.090621
30.000000 230.000000 0.075233
40.000000 230.000000 0.073245
50.000000 230.000000 0.105098
60.000000 230.000000 0.106103
70.000000 230.000000 0.082997
80.000000 230.000000 0.066766
90.000000 230.000000 0.057535
100.000000 230.000000 0.056909
110.000000 230.000000 0.056764
120.000000 230.000000 0.052990
130.000000 230.000000 0.052375
140.000000 230.000000 0.051028
150.000000 230.000000 0.050054
160.000000 230.000000 0.054935
170.000000 230.000000 0.070296
180.000000 230.000000 0.069657
190.000000 230.000000 0.057094
200.000000 230.000000 0.060384
210.000000 230.000000 0.069777
220.000000 230.000000 0.079037
230.000000 230.000000 0.081166
240.000000 230.000000 0.061637
250.000000 230.000000 0.054011
260.000000 230.000000 0.058286
270.000000 230.000000 0.073135
280.000000 230.000000 0.083596
290.000000 230.000000 0.095136
300.000000 230.000000 0.078968
310.000000 230.000000 0.072597
320.000000 230.000000 0.091541
330.000000 230.000000 0.106652
340.000000 230.000000 0.103302
350.000000 230.000000 0.122439
360.000000 230.000000 0.125920
370.000000 230.000000 0.124171
380.000000 230.000000 0.113955
390.000000 230.000000 0.121995
400.000000 230.000000 0.150520
410.000000 230.000000 0.195111
420.000000 230.000000 0.183290
430.000000 230.000000 0.144410
440.000000 230.000000 0.124832
450.000000 230.000000 0.112797
460.000000 230.000000 0.129375
470.000000 230.000000 0.153574
480.000000 230.000000 0.138285
490.000000 230.000000 0.133083
500.000000 230.000000 0.133083
0.000000 240.000000 0.081662
10.000000 240.000000 0.081662
20.000000 240.000000 0.086912
30.000000 240.000000 0.075590
40.000000 240.000000 0.075159
50.000000 240.000000 0.102428
60.000000 240.000000 0.104902
70.000000 240.000000 0.082538
80.000000 240.000000 0.069006
90.000000 240.000000 0.060653
100.000000 240.000000 0.058341
110.000000 240.000000 0.059876
120.000000 240.000000 0.059894
130.000000 240.000000 0.058020
140.000000 240.000000 0.053922
150.000000 240.000000 0.053341
160.000000 240.000000 0.053714
170.000000 240.000000 0.064018
180.000000 240.000000 0.067339
190.000000 240.000000 0.055636
200.000000 240.000000 0.060745
210.000000 240.000000 0.070518
220.000000 240.000000 0.069827
230.000000 240.000000 0.065006
240.000000 240.000000 0.056703
250.000000 240.000000 0.053395
260.000000 240.000000 0.058007
270.000000 240.000000 0.065195
280.000000 240.000000 0.072004
290.000000 240.000000 0.072842
300.000000 240.000000 0.065020
310.000000 240.000000 0.067302
320.000000 240.000000 0.089213
330.000000 240.000000 0.111861
340.000000 240.000000 0.111732
350.000000 240.000000 0.124137
360.000000 240.000000 0.125795
370.000000 240.000000 0.117046
380.000000 240.000000 0.109357
390.000000 240.000000 0.102033
400.000000 240.000000 0.110007
410.000000 240.000000 0.120677
420.000000 240.000000 0.109771
430.000000 240.000000 0.097071
440.000000 240.000000 0.098821
450.000000 240.000000 0.104220
460.000000 240.000000 0.130795
470.000000 240.000000 0.159646
480.000000 240.000000 0.167279
490.000000 240.000000 0.148915
500.000000 240.000000 0.148915
0.000000 250.000000 0.082147
10.000000 250.000000 0.082147
20.000000 250.000000 0.086110
30.000000 250.000000 0.087131
40.000000 250.000000 0.088683
50.000000 250.000000 0.097139
60.000000 250.000000 0.103488
70.000000 250.000000 0.093285
80.000000 250.000000 0.073900
90.000000 250.000000 0.060222
100.000000 250.000000 0.065139
110.000000 250.000000 0.076907
120.000000 250.000000 0.076807
130.000000 250.000000 0.065702
140.000000 250.000000 0.060790
150.000000 250.000000 0.066724
160.000000 250.000000 0.063037
170.000000 250.000000 0.064090
180.000000 250.000000 0.067388
190.000000 250.000000 0.061649
200.000000 250.000000 0.065270
210.000000 250.000000 0.066454
220.000000 250.000000 0.064646
230.000000 250.000000 0.057436
240.000000 250.000000 0.053818
250.000000 250.000000 0.056347
260.000000 250.000000 0.061865
270.000000 250.000000 0.069774
280.000000 250.000000 0.082433
290.000000 250.000000 0.074424
300.000000 250.000000 0.062920
310.000000 250.000000 0.065879
320.000000 250.000000 0.081160
330.000000 250.000000 0.115494
340.000000 250.000000 0.122966
350.000000 250.000000 0.126895
360.000000 250.000000 0.134579
370.000000 250.000000 0.121849
380.000000 250.000000 0.115276
390.000000 250.000000 0.098705
400.000000 250.000000 0.095215
410.000000 250.000000 0.094352
420.000000 250.000000 0.094766
430.000000 250.000000 0.088997
440.000000 250.000000 0.093499
450.000000 250.000000 0.112548
460.000000 250.000000 0.152792
470.000000 250.000000 0.190173
480.000000 250.000000 0.220447
490.000000 250.000000 0.213792
500.000000 250.000000 0.213792
0.000000 260.000000 0.076717
10.000000 260.000000 0.076717
20.000000 260.000000 0.082163
30.000000 260.000000 0.086182
40.000000 260.000000 0.094232
50.000000 260.000000 0.095992
60.000000 260.000000 0.096450
70.000000 260.000000 0.092278
80.000000 260.000000 0.077850
90.000000 260.000000 0.067050
100.000000 260.000000 0.089329
110.000000 260.000000 0.121262
120.000000 260.000000 0.100805
130.000000 260.000000 0.075834
140.000000 260.000000 0.068443
150.000000 260.000000 0.085348
160.000000 260.000000 0.087886
170.000000 260.000000 0.089208
180.000000 260.000000 0.076821
190.000000 260.000000 0.065196
200.000000 260.000000 0.072877
210.000000 260.000000 0.079398
220.000000 260.000000 0.076644
230.000000 260.000000 0.063187
240.000000 260.000000 0.055718
250.000000 260.000000 0.056837
260.000000 260.000000 0.059991
270.000000 260.000000 0.070413
280.000000 260.000000 0.092664
290.000000 260.000000 0.085533
300.000000 260.000000 0.068302
310.000000 260.000000 0.068887
320.000000 260.000000 0.077686
330.000000 260.000000 0.103657
340.000000 260.000000 0.120244
350.000000 260.000000 0.119969
360.000000 260.000000 0.127727
370.000000 260.000000 0.119427
380.000000 260.000000 0.107471
390.000000 260.000000 0.093912
400.000000 260.000000 0.091302
410.000000 260.000000 0.098860
420.000000 260.000000 0.118540
430.000000 260.000000 0.104830
440.000000 260.000000 0.100051
450.000000 260.000000 0.116253
460.000000 260.000000 0.152276
470.000000 260.000000 0.207723
480.000000 260.000000 0.288929
490.000000 260.000000 0.339733
500.000000 260.000000 0.339733
0.000000 270.000000 0.084033
10.000000 270.000000 0.084033
20.000000 270.000000 0.088259
30.000000 270.000000 0.094305
40.000000 270.000000 0.107633
50.000000 270.000000 0.106593
60.000000 270.000000 0.105433
70.000000 270.000000 0.099596
80.000000 270.000000 0.087196
90.000000 270.000000 0.070361
100.000000 270.000000 0.083550
110.000000 270.000000 0.107871
120.000000 270.000000 0.093396
130.000000 270.000000 0.073855
140.000000 270.000000 0.064349
150.000000 270.000000 0.068987
160.000000 270.000000 0.071459
170.000000 270.000000 0.089901
180.000000 270.000000 0.089697
190.000000 270.000000 0.071863
200.000000 270.000000 0.086342
210.000000 270.000000 0.108148
220.000000 270.000000 0.109372
230.000000 270.000000 0.084461
240.000000 270.000000 0.059264
250.000000 270.000000 0.055543
260.000000 270.000000 0.057956
270.000000 270.000000 0.066379
280.000000 270.000000 0.082447
290.000000 270.000000 0.085130
300.000000 270.000000 0.079366
310.000000 270.000000 0.087416
320.000000 270.000000 0.082920
330.000000 270.000000 0.091715
340.000000 270.000000 0.102792
350.000000 270.000000 0.105805
360.000000 270.000000 0.106644
370.000000 270.000000 0.101965
380.000000 270.000000 0.096426
390.000000 270.000000 0.092866
400.000000 270.000000 0.097291
410.000000 270.000000 0.115745
420.000000 270.000000 0.146154
430.000000 270.000000 0.129642
440.000000 270.000000 0.116927
450.000000 270.000000 0.126516
460.000000 270.000000 0.147057
470.000000 270.000000 0.184213
480.000000 270.000000 0.239494
490.000000 270.000000 0.275610
500.000000 270.000000 0.275610
0.000000 280.000000 0.097884
10.000000 280.000000 0.097884
20.000000 280.000000 0.092328
30.000000 280.000000 0.088110
40.000000 280.000000 0.092426
50.000000 280.000000 0.095953
60.000000 280.000000 0.106987
70.000000 280.000000 0.091391
80.000000 280.000000 0.071010
90.000000 280.000000 0.061150
100.000000 280.000000 0.063349
110.000000 280.000000 0.072736
120.000000 280.000000 0.070014
130.000000 280.000000 0.064876
140.000000 280.000000 0.060664
150.000000 280.000000 0.057197
160.000000 280.000000 0.061603
170.000000 280.000000 0.086049
180.000000 280.000000 0.101981
190.000000 280.000000 0.073273
200.000000 280.000000 0.079037
210.000000 280.000000 0.113683
220.000000 280.000000 0.117604
230.000000 280.000000 0.096993
240.000000 280.000000 0.063413
250.000000 280.000000 0.057755
260.000000 280.000000 0.060269
270.000000 280.000000 0.061071
280.000000 280.000000 0.068667
290.000000 280.000000 0.080713
300.000000 280.000000 0.090122
310.000000 280.000000 0.101339
320.000000 280.000000 0.093482
330.000000 280.000000 0.091343
340.000000 280.000000 0.086096
350.000000 280.000000 0.089955
360.000000 280.000000 0.088201
370.000000 280.000000 0.089329
380.000000 280.000000 0.089228
390.000000 280.000000 0.097029
400.000000 280.000000 0.105640
410.000000 280.000000 0.120483
420.000000 280.000000 0.132940
430.000000 280.000000 0.125777
440.000000 280.000000 0.128256
450.000000 280.000000 0.128599
460.000000 280.000000 0.130558
470.000000 280.000000 0.150600
480.000000 280.000000 0.201433
490.000000 280.000000 0.231944
500.000000 280.000000 0.231944
0.000000 290.000000 0.130688
10.000000 290.000000 0.130688
20.000000 290.000000 0.118663
30.000000 290.000000 0.106985
40.000000 290.000000 0.086650
50.000000 290.000000 0.080132
60.000000 290.000000 0.086415
70.000000 290.000000 0.075027
80.000000 290.000000 0.063328
90.000000 290.000000 0.057478
100.000000 290.000000 0.059848
110.000000 290.000000 0.068851
120.000000 290.000000 0.068037
130.000000 290.000000 0.062394
140.000000 290.000000 0.061736
150.000000 290.000000 0.062278
160.000000 290.000000 0.063353
170.000000 290.000000 0.074148
180.000000 290.000000 0.093849
190.000000 290.000000 0.075407
200.000000 290.000000 0.070586
210.000000 290.000000 0.096246
220.000000 290.000000 0.101033
230.000000 290.000000 0.098975
240.000000 290.000000 0.067329
250.000000 290.000000 0.059373
260.000000 290.000000 0.065530
270.000000 290.000000 0.064208
280.000000 290.000000 0.061936
290.000000 290.000000 0.065406
300.000000 290.000000 0.066652
310.000000 290.000000 0.068963
320.000000 290.000000 0.071211
330.000000 290.000000 0.069643
340.000000 290.000000 0.073590
350.000000 290.000000 0.074695
360.000000 290.000000 0.078370
370.000000 290.000000 0.083058
380.000000 290.000000 0.091619
390.000000 290.000000 0.106907
400.000000 290.000000 0.132895
410.000000 290.000000 0.149177
420.000000 290.000000 0.143272
430.000000 290.000000 0.138309
440.000000 290.000000 0.132493
450.000000 290.000000 0.120689
460.000000 290.000000 0.119259
470.000000 290.000000 0.119438
480.000000 290.000000 0.153344
490.000000 290.000000 0.191266
500.000000 290.000000 0.191266
0.000000 300.000000 0.187130
10.000000 300.000000 0.187130
20.000000 300.000000 0.172067
30.000000 300.000000 0.151295
40.000000 300.000000 0.104363
50.000000 300.000000 0.080480
60.000000 300.000000 0.080501
70.000000 300.000000 0.073002
80.000000 300.000000 0.068393
90.000000 300.000000 0.064787
100.000000 300.000000 0.068366
110.000000 300.000000 0.079540
120.000000 300.000000 0.081694
130.000000 300.000000 0.070106
140.000000 300.000000 0.067085
150.000000 300.000000 0.078409
160.000000 300.000000 0.073285
170.000000 300.000000 0.067910
180.000000 300.000000 0.083706
190.000000 300.000000 0.074501
200.000000 300.000000 0.064021
210.000000 300.000000 0.064964
220.000000 300.000000 0.066096
230.000000 300.000000 0.068950
240.000000 300.000000 0.061271
250.000000 300.000000 0.064802
260.000000 300.000000 0.068860
270.000000 300.000000 0.072212
280.000000 300.000000 0.065379
290.000000 300.000000 0.062144
300.000000 300.000000 0.060491
310.000000 300.000000 0.066967
320.000000 300.000000 0.067817
330.000000 300.000000 0.066384
340.000000 300.000000 0.070724
350.000000 300.000000 0.078833
360.000000 300.000000 0.083823
370.000000 300.000000 0.091342
380.000000 300.000000 0.105191
390.000000 300.000000 0.131850
400.000000 300.000000 0.175396
410.000000 300.000000 0.233701
420.000000 300.000000 0.191459
430.000000 300.000000 0.155634
440.000000 300.000000 0.137302
450.000000 300.000000 0.113626
460.000000 300.000000 0.102862
470.000000 300.000000 0.104475
480.000000 300.000000 0.113619
490.000000 300.000000 0.143771
500.000000 300.000000 0.143771
0.000000 310.000000 0.280482
10.000000 310.000000 0.280482
20.000000 310.000000 0.228783
30.000000 310.000000 0.174768
40.000000 310.000000 0.118854
50.000000 310.000000 0.087596
60.000000 310.000000 0.085687
70.000000 310.000000 0.088617
80.000000 310.000000 0.091844
90.000000 310.000000 0.085646
100.000000 310.000000 0.078271
110.000000 310.000000 0.082037
120.000000 310.000000 0.085472
130.000000 310.000000 0.084397
140.000000 310.000000 0.086354
150.000000 310.000000 0.093989
160.000000 310.000000 0.074178
170.000000 310.000000 0.062572
180.000000 310.000000 0.068774
190.000000 310.000000 0.072873
200.000000 310.000000 0.073940
210.000000 310.000000 0.066728
220.000000 310.000000 0.055526
230.000000 310.000000 0.057261
240.000000 310.000000 0.059738
250.000000 310.000000 0.070390
260.000000 310.000000 0.074466
270.000000 310.000000 0.078188
280.000000 310.000000 0.077405
290.000000 310.000000 0.065955
300.000000 310.000000 0.067353
310.000000 310.000000 0.075966
320.000000 310.000000 0.073437
330.000000 310.000000 0.072117
340.000000 310.000000 0.089693
350.000000 310.000000 0.102742
360.000000 310.000000 0.119558
370.000000 310.000000 0.116528
380.000000 310.000000 0.125799
390.000000 310.000000 0.157195
400.000000 310.000000 0.183924
410.000000 310.000000 0.228764
420.000000 310.000000 0.184143
430.000000 310.000000 0.138900
440.000000 310.000000 0.121739
450.000000 310.000000 0.102061
460.000000 310.000000 0.092735
470.000000 310.000000 0.095648
480.000000 310.000000 0.113945
490.000000 310.000000 0.156370
500.000000 310.000000 0.156370
0.000000 320.000000 0.376744
10.000000 320.000000 0.376744
20.000000 320.000000 0.262295
30.000000 320.000000 0.173229
40.000000 320.000000 0.120899
50.000000 320.000000 0.094288
60.000000 320.000000 0.087024
70.000000 320.000000 0.101770
80.000000 320.000000 0.111296
90.000000 320.000000 0.086389
100.000000 320.000000 0.072132
110.000000 320.000000 0.079220
120.000000 320.000000 0.074439
130.000000 320.000000 0.074480
140.000000 320.000000 0.088832
150.000000 320.000000 0.079252
160.000000 320.000000 0.064435
170.000000 320.000000 0.058915
180.000000 320.000000 0.065118
190.000000 320.000000 0.069281
200.000000 320.000000 0.079644
210.000000 320.000000 0.066355
220.000000 320.000000 0.053762
230.000000 320.000000 0.055611
240.000000 320.000000 0.060687
250.000000 320.000000 0.074477
260.000000 320.000000 0.082424
270.000000 320.000000 0.108302
280.000000 320.000000 0.101454
290.000000 320.000000 0.073833
300.000000 320.000000 0.081774
310.000000 320.000000 0.100971
320.000000 320.000000 0.083501
330.000000 320.000000 0.085034
340.000000 320.000000 0.119304
350.000000 320.000000 0.138090
360.000000 320.000000 0.153474
370.000000 320.000000 0.149725
380.000000 320.000000 0.167448
390.000000 320.000000 0.222253
400.000000 320.000000 0.179860
410.000000 320.000000 0.149186
420.000000 320.000000 0.125310
430.000000 320.000000 0.111329
440.000000 320.000000 0.102432
450.000000 320.000000 0.091203
460.000000 320.000000 0.090160
470.000000 320.000000 0.102453
480.000000 320.000000 0.134401
490.000000 320.000000 0.197020
500.000000 320.000000 0.197020
0.000000 330.000000 0.520630
10.000000 330.000000 0.520630
20.000000 330.000000 0.329238
30.000000 330.000000 0.190093
40.000000 330.000000 0.125288
50.000000 330.000000 0.093139
60.000000 330.000000 0.084779
70.000000 330.000000 0.090114
80.000000 330.000000 0.081082
90.000000 330.000000 0.064849
100.000000 330.000000 0.061696
110.000000 330.000000 0.072627
120.000000 330.000000 0.060273
130.000000 330.000000 0.056629
140.000000 330.000000 0.062862
150.000000 330.000000 0.063220
160.000000 330.000000 0.067275
170.000000 330.000000 0.063595
180.000000 330.000000 0.061507
190.000000 330.000000 0.067063
200.000000 330.000000 0.075749
210.000000 330.000000 0.073852
220.000000 330.000000 0.059325
230.000000 330.000000 0.059022
240.000000 330.000000 0.062954
250.000000 330.000000 0.068147
260.000000 330.000000 0.087542
270.000000 330.000000 0.133270
280.000000 330.000000 0.127124
290.000000 330.000000 0.083246
300.000000 330.000000 0.084355
310.000000 330.000000 0.111649
320.000000 330.000000 0.109615
330.000000 330.000000 0.100311
340.000000 330.000000 0.120940
350.000000 330.000000 0.141097
360.000000 330.000000 0.154386
370.000000 330.000000 0.159806
380.000000 330.000000 0.193790
390.000000 330.000000 0.260762
400.000000 330.000000 0.189068
410.000000 330.000000 0.129863
420.000000 330.000000 0.108126
430.000000 330.000000 0.096541
440.000000 330.000000 0.091837
450.000000 330.000000 0.087676
460.000000 330.000000 0.092890
470.000000 330.000000 0.116653
480.000000 330.000000 0.179222
490.000000 330.000000 0.268631
500.000000 330.000000 0.268631
0.000000 340.000000 0.615037
10.000000 340.000000 0.615037
20.000000 340.000000 0.389530
30.000000 340.000000 0.214865
40.000000 340.000000 0.135629
50.000000 340.000000 0.100289
60.000000 340.000000 0.096800
70.000000 340.000000 0.087196
80.000000 340.000000 0.069262
90.000000 340.000000 0.064036
100.000000 340.000000 0.065392
110.000000 340.000000 0.071426
120.000000 340.000000 0.057927
130.000000 340.000000 0.054377
140.000000 340.000000 0.055522
150.000000 340.000000 0.065900
160.000000 340.000000 0.085738
170.000000 340.000000 0.078669
180.000000 340.000000 0.069061
190.000000 340.000000 0.077948
200.000000 340.000000 0.090318
210.000000 340.000000 0.071672
220.000000 340.000000 0.062784
230.000000 340.000000 0.076960
240.000000 340.000000 0.075783
250.000000 340.000000 0.076876
260.000000 340.000000 0.076189
270.000000 340.000000 0.093774
280.000000 340.000000 0.111334
290.000000 340.000000 0.094285
300.000000 340.000000 0.089517
310.000000 340.000000 0.112728
320.000000 340.000000 0.129318
330.000000 340.000000 0.115954
340.000000 340.000000 0.127735
350.000000 340.000000 0.149836
360.000000 340.000000 0.177457
370.000000 340.000000 0.167680
380.000000 340.000000 0.165313
390.000000 340.000000 0.172791
400.000000 340.000000 0.149717
410.000000 340.000000 0.138715
420.000000 340.000000 0.124810
430.000000 340.000000 0.098545
440.000000 340.000000 0.090655
450.000000 340.000000 0.091945
460.000000 340.000000 0.107736
470.000000 340.000000 0.147493
480.000000 340.000000 0.263754
490.000000 340.000000 0.386848
500.000000 340.000000 0.386848
0.000000 350.000000 0.698231
10.000000 350.000000 0.698231
20.000000 350.000000 0.470163
30.000000 350.000000 0.253367
40.000000 350.000000 0.161171
50.000000 350.000000 0.120228
60.000000 350.000000 0.105774
70.000000 350.000000 0.089877
80.000000 350.000000 0.071035
90.000000 350.000000 0.069838
100.000000 350.000000 0.064650
110.000000 350.000000 0.061024
120.000000 350.000000 0.057038
130.000000 350.000000 0.055163
140.000000 350.000000 0.055997
150.000000 350.000000 0.065974
160.000000 350.000000 0.076251
170.000000 350.000000 0.071123
180.000000 350.000000 0.066622
190.000000 350.000000 0.078945
200.000000 350.000000 0.087766
210.000000 350.000000 0.064255
220.000000 350.000000 0.062729
230.000000 350.000000 0.088045
240.000000 350.000000 0.095458
250.000000 350.000000 0.093587
260.000000 350.000000 0.085449
270.000000 350.000000 0.085687
280.000000 350.000000 0.103896
290.000000 350.000000 0.102116
300.000000 350.000000 0.106198
310.000000 350.000000 0.118170
320.000000 350.000000 0.114702
330.000000 350.000000 0.111592
340.000000 350.000000 0.134545
350.000000 350.000000 0.150995
360.000000 350.000000 0.172001
370.000000 350.000000 0.169097
380.000000 350.000000 0.147652
390.000000 350.000000 0.144273
400.000000 350.000000 0.152761
410.000000 350.000000 0.201061
420.000000 350.000000 0.200942
430.000000 350.000000 0.122337
440.000000 350.000000 0.094663
450.000000 350.000000 0.099080
460.000000 350.000000 0.130469
470.000000 350.000000 0.193759
480.000000 350.000000 0.361421
490.000000 350.000000 0.520162
500.000000 350.000000 0.520162
0.000000 360.000000 0.766841
10.000000 360.000000 0.766841
20.000000 360.000000 0.573280
30.000000 360.000000 0.311478
40.000000 360.000000 0.191026
50.000000 360.000000 0.136915
60.000000 360.000000 0.097934
70.000000 360.000000 0.080283
80.000000 360.000000 0.076921
90.000000 360.000000 0.078098
100.000000 360.000000 0.069261
110.000000 360.000000 0.063403
120.000000 360.000000 0.072264
130.000000 360.000000 0.076771
140.000000 360.000000 0.068695
150.000000 360.000000 0.068805
160.000000 360.000000 0.064119
170.000000 360.000000 0.058767
180.000000 360.000000 0.058236
190.000000 360.000000 0.067561
200.000000 360.000000 0.068316
210.000000 360.000000 0.060153
220.000000 360.000000 0.060688
230.000000 360.000000 0.077707
240.000000 360.000000 0.101077
250.000000 360.000000 0.104297
260.000000 360.000000 0.110841
270.000000 360.000000 0.114070
280.000000 360.000000 0.110082
290.000000 360.000000 0.101049
300.000000 360.000000 0.105052
310.000000 360.000000 0.096850
320.000000 360.000000 0.091855
330.000000 360.000000 0.097620
340.000000 360.000000 0.113867
350.000000 360.000000 0.133073
360.000000 360.000000 0.154047
370.000000 360.000000 0.155214
380.000000 360.000000 0.137751
390.000000 360.000000 0.136938
400.000000 360.000000 0.149771
410.000000 360.000000 0.202713
420.000000 360.000000 0.209252
430.000000 360.000000 0.130738
440.000000 360.000000 0.102216
450.000000 360.000000 0.114045
460.000000 360.000000 0.167291
470.000000 360.000000 0.274760
480.000000 360.000000 0.489503
490.000000 360.000000 0.649707
500.000000 360.000000 0.649707
0.000000 370.000000 0.830088
10.000000 370.000000 0.830088
20.000000 370.000000 0.681920
30.000000 370.000000 0.432207
40.000000 370.000000 0.241072
50.000000 370.000000 0.138110
60.000000 370.000000 0.097402
70.000000 370.000000 0.088278
80.000000 370.000000 0.099483
90.000000 370.000000 0.088386
100.000000 370.000000 0.078172
110.000000 370.000000 0.080113
120.000000 370.000000 0.088146
130.000000 370.000000 0.095507
140.000000 370.000000 0.093101
150.000000 370.000000 0.081226
160.000000 370.000000 0.065366
170.000000 370.000000 0.057476
180.000000 370.000000 0.059779
190.000000 370.000000 0.078186
200.000000 370.000000 0.086185
210.000000 370.000000 0.065673
220.000000 370.000000 0.065035
230.000000 370.000000 0.084993
240.000000 370.000000 0.091522
250.000000 370.000000 0.082376
260.000000 370.000000 0.102265
270.000000 370.000000 0.110901
280.000000 370.000000 0.088843
290.000000 370.000000 0.083323
300.000000 370.000000 0.089772
310.000000 370.000000 0.080402
320.000000 370.000000 0.078389
330.000000 370.000000 0.089540
340.000000 370.000000 0.098236
350.000000 370.000000 0.112368
360.000000 370.000000 0.118868
370.000000 370.000000 0.123679
380.000000 370.000000 0.115938
390.000000 370.000000 0.125702
400.000000 370.000000 0.122400
410.000000 370.000000 0.138652
420.000000 370.000000 0.140045
430.000000 370.000000 0.112133
440.000000 370.000000 0.116682
450.000000 370.000000 0.144110
460.000000 370.000000 0.218410
470.000000 370.000000 0.406758
480.000000 370.000000 0.625013
490.000000 370.000000 0.764064
500.000000 370.000000 0.764064
0.000000 380.000000 0.887209
10.000000 380.000000 0.887209
20.000000 380.000000 0.784342
30.000000 380.000000 0.584224
40.000000 380.000000 0.337274
50.000000 380.000000 0.178247
60.000000 380.000000 0.120728
70.000000 380.000000 0.108459
80.000000 380.000000 0.115259
90.000000 380.000000 0.086944
100.000000 380.000000 0.074377
110.000000 380.000000 0.089285
120.000000 380.000000 0.099101
130.000000 380.000000 0.102488
140.000000 380.000000 0.094463
150.000000 380.000000 0.079599
160.000000 380.000000 0.067103
170.000000 380.000000 0.057886
180.000000 380.000000 0.060757
190.000000 380.000000 0.084817
200.000000 380.000000 0.102051
210.000000 380.000000 0.074557
220.000000 380.000000 0.072876
230.000000 380.000000 0.095209
240.000000 380.000000 0.087522
250.000000 380.000000 0.069725
260.000000 380.000000 0.083044
270.000000 380.000000 0.094274
280.000000 380.000000 0.074624
290.000000 380.000000 0.073852
300.000000 380.000000 0.082946
310.000000 380.000000 0.082410
320.000000 380.000000 0.081833
330.000000 380.000000 0.091867
340.000000 380.000000 0.103921
350.000000 380.000000 0.097808
360.000000 380.000000 0.093328
370.000000 380.000000 0.093085
380.000000 380.000000 0.096195
390.000000 380.000000 0.098106
400.000000 380.000000 0.100251
410.000000 380.000000 0.110467
420.000000 380.000000 0.107067
430.000000 380.000000 0.106839
440.000000 380.000000 0.142539
450.000000 380.000000 0.189792
460.000000 380.000000 0.311857
470.000000 380.000000 0.563317
480.000000 380.000000 0.763701
490.000000 380.000000 0.859156
500.000000 380.000000 0.859156
0.000000 390.000000 0.933339
10.000000 390.000000 0.933339
20.000000 390.000000 0.869113
30.000000 390.000000 0.721229
40.000000 390.000000 0.440015
50.000000 390.000000 0.251532
60.000000 390.000000 0.163543
70.000000 390.000000 0.128125
80.000000 390.000000 0.111549
90.000000 390.000000 0.090334
100.000000 390.000000 0.079885
110.000000 390.000000 0.100686
120.000000 390.000000 0.100237
130.000000 390.000000 0.086819
140.000000 390.000000 0.083610
150.000000 390.000000 0.077334
160.000000 390.000000 0.068481
170.000000 390.000000 0.059585
180.000000 390.000000 0.059168
190.000000 390.000000 0.069332
200.000000 390.000000 0.094336
210.000000 390.000000 0.087997
220.000000 390.000000 0.083637
230.000000 390.000000 0.094289
240.000000 390.000000 0.098065
250.000000 390.000000 0.073221
260.000000 390.000000 0.069444
270.000000 390.000000 0.072422
280.000000 390.000000 0.072593
290.000000 390.000000 0.080411
300.000000 390.000000 0.083041
310.000000 390.000000 0.083731
320.000000 390.000000 0.082264
330.000000 390.000000 0.093686
340.000000 390.000000 0.105497
350.000000 390.000000 0.087590
360.000000 390.000000 0.078076
370.000000 390.000000 0.073983
380.000000 390.000000 0.074888
390.000000 390.000000 0.080934
400.000000 390.000000 0.093929
410.000000 390.000000 0.117522
420.000000 390.000000 0.109554
430.000000 390.000000 0.115993
440.000000 390.000000 0.157155
450.000000 390.000000 0.262409
460.000000 390.000000 0.498604
470.000000 390.000000 0.724542
480.000000 390.000000 0.860939
490.000000 390.000000 0.922274
500.000000 390.000000 0.922274
0.000000 400.000000 0.964588
10.000000 400.000000 0.964588
20.000000 400.000000 0.927471
30.000000 400.000000 0.832298
40.000000 400.000000 0.606443
50.000000 400.000000 0.393175
60.000000 400.000000 0.239063
70.000000 400.000000 0.171100
80.000000 400.000000 0.131174
90.000000 400.000000 0.101584
100.000000 400.000000 0.086095
110.000000 400.000000 0.102423
120.000000 400.000000 0.091779
130.000000 400.000000 0.070286
140.000000 400.000000 0.064071
150.000000 400.000000 0.065361
160.000000 400.000000 0.062834
170.000000 400.000000 0.057536
180.000000 400.000000 0.058119
190.000000 400.000000 0.059397
200.000000 400.000000 0.071651
210.000000 400.000000 0.073104
220.000000 400.000000 0.073928
230.000000 400.000000 0.084771
240.000000 400.000000 0.086722
250.000000 400.000000 0.071510
260.000000 400.000000 0.079342
270.000000 400.000000 0.091643
280.000000 400.000000 0.098819
290.000000 400.000000 0.104395
300.000000 400.000000 0.099227
310.000000 400.000000 0.086168
320.000000 400.000000 0.081650
330.000000 400.000000 0.084177
340.000000 400.000000 0.089416
350.000000 400.000000 0.078966
360.000000 400.000000 0.066962
370.000000 400.000000 0.063911
380.000000 400.000000 0.064649
390.000000 400.000000 0.071184
400.000000 400.000000 0.090649
410.000000 400.000000 0.117266
420.000000 400.000000 0.110403
430.000000 400.000000 0.140273
440.000000 400.000000 0.226301
450.000000 400.000000 0.390163
460.000000 400.000000 0.655259
470.000000 400.000000 0.829174
480.000000 400.000000 0.922409
490.000000 400.000000 0.960189
500.000000 400.000000 0.960189
0.000000 410.000000 0.982998
10.000000 410.000000 0.982998
20.000000 410.000000 0.963527
30.000000 410.000000 0.911798
40.000000 410.000000 0.801227
50.000000 410.000000 0.615578
60.000000 410.000000 0.366870
70.000000 410.000000 0.250978
80.000000 410.000000 0.168757
90.000000 410.000000 0.118603
100.000000 410.000000 0.095474
110.000000 410.000000 0.109169
120.000000 410.000000 0.101381
130.000000 410.000000 0.072471
140.000000 410.000000 0.066175
150.000000 410.000000 0.063621
160.000000 410.000000 0.062987
170.000000 410.000000 0.058865
180.000000 410.000000 0.060900
190.000000 410.000000 0.059137
200.000000 410.000000 0.057991
210.000000 410.000000 0.061258
220.000000 410.000000 0.066711
230.000000 410.000000 0.082022
240.000000 410.000000 0.081113
250.000000 410.000000 0.071530
260.000000 410.000000 0.088358
270.000000 410.000000 0.103128
280.000000 410.000000 0.111789
290.000000 410.000000 0.115998
300.000000 410.000000 0.104533
310.000000 410.000000 0.085454
320.000000 410.000000 0.084246
330.000000 410.000000 0.095316
340.000000 410.000000 0.086843
350.000000 410.000000 0.071667
360.000000 410.000000 0.061938
370.000000 410.000000 0.061126
380.000000 410.000000 0.064408
390.000000 410.000000 0.070906
400.000000 410.000000 0.085740
410.000000 410.000000 0.111782
420.000000 410.000000 0.125279
430.000000 410.000000 0.194861
440.000000 410.000000 0.340101
450.000000 410.000000 0.552349
460.000000 410.000000 0.783108
470.000000 410.000000 0.905056
480.000000 410.000000 0.960788
490.000000 410.000000 0.981348
500.000000 410.000000 0.981348
0.000000 420.000000 0.992607
10.000000 420.000000 0.992607
20.000000 420.000000 0.983388
30.000000 420.000000 0.957531
40.000000 420.000000 0.898354
50.000000 420.000000 0.779945
60.000000 420.000000 0.578285
70.000000 420.000000 0.389889
80.000000 420.000000 0.230697
90.000000 420.000000 0.148403
100.000000 420.000000 0.108152
110.000000 420.000000 0.101990
120.000000 420.000000 0.092277
130.000000 420.000000 0.078302
140.000000 420.000000 0.079793
150.000000 420.000000 0.080249
160.000000 420.000000 0.072115
170.000000 420.000000 0.068699
180.000000 420.000000 0.070572
190.000000 420.000000 0.068843
200.000000 420.000000 0.060192
210.000000 420.000000 0.061250
220.000000 420.000000 0.072568
230.000000 420.000000 0.087015
240.000000 420.000000 0.099809
250.000000 420.000000 0.077109
260.000000 420.000000 0.072767
270.000000 420.000000 0.072942
280.000000 420.000000 0.079458
290.000000 420.000000 0.089887
300.000000 420.000000 0.087830
310.000000 420.000000 0.080234
320.000000 420.000000 0.084285
330.000000 420.000000 0.097247
340.000000 420.000000 0.078500
350.000000 420.000000 0.063846
360.000000 420.000000 0.060164
370.000000 420.000000 0.061806
380.000000 420.000000 0.068583
390.000000 420.000000 0.081192
400.000000 420.000000 0.099677
410.000000 420.000000 0.122424
420.000000 420.000000 0.178051
430.000000 420.000000 0.329711
440.000000 420.000000 0.522798
450.000000 420.000000 0.732086
460.000000 420.000000 0.881144
470.000000 420.000000 0.951952
480.000000 420.000000 0.981570
490.000000 420.000000 0.991810
500.000000 420.000000 0.991810
0.000000 430.000000 0.997045
10.000000 430.000000 0.997045
20.000000 430.000000 0.993061
30.000000 430.000000 0.981286
40.000000 430.000000 0.952145
50.000000 430.000000 0.886685
60.000000 430.000000 0.756942
70.000000 430.000000 0.578798
80.000000 430.000000 0.339478
90.000000 430.000000 0.212266
100.000000 430.000000 0.144519
110.000000 430.000000 0.111968
120.000000 430.000000 0.094448
130.000000 430.000000 0.091331
140.000000 430.000000 0.097958
150.000000 430.000000 0.101811
160.000000 430.000000 0.089356
170.000000 430.000000 0.086796
180.000000 430.000000 0.089692
190.000000 430.000000 0.075693
200.000000 430.000000 0.066210
210.000000 430.000000 0.062371
220.000000 430.000000 0.071438
230.000000 430.000000 0.078433
240.000000 430.000000 0.091206
250.000000 430.000000 0.074973
260.000000 430.000000 0.071736
270.000000 430.000000 0.067868
280.000000 430.000000 0.067712
290.000000 430.000000 0.077967
300.000000 430.000000 0.095117
310.000000 430.000000 0.082391
320.000000 430.000000 0.073825
330.000000 430.000000 0.076336
340.000000 430.000000 0.065410
350.000000 430.000000 0.061968
360.000000 430.000000 0.063855
370.000000 430.000000 0.068228
380.000000 430.000000 0.080056
390.000000 430.000000 0.102927
400.000000 430.000000 0.135980
410.000000 430.000000 0.185621
420.000000 430.000000 0.323424
430.000000 430.000000 0.512834
440.000000 430.000000 0.704192
450.000000 430.000000 0.854976
460.000000 430.000000 0.939065
470.000000 430.000000 0.976767
480.000000 430.000000 0.991647
490.000000 430.000000 0.996530
500.000000 430.000000 0.996530
0.000000 440.000000 0.998875
10.000000 440.000000 0.998875
20.000000 440.000000 0.997226
30.000000 440.000000 0.992103
40.000000 440.000000 0.978608
50.000000 440.000000 0.946372
60.000000 440.000000 0.878239
70.000000 440.000000 0.756887
80.000000 440.000000 0.527946
90.000000 440.000000 0.363934
100.000000 440.000000 0.234251
110.000000 440.000000 0.164490
120.000000 440.000000 0.125872
130.000000 440.000000 0.112674
140.000000 440.000000 0.131981
150.000000 440.000000 0.141369
160.000000 440.000000 0.112476
170.000000 440.000000 0.120375
180.000000 440.000000 0.116442
190.000000 440.000000 0.083380
200.000000 440.000000 0.072123
210.000000 440.000000 0.067493
220.000000 440.000000 0.067413
230.000000 440.000000 0.070712
240.000000 440.000000 0.074057
250.000000 440.000000 0.072049
260.000000 440.000000 0.071813
270.000000 440.000000 0.069950
280.000000 440.000000 0.071020
290.000000 440.000000 0.080268
300.000000 440.000000 0.106907
310.000000 440.000000 0.086991
320.000000 440.000000 0.072174
330.000000 440.000000 0.068724
340.000000 440.000000 0.066929
350.000000 440.000000 0.069647
360.000000 440.000000 0.074809
370.000000 440.000000 0.085004
380.000000 440.000000 0.105942
390.000000 440.000000 0.143497
400.000000 440.000000 0.206018
410.000000 440.000000 0.322648
420.000000 440.000000 0.537743
430.000000 440.000000 0.706512
440.000000 440.000000 0.841325
450.000000 440.000000 0.927549
460.000000 440.000000 0.970890
470.000000 440.000000 0.989406
480.000000 440.000000 0.996385
490.000000 440.000000 0.998583
500.000000 440.000000 0.998583
0.000000 450.000000 0.999578
10.000000 450.000000 0.999578
20.000000 450.000000 0.998902
30.000000 450.000000 0.996706
40.000000 450.000000 0.990640
50.000000 450.000000 0.975560
60.000000 450.000000 0.942547
70.000000 450.000000 0.880666
80.000000 450.000000 0.776361
90.000000 450.000000 0.632386
100.000000 450.000000 0.424113
110.000000 450.000000 0.280595
120.000000 450.000000 0.180571
130.000000 450.000000 0.151447
140.000000 450.000000 0.192042
150.000000 450.000000 0.196315
160.000000 450.000000 0.131103
170.000000 450.000000 0.128751
180.000000 450.000000 0.122641
190.000000 450.000000 0.091977
200.000000 450.000000 0.086923
210.000000 450.000000 0.078898
220.000000 450.000000 0.077806
230.000000 450.000000 0.088032
240.000000 450.000000 0.096267
250.000000 450.000000 0.082449
260.000000 450.000000 0.071901
270.000000 450.000000 0.077533
280.000000 450.000000 0.077130
290.000000 450.000000 0.076735
300.000000 450.000000 0.091992
310.000000 450.000000 0.076695
320.000000 450.000000 0.069740
330.000000 450.000000 0.069957
340.000000 450.000000 0.076573
350.000000 450.000000 0.087270
360.000000 450.000000 0.101055
370.000000 450.000000 0.123961
380.000000 450.000000 0.171733
390.000000 450.000000 0.247644
400.000000 450.000000 0.394456
410.000000 450.000000 0.596119
420.000000 450.000000 0.744329
430.000000 450.000000 0.852756
440.000000 450.000000 0.926361
450.000000 450.000000 0.967900
460.000000 450.000000 0.987526
470.000000 450.000000 0.995602
480.000000 450.000000 0.998551
490.000000 450.000000 0.999455
500.000000 450.000000 0.999455
0.000000 460.000000 0.999843
10.000000 460.000000 0.999843
20.000000 460.000000 0.999573
30.000000 460.000000 0.998667
40.000000 460.000000 0.996096
50.000000 460.000000 0.989577
60.000000 460.000000 0.975030
70.000000 460.000000 0.946721
80.000000 460.000000 0.896719
90.000000 460.000000 0.811452
100.000000 460.000000 0.659680
110.000000 460.000000 0.464514
120.000000 460.000000 0.315713
130.000000 460.000000 0.212558
140.000000 460.000000 0.208265
150.000000 460.000000 0.195376
160.000000 460.000000 0.145218
170.000000 460.000000 0.133153
180.000000 460.000000 0.129952
190.000000 460.000000 0.107757
200.000000 460.000000 0.090150
210.000000 460.000000 0.088993
220.000000 460.000000 0.097230
230.000000 460.000000 0.105005
240.000000 460.000000 0.100939
250.000000 460.000000 0.086479
260.000000 460.000000 0.070881
270.000000 460.000000 0.071230
280.000000 460.000000 0.072378
290.000000 460.000000 0.074731
300.000000 460.000000 0.077367
310.000000 460.000000 0.074188
320.000000 460.000000 0.076920
330.000000 460.000000 0.085671
340.000000 460.000000 0.106875
350.000000 460.000000 0.130255
360.000000 460.000000 0.158240
370.000000 460.000000 0.210341
380.000000 460.000000 0.318823
390.000000 460.000000 0.469539
400.000000 460.000000 0.647354
410.000000 460.000000 0.788010
420.000000 460.000000 0.878922
430.000000 460.000000 0.936433
440.000000 460.000000 0.970154
450.000000 460.000000 0.987473
460.000000 460.000000 0.995254
470.000000 460.000000 0.998361
480.000000 460.000000 0.999471
490.000000 460.000000 0.999806
500.000000 460.000000 0.999806
0.000000 470.000000 0.999944
10.000000 470.000000 0.999944
20.000000 470.000000 0.999841
30.000000 470.000000 0.999494
40.000000 470.000000 0.998497
50.000000 470.000000 0.995951
60.000000 470.000000 0.990203
70.000000 470.000000 0.978625
80.000000 470.000000 0.956664
90.000000 470.000000 0.914487
100.000000 470.000000 0.833360
110.000000 470.000000 0.702143
120.000000 470.000000 0.528404
130.000000 470.000000 0.345696
140.000000 470.000000 0.264798
150.000000 470.000000 0.210082
160.000000 470.000000 0.177727
170.000000 470.000000 0.171137
180.000000 470.000000 0.170063
190.000000 470.000000 0.123705
200.000000 470.000000 0.102660
210.000000 470.000000 0.111124
220.000000 470.000000 0.110670
230.000000 470.000000 0.096080
240.000000 470.000000 0.080827
250.000000 470.000000 0.081379
260.000000 470.000000 0.079711
270.000000 470.000000 0.073604
280.000000 470.000000 0.073189
290.000000 470.000000 0.075761
300.000000 470.000000 0.081355
310.000000 470.000000 0.086075
320.000000 470.000000 0.094236
330.000000 470.000000 0.115015
340.000000 470.000000 0.153757
350.000000 470.000000 0.213996
360.000000 470.000000 0.304372
370.000000 470.000000 0.407382
380.000000 470.000000 0.547987
390.000000 470.000000 0.710752
400.000000 470.000000 0.827744
410.000000 470.000000 0.903427
420.000000 470.000000 0.949541
430.000000 470.000000 0.975579
440.000000 470.000000 0.989176
450.000000 470.000000 0.995619
460.000000 470.000000 0.998378
470.000000 470.000000 0.999448
480.000000 470.000000 0.999824
490.000000 470.000000 0.999936
500.000000 470.000000 0.999936
0.000000 480.000000 0.999980
10.000000 480.000000 0.999980
20.000000 480.000000 0.999944
30.000000 480.000000 0.999820
40.000000 480.000000 0.999462
50.000000 480.000000 0.998544
60.000000 480.000000 0.996433
70.000000 480.000000 0.991967
80.000000 480.000000 0.982743
90.000000 480.000000 0.963269
100.000000 480.000000 0.923540
110.000000 480.000000 0.854583
120.000000 480.000000 0.757077
130.000000 480.000000 0.624233
140.000000 480.000000 0.496263
150.000000 480.000000 0.362922
160.000000 480.000000 0.288951
170.000000 480.000000 0.262426
180.000000 480.000000 0.239774
190.000000 480.000000 0.141989
200.000000 480.000000 0.114818
210.000000 480.000000 0.120119
220.000000 480.000000 0.098542
230.000000 480.000000 0.082564
240.000000 480.000000 0.085620
250.000000 480.000000 0.089667
260.000000 480.000000 0.083115
270.000000 480.000000 0.088082
280.000000 480.000000 0.093846
290.000000 480.000000 0.093975
300.000000 480.000000 0.105629
310.000000 480.000000 0.114751
320.000000 480.000000 0.136845
330.000000 480.000000 0.173772
340.000000 480.000000 0.259922
350.000000 480.000000 0.390411
360.000000 480.000000 0.513645
370.000000 480.000000 0.637748
380.000000 480.000000 0.767654
390.000000 480.000000 0.860625
400.000000 480.000000 0.921284
410.000000 480.000000 0.959125
420.000000 480.000000 0.980365
430.000000 480.000000 0.991207
440.000000 480.000000 0.996327
450.000000 480.000000 0.998572
460.000000 480.000000 0.999485
470.000000 480.000000 0.999828
480.000000 480.000000 0.999946
490.000000 480.000000 0.999980
500.000000 480.000000 0.999980
0.000000 490.000000 0.999992
10.000000 490.000000 0.999992
20.000000 490.000000 0.999978
30.000000 490.000000 0.999928
40.000000 490.000000 0.999783
50.000000 490.000000 0.999409
60.000000 490.000000 0.998518
70.000000 490.000000 0.996504
80.000000 490.000000 0.991957
90.000000 490.000000 0.981623
100.000000 490.000000 0.959625
110.000000 490.000000 0.919640
120.000000 490.000000 0.859447
130.000000 490.000000 0.778030
140.000000 490.000000 0.678824
150.000000 490.000000 0.566039
160.000000 490.000000 0.459878
170.000000 490.000000 0.384709
180.000000 490.000000 0.296516
190.000000 490.000000 0.174196
200.000000 490.000000 0.112881
210.000000 490.000000 0.115357
220.000000 490.000000 0.095459
230.000000 490.000000 0.086857
240.000000 490.000000 0.108163
250.000000 490.000000 0.098496
260.000000 490.000000 0.077242
270.000000 490.000000 0.086870
280.000000 490.000000 0.108351
290.000000 490.000000 0.123756
300.000000 490.000000 0.138720
310.000000 490.000000 0.162764
320.000000 490.000000 0.211357
330.000000 490.000000 0.274162
340.000000 490.000000 0.416070
350.000000 490.000000 0.562736
360.000000 490.000000 0.676993
370.000000 490.000000 0.775364
380.000000 490.000000 0.859998
390.000000 490.000000 0.919850
400.000000 490.000000 0.957940
410.000000 490.000000 0.979871
420.000000 490.000000 0.991106
430.000000 490.000000 0.996319
440.000000 490.000000 0.998560
450.000000 490.000000 0.999467
460.000000 490.000000 0.999814
470.000000 490.000000 0.999939
480.000000 490.000000 0.999981
490.000000 490.000000 0.999993
500.000000 490.000000 0.999993
0.000000 500.000000 0.999992
10.000000 500.000000 0.999992
20.000000 500.000000 0.999978
30.000000 500.000000 0.999928
40.000000 500.000000 0.999783
50.000000 500.000000 0.999409
60.000000 500.000000 0.998518
70.000000 500.000000 0.996504
80.000000 500.000000 0.991957
90.000000 500.000000 0.981623
100.000000 500.000000 0.959625
110.000000 500.000000 0.919640
120.000000 500.000000 0.859447
130.000000 500.000000 0.778030
140.000000 500.000000 0.678824
150.000000 500.000000 0.566039
160.000000 500.000000 0.459878
170.000000 500.000000 0.384709
180.000000 500.000000 0.296516
190.000000 500.000000 0.174196
200.000000 500.000000 0.112881
210.000000 500.000000 0.115357
220.000000 500.000000 0.095459
230.000000 500.000000 0.086857
240.000000 500.000000 0.108163
250.000000 500.000000 0.098496
260.000000 500.000000 0.077242
270.000000 500.000000 0.086870
280.000000 500.000000 0.108351
290.000000 500.000000 0.123756
300.000000 500.000000 0.138720
310.000000 500.000000 0.162764
320.000000 500.000000 0.211357
330.000000 500.000000 0.274162
340.000000 500.000000 0.416070
350.000000 500.000000 0.562736
360.000000 500.000000 0.676993
370.000000 500.000000 0.775364
380.000000 500.000000 0.859998
390.000000 500.000000 0.919850
400.000000 500.000000 0.957940
410.000000 500.000000 0.979871
420.000000 500.000000 0.991106
430.000000 500.000000 0.996319
440.000000 500.000000 0.998560
450.000000 500.000000 0.999467
460.000000 500.000000 0.999814
470.000000 500.000000 0.999939
480.000000 500.000000 0.999981
490.000000 500.000000 0.999993
500.000000 500.000000 0.999993
