# 500.000000 500.000000
# 51 51
# 0 42 
0.000000 0.000000 0.999991
10.000000 0.000000 0.999991
20.000000 0.000000 0.999976
30.000000 0.000000 0.999923
40.000000 0.000000 0.999766
50.000000 0.000000 0.999333
60.000000 0.000000 0.998236
70.000000 0.000000 0.995693
80.000000 0.000000 0.990277
90.000000 0.000000 0.979492
100.000000 0.000000 0.958967
110.000000 0.000000 0.922315
120.000000 0.000000 0.863914
130.000000 0.000000 0.782941
140.000000 0.000000 0.678522
150.000000 0.000000 0.556706
160.000000 0.000000 0.418168
170.000000 0.000000 0.281068
180.000000 0.000000 0.178319
190.000000 0.000000 0.148741
200.000000 0.000000 0.126574
210.000000 0.000000 0.135634
220.000000 0.000000 0.142629
230.000000 0.000000 0.182919
240.000000 0.000000 0.261575
250.000000 0.000000 0.420333
260.000000 0.000000 0.598829
270.000000 0.000000 0.493515
280.000000 0.000000 0.245685
290.000000 0.000000 0.182608
300.000000 0.000000 0.168624
310.000000 0.000000 0.177478
320.000000 0.000000 0.193625
330.000000 0.000000 0.307617
340.000000 0.000000 0.464440
350.000000 0.000000 0.544048
360.000000 0.000000 0.624764
370.000000 0.000000 0.728242
380.000000 0.000000 0.823251
390.000000 0.000000 0.893934
400.000000 0.000000 0.941880
410.000000 0.000000 0.971163
420.000000 0.000000 0.986773
430.000000 0.000000 0.994269
440.000000 0.000000 0.997625
450.000000 0.000000 0.999056
460.000000 0.000000 0.999641
470.000000 0.000000 0.999871
480.000000 0.000000 0.999956
490.000000 0.000000 0.999983
500.000000 0.000000 0.999983
0.000000 10.000000 0.999991
10.000000 10.000000 0.999991
20.000000 10.000000 0.999976
30.000000 10.000000 0.999923
40.000000 10.000000 0.999766
50.000000 10.000000 0.999333
60.000000 10.000000 0.998236
70.000000 10.000000 0.995693
80.000000 10.000000 0.990277
90.000000 10.000000 0.979492
100.000000 10.000000 0.958967
110.000000 10.000000 0.922315
120.000000 10.000000 0.863914
130.000000 10.000000 0.782941
140.000000 10.000000 0.678522
150.000000 10.000000 0.556706
160.000000 10.000000 0.418168
170.000000 10.000000 0.281068
180.000000 10.000000 0.178319
190.000000 10.000000 0.148741
200.000000 10.000000 0.126574
210.000000 10.000000 0.135634
220.000000 10.000000 0.142629
230.000000 10.000000 0.182919
240.000000 10.000000 0.261575
250.000000 10.000000 0.420333
260.000000 10.000000 0.598829
270.000000 10.000000 0.493515
280.000000 10.000000 0.245685
290.000000 10.000000 0.182608
300.000000 10.000000 0.168624
310.000000 10.000000 0.177478
320.000000 10.000000 0.193625
330.000000 10.000000 0.307617
340.000000 10.000000 0.464440
350.000000 10.000000 0.544048
360.000000 10.000000 0.624764
370.000000 10.000000 0.728242
380.000000 10.000000 0.823251
390.000000 10.000000 0.893934
400.000000 10.000000 0.941880
410.000000 10.000000 0.971163
420.000000 10.000000 0.986773
430.000000 10.000000 0.994269
440.000000 10.000000 0.997625
450.000000 10.000000 0.999056
460.000000 10.000000 0.999641
470.000000 10.000000 0.999871
480.000000 10.000000 0.999956
490.000000 10.000000 0.999983
500.000000 10.000000 0.999983
0.000000 20.000000 0.999974
10.000000 20.000000 0.999974
20.000000 20.000000 0.999932
30.000000 20.000000 0.999790
40.000000 20.000000 0.999381
50.000000 20.000000 0.998290
60.000000 20.000000 0.995620
70.000000 20.000000 0.989677
80.000000 20.000000 0.977689
90.000000 20.000000 0.955501
100.000000 20.000000 0.916514
110.000000 20.000000 0.851528
120.000000 20.000000 0.751623
130.000000 20.000000 0.635656
140.000000 20.000000 0.507678
150.000000 20.000000 0.365178
160.000000 20.000000 0.248620
170.000000 20.000000 0.186858
180.000000 20.000000 0.127068
190.000000 20.000000 0.112349
200.000000 20.000000 0.106424
210.000000 20.000000 0.135351
220.000000 20.000000 0.132825
230.000000 20.000000 0.152943
240.000000 20.000000 0.232123
250.000000 20.000000 0.356012
260.000000 20.000000 0.506485
270.000000 20.000000 0.452311
280.000000 20.000000 0.255330
290.000000 20.000000 0.210802
300.000000 20.000000 0.175704
310.000000 20.000000 0.154287
320.000000 20.000000 0.164243
330.000000 20.000000 0.228257
340.000000 20.000000 0.334331
350.000000 20.000000 0.414440
360.000000 20.000000 0.483066
370.000000 20.000000 0.590702
380.000000 20.000000 0.718420
390.000000 20.000000 0.824191
400.000000 20.000000 0.899241
410.000000 20.000000 0.947214
420.000000 20.000000 0.974022
430.000000 20.000000 0.987811
440.000000 20.000000 0.994554
450.000000 20.000000 0.997693
460.000000 20.000000 0.999081
470.000000 20.000000 0.999659
480.000000 20.000000 0.999881
490.000000 20.000000 0.999953
500.000000 20.000000 0.999953
0.000000 30.000000 0.999914
10.000000 30.000000 0.999914
20.000000 30.000000 0.999779
30.000000 30.000000 0.999342
40.000000 30.000000 0.998130
50.000000 30.000000 0.995037
60.000000 30.000000 0.987799
70.000000 30.000000 0.972444
80.000000 30.000000 0.943324
90.000000 30.000000 0.893921
100.000000 30.000000 0.815414
110.000000 30.000000 0.692573
120.000000 30.000000 0.484169
130.000000 30.000000 0.345537
140.000000 30.000000 0.275134
150.000000 30.000000 0.197545
160.000000 30.000000 0.148064
170.000000 30.000000 0.117155
180.000000 30.000000 0.093644
190.000000 30.000000 0.099372
200.000000 30.000000 0.106972
210.000000 30.000000 0.132843
220.000000 30.000000 0.135366
230.000000 30.000000 0.141731
240.000000 30.000000 0.209232
250.000000 30.000000 0.322796
260.000000 30.000000 0.391709
270.000000 30.000000 0.345007
280.000000 30.000000 0.280065
290.000000 30.000000 0.290206
300.000000 30.000000 0.258005
310.000000 30.000000 0.177529
320.000000 30.000000 0.175486
330.000000 30.000000 0.206837
340.000000 30.000000 0.234459
350.000000 30.000000 0.258178
360.000000 30.000000 0.307953
370.000000 30.000000 0.379023
380.000000 30.000000 0.515708
390.000000 30.000000 0.669574
400.000000 30.000000 0.801738
410.000000 30.000000 0.888726
420.000000 30.000000 0.940584
430.000000 30.000000 0.969680
440.000000 30.000000 0.985468
450.000000 30.000000 0.993511
460.000000 30.000000 0.997318
470.000000 30.000000 0.998981
480.000000 30.000000 0.999640
490.000000 30.000000 0.999857
500.000000 30.000000 0.999857
0.000000 40.000000 0.999721
10.000000 40.000000 0.999721
20.000000 40.000000 0.999311
30.000000 40.000000 0.998038
40.000000 40.000000 0.994674
50.000000 40.000000 0.986543
60.000000 40.000000 0.968596
70.000000 40.000000 0.932762
80.000000 40.000000 0.869568
90.000000 40.000000 0.772565
100.000000 40.000000 0.638108
110.000000 40.000000 0.443162
120.000000 40.000000 0.279616
130.000000 40.000000 0.188162
140.000000 40.000000 0.142635
150.000000 40.000000 0.119687
160.000000 40.000000 0.119939
170.000000 40.000000 0.100944
180.000000 40.000000 0.080149
190.000000 40.000000 0.088429
200.000000 40.000000 0.096138
210.000000 40.000000 0.106881
220.000000 40.000000 0.115612
230.000000 40.000000 0.131970
240.000000 40.000000 0.186266
250.000000 40.000000 0.262043
260.000000 40.000000 0.311864
270.000000 40.000000 0.318743
280.000000 40.000000 0.351103
290.000000 40.000000 0.399509
300.000000 40.000000 0.296652
310.000000 40.000000 0.224713
320.000000 40.000000 0.266194
330.000000 40.000000 0.318165
340.000000 40.000000 0.272556
350.000000 40.000000 0.210176
360.000000 40.000000 0.189505
370.000000 40.000000 0.209501
380.000000 40.000000 0.285485
390.000000 40.000000 0.423259
400.000000 40.000000 0.624533
410.000000 40.000000 0.773278
420.000000 40.000000 0.870071
430.000000 40.000000 0.928395
440.000000 40.000000 0.963518
450.000000 40.000000 0.982993
460.000000 40.000000 0.992764
470.000000 40.000000 0.997200
480.000000 40.000000 0.999000
490.000000 40.000000 0.999602
500.000000 40.000000 0.999602
0.000000 50.000000 0.999158
10.000000 50.000000 0.999158
20.000000 50.000000 0.998005
30.000000 50.000000 0.994571
40.000000 50.000000 0.985998
50.000000 50.000000 0.966621
60.000000 50.000000 0.926952
70.000000 50.000000 0.852899
80.000000 50.000000 0.733374
90.000000 50.000000 0.564617
100.000000 50.000000 0.393942
110.000000 50.000000 0.238841
120.000000 50.000000 0.164225
130.000000 50.000000 0.121492
140.000000 50.000000 0.097069
150.000000 50.000000 0.087106
160.000000 50.000000 0.091829
170.000000 50.000000 0.083202
180.000000 50.000000 0.075397
190.000000 50.000000 0.079416
200.000000 50.000000 0.088562
210.000000 50.000000 0.102459
220.000000 50.000000 0.107676
230.000000 50.000000 0.123586
240.000000 50.000000 0.159422
250.000000 50.000000 0.197796
260.000000 50.000000 0.246251
270.000000 50.000000 0.287655
280.000000 50.000000 0.354890
290.000000 50.000000 0.407104
300.000000 50.000000 0.326933
310.000000 50.000000 0.253700
320.000000 50.000000 0.283156
330.000000 50.000000 0.363032
340.000000 50.000000 0.347734
350.000000 50.000000 0.246739
360.000000 50.000000 0.177567
370.000000 50.000000 0.166657
380.000000 50.000000 0.183170
390.000000 50.000000 0.243728
400.000000 50.000000 0.392326
410.000000 50.000000 0.585217
420.000000 50.000000 0.744829
430.000000 50.000000 0.847908
440.000000 50.000000 0.917801
450.000000 50.000000 0.960173
460.000000 50.000000 0.982629
470.000000 50.000000 0.993168
480.000000 50.000000 0.997534
490.000000 50.000000 0.999012
500.000000 50.000000 0.999012
0.000000 60.000000 0.997667
10.000000 60.000000 0.997667
20.000000 60.000000 0.994685
30.000000 60.000000 0.986215
40.000000 60.000000 0.966349
50.000000 60.000000 0.924729
60.000000 60.000000 0.846437
70.000000 60.000000 0.698563
80.000000 60.000000 0.497499
90.000000 60.000000 0.322551
100.000000 60.000000 0.214964
110.000000 60.000000 0.155554
120.000000 60.000000 0.129676
130.000000 60.000000 0.101765
140.000000 60.000000 0.079992
150.000000 60.000000 0.075574
160.000000 60.000000 0.074700
170.000000 60.000000 0.074416
180.000000 60.000000 0.074883
190.000000 60.000000 0.080719
200.000000 60.000000 0.097147
210.000000 60.000000 0.114925
220.000000 60.000000 0.118548
230.000000 60.000000 0.128059
240.000000 60.000000 0.141025
250.000000 60.000000 0.160224
260.000000 60.000000 0.189489
270.000000 60.000000 0.234307
280.000000 60.000000 0.307448
290.000000 60.000000 0.363873
300.000000 60.000000 0.298871
310.000000 60.000000 0.250078
320.000000 60.000000 0.264002
330.000000 60.000000 0.332322
340.000000 60.000000 0.334870
350.000000 60.000000 0.254521
360.000000 60.000000 0.194368
370.000000 60.000000 0.187362
380.000000 60.000000 0.147012
390.000000 60.000000 0.155567
400.000000 60.000000 0.230808
410.000000 60.000000 0.388078
420.000000 60.000000 0.567940
430.000000 60.000000 0.712878
440.000000 60.000000 0.835632
450.000000 60.000000 0.917792
460.000000 60.000000 0.963451
470.000000 60.000000 0.985402
480.000000 60.000000 0.994662
490.000000 60.000000 0.997838
500.000000 60.000000 0.997838
0.000000 70.000000 0.994121
10.000000 70.000000 0.994121
20.000000 70.000000 0.987151
30.000000 70.000000 0.968307
40.000000 70.000000 0.926919
50.000000 70.000000 0.847048
60.000000 70.000000 0.713534
70.000000 70.000000 0.486243
80.000000 70.000000 0.288028
90.000000 70.000000 0.190876
100.000000 70.000000 0.140667
110.000000 70.000000 0.119945
120.000000 70.000000 0.107679
130.000000 70.000000 0.097007
140.000000 70.000000 0.079409
150.000000 70.000000 0.087831
160.000000 70.000000 0.093763
170.000000 70.000000 0.088515
180.000000 70.000000 0.087858
190.000000 70.000000 0.083951
200.000000 70.000000 0.098684
210.000000 70.000000 0.115429
220.000000 70.000000 0.130007
230.000000 70.000000 0.148220
240.000000 70.000000 0.148816
250.000000 70.000000 0.134480
260.000000 70.000000 0.145816
270.000000 70.000000 0.179651
280.000000 70.000000 0.231414
290.000000 70.000000 0.276420
300.000000 70.000000 0.247670
310.000000 70.000000 0.219946
320.000000 70.000000 0.227583
330.000000 70.000000 0.274934
340.000000 70.000000 0.274223
350.000000 70.000000 0.223703
360.000000 70.000000 0.170909
370.000000 70.000000 0.154507
380.000000 70.000000 0.118410
390.000000 70.000000 0.122589
400.000000 70.000000 0.147982
410.000000 70.000000 0.212072
420.000000 70.000000 0.309276
430.000000 70.000000 0.481858
440.000000 70.000000 0.703218
450.000000 70.000000 0.849751
460.000000 70.000000 0.932629
470.000000 70.000000 0.972629
480.000000 70.000000 0.989784
490.000000 70.000000 0.995781
500.000000 70.000000 0.995781
0.000000 80.000000 0.986652
10.000000 80.000000 0.986652
20.000000 80.000000 0.972068
30.000000 80.000000 0.934663
40.000000 80.000000 0.857990
50.000000 80.000000 0.721812
60.000000 80.000000 0.523988
70.000000 80.000000 0.312104
80.000000 80.000000 0.195506
90.000000 80.000000 0.139828
100.000000 80.000000 0.112015
110.000000 80.000000 0.106946
120.000000 80.000000 0.091698
130.000000 80.000000 0.082224
140.000000 80.000000 0.077885
150.000000 80.000000 0.098788
160.000000 80.000000 0.104892
170.000000 80.000000 0.100964
180.000000 80.000000 0.104106
190.000000 80.000000 0.083173
200.000000 80.000000 0.091177
210.000000 80.000000 0.109010
220.000000 80.000000 0.130098
230.000000 80.000000 0.141521
240.000000 80.000000 0.137046
250.000000 80.000000 0.121306
260.000000 80.000000 0.126790
270.000000 80.000000 0.141988
280.000000 80.000000 0.172725
290.000000 80.000000 0.193092
300.000000 80.000000 0.178751
310.000000 80.000000 0.171102
320.000000 80.000000 0.174586
330.000000 80.000000 0.211587
340.000000 80.000000 0.207494
350.000000 80.000000 0.198407
360.000000 80.000000 0.146370
370.000000 80.000000 0.116342
380.000000 80.000000 0.103321
390.000000 80.000000 0.107025
400.000000 80.000000 0.117319
410.000000 80.000000 0.158397
420.000000 80.000000 0.193850
430.000000 80.000000 0.315241
440.000000 80.000000 0.540392
450.000000 80.000000 0.758090
460.000000 80.000000 0.889375
470.000000 80.000000 0.953346
480.000000 80.000000 0.981922
490.000000 80.000000 0.992318
500.000000 80.000000 0.992318
0.000000 90.000000 0.972719
10.000000 90.000000 0.972719
20.000000 90.000000 0.945378
30.000000 90.000000 0.878990
40.000000 90.000000 0.751632
50.000000 90.000000 0.530934
60.000000 90.000000 0.340358
70.000000 90.000000 0.195086
80.000000 90.000000 0.146684
90.000000 90.000000 0.131988
100.000000 90.000000 0.108101
110.000000 90.000000 0.096556
120.000000 90.000000 0.096343
130.000000 90.000000 0.086599
140.000000 90.000000 0.076912
150.000000 90.000000 0.080517
160.000000 90.000000 0.078778
170.000000 90.000000 0.078930
180.000000 90.000000 0.089692
190.000000 90.000000 0.076263
200.000000 90.000000 0.092459
210.000000 90.000000 0.102131
220.000000 90.000000 0.117192
230.000000 90.000000 0.125231
240.000000 90.000000 0.120110
250.000000 90.000000 0.110144
260.000000 90.000000 0.116195
270.000000 90.000000 0.116437
280.000000 90.000000 0.129145
290.000000 90.000000 0.137922
300.000000 90.000000 0.139703
310.000000 90.000000 0.133154
320.000000 90.000000 0.133424
330.000000 90.000000 0.147095
340.000000 90.000000 0.153333
350.000000 90.000000 0.147349
360.000000 90.000000 0.120321
370.000000 90.000000 0.105063
380.000000 90.000000 0.098909
390.000000 90.000000 0.103871
400.000000 90.000000 0.116230
410.000000 90.000000 0.148364
420.000000 90.000000 0.179312
430.000000 90.000000 0.246488
440.000000 90.000000 0.430177
450.000000 90.000000 0.666466
460.000000 90.000000 0.829995
470.000000 90.000000 0.920932
480.000000 90.000000 0.967629
490.000000 90.000000 0.985956
500.000000 90.000000 0.985956
0.000000 100.000000 0.949271
10.000000 100.000000 0.949271
20.000000 100.000000 0.902668
30.000000 100.000000 0.795203
40.000000 100.000000 0.603218
50.000000 100.000000 0.338546
60.000000 100.000000 0.199138
70.000000 100.000000 0.128360
80.000000 100.000000 0.114480
90.000000 100.000000 0.108937
100.000000 100.000000 0.096167
110.000000 100.000000 0.095468
120.000000 100.000000 0.109272
130.000000 100.000000 0.105867
140.000000 100.000000 0.093619
150.000000 100.000000 0.075544
160.000000 100.000000 0.068277
170.000000 100.000000 0.065489
180.000000 100.000000 0.068191
190.000000 100.000000 0.068028
200.000000 100.000000 0.080335
210.000000 100.000000 0.095743
220.000000 100.000000 0.109617
230.000000 100.000000 0.129628
240.000000 100.000000 0.120029
250.000000 100.000000 0.098802
260.000000 100.000000 0.097214
270.000000 100.000000 0.099893
280.000000 100.000000 0.104611
290.000000 100.000000 0.108021
300.000000 100.000000 0.111391
310.000000 100.000000 0.119334
320.000000 100.000000 0.118669
330.000000 100.000000 0.123576
340.000000 100.000000 0.122277
350.000000 100.000000 0.120505
360.000000 100.000000 0.111676
370.000000 100.000000 0.107525
380.000000 100.000000 0.100590
390.000000 100.000000 0.109597
400.000000 100.000000 0.121595
410.000000 100.000000 0.134807
420.000000 100.000000 0.147242
430.000000 100.000000 0.179672
440.000000 100.000000 0.296227
450.000000 100.000000 0.463883
460.000000 100.000000 0.699670
470.000000 100.000000 0.851863
480.000000 100.000000 0.938246
490.000000 100.000000 0.973746
500.000000 100.000000 0.973746
0.000000 110.000000 0.912671
10.000000 110.000000 0.912671
20.000000 110.000000 0.839857
30.000000 110.000000 0.683036
40.000000 110.000000 0.428832
50.000000 110.000000 0.224650
60.000000 110.000000 0.143865
70.000000 110.000000 0.096257
80.000000 110.000000 0.082624
90.000000 110.000000 0.083312
100.000000 110.000000 0.095224
110.000000 110.000000 0.081983
120.000000 110.000000 0.088134
130.000000 110.000000 0.097906
140.000000 110.000000 0.112269
150.000000 110.000000 0.091693
160.000000 110.000000 0.069154
170.000000 110.000000 0.062692
180.000000 110.000000 0.061513
190.000000 110.000000 0.065330
200.000000 110.000000 0.075142
210.000000 110.000000 0.090268
220.000000 110.000000 0.109606
230.000000 110.000000 0.147432
240.000000 110.000000 0.145204
250.000000 110.000000 0.106808
260.000000 110.000000 0.089656
270.000000 110.000000 0.084518
280.000000 110.000000 0.088651
290.000000 110.000000 0.088769
300.000000 110.000000 0.097809
310.000000 110.000000 0.109290
320.000000 110.000000 0.116691
330.000000 110.000000 0.118764
340.000000 110.000000 0.115377
350.000000 110.000000 0.116936
360.000000 110.000000 0.111193
370.000000 110.000000 0.101599
380.000000 110.000000 0.095592
390.000000 110.000000 0.101814
400.000000 110.000000 0.109056
410.000000 110.000000 0.119515
420.000000 110.000000 0.130576
430.000000 110.000000 0.137569
440.000000 110.000000 0.191430
450.000000 110.000000 0.289164
460.000000 110.000000 0.516096
470.000000 110.000000 0.732868
480.000000 110.000000 0.889233
490.000000 110.000000 0.954893
500.000000 110.000000 0.954893
0.000000 120.000000 0.858030
10.000000 120.000000 0.858030
20.000000 120.000000 0.751293
30.000000 120.000000 0.547753
40.000000 120.000000 0.298877
50.000000 120.000000 0.153416
60.000000 120.000000 0.101223
70.000000 120.000000 0.079904
80.000000 120.000000 0.072996
90.000000 120.000000 0.076988
100.000000 120.000000 0.088499
110.000000 120.000000 0.074900
120.000000 120.000000 0.070891
130.000000 120.000000 0.078372
140.000000 120.000000 0.102880
150.000000 120.000000 0.100406
160.000000 120.000000 0.074249
170.000000 120.000000 0.065926
180.000000 120.000000 0.064373
190.000000 120.000000 0.069962
200.000000 120.000000 0.079081
210.000000 120.000000 0.092995
220.000000 120.000000 0.109229
230.000000 120.000000 0.156770
240.000000 120.000000 0.172389
250.000000 120.000000 0.124885
260.000000 120.000000 0.093073
270.000000 120.000000 0.077057
280.000000 120.000000 0.074633
290.000000 120.000000 0.078494
300.000000 120.000000 0.084468
310.000000 120.000000 0.095900
320.000000 120.000000 0.105871
330.000000 120.000000 0.106381
340.000000 120.000000 0.110917
350.000000 120.000000 0.114158
360.000000 120.000000 0.107442
370.000000 120.000000 0.097092
380.000000 120.000000 0.088337
390.000000 120.000000 0.087873
400.000000 120.000000 0.092749
410.000000 120.000000 0.095135
420.000000 120.000000 0.098695
430.000000 120.000000 0.108166
440.000000 120.000000 0.139258
450.000000 120.000000 0.204785
460.000000 120.000000 0.382159
470.000000 120.000000 0.611174
480.000000 120.000000 0.842491
490.000000 120.000000 0.937574
500.000000 120.000000 0.937574
0.000000 130.000000 0.780092
10.000000 130.000000 0.780092
20.000000 130.000000 0.629836
30.000000 130.000000 0.398934
40.000000 130.000000 0.214839
50.000000 130.000000 0.116948
60.000000 130.000000 0.089484
70.000000 130.000000 0.073263
80.000000 130.000000 0.069359
90.000000 130.000000 0.074405
100.000000 130.000000 0.078305
110.000000 130.000000 0.068989
120.000000 130.000000 0.067508
130.000000 130.000000 0.080469
140.000000 130.000000 0.100577
150.000000 130.000000 0.105450
160.000000 130.000000 0.092361
170.000000 130.000000 0.074920
180.000000 130.000000 0.065269
190.000000 130.000000 0.082583
200.000000 130.000000 0.096361
210.000000 130.000000 0.107356
220.000000 130.000000 0.110135
230.000000 130.000000 0.124066
240.000000 130.000000 0.122885
250.000000 130.000000 0.096862
260.000000 130.000000 0.079507
270.000000 130.000000 0.072599
280.000000 130.000000 0.069483
290.000000 130.000000 0.074040
300.000000 130.000000 0.077081
310.000000 130.000000 0.088353
320.000000 130.000000 0.110258
330.000000 130.000000 0.101785
340.000000 130.000000 0.104924
350.000000 130.000000 0.106033
360.000000 130.000000 0.099705
370.000000 130.000000 0.091796
380.000000 130.000000 0.080353
390.000000 130.000000 0.077156
400.000000 130.000000 0.076372
410.000000 130.000000 0.075798
420.000000 130.000000 0.081764
430.000000 130.000000 0.092569
440.000000 130.000000 0.115759
450.000000 130.000000 0.162383
460.000000 130.000000 0.265541
470.000000 130.000000 0.461138
480.000000 130.000000 0.793854
490.000000 130.000000 0.925187
500.000000 130.000000 0.925187
0.000000 140.000000 0.681324
10.000000 140.000000 0.681324
20.000000 140.000000 0.503669
30.000000 140.000000 0.260408
40.000000 140.000000 0.143222
50.000000 140.000000 0.093042
60.000000 140.000000 0.075907
70.000000 140.000000 0.069824
80.000000 140.000000 0.066013
90.000000 140.000000 0.068380
100.000000 140.000000 0.066019
110.000000 140.000000 0.063855
120.000000 140.000000 0.068485
130.000000 140.000000 0.084893
140.000000 140.000000 0.082335
150.000000 140.000000 0.073620
160.000000 140.000000 0.076019
170.000000 140.000000 0.065836
180.000000 140.000000 0.062720
190.000000 140.000000 0.079825
200.000000 140.000000 0.100239
210.000000 140.000000 0.100399
220.000000 140.000000 0.095972
230.000000 140.000000 0.098361
240.000000 140.000000 0.089438
250.000000 140.000000 0.077400
260.000000 140.000000 0.076966
270.000000 140.000000 0.073413
280.000000 140.000000 0.070070
290.000000 140.000000 0.078164
300.000000 140.000000 0.077675
310.000000 140.000000 0.080791
320.000000 140.000000 0.100473
330.000000 140.000000 0.094739
340.000000 140.000000 0.095079
350.000000 140.000000 0.099580
360.000000 140.000000 0.095618
370.000000 140.000000 0.083738
380.000000 140.000000 0.075631
390.000000 140.000000 0.074630
400.000000 140.000000 0.068993
410.000000 140.000000 0.068697
420.000000 140.000000 0.074875
430.000000 140.000000 0.086165
440.000000 140.000000 0.106228
450.000000 140.000000 0.145948
460.000000 140.000000 0.232501
470.000000 140.000000 0.415428
480.000000 140.000000 0.773173
490.000000 140.000000 0.912173
500.000000 140.000000 0.912173
0.000000 150.000000 0.562298
10.000000 150.000000 0.562298
20.000000 150.000000 0.392450
30.000000 150.000000 0.194371
40.000000 150.000000 0.113689
50.000000 150.000000 0.082361
60.000000 150.000000 0.075009
70.000000 150.000000 0.080084
80.000000 150.000000 0.069593
90.000000 150.000000 0.062437
100.000000 150.000000 0.061157
110.000000 150.000000 0.067893
120.000000 150.000000 0.068045
130.000000 150.000000 0.068885
140.000000 150.000000 0.063532
150.000000 150.000000 0.059524
160.000000 150.000000 0.057535
170.000000 150.000000 0.056724
180.000000 150.000000 0.064732
190.000000 150.000000 0.077759
200.000000 150.000000 0.080841
210.000000 150.000000 0.079165
220.000000 150.000000 0.079259
230.000000 150.000000 0.082107
240.000000 150.000000 0.074875
250.000000 150.000000 0.073740
260.000000 150.000000 0.089978
270.000000 150.000000 0.086334
280.000000 150.000000 0.069787
290.000000 150.000000 0.070133
300.000000 150.000000 0.071640
310.000000 150.000000 0.077178
320.000000 150.000000 0.085186
330.000000 150.000000 0.088180
340.000000 150.000000 0.093841
350.000000 150.000000 0.114643
360.000000 150.000000 0.110131
370.000000 150.000000 0.081067
380.000000 150.000000 0.078776
390.000000 150.000000 0.084521
400.000000 150.000000 0.068649
410.000000 150.000000 0.067197
420.000000 150.000000 0.075388
430.000000 150.000000 0.084547
440.000000 150.000000 0.102531
450.000000 150.000000 0.140032
460.000000 150.000000 0.216881
470.000000 150.000000 0.383424
480.000000 150.000000 0.714801
490.000000 150.000000 0.880720
500.000000 150.000000 0.880720
0.000000 160.000000 0.424955
10.000000 160.000000 0.424955
20.000000 160.000000 0.270170
30.000000 160.000000 0.153930
40.000000 160.000000 0.096167
50.000000 160.000000 0.076483
60.000000 160.000000 0.080009
70.000000 160.000000 0.094282
80.000000 160.000000 0.077686
90.000000 160.000000 0.063146
100.000000 160.000000 0.063706
110.000000 160.000000 0.079215
120.000000 160.000000 0.080466
130.000000 160.000000 0.071646
140.000000 160.000000 0.062808
150.000000 160.000000 0.057545
160.000000 160.000000 0.054866
170.000000 160.000000 0.055775
180.000000 160.000000 0.065371
190.000000 160.000000 0.065943
200.000000 160.000000 0.063713
210.000000 160.000000 0.066405
220.000000 160.000000 0.071560
230.000000 160.000000 0.068313
240.000000 160.000000 0.066285
250.000000 160.000000 0.068271
260.000000 160.000000 0.087504
270.000000 160.000000 0.082809
280.000000 160.000000 0.068068
290.000000 160.000000 0.063953
300.000000 160.000000 0.074566
310.000000 160.000000 0.088559
320.000000 160.000000 0.087593
330.000000 160.000000 0.084465
340.000000 160.000000 0.089073
350.000000 160.000000 0.097994
360.000000 160.000000 0.093312
370.000000 160.000000 0.075137
380.000000 160.000000 0.075348
390.000000 160.000000 0.086143
400.000000 160.000000 0.070815
410.000000 160.000000 0.071928
420.000000 160.000000 0.089982
430.000000 160.000000 0.094109
440.000000 160.000000 0.107435
450.000000 160.000000 0.140105
460.000000 160.000000 0.205571
470.000000 160.000000 0.336699
480.000000 160.000000 0.634932
490.000000 160.000000 0.792030
500.000000 160.000000 0.792030
0.000000 170.000000 0.298190
10.000000 170.000000 0.298190
20.000000 170.000000 0.181034
30.000000 170.000000 0.118604
40.000000 170.000000 0.085423
50.000000 170.000000 0.072482
60.000000 170.000000 0.071043
70.000000 170.000000 0.079674
80.000000 170.000000 0.064815
90.000000 170.000000 0.057194
100.000000 170.000000 0.060257
110.000000 170.000000 0.078654
120.000000 170.000000 0.084782
130.000000 170.000000 0.081732
140.000000 170.000000 0.067980
150.000000 170.000000 0.057540
160.000000 170.000000 0.062666
170.000000 170.000000 0.057089
180.000000 170.000000 0.056021
190.000000 170.000000 0.055752
200.000000 170.000000 0.062491
210.000000 170.000000 0.077340
220.000000 170.000000 0.080537
230.000000 170.000000 0.077846
240.000000 170.000000 0.070529
250.000000 170.000000 0.063771
260.000000 170.000000 0.064593
270.000000 170.000000 0.063683
280.000000 170.000000 0.061210
290.000000 170.000000 0.062388
300.000000 170.000000 0.072324
310.000000 170.000000 0.088072
320.000000 170.000000 0.084525
330.000000 170.000000 0.081794
340.000000 170.000000 0.079953
350.000000 170.000000 0.079984
360.000000 170.000000 0.074544
370.000000 170.000000 0.069987
380.000000 170.000000 0.079683
390.000000 170.000000 0.093361
400.000000 170.000000 0.077000
410.000000 170.000000 0.074609
420.000000 170.000000 0.092663
430.000000 170.000000 0.097661
440.000000 170.000000 0.113890
450.000000 170.000000 0.146214
460.000000 170.000000 0.190161
470.000000 170.000000 0.270257
480.000000 170.000000 0.413356
490.000000 170.000000 0.543851
500.000000 170.000000 0.543851
0.000000 180.000000 0.229083
10.000000 180.000000 0.229083
20.000000 180.000000 0.143147
30.000000 180.000000 0.103657
40.000000 180.000000 0.081820
50.000000 180.000000 0.069735
60.000000 180.000000 0.065666
70.000000 180.000000 0.065287
80.000000 180.000000 0.059320
90.000000 180.000000 0.056371
100.000000 180.000000 0.058501
110.000000 180.000000 0.064282
120.000000 180.000000 0.069589
130.000000 180.000000 0.069293
140.000000 180.000000 0.060572
150.000000 180.000000 0.064644
160.000000 180.000000 0.076287
170.000000 180.000000 0.062541
180.000000 180.000000 0.054173
190.000000 180.000000 0.054264
200.000000 180.000000 0.067707
210.000000 180.000000 0.092442
220.000000 180.000000 0.099756
230.000000 180.000000 0.093868
240.000000 180.000000 0.076441
250.000000 180.000000 0.063228
260.000000 180.000000 0.061701
270.000000 180.000000 0.058806
280.000000 180.000000 0.061784
290.000000 180.000000 0.063013
300.000000 180.000000 0.069947
310.000000 180.000000 0.079530
320.000000 180.000000 0.083508
330.000000 180.000000 0.085050
340.000000 180.000000 0.080880
350.000000 180.000000 0.073832
360.000000 180.000000 0.070078
370.000000 180.000000 0.073537
380.000000 180.000000 0.075602
390.000000 180.000000 0.085161
400.000000 180.000000 0.076360
410.000000 180.000000 0.075885
420.000000 180.000000 0.086756
430.000000 180.000000 0.105377
440.000000 180.000000 0.120788
450.000000 180.000000 0.152149
460.000000 180.000000 0.184050
470.000000 180.000000 0.229329
480.000000 180.000000 0.315421
490.000000 180.000000 0.396905
500.000000 180.000000 0.396905
0.000000 190.000000 0.157859
10.000000 190.000000 0.157859
20.000000 190.000000 0.112682
30.000000 190.000000 0.088310
40.000000 190.000000 0.074401
50.000000 190.000000 0.068922
60.000000 190.000000 0.067434
70.000000 190.000000 0.064284
80.000000 190.000000 0.062320
90.000000 190.000000 0.062850
100.000000 190.000000 0.063802
110.000000 190.000000 0.066090
120.000000 190.000000 0.066985
130.000000 190.000000 0.062464
140.000000 190.000000 0.068466
150.000000 190.000000 0.086686
160.000000 190.000000 0.079795
170.000000 190.000000 0.061058
180.000000 190.000000 0.055615
190.000000 190.000000 0.058276
200.000000 190.000000 0.070915
210.000000 190.000000 0.098439
220.000000 190.000000 0.102947
230.000000 190.000000 0.076942
240.000000 190.000000 0.063053
250.000000 190.000000 0.060541
260.000000 190.000000 0.060446
270.000000 190.000000 0.059672
280.000000 190.000000 0.060598
290.000000 190.000000 0.066249
300.000000 190.000000 0.073743
310.000000 190.000000 0.096117
320.000000 190.000000 0.102864
330.000000 190.000000 0.098807
340.000000 190.000000 0.087300
350.000000 190.000000 0.081258
360.000000 190.000000 0.089385
370.000000 190.000000 0.096898
380.000000 190.000000 0.085742
390.000000 190.000000 0.081781
400.000000 190.000000 0.081475
410.000000 190.000000 0.085770
420.000000 190.000000 0.102910
430.000000 190.000000 0.138334
440.000000 190.000000 0.136419
450.000000 190.000000 0.133583
460.000000 190.000000 0.159854
470.000000 190.000000 0.198008
480.000000 190.000000 0.260194
490.000000 190.000000 0.342928
500.000000 190.000000 0.342928
0.000000 200.000000 0.123744
10.000000 200.000000 0.123744
20.000000 200.000000 0.096100
30.000000 200.000000 0.080968
40.000000 200.000000 0.074501
50.000000 200.000000 0.082401
60.000000 200.000000 0.085687
70.000000 200.000000 0.074201
80.000000 200.000000 0.075090
90.000000 200.000000 0.082224
100.000000 200.000000 0.076377
110.000000 200.000000 0.075493
120.000000 200.000000 0.075998
130.000000 200.000000 0.073097
140.000000 200.000000 0.084546
150.000000 200.000000 0.088442
160.000000 200.000000 0.070706
170.000000 200.000000 0.060714
180.000000 200.000000 0.059165
190.000000 200.000000 0.066764
200.000000 200.000000 0.093982
210.000000 200.000000 0.111507
220.000000 200.000000 0.098913
230.000000 200.000000 0.073433
240.000000 200.000000 0.060765
250.000000 200.000000 0.060745
260.000000 200.000000 0.058388
270.000000 200.000000 0.058820
280.000000 200.000000 0.060631
290.000000 200.000000 0.064934
300.000000 200.000000 0.078996
310.000000 200.000000 0.110684
320.000000 200.000000 0.129913
330.000000 200.000000 0.112294
340.000000 200.000000 0.101504
350.000000 200.000000 0.100305
360.000000 200.000000 0.123897
370.000000 200.000000 0.115490
380.000000 200.000000 0.101030
390.000000 200.000000 0.095463
400.000000 200.000000 0.101332
410.000000 200.000000 0.111526
420.000000 200.000000 0.133068
430.000000 200.000000 0.168116
440.000000 200.000000 0.151015
450.000000 200.000000 0.131898
460.000000 200.000000 0.149357
470.000000 200.000000 0.170706
480.000000 200.000000 0.201264
490.000000 200.000000 0.245988
500.000000 200.000000 0.245988
0.000000 210.000000 0.098502
10.000000 210.000000 0.098502
20.000000 210.000000 0.086836
30.000000 210.000000 0.076119
40.000000 210.000000 0.075047
50.000000 210.000000 0.101464
60.000000 210.000000 0.117841
70.000000 210.000000 0.104200
80.000000 210.000000 0.096859
90.000000 210.000000 0.095985
100.000000 210.000000 0.091671
110.000000 210.000000 0.088912
120.000000 210.000000 0.071924
130.000000 210.000000 0.072775
140.000000 210.000000 0.080100
150.000000 210.000000 0.064739
160.000000 210.000000 0.059743
170.000000 210.000000 0.065139
180.000000 210.000000 0.065237
190.000000 210.000000 0.075007
200.000000 210.000000 0.104819
210.000000 210.000000 0.102399
220.000000 210.000000 0.088199
230.000000 210.000000 0.076627
240.000000 210.000000 0.062162
250.000000 210.000000 0.057140
260.000000 210.000000 0.057869
270.000000 210.000000 0.063041
280.000000 210.000000 0.063814
290.000000 210.000000 0.066823
300.000000 210.000000 0.074993
310.000000 210.000000 0.102022
320.000000 210.000000 0.121067
330.000000 210.000000 0.117926
340.000000 210.000000 0.115050
350.000000 210.000000 0.114505
360.000000 210.000000 0.132342
370.000000 210.000000 0.120875
380.000000 210.000000 0.108990
390.000000 210.000000 0.118132
400.000000 210.000000 0.134370
410.000000 210.000000 0.151810
420.000000 210.000000 0.166943
430.000000 210.000000 0.199446
440.000000 210.000000 0.189439
450.000000 210.000000 0.141035
460.000000 210.000000 0.144913
470.000000 210.000000 0.161705
480.000000 210.000000 0.172221
490.000000 210.000000 0.175343
500.000000 210.000000 0.175343
0.000000 220.000000 0.091208
10.000000 220.000000 0.091208
20.000000 220.000000 0.093686
30.000000 220.000000 0.078394
40.000000 220.000000 0.075606
50.000000 220.000000 0.104734
60.000000 220.000000 0.125363
70.000000 220.000000 0.113330
80.000000 220.000000 0.084395
90.000000 220.000000 0.072197
100.000000 220.000000 0.071099
110.000000 220.000000 0.075144
120.000000 220.000000 0.059324
130.000000 220.000000 0.057403
140.000000 220.000000 0.059394
150.000000 220.000000 0.054160
160.000000 220.000000 0.056965
170.000000 220.000000 0.069079
180.000000 220.000000 0.063669
190.000000 220.000000 0.064195
200.000000 220.000000 0.074591
210.000000 220.000000 0.071897
220.000000 220.000000 0.076813
230.000000 220.000000 0.085311
240.000000 220.000000 0.065182
250.000000 220.000000 0.057900
260.000000 220.000000 0.062476
270.000000 220.000000 0.076316
280.000000 220.000000 0.078326
290.000000 220.000000 0.080794
300.000000 220.000000 0.077498
310.000000 220.000000 0.082565
320.000000 220.000000 0.104494
330.000000 220.000000 0.109737
340.000000 220.000000 0.113526
350.000000 220.000000 0.118687
360.000000 220.000000 0.134983
370.000000 220.000000 0.134257
380.000000 220.000000 0.123350
390.000000 220.000000 0.139644
400.000000 220.000000 0.176314
410.000000 220.000000 0.222047
420.000000 220.000000 0.227775
430.000000 220.000000 0.232893
440.000000 220.000000 0.206248
450.000000 220.000000 0.146083
460.000000 220.000000 0.145959
470.000000 220.000000 0.160406
480.000000 220.000000 0.149003
490.000000 220.000000 0.149712
500.000000 220.000000 0.149712
0.000000 230.000000 0.085871
10.000000 230.000000 0.085871
20.000000 230.000000 0.091828
30.000000 230.000000 0.078255
40.000000 230.000000 0.075865
50.000000 230.000000 0.107002
60.000000 230.000000 0.110975
70.000000 230.000000 0.087359
80.000000 230.000000 0.069322
90.000000 230.000000 0.060045
100.000000 230.000000 0.060343
110.000000 230.000000 0.060282
120.000000 230.000000 0.056482
130.000000 230.000000 0.055608
140.000000 230.000000 0.054390
150.000000 230.000000 0.053453
160.000000 230.000000 0.058138
170.000000 230.000000 0.072484
180.000000 230.000000 0.072556
190.000000 230.000000 0.060764
200.000000 230.000000 0.063830
210.000000 230.000000 0.071962
220.000000 230.000000 0.081387
230.000000 230.000000 0.082844
240.000000 230.000000 0.064852
250.000000 230.000000 0.057681
260.000000 230.000000 0.062098
270.000000 230.000000 0.076342
280.000000 230.000000 0.086466
290.000000 230.000000 0.098573
300.000000 230.000000 0.082334
310.000000 230.000000 0.077136
320.000000 230.000000 0.096172
330.000000 230.000000 0.111483
340.000000 230.000000 0.109513
350.000000 230.000000 0.126112
360.000000 230.000000 0.128506
370.000000 230.000000 0.129788
380.000000 230.000000 0.120687
390.000000 230.000000 0.127216
400.000000 230.000000 0.161668
410.000000 230.000000 0.209872
420.000000 230.000000 0.188159
430.000000 230.000000 0.148854
440.000000 230.000000 0.129394
450.000000 230.000000 0.118287
460.000000 230.000000 0.137472
470.000000 230.000000 0.161638
480.000000 230.000000 0.145240
490.000000 230.000000 0.139376
500.000000 230.000000 0.139376
0.000000 240.000000 0.084979
10.000000 240.000000 0.084979
20.000000 240.000000 0.087547
30.000000 240.000000 0.077816
40.000000 240.000000 0.077137
50.000000 240.000000 0.103925
60.000000 240.000000 0.108694
70.000000 240.000000 0.085246
80.000000 240.000000 0.069018
90.000000 240.000000 0.061792
100.000000 240.000000 0.062201
110.000000 240.000000 0.063831
120.000000 240.000000 0.064506
130.000000 240.000000 0.061883
140.000000 240.000000 0.057683
150.000000 240.000000 0.056923
160.000000 240.000000 0.056885
170.000000 240.000000 0.066174
180.000000 240.000000 0.068881
190.000000 240.000000 0.058082
200.000000 240.000000 0.062517
210.000000 240.000000 0.071228
220.000000 240.000000 0.069832
230.000000 240.000000 0.064769
240.000000 240.000000 0.058784
250.000000 240.000000 0.057105
260.000000 240.000000 0.062180
270.000000 240.000000 0.069707
280.000000 240.000000 0.076001
290.000000 240.000000 0.076616
300.000000 240.000000 0.068850
310.000000 240.000000 0.070899
320.000000 240.000000 0.091679
330.000000 240.000000 0.114028
340.000000 240.000000 0.118319
350.000000 240.000000 0.132292
360.000000 240.000000 0.134152
370.000000 240.000000 0.123643
380.000000 240.000000 0.116175
390.000000 240.000000 0.106714
400.000000 240.000000 0.117191
410.000000 240.000000 0.127526
420.000000 240.000000 0.114545
430.000000 240.000000 0.101656
440.000000 240.000000 0.104092
450.000000 240.000000 0.110224
460.000000 240.000000 0.138278
470.000000 240.000000 0.170187
480.000000 240.000000 0.176562
490.000000 240.000000 0.155348
500.000000 240.000000 0.155348
0.000000 250.000000 0.085548
10.000000 250.000000 0.085548
20.000000 250.000000 0.086486
30.000000 250.000000 0.087687
40.000000 250.000000 0.088732
50.000000 250.000000 0.097045
60.000000 250.000000 0.104519
70.000000 250.000000 0.094259
80.000000 250.000000 0.075529
90.000000 250.000000 0.062758
100.000000 250.000000 0.068516
110.000000 250.000000 0.081632
120.000000 250.000000 0.082342
130.000000 250.000000 0.070559
140.000000 250.000000 0.064618
150.000000 250.000000 0.070052
160.000000 250.000000 0.066042
170.000000 250.000000 0.065788
180.000000 250.000000 0.067372
190.000000 250.000000 0.061865
200.000000 250.000000 0.065382
210.000000 250.000000 0.065802
220.000000 250.000000 0.064134
230.000000 250.000000 0.058651
240.000000 250.000000 0.056943
250.000000 250.000000 0.060342
260.000000 250.000000 0.066399
270.000000 250.000000 0.074789
280.000000 250.000000 0.086410
290.000000 250.000000 0.077912
300.000000 250.000000 0.066661
310.000000 250.000000 0.069692
320.000000 250.000000 0.084746
330.000000 250.000000 0.117462
340.000000 250.000000 0.128131
350.000000 250.000000 0.136913
360.000000 250.000000 0.144315
370.000000 250.000000 0.130722
380.000000 250.000000 0.124287
390.000000 250.000000 0.104561
400.000000 250.000000 0.101741
410.000000 250.000000 0.099794
420.000000 250.000000 0.099597
430.000000 250.000000 0.093901
440.000000 250.000000 0.098481
450.000000 250.000000 0.119192
460.000000 250.000000 0.160626
470.000000 250.000000 0.202186
480.000000 250.000000 0.235255
490.000000 250.000000 0.225194
500.000000 250.000000 0.225194
0.000000 260.000000 0.080466
10.000000 260.000000 0.080466
20.000000 260.000000 0.082031
30.000000 260.000000 0.085573
40.000000 260.000000 0.094159
50.000000 260.000000 0.095506
60.000000 260.000000 0.095921
70.000000 260.000000 0.092368
80.000000 260.000000 0.080736
90.000000 260.000000 0.069984
100.000000 260.000000 0.091781
110.000000 260.000000 0.128957
120.000000 260.000000 0.109885
130.000000 260.000000 0.081277
140.000000 260.000000 0.072034
150.000000 260.000000 0.087689
160.000000 260.000000 0.090435
170.000000 260.000000 0.091272
180.000000 260.000000 0.076626
190.000000 260.000000 0.064154
200.000000 260.000000 0.072658
210.000000 260.000000 0.079095
220.000000 260.000000 0.076428
230.000000 260.000000 0.066075
240.000000 260.000000 0.059307
250.000000 260.000000 0.060879
260.000000 260.000000 0.064495
270.000000 260.000000 0.075294
280.000000 260.000000 0.096041
290.000000 260.000000 0.088307
300.000000 260.000000 0.071895
310.000000 260.000000 0.072210
320.000000 260.000000 0.081432
330.000000 260.000000 0.107428
340.000000 260.000000 0.126884
350.000000 260.000000 0.128946
360.000000 260.000000 0.136715
370.000000 260.000000 0.127579
380.000000 260.000000 0.116006
390.000000 260.000000 0.099927
400.000000 260.000000 0.097527
410.000000 260.000000 0.104234
420.000000 260.000000 0.123915
430.000000 260.000000 0.109534
440.000000 260.000000 0.105841
450.000000 260.000000 0.123698
460.000000 260.000000 0.162287
470.000000 260.000000 0.223364
480.000000 260.000000 0.313600
490.000000 260.000000 0.358145
500.000000 260.000000 0.358145
0.000000 270.000000 0.088566
10.000000 270.000000 0.088566
20.000000 270.000000 0.089806
30.000000 270.000000 0.095556
40.000000 270.000000 0.109631
50.000000 270.000000 0.107587
60.000000 270.000000 0.105995
70.000000 270.000000 0.100622
80.000000 270.000000 0.088969
90.000000 270.000000 0.070390
100.000000 270.000000 0.084294
110.000000 270.000000 0.114739
120.000000 270.000000 0.100680
130.000000 270.000000 0.079103
140.000000 270.000000 0.068052
150.000000 270.000000 0.072255
160.000000 270.000000 0.074108
170.000000 270.000000 0.091860
180.000000 270.000000 0.090544
190.000000 270.000000 0.071388
200.000000 270.000000 0.087437
210.000000 270.000000 0.110184
220.000000 270.000000 0.111725
230.000000 270.000000 0.088099
240.000000 270.000000 0.063013
250.000000 270.000000 0.059268
260.000000 270.000000 0.062176
270.000000 270.000000 0.070998
280.000000 270.000000 0.086107
290.000000 270.000000 0.086219
300.000000 270.000000 0.081892
310.000000 270.000000 0.090403
320.000000 270.000000 0.087337
330.000000 270.000000 0.097413
340.000000 270.000000 0.109904
350.000000 270.000000 0.113473
360.000000 270.000000 0.113803
370.000000 270.000000 0.109608
380.000000 270.000000 0.103767
390.000000 270.000000 0.099281
400.000000 270.000000 0.103681
410.000000 270.000000 0.123632
420.000000 270.000000 0.150870
430.000000 270.000000 0.132493
440.000000 270.000000 0.124361
450.000000 270.000000 0.135411
460.000000 270.000000 0.157378
470.000000 270.000000 0.196177
480.000000 270.000000 0.255243
490.000000 270.000000 0.292844
500.000000 270.000000 0.292844
0.000000 280.000000 0.103710
10.000000 280.000000 0.103710
20.000000 280.000000 0.097263
30.000000 280.000000 0.092113
40.000000 280.000000 0.095395
50.000000 280.000000 0.097882
60.000000 280.000000 0.109254
70.000000 280.000000 0.091993
80.000000 280.000000 0.070126
90.000000 280.000000 0.060997
100.000000 280.000000 0.065136
110.000000 280.000000 0.076677
120.000000 280.000000 0.074507
130.000000 280.000000 0.069123
140.000000 280.000000 0.064570
150.000000 280.000000 0.060562
160.000000 280.000000 0.064156
170.000000 280.000000 0.088084
180.000000 280.000000 0.105782
190.000000 280.000000 0.076264
200.000000 280.000000 0.081492
210.000000 280.000000 0.116179
220.000000 280.000000 0.119898
230.000000 280.000000 0.100040
240.000000 280.000000 0.066994
250.000000 280.000000 0.061521
260.000000 280.000000 0.064314
270.000000 280.000000 0.065616
280.000000 280.000000 0.072469
290.000000 280.000000 0.081694
300.000000 280.000000 0.092267
310.000000 280.000000 0.105316
320.000000 280.000000 0.098764
330.000000 280.000000 0.096259
340.000000 280.000000 0.091665
350.000000 280.000000 0.095723
360.000000 280.000000 0.094534
370.000000 280.000000 0.095607
380.000000 280.000000 0.095799
390.000000 280.000000 0.103118
400.000000 280.000000 0.112869
410.000000 280.000000 0.128663
420.000000 280.000000 0.138620
430.000000 280.000000 0.132442
440.000000 280.000000 0.137065
450.000000 280.000000 0.136130
460.000000 280.000000 0.138433
470.000000 280.000000 0.158566
480.000000 280.000000 0.213263
490.000000 280.000000 0.243200
500.000000 280.000000 0.243200
0.000000 290.000000 0.138615
10.000000 290.000000 0.138615
20.000000 290.000000 0.124430
30.000000 290.000000 0.111157
40.000000 290.000000 0.090624
50.000000 290.000000 0.082887
60.000000 290.000000 0.086555
70.000000 290.000000 0.074620
80.000000 290.000000 0.063774
90.000000 290.000000 0.060215
100.000000 290.000000 0.062793
110.000000 290.000000 0.071029
120.000000 290.000000 0.070905
130.000000 290.000000 0.066410
140.000000 290.000000 0.065783
150.000000 290.000000 0.065877
160.000000 290.000000 0.063452
170.000000 290.000000 0.073471
180.000000 290.000000 0.096022
190.000000 290.000000 0.078775
200.000000 290.000000 0.073463
210.000000 290.000000 0.099170
220.000000 290.000000 0.104076
230.000000 290.000000 0.102485
240.000000 290.000000 0.071164
250.000000 290.000000 0.063357
260.000000 290.000000 0.069642
270.000000 290.000000 0.068746
280.000000 290.000000 0.066356
290.000000 290.000000 0.068902
300.000000 290.000000 0.070371
310.000000 290.000000 0.072623
320.000000 290.000000 0.075202
330.000000 290.000000 0.074027
340.000000 290.000000 0.078282
350.000000 290.000000 0.079937
360.000000 290.000000 0.083757
370.000000 290.000000 0.088894
380.000000 290.000000 0.097820
390.000000 290.000000 0.114381
400.000000 290.000000 0.142188
410.000000 290.000000 0.158821
420.000000 290.000000 0.151531
430.000000 290.000000 0.148819
440.000000 290.000000 0.143205
450.000000 290.000000 0.128907
460.000000 290.000000 0.125655
470.000000 290.000000 0.124986
480.000000 290.000000 0.160116
490.000000 290.000000 0.195429
500.000000 290.000000 0.195429
0.000000 300.000000 0.196915
10.000000 300.000000 0.196915
20.000000 300.000000 0.177143
30.000000 300.000000 0.153480
40.000000 300.000000 0.108612
50.000000 300.000000 0.083830
60.000000 300.000000 0.080686
70.000000 300.000000 0.074632
80.000000 300.000000 0.072072
90.000000 300.000000 0.067527
100.000000 300.000000 0.069884
110.000000 300.000000 0.080340
120.000000 300.000000 0.082926
130.000000 300.000000 0.073753
140.000000 300.000000 0.070373
150.000000 300.000000 0.080608
160.000000 300.000000 0.074475
170.000000 300.000000 0.068659
180.000000 300.000000 0.085227
190.000000 300.000000 0.076906
200.000000 300.000000 0.066942
210.000000 300.000000 0.067770
220.000000 300.000000 0.069238
230.000000 300.000000 0.072829
240.000000 300.000000 0.065277
250.000000 300.000000 0.069780
260.000000 300.000000 0.074298
270.000000 300.000000 0.077577
280.000000 300.000000 0.070081
290.000000 300.000000 0.066411
300.000000 300.000000 0.064415
310.000000 300.000000 0.069452
320.000000 300.000000 0.069867
330.000000 300.000000 0.070505
340.000000 300.000000 0.075078
350.000000 300.000000 0.083424
360.000000 300.000000 0.088595
370.000000 300.000000 0.096578
380.000000 300.000000 0.112459
390.000000 300.000000 0.141096
400.000000 300.000000 0.188417
410.000000 300.000000 0.248897
420.000000 300.000000 0.201455
430.000000 300.000000 0.166742
440.000000 300.000000 0.149038
450.000000 300.000000 0.122020
460.000000 300.000000 0.109220
470.000000 300.000000 0.109642
480.000000 300.000000 0.118203
490.000000 300.000000 0.150990
500.000000 300.000000 0.150990
0.000000 310.000000 0.295425
10.000000 310.000000 0.295425
20.000000 310.000000 0.237319
30.000000 310.000000 0.180492
40.000000 310.000000 0.124628
50.000000 310.000000 0.091832
60.000000 310.000000 0.086248
70.000000 310.000000 0.090262
80.000000 310.000000 0.096469
90.000000 310.000000 0.087335
100.000000 310.000000 0.078499
110.000000 310.000000 0.082299
120.000000 310.000000 0.086370
130.000000 310.000000 0.087403
140.000000 310.000000 0.088939
150.000000 310.000000 0.096930
160.000000 310.000000 0.077764
170.000000 310.000000 0.065788
180.000000 310.000000 0.069471
190.000000 310.000000 0.073463
200.000000 310.000000 0.076333
210.000000 310.000000 0.070101
220.000000 310.000000 0.058687
230.000000 310.000000 0.060688
240.000000 310.000000 0.062496
250.000000 310.000000 0.072950
260.000000 310.000000 0.079563
270.000000 310.000000 0.083874
280.000000 310.000000 0.082821
290.000000 310.000000 0.070268
300.000000 310.000000 0.071103
310.000000 310.000000 0.077353
320.000000 310.000000 0.074294
330.000000 310.000000 0.075930
340.000000 310.000000 0.093414
350.000000 310.000000 0.106567
360.000000 310.000000 0.123886
370.000000 310.000000 0.122056
380.000000 310.000000 0.133313
390.000000 310.000000 0.167634
400.000000 310.000000 0.195784
410.000000 310.000000 0.240254
420.000000 310.000000 0.190577
430.000000 310.000000 0.147476
440.000000 310.000000 0.131045
450.000000 310.000000 0.108716
460.000000 310.000000 0.097974
470.000000 310.000000 0.100091
480.000000 310.000000 0.117223
490.000000 310.000000 0.162743
500.000000 310.000000 0.162743
0.000000 320.000000 0.399953
10.000000 320.000000 0.399953
20.000000 320.000000 0.274556
30.000000 320.000000 0.182550
40.000000 320.000000 0.127757
50.000000 320.000000 0.098578
60.000000 320.000000 0.089058
70.000000 320.000000 0.103665
80.000000 320.000000 0.115266
90.000000 320.000000 0.089281
100.000000 320.000000 0.072753
110.000000 320.000000 0.079947
120.000000 320.000000 0.075982
130.000000 320.000000 0.075928
140.000000 320.000000 0.091267
150.000000 320.000000 0.083439
160.000000 320.000000 0.068190
170.000000 320.000000 0.062216
180.000000 320.000000 0.067125
190.000000 320.000000 0.070702
200.000000 320.000000 0.081449
210.000000 320.000000 0.069390
220.000000 320.000000 0.057375
230.000000 320.000000 0.059283
240.000000 320.000000 0.063260
250.000000 320.000000 0.075800
260.000000 320.000000 0.087377
270.000000 320.000000 0.116490
280.000000 320.000000 0.107482
290.000000 320.000000 0.078018
300.000000 320.000000 0.086075
310.000000 320.000000 0.103506
320.000000 320.000000 0.085827
330.000000 320.000000 0.088958
340.000000 320.000000 0.122494
350.000000 320.000000 0.140879
360.000000 320.000000 0.157820
370.000000 320.000000 0.155915
380.000000 320.000000 0.178379
390.000000 320.000000 0.235750
400.000000 320.000000 0.188981
410.000000 320.000000 0.155979
420.000000 320.000000 0.131033
430.000000 320.000000 0.117833
440.000000 320.000000 0.109441
450.000000 320.000000 0.097241
460.000000 320.000000 0.095233
470.000000 320.000000 0.107108
480.000000 320.000000 0.139965
490.000000 320.000000 0.205250
500.000000 320.000000 0.205250
0.000000 330.000000 0.531828
10.000000 330.000000 0.531828
20.000000 330.000000 0.342176
30.000000 330.000000 0.199724
40.000000 330.000000 0.132361
50.000000 330.000000 0.098088
60.000000 330.000000 0.089064
70.000000 330.000000 0.094006
80.000000 330.000000 0.084358
90.000000 330.000000 0.067868
100.000000 330.000000 0.063609
110.000000 330.000000 0.073459
120.000000 330.000000 0.062830
130.000000 330.000000 0.059237
140.000000 330.000000 0.065418
150.000000 330.000000 0.066412
160.000000 330.000000 0.070790
170.000000 330.000000 0.067297
180.000000 330.000000 0.065355
190.000000 330.000000 0.070726
200.000000 330.000000 0.077404
210.000000 330.000000 0.075895
220.000000 330.000000 0.063058
230.000000 330.000000 0.063162
240.000000 330.000000 0.066895
250.000000 330.000000 0.071535
260.000000 330.000000 0.092993
270.000000 330.000000 0.141436
280.000000 330.000000 0.132328
290.000000 330.000000 0.086246
300.000000 330.000000 0.085774
310.000000 330.000000 0.113459
320.000000 330.000000 0.112400
330.000000 330.000000 0.104746
340.000000 330.000000 0.126977
350.000000 330.000000 0.149294
360.000000 330.000000 0.164229
370.000000 330.000000 0.169979
380.000000 330.000000 0.205356
390.000000 330.000000 0.273089
400.000000 330.000000 0.196715
410.000000 330.000000 0.136074
420.000000 330.000000 0.114027
430.000000 330.000000 0.101379
440.000000 330.000000 0.097274
450.000000 330.000000 0.092033
460.000000 330.000000 0.097736
470.000000 330.000000 0.121697
480.000000 330.000000 0.183056
490.000000 330.000000 0.271499
500.000000 330.000000 0.271499
0.000000 340.000000 0.626042
10.000000 340.000000 0.626042
20.000000 340.000000 0.402340
30.000000 340.000000 0.223361
40.000000 340.000000 0.142039
50.000000 340.000000 0.104602
60.000000 340.000000 0.099756
70.000000 340.000000 0.091026
80.000000 340.000000 0.072602
90.000000 340.000000 0.065793
100.000000 340.000000 0.066342
110.000000 340.000000 0.072878
120.000000 340.000000 0.060866
130.000000 340.000000 0.057274
140.000000 340.000000 0.058569
150.000000 340.000000 0.068272
160.000000 340.000000 0.088288
170.000000 340.000000 0.080952
180.000000 340.000000 0.069756
190.000000 340.000000 0.080920
200.000000 340.000000 0.093244
210.000000 340.000000 0.073842
220.000000 340.000000 0.066422
230.000000 340.000000 0.081177
240.000000 340.000000 0.078866
250.000000 340.000000 0.079308
260.000000 340.000000 0.079193
270.000000 340.000000 0.097420
280.000000 340.000000 0.113403
290.000000 340.000000 0.094222
300.000000 340.000000 0.087730
310.000000 340.000000 0.112833
320.000000 340.000000 0.132587
330.000000 340.000000 0.120892
340.000000 340.000000 0.136087
350.000000 340.000000 0.161842
360.000000 340.000000 0.193275
370.000000 340.000000 0.180234
380.000000 340.000000 0.174703
390.000000 340.000000 0.180478
400.000000 340.000000 0.157212
410.000000 340.000000 0.146257
420.000000 340.000000 0.130640
430.000000 340.000000 0.103545
440.000000 340.000000 0.095565
450.000000 340.000000 0.097044
460.000000 340.000000 0.112825
470.000000 340.000000 0.153016
480.000000 340.000000 0.271442
490.000000 340.000000 0.391869
500.000000 340.000000 0.391869
0.000000 350.000000 0.709512
10.000000 350.000000 0.709512
20.000000 350.000000 0.488817
30.000000 350.000000 0.259906
40.000000 350.000000 0.162887
50.000000 350.000000 0.121897
60.000000 350.000000 0.106623
70.000000 350.000000 0.093080
80.000000 350.000000 0.074510
90.000000 350.000000 0.070479
100.000000 350.000000 0.065526
110.000000 350.000000 0.063669
120.000000 350.000000 0.060383
130.000000 350.000000 0.058334
140.000000 350.000000 0.059028
150.000000 350.000000 0.067161
160.000000 350.000000 0.077340
170.000000 350.000000 0.073138
180.000000 350.000000 0.066986
190.000000 350.000000 0.081059
200.000000 350.000000 0.090962
210.000000 350.000000 0.067557
220.000000 350.000000 0.065570
230.000000 350.000000 0.090161
240.000000 350.000000 0.096543
250.000000 350.000000 0.094157
260.000000 350.000000 0.087380
270.000000 350.000000 0.088661
280.000000 350.000000 0.105492
290.000000 350.000000 0.102257
300.000000 350.000000 0.106659
310.000000 350.000000 0.120132
320.000000 350.000000 0.119189
330.000000 350.000000 0.118240
340.000000 350.000000 0.143671
350.000000 350.000000 0.163426
360.000000 350.000000 0.187647
370.000000 350.000000 0.182731
380.000000 350.000000 0.157786
390.000000 350.000000 0.152555
400.000000 350.000000 0.161671
410.000000 350.000000 0.213140
420.000000 350.000000 0.209385
430.000000 350.000000 0.126946
440.000000 350.000000 0.099448
450.000000 350.000000 0.104206
460.000000 350.000000 0.136855
470.000000 350.000000 0.200057
480.000000 350.000000 0.368686
490.000000 350.000000 0.527717
500.000000 350.000000 0.527717
0.000000 360.000000 0.776089
10.000000 360.000000 0.776089
20.000000 360.000000 0.583375
30.000000 360.000000 0.321329
40.000000 360.000000 0.192827
50.000000 360.000000 0.137080
60.000000 360.000000 0.100176
70.000000 360.000000 0.083828
80.000000 360.000000 0.080960
90.000000 360.000000 0.079703
100.000000 360.000000 0.070996
110.000000 360.000000 0.066195
120.000000 360.000000 0.074443
130.000000 360.000000 0.079412
140.000000 360.000000 0.071286
150.000000 360.000000 0.069368
160.000000 360.000000 0.064959
170.000000 360.000000 0.061899
180.000000 360.000000 0.061691
190.000000 360.000000 0.071387
200.000000 360.000000 0.071720
210.000000 360.000000 0.064050
220.000000 360.000000 0.064218
230.000000 360.000000 0.080146
240.000000 360.000000 0.102719
250.000000 360.000000 0.105660
260.000000 360.000000 0.112816
270.000000 360.000000 0.116866
280.000000 360.000000 0.111592
290.000000 360.000000 0.101218
300.000000 360.000000 0.106277
310.000000 360.000000 0.099111
320.000000 360.000000 0.096320
330.000000 360.000000 0.103609
340.000000 360.000000 0.122484
350.000000 360.000000 0.143409
360.000000 360.000000 0.166420
370.000000 360.000000 0.168479
380.000000 360.000000 0.146906
390.000000 360.000000 0.144239
400.000000 360.000000 0.158907
410.000000 360.000000 0.215431
420.000000 360.000000 0.220341
430.000000 360.000000 0.135648
440.000000 360.000000 0.107421
450.000000 360.000000 0.118993
460.000000 360.000000 0.173943
470.000000 360.000000 0.280567
480.000000 360.000000 0.497556
490.000000 360.000000 0.657861
500.000000 360.000000 0.657861
0.000000 370.000000 0.837262
10.000000 370.000000 0.837262
20.000000 370.000000 0.686930
30.000000 370.000000 0.442854
40.000000 370.000000 0.247691
50.000000 370.000000 0.140850
60.000000 370.000000 0.101507
70.000000 370.000000 0.091381
80.000000 370.000000 0.101811
90.000000 370.000000 0.088891
100.000000 370.000000 0.078325
110.000000 370.000000 0.081010
120.000000 370.000000 0.088406
130.000000 370.000000 0.096507
140.000000 370.000000 0.094612
150.000000 370.000000 0.082065
160.000000 370.000000 0.065293
170.000000 370.000000 0.060208
180.000000 370.000000 0.063451
190.000000 370.000000 0.082346
200.000000 370.000000 0.091029
210.000000 370.000000 0.069455
220.000000 370.000000 0.068518
230.000000 370.000000 0.088073
240.000000 370.000000 0.093139
250.000000 370.000000 0.083959
260.000000 370.000000 0.104341
270.000000 370.000000 0.112954
280.000000 370.000000 0.090698
290.000000 370.000000 0.085513
300.000000 370.000000 0.092851
310.000000 370.000000 0.084674
320.000000 370.000000 0.083137
330.000000 370.000000 0.095411
340.000000 370.000000 0.105176
350.000000 370.000000 0.121002
360.000000 370.000000 0.127948
370.000000 370.000000 0.132703
380.000000 370.000000 0.120709
390.000000 370.000000 0.129671
400.000000 370.000000 0.129045
410.000000 370.000000 0.146658
420.000000 370.000000 0.148874
430.000000 370.000000 0.117881
440.000000 370.000000 0.122331
450.000000 370.000000 0.148424
460.000000 370.000000 0.223269
470.000000 370.000000 0.406884
480.000000 370.000000 0.628548
490.000000 370.000000 0.771424
500.000000 370.000000 0.771424
0.000000 380.000000 0.892502
10.000000 380.000000 0.892502
20.000000 380.000000 0.789683
30.000000 380.000000 0.587099
40.000000 380.000000 0.346839
50.000000 380.000000 0.184021
60.000000 380.000000 0.125935
70.000000 380.000000 0.111789
80.000000 380.000000 0.117798
90.000000 380.000000 0.089868
100.000000 380.000000 0.076069
110.000000 380.000000 0.089466
120.000000 380.000000 0.099857
130.000000 380.000000 0.104071
140.000000 380.000000 0.095349
150.000000 380.000000 0.079518
160.000000 380.000000 0.067370
170.000000 380.000000 0.060384
180.000000 380.000000 0.064158
190.000000 380.000000 0.088056
200.000000 380.000000 0.105838
210.000000 380.000000 0.077895
220.000000 380.000000 0.075353
230.000000 380.000000 0.097123
240.000000 380.000000 0.089889
250.000000 380.000000 0.072273
260.000000 380.000000 0.085773
270.000000 380.000000 0.096363
280.000000 380.000000 0.077689
290.000000 380.000000 0.078398
300.000000 380.000000 0.089033
310.000000 380.000000 0.088546
320.000000 380.000000 0.087718
330.000000 380.000000 0.097648
340.000000 380.000000 0.109370
350.000000 380.000000 0.104507
360.000000 380.000000 0.099767
370.000000 380.000000 0.098629
380.000000 380.000000 0.097738
390.000000 380.000000 0.099533
400.000000 380.000000 0.105744
410.000000 380.000000 0.116138
420.000000 380.000000 0.111800
430.000000 380.000000 0.111826
440.000000 380.000000 0.147103
450.000000 380.000000 0.194672
460.000000 380.000000 0.322050
470.000000 380.000000 0.575289
480.000000 380.000000 0.770506
490.000000 380.000000 0.865080
500.000000 380.000000 0.865080
0.000000 390.000000 0.937017
10.000000 390.000000 0.937017
20.000000 390.000000 0.874230
30.000000 390.000000 0.728633
40.000000 390.000000 0.450711
50.000000 390.000000 0.261075
60.000000 390.000000 0.170620
70.000000 390.000000 0.134328
80.000000 390.000000 0.116510
90.000000 390.000000 0.095566
100.000000 390.000000 0.082749
110.000000 390.000000 0.102232
120.000000 390.000000 0.102432
130.000000 390.000000 0.088323
140.000000 390.000000 0.084201
150.000000 390.000000 0.077905
160.000000 390.000000 0.071793
170.000000 390.000000 0.063453
180.000000 390.000000 0.062936
190.000000 390.000000 0.072688
200.000000 390.000000 0.096849
210.000000 390.000000 0.090516
220.000000 390.000000 0.084710
230.000000 390.000000 0.095009
240.000000 390.000000 0.100680
250.000000 390.000000 0.076350
260.000000 390.000000 0.072612
270.000000 390.000000 0.075375
280.000000 390.000000 0.076536
290.000000 390.000000 0.085883
300.000000 390.000000 0.089165
310.000000 390.000000 0.089888
320.000000 390.000000 0.087940
330.000000 390.000000 0.097919
340.000000 390.000000 0.107699
350.000000 390.000000 0.091704
360.000000 390.000000 0.083116
370.000000 390.000000 0.078809
380.000000 390.000000 0.078090
390.000000 390.000000 0.084232
400.000000 390.000000 0.098460
410.000000 390.000000 0.120289
420.000000 390.000000 0.112479
430.000000 390.000000 0.121444
440.000000 390.000000 0.161994
450.000000 390.000000 0.271617
460.000000 390.000000 0.510795
470.000000 390.000000 0.731730
480.000000 390.000000 0.866092
490.000000 390.000000 0.926297
500.000000 390.000000 0.926297
0.000000 400.000000 0.966910
10.000000 400.000000 0.966910
20.000000 400.000000 0.931207
30.000000 400.000000 0.839841
40.000000 400.000000 0.627983
50.000000 400.000000 0.410861
60.000000 400.000000 0.248897
70.000000 400.000000 0.179074
80.000000 400.000000 0.138286
90.000000 400.000000 0.107408
100.000000 400.000000 0.089765
110.000000 400.000000 0.104113
120.000000 400.000000 0.095692
130.000000 400.000000 0.073642
140.000000 400.000000 0.066554
150.000000 400.000000 0.067945
160.000000 400.000000 0.066490
170.000000 400.000000 0.061146
180.000000 400.000000 0.061991
190.000000 400.000000 0.062674
200.000000 400.000000 0.073879
210.000000 400.000000 0.072991
220.000000 400.000000 0.073346
230.000000 400.000000 0.084869
240.000000 400.000000 0.088150
250.000000 400.000000 0.074446
260.000000 400.000000 0.083409
270.000000 400.000000 0.096082
280.000000 400.000000 0.104136
290.000000 400.000000 0.110586
300.000000 400.000000 0.106151
310.000000 400.000000 0.091828
320.000000 400.000000 0.087131
330.000000 400.000000 0.088545
340.000000 400.000000 0.090345
350.000000 400.000000 0.080997
360.000000 400.000000 0.071039
370.000000 400.000000 0.067920
380.000000 400.000000 0.068596
390.000000 400.000000 0.074987
400.000000 400.000000 0.094785
410.000000 400.000000 0.119065
420.000000 400.000000 0.112251
430.000000 400.000000 0.145266
440.000000 400.000000 0.228369
450.000000 400.000000 0.397664
460.000000 400.000000 0.661551
470.000000 400.000000 0.834261
480.000000 400.000000 0.926061
490.000000 400.000000 0.962724
500.000000 400.000000 0.962724
0.000000 410.000000 0.984313
10.000000 410.000000 0.984313
20.000000 410.000000 0.965779
30.000000 410.000000 0.916104
40.000000 410.000000 0.809257
50.000000 410.000000 0.625900
60.000000 410.000000 0.377383
70.000000 410.000000 0.258966
80.000000 410.000000 0.176609
90.000000 410.000000 0.124567
100.000000 410.000000 0.099430
110.000000 410.000000 0.111290
120.000000 410.000000 0.105661
130.000000 410.000000 0.076380
140.000000 410.000000 0.070330
150.000000 410.000000 0.067943
160.000000 410.000000 0.066951
170.000000 410.000000 0.062639
180.000000 410.000000 0.064801
190.000000 410.000000 0.062798
200.000000 410.000000 0.060679
210.000000 410.000000 0.060739
220.000000 410.000000 0.065645
230.000000 410.000000 0.082417
240.000000 410.000000 0.083169
250.000000 410.000000 0.074756
260.000000 410.000000 0.091618
270.000000 410.000000 0.105911
280.000000 410.000000 0.114710
290.000000 410.000000 0.118859
300.000000 410.000000 0.107789
310.000000 410.000000 0.090927
320.000000 410.000000 0.089573
330.000000 410.000000 0.100077
340.000000 410.000000 0.087659
350.000000 410.000000 0.073272
360.000000 410.000000 0.065688
370.000000 410.000000 0.064935
380.000000 410.000000 0.068297
390.000000 410.000000 0.074853
400.000000 410.000000 0.090085
410.000000 410.000000 0.115328
420.000000 410.000000 0.128277
430.000000 410.000000 0.198434
440.000000 410.000000 0.336190
450.000000 410.000000 0.550672
460.000000 410.000000 0.789552
470.000000 410.000000 0.909482
480.000000 410.000000 0.963242
490.000000 410.000000 0.982801
500.000000 410.000000 0.982801
0.000000 420.000000 0.993276
10.000000 420.000000 0.993276
20.000000 420.000000 0.984635
30.000000 420.000000 0.960102
40.000000 420.000000 0.903123
50.000000 420.000000 0.786494
60.000000 420.000000 0.579191
70.000000 420.000000 0.391514
80.000000 420.000000 0.239263
90.000000 420.000000 0.154400
100.000000 420.000000 0.112532
110.000000 420.000000 0.104135
120.000000 420.000000 0.095870
130.000000 420.000000 0.082406
140.000000 420.000000 0.084931
150.000000 420.000000 0.086055
160.000000 420.000000 0.077055
170.000000 420.000000 0.072857
180.000000 420.000000 0.072068
190.000000 420.000000 0.070646
200.000000 420.000000 0.063988
210.000000 420.000000 0.063489
220.000000 420.000000 0.072748
230.000000 420.000000 0.087723
240.000000 420.000000 0.103435
250.000000 420.000000 0.081148
260.000000 420.000000 0.076198
270.000000 420.000000 0.076086
280.000000 420.000000 0.082602
290.000000 420.000000 0.093136
300.000000 420.000000 0.092902
310.000000 420.000000 0.085466
320.000000 420.000000 0.088902
330.000000 420.000000 0.099783
340.000000 420.000000 0.080112
350.000000 420.000000 0.067266
360.000000 420.000000 0.064085
370.000000 420.000000 0.065641
380.000000 420.000000 0.072640
390.000000 420.000000 0.085869
400.000000 420.000000 0.104463
410.000000 420.000000 0.126317
420.000000 420.000000 0.181012
430.000000 420.000000 0.330567
440.000000 420.000000 0.522105
450.000000 420.000000 0.737529
460.000000 420.000000 0.886646
470.000000 420.000000 0.954893
480.000000 420.000000 0.982969
490.000000 420.000000 0.992553
500.000000 420.000000 0.992553
0.000000 430.000000 0.997351
10.000000 430.000000 0.997351
20.000000 430.000000 0.993679
30.000000 430.000000 0.982694
40.000000 430.000000 0.955104
50.000000 430.000000 0.891861
60.000000 430.000000 0.761859
70.000000 430.000000 0.584351
80.000000 430.000000 0.350709
90.000000 430.000000 0.219635
100.000000 430.000000 0.149923
110.000000 430.000000 0.116059
120.000000 430.000000 0.098897
130.000000 430.000000 0.096459
140.000000 430.000000 0.104230
150.000000 430.000000 0.108661
160.000000 430.000000 0.094899
170.000000 430.000000 0.090548
180.000000 430.000000 0.090758
190.000000 430.000000 0.077629
200.000000 430.000000 0.070675
210.000000 430.000000 0.065727
220.000000 430.000000 0.072991
230.000000 430.000000 0.080046
240.000000 430.000000 0.093945
250.000000 430.000000 0.078528
260.000000 430.000000 0.076713
270.000000 430.000000 0.072351
280.000000 430.000000 0.071837
290.000000 430.000000 0.082121
300.000000 430.000000 0.100698
310.000000 430.000000 0.086929
320.000000 430.000000 0.077643
330.000000 430.000000 0.078587
340.000000 430.000000 0.068656
350.000000 430.000000 0.065899
360.000000 430.000000 0.068095
370.000000 430.000000 0.072267
380.000000 430.000000 0.084321
390.000000 430.000000 0.108358
400.000000 430.000000 0.142154
410.000000 430.000000 0.191027
420.000000 430.000000 0.328033
430.000000 430.000000 0.513090
440.000000 430.000000 0.708136
450.000000 430.000000 0.860415
460.000000 430.000000 0.942434
470.000000 430.000000 0.978393
480.000000 430.000000 0.992360
490.000000 430.000000 0.996881
500.000000 430.000000 0.996881
0.000000 440.000000 0.999004
10.000000 440.000000 0.999004
20.000000 440.000000 0.997503
30.000000 440.000000 0.992781
40.000000 440.000000 0.980151
50.000000 440.000000 0.949459
60.000000 440.000000 0.883363
70.000000 440.000000 0.766062
80.000000 440.000000 0.546574
90.000000 440.000000 0.377121
100.000000 440.000000 0.242242
110.000000 440.000000 0.169670
120.000000 440.000000 0.131421
130.000000 440.000000 0.117652
140.000000 440.000000 0.139496
150.000000 440.000000 0.151208
160.000000 440.000000 0.118262
170.000000 440.000000 0.123015
180.000000 440.000000 0.119259
190.000000 440.000000 0.087636
200.000000 440.000000 0.076546
210.000000 440.000000 0.071436
220.000000 440.000000 0.071247
230.000000 440.000000 0.074204
240.000000 440.000000 0.077476
250.000000 440.000000 0.076094
260.000000 440.000000 0.076580
270.000000 440.000000 0.074166
280.000000 440.000000 0.075305
290.000000 440.000000 0.084757
300.000000 440.000000 0.110604
310.000000 440.000000 0.091046
320.000000 440.000000 0.076083
330.000000 440.000000 0.071566
340.000000 440.000000 0.070970
350.000000 440.000000 0.073697
360.000000 440.000000 0.078793
370.000000 440.000000 0.089583
380.000000 440.000000 0.110698
390.000000 440.000000 0.148991
400.000000 440.000000 0.211683
410.000000 440.000000 0.327538
420.000000 440.000000 0.541427
430.000000 440.000000 0.710296
440.000000 440.000000 0.846006
450.000000 440.000000 0.931041
460.000000 440.000000 0.972751
470.000000 440.000000 0.990242
480.000000 440.000000 0.996727
490.000000 440.000000 0.998740
500.000000 440.000000 0.998740
0.000000 450.000000 0.999630
10.000000 450.000000 0.999630
20.000000 450.000000 0.999019
30.000000 450.000000 0.997009
40.000000 450.000000 0.991365
50.000000 450.000000 0.977098
60.000000 450.000000 0.945369
70.000000 450.000000 0.885322
80.000000 450.000000 0.784159
90.000000 450.000000 0.643318
100.000000 450.000000 0.435142
110.000000 450.000000 0.280920
120.000000 450.000000 0.185038
130.000000 450.000000 0.155661
140.000000 450.000000 0.197128
150.000000 450.000000 0.206419
160.000000 450.000000 0.137241
170.000000 450.000000 0.131844
180.000000 450.000000 0.127737
190.000000 450.000000 0.097012
200.000000 450.000000 0.090770
210.000000 450.000000 0.082847
220.000000 450.000000 0.082833
230.000000 450.000000 0.092742
240.000000 450.000000 0.100309
250.000000 450.000000 0.087306
260.000000 450.000000 0.076289
270.000000 450.000000 0.081837
280.000000 450.000000 0.081372
290.000000 450.000000 0.080824
300.000000 450.000000 0.095002
310.000000 450.000000 0.080539
320.000000 450.000000 0.074313
330.000000 450.000000 0.073861
340.000000 450.000000 0.081093
350.000000 450.000000 0.092267
360.000000 450.000000 0.105795
370.000000 450.000000 0.128632
380.000000 450.000000 0.175061
390.000000 450.000000 0.254919
400.000000 450.000000 0.406950
410.000000 450.000000 0.602396
420.000000 450.000000 0.749525
430.000000 450.000000 0.857283
440.000000 450.000000 0.929770
450.000000 450.000000 0.969884
460.000000 450.000000 0.988477
470.000000 450.000000 0.996001
480.000000 450.000000 0.998704
490.000000 450.000000 0.999521
500.000000 450.000000 0.999521
0.000000 460.000000 0.999864
10.000000 460.000000 0.999864
20.000000 460.000000 0.999621
30.000000 460.000000 0.998798
40.000000 460.000000 0.996422
50.000000 460.000000 0.990306
60.000000 460.000000 0.976474
70.000000 460.000000 0.949317
80.000000 460.000000 0.901167
90.000000 460.000000 0.818078
100.000000 460.000000 0.664574
110.000000 460.000000 0.459861
120.000000 460.000000 0.320987
130.000000 460.000000 0.217691
140.000000 460.000000 0.210873
150.000000 460.000000 0.202444
160.000000 460.000000 0.152080
170.000000 460.000000 0.139299
180.000000 460.000000 0.137872
190.000000 460.000000 0.113990
200.000000 460.000000 0.095040
210.000000 460.000000 0.093860
220.000000 460.000000 0.103088
230.000000 460.000000 0.108532
240.000000 460.000000 0.102574
250.000000 460.000000 0.089735
260.000000 460.000000 0.074390
270.000000 460.000000 0.075094
280.000000 460.000000 0.077069
290.000000 460.000000 0.079337
300.000000 460.000000 0.081658
310.000000 460.000000 0.078656
320.000000 460.000000 0.081237
330.000000 460.000000 0.090009
340.000000 460.000000 0.111007
350.000000 460.000000 0.136586
360.000000 460.000000 0.164012
370.000000 460.000000 0.214142
380.000000 460.000000 0.313045
390.000000 460.000000 0.473260
400.000000 460.000000 0.656330
410.000000 460.000000 0.793877
420.000000 460.000000 0.883449
430.000000 460.000000 0.939609
440.000000 460.000000 0.972069
450.000000 460.000000 0.988447
460.000000 460.000000 0.995686
470.000000 460.000000 0.998532
480.000000 460.000000 0.999533
490.000000 460.000000 0.999832
500.000000 460.000000 0.999832
0.000000 470.000000 0.999951
10.000000 470.000000 0.999951
20.000000 470.000000 0.999860
30.000000 470.000000 0.999547
40.000000 470.000000 0.998636
50.000000 470.000000 0.996276
60.000000 470.000000 0.990890
70.000000 470.000000 0.979971
80.000000 470.000000 0.959178
90.000000 470.000000 0.918820
100.000000 470.000000 0.839570
110.000000 470.000000 0.708080
120.000000 470.000000 0.543326
130.000000 470.000000 0.356977
140.000000 470.000000 0.273181
150.000000 470.000000 0.216347
160.000000 470.000000 0.182837
170.000000 470.000000 0.179677
180.000000 470.000000 0.182644
190.000000 470.000000 0.129357
200.000000 470.000000 0.107229
210.000000 470.000000 0.114387
220.000000 470.000000 0.112515
230.000000 470.000000 0.097109
240.000000 470.000000 0.082631
250.000000 470.000000 0.082543
260.000000 470.000000 0.081081
270.000000 470.000000 0.077064
280.000000 470.000000 0.077268
290.000000 470.000000 0.079813
300.000000 470.000000 0.085636
310.000000 470.000000 0.088087
320.000000 470.000000 0.097656
330.000000 470.000000 0.119388
340.000000 470.000000 0.158708
350.000000 470.000000 0.220869
360.000000 470.000000 0.305489
370.000000 470.000000 0.408521
380.000000 470.000000 0.547398
390.000000 470.000000 0.717126
400.000000 470.000000 0.833702
410.000000 470.000000 0.907578
420.000000 470.000000 0.952324
430.000000 470.000000 0.977251
440.000000 470.000000 0.990061
450.000000 470.000000 0.996031
460.000000 470.000000 0.998550
470.000000 470.000000 0.999514
480.000000 470.000000 0.999847
490.000000 470.000000 0.999946
500.000000 470.000000 0.999946
0.000000 480.000000 0.999983
10.000000 480.000000 0.999983
20.000000 480.000000 0.999951
30.000000 480.000000 0.999841
40.000000 480.000000 0.999518
50.000000 480.000000 0.998680
60.000000 480.000000 0.996735
70.000000 480.000000 0.992598
80.000000 480.000000 0.984004
90.000000 480.000000 0.965625
100.000000 480.000000 0.927414
110.000000 480.000000 0.859973
120.000000 480.000000 0.765416
130.000000 480.000000 0.636263
140.000000 480.000000 0.508513
150.000000 480.000000 0.372645
160.000000 480.000000 0.303006
170.000000 480.000000 0.276093
180.000000 480.000000 0.248961
190.000000 480.000000 0.147413
200.000000 480.000000 0.118090
210.000000 480.000000 0.122008
220.000000 480.000000 0.100169
230.000000 480.000000 0.084852
240.000000 480.000000 0.090390
250.000000 480.000000 0.093356
260.000000 480.000000 0.083780
270.000000 480.000000 0.089446
280.000000 480.000000 0.095416
290.000000 480.000000 0.096790
300.000000 480.000000 0.107234
310.000000 480.000000 0.113249
320.000000 480.000000 0.138025
330.000000 480.000000 0.181186
340.000000 480.000000 0.270963
350.000000 480.000000 0.403905
360.000000 480.000000 0.515740
370.000000 480.000000 0.641791
380.000000 480.000000 0.775291
390.000000 480.000000 0.866341
400.000000 480.000000 0.924989
410.000000 480.000000 0.961521
420.000000 480.000000 0.981782
430.000000 480.000000 0.991961
440.000000 480.000000 0.996690
450.000000 480.000000 0.998730
460.000000 480.000000 0.999547
470.000000 480.000000 0.999850
480.000000 480.000000 0.999953
490.000000 480.000000 0.999984
500.000000 480.000000 0.999984
0.000000 490.000000 0.999993
10.000000 490.000000 0.999993
20.000000 490.000000 0.999981
30.000000 490.000000 0.999937
40.000000 490.000000 0.999809
50.000000 490.000000 0.999473
60.000000 490.000000 0.998667
70.000000 490.000000 0.996833
80.000000 490.000000 0.992655
90.000000 490.000000 0.983019
100.000000 490.000000 0.962139
110.000000 490.000000 0.923604
120.000000 490.000000 0.865193
130.000000 490.000000 0.786007
140.000000 490.000000 0.687943
150.000000 490.000000 0.575174
160.000000 490.000000 0.473144
170.000000 490.000000 0.396235
180.000000 490.000000 0.300741
190.000000 490.000000 0.180161
200.000000 490.000000 0.117139
210.000000 490.000000 0.117935
220.000000 490.000000 0.099884
230.000000 490.000000 0.091199
240.000000 490.000000 0.112477
250.000000 490.000000 0.101268
260.000000 490.000000 0.080538
270.000000 490.000000 0.089384
280.000000 490.000000 0.109307
290.000000 490.000000 0.125161
300.000000 490.000000 0.139837
310.000000 490.000000 0.163855
320.000000 490.000000 0.217152
330.000000 490.000000 0.289033
340.000000 490.000000 0.430131
350.000000 490.000000 0.572254
360.000000 490.000000 0.685325
370.000000 490.000000 0.782401
380.000000 490.000000 0.865443
390.000000 490.000000 0.923615
400.000000 490.000000 0.960396
410.000000 490.000000 0.981333
420.000000 490.000000 0.991885
430.000000 490.000000 0.996694
440.000000 490.000000 0.998726
450.000000 490.000000 0.999534
460.000000 490.000000 0.999839
470.000000 490.000000 0.999948
480.000000 490.000000 0.999984
490.000000 490.000000 0.999994
500.000000 490.000000 0.999994
0.000000 500.000000 0.999993
10.000000 500.000000 0.999993
20.000000 500.000000 0.999981
30.000000 500.000000 0.999937
40.000000 500.000000 0.999809
50.000000 500.000000 0.999473
60.000000 500.000000 0.998667
70.000000 500.000000 0.996833
80.000000 500.000000 0.992655
90.000000 500.000000 0.983019
100.000000 500.000000 0.962139
110.000000 500.000000 0.923604
120.000000 500.000000 0.865193
130.000000 500.000000 0.786007
140.000000 500.000000 0.687943
150.000000 500.000000 0.575174
160.000000 500.000000 0.473144
170.000000 500.000000 0.396235
180.000000 500.000000 0.300741
190.000000 500.000000 0.180161
200.000000 500.000000 0.117139
210.000000 500.000000 0.117935
220.000000 500.000000 0.099884
230.000000 500.000000 0.091199
240.000000 500.000000 0.112477
250.000000 500.000000 0.101268
260.000000 500.000000 0.080538
270.000000 500.000000 0.089384
280.000000 500.000000 0.109307
290.000000 500.000000 0.125161
300.000000 500.000000 0.139837
310.000000 500.000000 0.163855
320.000000 500.000000 0.217152
330.000000 500.000000 0.289033
340.000000 500.000000 0.430131
350.000000 500.000000 0.572254
360.000000 500.000000 0.685325
370.000000 500.000000 0.782401
380.000000 500.000000 0.865443
390.000000 500.000000 0.923615
400.000000 500.000000 0.960396
410.000000 500.000000 0.981333
420.000000 500.000000 0.991885
430.000000 500.000000 0.996694
440.000000 500.000000 0.998726
450.000000 500.000000 0.999534
460.000000 500.000000 0.999839
470.000000 500.000000 0.999948
480.000000 500.000000 0.999984
490.000000 500.000000 0.999994
500.000000 500.000000 0.999994
