# 500.000000 500.000000
# 51 51
# 0 13 
0.000000 0.000000 1.000000
10.000000 0.000000 1.000000
20.000000 0.000000 1.000000
30.000000 0.000000 1.000000
40.000000 0.000000 1.000000
50.000000 0.000000 0.999999
60.000000 0.000000 0.999995
70.000000 0.000000 0.999979
80.000000 0.000000 0.999921
90.000000 0.000000 0.999754
100.000000 0.000000 0.999299
110.000000 0.000000 0.997670
120.000000 0.000000 0.992677
130.000000 0.000000 0.982676
140.000000 0.000000 0.965152
150.000000 0.000000 0.950955
160.000000 0.000000 0.884563
170.000000 0.000000 0.646684
180.000000 0.000000 0.554053
190.000000 0.000000 0.501954
200.000000 0.000000 0.537264
210.000000 0.000000 0.596563
220.000000 0.000000 0.529393
230.000000 0.000000 0.555762
240.000000 0.000000 0.792626
250.000000 0.000000 0.962555
260.000000 0.000000 0.962918
270.000000 0.000000 0.859388
280.000000 0.000000 0.566288
290.000000 0.000000 0.466397
300.000000 0.000000 0.526853
310.000000 0.000000 0.685100
320.000000 0.000000 0.764414
330.000000 0.000000 0.838454
340.000000 0.000000 0.845231
350.000000 0.000000 0.876639
360.000000 0.000000 0.899515
370.000000 0.000000 0.954687
380.000000 0.000000 0.975921
390.000000 0.000000 0.988288
400.000000 0.000000 0.996189
410.000000 0.000000 0.999057
420.000000 0.000000 0.999793
430.000000 0.000000 0.999956
440.000000 0.000000 0.999990
450.000000 0.000000 0.999998
460.000000 0.000000 1.000000
470.000000 0.000000 1.000000
480.000000 0.000000 1.000000
490.000000 0.000000 1.000000
500.000000 0.000000 1.000000
0.000000 10.000000 1.000000
10.000000 10.000000 1.000000
20.000000 10.000000 1.000000
30.000000 10.000000 1.000000
40.000000 10.000000 1.000000
50.000000 10.000000 0.999999
60.000000 10.000000 0.999995
70.000000 10.000000 0.999979
80.000000 10.000000 0.999921
90.000000 10.000000 0.999754
100.000000 10.000000 0.999299
110.000000 10.000000 0.997670
120.000000 10.000000 0.992677
130.000000 10.000000 0.982676
140.000000 10.000000 0.965152
150.000000 10.000000 0.950955
160.000000 10.000000 0.884563
170.000000 10.000000 0.646684
180.000000 10.000000 0.554053
190.000000 10.000000 0.501954
200.000000 10.000000 0.537264
210.000000 10.000000 0.596563
220.000000 10.000000 0.529393
230.000000 10.000000 0.555762
240.000000 10.000000 0.792626
250.000000 10.000000 0.962555
260.000000 10.000000 0.962918
270.000000 10.000000 0.859388
280.000000 10.000000 0.566288
290.000000 10.000000 0.466397
300.000000 10.000000 0.526853
310.000000 10.000000 0.685100
320.000000 10.000000 0.764414
330.000000 10.000000 0.838454
340.000000 10.000000 0.845231
350.000000 10.000000 0.876639
360.000000 10.000000 0.899515
370.000000 10.000000 0.954687
380.000000 10.000000 0.975921
390.000000 10.000000 0.988288
400.000000 10.000000 0.996189
410.000000 10.000000 0.999057
420.000000 10.000000 0.999793
430.000000 10.000000 0.999956
440.000000 10.000000 0.999990
450.000000 10.000000 0.999998
460.000000 10.000000 1.000000
470.000000 10.000000 1.000000
480.000000 10.000000 1.000000
490.000000 10.000000 1.000000
500.000000 10.000000 1.000000
0.000000 20.000000 1.000000
10.000000 20.000000 1.000000
20.000000 20.000000 1.000000
30.000000 20.000000 1.000000
40.000000 20.000000 0.999999
50.000000 20.000000 0.999995
60.000000 20.000000 0.999974
70.000000 20.000000 0.999882
80.000000 20.000000 0.999559
90.000000 20.000000 0.998690
100.000000 20.000000 0.996840
110.000000 20.000000 0.990458
120.000000 20.000000 0.969611
130.000000 20.000000 0.930890
140.000000 20.000000 0.851187
150.000000 20.000000 0.828254
160.000000 20.000000 0.818869
170.000000 20.000000 0.550288
180.000000 20.000000 0.458091
190.000000 20.000000 0.436034
200.000000 20.000000 0.439540
210.000000 20.000000 0.449873
220.000000 20.000000 0.463190
230.000000 20.000000 0.585163
240.000000 20.000000 0.849050
250.000000 20.000000 0.964531
260.000000 20.000000 0.950288
270.000000 20.000000 0.789336
280.000000 20.000000 0.539331
290.000000 20.000000 0.493753
300.000000 20.000000 0.494950
310.000000 20.000000 0.506229
320.000000 20.000000 0.520156
330.000000 20.000000 0.570476
340.000000 20.000000 0.566855
350.000000 20.000000 0.614682
360.000000 20.000000 0.649618
370.000000 20.000000 0.855608
380.000000 20.000000 0.909485
390.000000 20.000000 0.954599
400.000000 20.000000 0.986044
410.000000 20.000000 0.996643
420.000000 20.000000 0.999209
430.000000 20.000000 0.999808
440.000000 20.000000 0.999952
450.000000 20.000000 0.999988
460.000000 20.000000 0.999997
470.000000 20.000000 0.999999
480.000000 20.000000 1.000000
490.000000 20.000000 1.000000
500.000000 20.000000 1.000000
0.000000 30.000000 1.000000
10.000000 30.000000 1.000000
20.000000 30.000000 1.000000
30.000000 30.000000 0.999999
40.000000 30.000000 0.999995
50.000000 30.000000 0.999971
60.000000 30.000000 0.999854
70.000000 30.000000 0.999347
80.000000 30.000000 0.997518
90.000000 30.000000 0.992654
100.000000 30.000000 0.985384
110.000000 30.000000 0.963309
120.000000 30.000000 0.881346
130.000000 30.000000 0.744328
140.000000 30.000000 0.588027
150.000000 30.000000 0.577405
160.000000 30.000000 0.692428
170.000000 30.000000 0.522159
180.000000 30.000000 0.432369
190.000000 30.000000 0.422664
200.000000 30.000000 0.422323
210.000000 30.000000 0.436521
220.000000 30.000000 0.447204
230.000000 30.000000 0.552877
240.000000 30.000000 0.786140
250.000000 30.000000 0.954013
260.000000 30.000000 0.962834
270.000000 30.000000 0.872754
280.000000 30.000000 0.693974
290.000000 30.000000 0.717792
300.000000 30.000000 0.695494
310.000000 30.000000 0.565436
320.000000 30.000000 0.526022
330.000000 30.000000 0.597504
340.000000 30.000000 0.574757
350.000000 30.000000 0.555498
360.000000 30.000000 0.524135
370.000000 30.000000 0.671453
380.000000 30.000000 0.682132
390.000000 30.000000 0.851348
400.000000 30.000000 0.957250
410.000000 30.000000 0.989177
420.000000 30.000000 0.996803
430.000000 30.000000 0.999055
440.000000 30.000000 0.999724
450.000000 30.000000 0.999924
460.000000 30.000000 0.999982
470.000000 30.000000 0.999996
480.000000 30.000000 0.999999
490.000000 30.000000 1.000000
500.000000 30.000000 1.000000
0.000000 40.000000 1.000000
10.000000 40.000000 1.000000
20.000000 40.000000 0.999999
30.000000 40.000000 0.999995
40.000000 40.000000 0.999972
50.000000 40.000000 0.999855
60.000000 40.000000 0.999295
70.000000 40.000000 0.996891
80.000000 40.000000 0.988011
90.000000 40.000000 0.962482
100.000000 40.000000 0.937965
110.000000 40.000000 0.889588
120.000000 40.000000 0.668143
130.000000 40.000000 0.516259
140.000000 40.000000 0.496526
150.000000 40.000000 0.481972
160.000000 40.000000 0.502867
170.000000 40.000000 0.435842
180.000000 40.000000 0.422560
190.000000 40.000000 0.430597
200.000000 40.000000 0.434880
210.000000 40.000000 0.443845
220.000000 40.000000 0.464112
230.000000 40.000000 0.603967
240.000000 40.000000 0.805694
250.000000 40.000000 0.916362
260.000000 40.000000 0.965825
270.000000 40.000000 0.958329
280.000000 40.000000 0.922817
290.000000 40.000000 0.905679
300.000000 40.000000 0.809508
310.000000 40.000000 0.573386
320.000000 40.000000 0.622992
330.000000 40.000000 0.827723
340.000000 40.000000 0.845251
350.000000 40.000000 0.717831
360.000000 40.000000 0.506522
370.000000 40.000000 0.496513
380.000000 40.000000 0.522461
390.000000 40.000000 0.750964
400.000000 40.000000 0.924046
410.000000 40.000000 0.971384
420.000000 40.000000 0.986786
430.000000 40.000000 0.995382
440.000000 40.000000 0.998488
450.000000 40.000000 0.999555
460.000000 40.000000 0.999889
470.000000 40.000000 0.999977
480.000000 40.000000 0.999996
490.000000 40.000000 0.999999
500.000000 40.000000 0.999999
0.000000 50.000000 0.999999
10.000000 50.000000 0.999999
20.000000 50.000000 0.999994
30.000000 50.000000 0.999971
40.000000 50.000000 0.999860
50.000000 50.000000 0.999339
60.000000 50.000000 0.997001
70.000000 50.000000 0.987659
80.000000 50.000000 0.954294
90.000000 50.000000 0.835035
100.000000 50.000000 0.740976
110.000000 50.000000 0.761928
120.000000 50.000000 0.556375
130.000000 50.000000 0.475067
140.000000 50.000000 0.469653
150.000000 50.000000 0.439629
160.000000 50.000000 0.454601
170.000000 50.000000 0.424073
180.000000 50.000000 0.438748
190.000000 50.000000 0.473678
200.000000 50.000000 0.527089
210.000000 50.000000 0.531432
220.000000 50.000000 0.487232
230.000000 50.000000 0.515204
240.000000 50.000000 0.573351
250.000000 50.000000 0.723085
260.000000 50.000000 0.915403
270.000000 50.000000 0.957484
280.000000 50.000000 0.969768
290.000000 50.000000 0.962931
300.000000 50.000000 0.894765
310.000000 50.000000 0.700668
320.000000 50.000000 0.767552
330.000000 50.000000 0.921670
340.000000 50.000000 0.935714
350.000000 50.000000 0.817447
360.000000 50.000000 0.577390
370.000000 50.000000 0.499062
380.000000 50.000000 0.499668
390.000000 50.000000 0.661468
400.000000 50.000000 0.856450
410.000000 50.000000 0.898798
420.000000 50.000000 0.940275
430.000000 50.000000 0.979036
440.000000 50.000000 0.992454
450.000000 50.000000 0.997647
460.000000 50.000000 0.999410
470.000000 50.000000 0.999879
480.000000 50.000000 0.999979
490.000000 50.000000 0.999996
500.000000 50.000000 0.999996
0.000000 60.000000 0.999993
10.000000 60.000000 0.999993
20.000000 60.000000 0.999968
30.000000 60.000000 0.999846
40.000000 60.000000 0.999330
50.000000 60.000000 0.997174
60.000000 60.000000 0.988160
70.000000 60.000000 0.957218
80.000000 60.000000 0.889535
90.000000 60.000000 0.646785
100.000000 60.000000 0.557134
110.000000 60.000000 0.606866
120.000000 60.000000 0.504310
130.000000 60.000000 0.456165
140.000000 60.000000 0.435118
150.000000 60.000000 0.430216
160.000000 60.000000 0.436506
170.000000 60.000000 0.452550
180.000000 60.000000 0.498288
190.000000 60.000000 0.640398
200.000000 60.000000 0.757347
210.000000 60.000000 0.757238
220.000000 60.000000 0.680296
230.000000 60.000000 0.637259
240.000000 60.000000 0.534338
250.000000 60.000000 0.601063
260.000000 60.000000 0.813857
270.000000 60.000000 0.864459
280.000000 60.000000 0.939385
290.000000 60.000000 0.971042
300.000000 60.000000 0.952588
310.000000 60.000000 0.895592
320.000000 60.000000 0.921939
330.000000 60.000000 0.968320
340.000000 60.000000 0.971808
350.000000 60.000000 0.916223
360.000000 60.000000 0.739850
370.000000 60.000000 0.512533
380.000000 60.000000 0.503929
390.000000 60.000000 0.514188
400.000000 60.000000 0.597596
410.000000 60.000000 0.618176
420.000000 60.000000 0.757756
430.000000 60.000000 0.923958
440.000000 60.000000 0.967367
450.000000 60.000000 0.989179
460.000000 60.000000 0.997314
470.000000 60.000000 0.999465
480.000000 60.000000 0.999910
490.000000 60.000000 0.999985
500.000000 60.000000 0.999985
0.000000 70.000000 0.999963
10.000000 70.000000 0.999963
20.000000 70.000000 0.999830
30.000000 70.000000 0.999223
40.000000 70.000000 0.996921
50.000000 70.000000 0.988500
60.000000 70.000000 0.951237
70.000000 70.000000 0.816503
80.000000 70.000000 0.758827
90.000000 70.000000 0.604548
100.000000 70.000000 0.551379
110.000000 70.000000 0.652276
120.000000 70.000000 0.595527
130.000000 70.000000 0.549071
140.000000 70.000000 0.444160
150.000000 70.000000 0.429423
160.000000 70.000000 0.415623
170.000000 70.000000 0.449862
180.000000 70.000000 0.534181
190.000000 70.000000 0.711042
200.000000 70.000000 0.687364
210.000000 70.000000 0.665425
220.000000 70.000000 0.820559
230.000000 70.000000 0.831754
240.000000 70.000000 0.629218
250.000000 70.000000 0.502634
260.000000 70.000000 0.552819
270.000000 70.000000 0.579189
280.000000 70.000000 0.803754
290.000000 70.000000 0.931891
300.000000 70.000000 0.913228
310.000000 70.000000 0.831061
320.000000 70.000000 0.870418
330.000000 70.000000 0.951760
340.000000 70.000000 0.964023
350.000000 70.000000 0.903445
360.000000 70.000000 0.657704
370.000000 70.000000 0.506312
380.000000 70.000000 0.578645
390.000000 70.000000 0.482155
400.000000 70.000000 0.473979
410.000000 70.000000 0.489707
420.000000 70.000000 0.627406
430.000000 70.000000 0.815447
440.000000 70.000000 0.878801
450.000000 70.000000 0.958814
460.000000 70.000000 0.990202
470.000000 70.000000 0.998143
480.000000 70.000000 0.999700
490.000000 70.000000 0.999952
500.000000 70.000000 0.999952
0.000000 80.000000 0.999832
10.000000 80.000000 0.999832
20.000000 80.000000 0.999205
30.000000 80.000000 0.996376
40.000000 80.000000 0.986661
50.000000 80.000000 0.959006
60.000000 80.000000 0.848067
70.000000 80.000000 0.590393
80.000000 80.000000 0.512668
90.000000 80.000000 0.485027
100.000000 80.000000 0.555745
110.000000 80.000000 0.675080
120.000000 80.000000 0.543505
130.000000 80.000000 0.478265
140.000000 80.000000 0.428505
150.000000 80.000000 0.424620
160.000000 80.000000 0.409000
170.000000 80.000000 0.419278
180.000000 80.000000 0.453408
190.000000 80.000000 0.502658
200.000000 80.000000 0.493349
210.000000 80.000000 0.550879
220.000000 80.000000 0.811556
230.000000 80.000000 0.879807
240.000000 80.000000 0.684181
250.000000 80.000000 0.499922
260.000000 80.000000 0.552594
270.000000 80.000000 0.516857
280.000000 80.000000 0.688474
290.000000 80.000000 0.863665
300.000000 80.000000 0.750429
310.000000 80.000000 0.602787
320.000000 80.000000 0.657029
330.000000 80.000000 0.851155
340.000000 80.000000 0.907077
350.000000 80.000000 0.852876
360.000000 80.000000 0.651606
370.000000 80.000000 0.506025
380.000000 80.000000 0.513828
390.000000 80.000000 0.494601
400.000000 80.000000 0.446945
410.000000 80.000000 0.453537
420.000000 80.000000 0.513790
430.000000 80.000000 0.570548
440.000000 80.000000 0.650270
450.000000 80.000000 0.887380
460.000000 80.000000 0.975216
470.000000 80.000000 0.995524
480.000000 80.000000 0.999292
490.000000 80.000000 0.999886
500.000000 80.000000 0.999886
0.000000 90.000000 0.999368
10.000000 90.000000 0.999368
20.000000 90.000000 0.996870
30.000000 90.000000 0.985181
40.000000 90.000000 0.945308
50.000000 90.000000 0.861449
60.000000 90.000000 0.685280
70.000000 90.000000 0.523980
80.000000 90.000000 0.467849
90.000000 90.000000 0.481515
100.000000 90.000000 0.667153
110.000000 90.000000 0.752620
120.000000 90.000000 0.559346
130.000000 90.000000 0.473874
140.000000 90.000000 0.427040
150.000000 90.000000 0.418410
160.000000 90.000000 0.436046
170.000000 90.000000 0.444610
180.000000 90.000000 0.426882
190.000000 90.000000 0.443506
200.000000 90.000000 0.457562
210.000000 90.000000 0.565072
220.000000 90.000000 0.851511
230.000000 90.000000 0.882104
240.000000 90.000000 0.650590
250.000000 90.000000 0.503854
260.000000 90.000000 0.607513
270.000000 90.000000 0.540695
280.000000 90.000000 0.562163
290.000000 90.000000 0.774921
300.000000 90.000000 0.740709
310.000000 90.000000 0.637840
320.000000 90.000000 0.548697
330.000000 90.000000 0.616062
340.000000 90.000000 0.694363
350.000000 90.000000 0.630461
360.000000 90.000000 0.588480
370.000000 90.000000 0.544722
380.000000 90.000000 0.492953
390.000000 90.000000 0.527520
400.000000 90.000000 0.465470
410.000000 90.000000 0.461603
420.000000 90.000000 0.511864
430.000000 90.000000 0.595136
440.000000 90.000000 0.691460
450.000000 90.000000 0.889318
460.000000 90.000000 0.971108
470.000000 90.000000 0.993796
480.000000 90.000000 0.998858
490.000000 90.000000 0.999791
500.000000 90.000000 0.999791
0.000000 100.000000 0.998185
10.000000 100.000000 0.998185
20.000000 100.000000 0.990677
30.000000 100.000000 0.952570
40.000000 100.000000 0.800337
50.000000 100.000000 0.584856
60.000000 100.000000 0.519016
70.000000 100.000000 0.449244
80.000000 100.000000 0.435991
90.000000 100.000000 0.452882
100.000000 100.000000 0.581529
110.000000 100.000000 0.728738
120.000000 100.000000 0.657640
130.000000 100.000000 0.546577
140.000000 100.000000 0.450352
150.000000 100.000000 0.445225
160.000000 100.000000 0.435715
170.000000 100.000000 0.448135
180.000000 100.000000 0.450565
190.000000 100.000000 0.455479
200.000000 100.000000 0.451273
210.000000 100.000000 0.553501
220.000000 100.000000 0.821548
230.000000 100.000000 0.844881
240.000000 100.000000 0.660523
250.000000 100.000000 0.508951
260.000000 100.000000 0.537520
270.000000 100.000000 0.605923
280.000000 100.000000 0.594020
290.000000 100.000000 0.606808
300.000000 100.000000 0.657340
310.000000 100.000000 0.763527
320.000000 100.000000 0.615956
330.000000 100.000000 0.593270
340.000000 100.000000 0.640301
350.000000 100.000000 0.591600
360.000000 100.000000 0.539918
370.000000 100.000000 0.503525
380.000000 100.000000 0.596709
390.000000 100.000000 0.724133
400.000000 100.000000 0.552005
410.000000 100.000000 0.493075
420.000000 100.000000 0.666065
430.000000 100.000000 0.787050
440.000000 100.000000 0.838701
450.000000 100.000000 0.886205
460.000000 100.000000 0.950535
470.000000 100.000000 0.986804
480.000000 100.000000 0.997302
490.000000 100.000000 0.999479
500.000000 100.000000 0.999479
0.000000 110.000000 0.996138
10.000000 110.000000 0.996138
20.000000 110.000000 0.981391
30.000000 110.000000 0.906491
40.000000 110.000000 0.674817
50.000000 110.000000 0.486141
60.000000 110.000000 0.448455
70.000000 110.000000 0.419771
80.000000 110.000000 0.422496
90.000000 110.000000 0.435195
100.000000 110.000000 0.461351
110.000000 110.000000 0.492013
120.000000 110.000000 0.475859
130.000000 110.000000 0.468353
140.000000 110.000000 0.445264
150.000000 110.000000 0.469262
160.000000 110.000000 0.480563
170.000000 110.000000 0.481095
180.000000 110.000000 0.458889
190.000000 110.000000 0.442414
200.000000 110.000000 0.453004
210.000000 110.000000 0.522055
220.000000 110.000000 0.678216
230.000000 110.000000 0.647303
240.000000 110.000000 0.517566
250.000000 110.000000 0.472365
260.000000 110.000000 0.480946
270.000000 110.000000 0.628554
280.000000 110.000000 0.601795
290.000000 110.000000 0.512088
300.000000 110.000000 0.542251
310.000000 110.000000 0.761193
320.000000 110.000000 0.789643
330.000000 110.000000 0.697116
340.000000 110.000000 0.708253
350.000000 110.000000 0.794544
360.000000 110.000000 0.726631
370.000000 110.000000 0.576484
380.000000 110.000000 0.668320
390.000000 110.000000 0.701274
400.000000 110.000000 0.599437
410.000000 110.000000 0.500888
420.000000 110.000000 0.638798
430.000000 110.000000 0.690305
440.000000 110.000000 0.674303
450.000000 110.000000 0.638601
460.000000 110.000000 0.837798
470.000000 110.000000 0.963322
480.000000 110.000000 0.993153
490.000000 110.000000 0.998762
500.000000 110.000000 0.998762
0.000000 120.000000 0.991029
10.000000 120.000000 0.991029
20.000000 120.000000 0.959057
30.000000 120.000000 0.803133
40.000000 120.000000 0.551012
50.000000 120.000000 0.472468
60.000000 120.000000 0.425780
70.000000 120.000000 0.424059
80.000000 120.000000 0.440305
90.000000 120.000000 0.495791
100.000000 120.000000 0.486385
110.000000 120.000000 0.452140
120.000000 120.000000 0.436162
130.000000 120.000000 0.448063
140.000000 120.000000 0.483637
150.000000 120.000000 0.577488
160.000000 120.000000 0.530878
170.000000 120.000000 0.451028
180.000000 120.000000 0.425983
190.000000 120.000000 0.446871
200.000000 120.000000 0.464942
210.000000 120.000000 0.504301
220.000000 120.000000 0.513238
230.000000 120.000000 0.517128
240.000000 120.000000 0.478484
250.000000 120.000000 0.497659
260.000000 120.000000 0.456969
270.000000 120.000000 0.493732
280.000000 120.000000 0.467184
290.000000 120.000000 0.458542
300.000000 120.000000 0.471129
310.000000 120.000000 0.601359
320.000000 120.000000 0.633706
330.000000 120.000000 0.527848
340.000000 120.000000 0.563470
350.000000 120.000000 0.823106
360.000000 120.000000 0.814068
370.000000 120.000000 0.583202
380.000000 120.000000 0.540387
390.000000 120.000000 0.490966
400.000000 120.000000 0.463639
410.000000 120.000000 0.444965
420.000000 120.000000 0.484338
430.000000 120.000000 0.489793
440.000000 120.000000 0.518258
450.000000 120.000000 0.547767
460.000000 120.000000 0.785964
470.000000 120.000000 0.950737
480.000000 120.000000 0.990668
490.000000 120.000000 0.998290
500.000000 120.000000 0.998290
0.000000 130.000000 0.979172
10.000000 130.000000 0.979172
20.000000 130.000000 0.907216
30.000000 130.000000 0.712761
40.000000 130.000000 0.516213
50.000000 130.000000 0.443733
60.000000 130.000000 0.419703
70.000000 130.000000 0.424273
80.000000 130.000000 0.455915
90.000000 130.000000 0.592612
100.000000 130.000000 0.546636
110.000000 130.000000 0.456381
120.000000 130.000000 0.455085
130.000000 130.000000 0.459338
140.000000 130.000000 0.515428
150.000000 130.000000 0.522018
160.000000 130.000000 0.449422
170.000000 130.000000 0.418676
180.000000 130.000000 0.414559
190.000000 130.000000 0.447242
200.000000 130.000000 0.551292
210.000000 130.000000 0.699741
220.000000 130.000000 0.653098
230.000000 130.000000 0.657408
240.000000 130.000000 0.514611
250.000000 130.000000 0.451586
260.000000 130.000000 0.446781
270.000000 130.000000 0.437692
280.000000 130.000000 0.439428
290.000000 130.000000 0.504915
300.000000 130.000000 0.460138
310.000000 130.000000 0.489396
320.000000 130.000000 0.471265
330.000000 130.000000 0.458611
340.000000 130.000000 0.545172
350.000000 130.000000 0.816841
360.000000 130.000000 0.781617
370.000000 130.000000 0.514218
380.000000 130.000000 0.450451
390.000000 130.000000 0.433259
400.000000 130.000000 0.431309
410.000000 130.000000 0.444459
420.000000 130.000000 0.489609
430.000000 130.000000 0.493866
440.000000 130.000000 0.629400
450.000000 130.000000 0.622299
460.000000 130.000000 0.802646
470.000000 130.000000 0.949779
480.000000 130.000000 0.989854
490.000000 130.000000 0.998050
500.000000 130.000000 0.998050
0.000000 140.000000 0.962184
10.000000 140.000000 0.962184
20.000000 140.000000 0.828432
30.000000 140.000000 0.582174
40.000000 140.000000 0.474181
50.000000 140.000000 0.449542
60.000000 140.000000 0.423098
70.000000 140.000000 0.420910
80.000000 140.000000 0.444260
90.000000 140.000000 0.509839
100.000000 140.000000 0.533353
110.000000 140.000000 0.469977
120.000000 140.000000 0.521088
130.000000 140.000000 0.486428
140.000000 140.000000 0.446471
150.000000 140.000000 0.437957
160.000000 140.000000 0.423785
170.000000 140.000000 0.415997
180.000000 140.000000 0.417078
190.000000 140.000000 0.445332
200.000000 140.000000 0.537271
210.000000 140.000000 0.687858
220.000000 140.000000 0.761735
230.000000 140.000000 0.770174
240.000000 140.000000 0.542612
250.000000 140.000000 0.460447
260.000000 140.000000 0.469842
270.000000 140.000000 0.443209
280.000000 140.000000 0.427126
290.000000 140.000000 0.452782
300.000000 140.000000 0.480148
310.000000 140.000000 0.535750
320.000000 140.000000 0.464483
330.000000 140.000000 0.460537
340.000000 140.000000 0.528793
350.000000 140.000000 0.756934
360.000000 140.000000 0.640277
370.000000 140.000000 0.466935
380.000000 140.000000 0.425264
390.000000 140.000000 0.415745
400.000000 140.000000 0.416638
410.000000 140.000000 0.437438
420.000000 140.000000 0.440420
430.000000 140.000000 0.482371
440.000000 140.000000 0.579992
450.000000 140.000000 0.531840
460.000000 140.000000 0.695533
470.000000 140.000000 0.927325
480.000000 140.000000 0.985735
490.000000 140.000000 0.997291
500.000000 140.000000 0.997291
0.000000 150.000000 0.950355
10.000000 150.000000 0.950355
20.000000 150.000000 0.793514
30.000000 150.000000 0.552196
40.000000 150.000000 0.481411
50.000000 150.000000 0.435439
60.000000 150.000000 0.426124
70.000000 150.000000 0.411679
80.000000 150.000000 0.419176
90.000000 150.000000 0.439664
100.000000 150.000000 0.446426
110.000000 150.000000 0.454562
120.000000 150.000000 0.469202
130.000000 150.000000 0.443876
140.000000 150.000000 0.419875
150.000000 150.000000 0.432211
160.000000 150.000000 0.420756
170.000000 150.000000 0.424104
180.000000 150.000000 0.415875
190.000000 150.000000 0.418661
200.000000 150.000000 0.446891
210.000000 150.000000 0.492153
220.000000 150.000000 0.587282
230.000000 150.000000 0.635829
240.000000 150.000000 0.482534
250.000000 150.000000 0.436068
260.000000 150.000000 0.443992
270.000000 150.000000 0.478528
280.000000 150.000000 0.448830
290.000000 150.000000 0.456686
300.000000 150.000000 0.536617
310.000000 150.000000 0.541317
320.000000 150.000000 0.488004
330.000000 150.000000 0.559336
340.000000 150.000000 0.659662
350.000000 150.000000 0.759291
360.000000 150.000000 0.575023
370.000000 150.000000 0.444507
380.000000 150.000000 0.415723
390.000000 150.000000 0.412062
400.000000 150.000000 0.421679
410.000000 150.000000 0.475234
420.000000 150.000000 0.440365
430.000000 150.000000 0.450110
440.000000 150.000000 0.493890
450.000000 150.000000 0.551851
460.000000 150.000000 0.743706
470.000000 150.000000 0.926646
480.000000 150.000000 0.984140
490.000000 150.000000 0.996737
500.000000 150.000000 0.996737
0.000000 160.000000 0.924733
10.000000 160.000000 0.924733
20.000000 160.000000 0.723097
30.000000 160.000000 0.505273
40.000000 160.000000 0.475775
50.000000 160.000000 0.455692
60.000000 160.000000 0.467520
70.000000 160.000000 0.412696
80.000000 160.000000 0.403858
90.000000 160.000000 0.410981
100.000000 160.000000 0.429840
110.000000 160.000000 0.508611
120.000000 160.000000 0.528316
130.000000 160.000000 0.439002
140.000000 160.000000 0.416458
150.000000 160.000000 0.420779
160.000000 160.000000 0.425229
170.000000 160.000000 0.423712
180.000000 160.000000 0.416952
190.000000 160.000000 0.418639
200.000000 160.000000 0.419768
210.000000 160.000000 0.446187
220.000000 160.000000 0.531817
230.000000 160.000000 0.544238
240.000000 160.000000 0.470952
250.000000 160.000000 0.441478
260.000000 160.000000 0.463587
270.000000 160.000000 0.517312
280.000000 160.000000 0.456712
290.000000 160.000000 0.458251
300.000000 160.000000 0.492477
310.000000 160.000000 0.478674
320.000000 160.000000 0.571949
330.000000 160.000000 0.697576
340.000000 160.000000 0.601275
350.000000 160.000000 0.567593
360.000000 160.000000 0.473335
370.000000 160.000000 0.431085
380.000000 160.000000 0.415684
390.000000 160.000000 0.422076
400.000000 160.000000 0.435939
410.000000 160.000000 0.471045
420.000000 160.000000 0.451247
430.000000 160.000000 0.516255
440.000000 160.000000 0.567796
450.000000 160.000000 0.547353
460.000000 160.000000 0.616474
470.000000 160.000000 0.882650
480.000000 160.000000 0.975913
490.000000 160.000000 0.994889
500.000000 160.000000 0.994889
0.000000 170.000000 0.862370
10.000000 170.000000 0.862370
20.000000 170.000000 0.721378
30.000000 170.000000 0.510300
40.000000 170.000000 0.554704
50.000000 170.000000 0.508957
60.000000 170.000000 0.443909
70.000000 170.000000 0.420569
80.000000 170.000000 0.402019
90.000000 170.000000 0.411386
100.000000 170.000000 0.434070
110.000000 170.000000 0.462611
120.000000 170.000000 0.516111
130.000000 170.000000 0.437738
140.000000 170.000000 0.429809
150.000000 170.000000 0.426435
160.000000 170.000000 0.423061
170.000000 170.000000 0.419513
180.000000 170.000000 0.417277
190.000000 170.000000 0.425705
200.000000 170.000000 0.424543
210.000000 170.000000 0.432414
220.000000 170.000000 0.463451
230.000000 170.000000 0.473964
240.000000 170.000000 0.442371
250.000000 170.000000 0.453297
260.000000 170.000000 0.446648
270.000000 170.000000 0.454971
280.000000 170.000000 0.434541
290.000000 170.000000 0.428984
300.000000 170.000000 0.451847
310.000000 170.000000 0.473956
320.000000 170.000000 0.606604
330.000000 170.000000 0.716752
340.000000 170.000000 0.516454
350.000000 170.000000 0.459284
360.000000 170.000000 0.434055
370.000000 170.000000 0.429919
380.000000 170.000000 0.424291
390.000000 170.000000 0.421857
400.000000 170.000000 0.464223
410.000000 170.000000 0.535363
420.000000 170.000000 0.482016
430.000000 170.000000 0.555394
440.000000 170.000000 0.758283
450.000000 170.000000 0.654965
460.000000 170.000000 0.644838
470.000000 170.000000 0.886518
480.000000 170.000000 0.975703
490.000000 170.000000 0.992656
500.000000 170.000000 0.992656
0.000000 180.000000 0.634324
10.000000 180.000000 0.634324
20.000000 180.000000 0.540638
30.000000 180.000000 0.482601
40.000000 180.000000 0.468291
50.000000 180.000000 0.447174
60.000000 180.000000 0.459406
70.000000 180.000000 0.434884
80.000000 180.000000 0.413145
90.000000 180.000000 0.412503
100.000000 180.000000 0.421255
110.000000 180.000000 0.442728
120.000000 180.000000 0.472240
130.000000 180.000000 0.432378
140.000000 180.000000 0.425075
150.000000 180.000000 0.419650
160.000000 180.000000 0.427700
170.000000 180.000000 0.426119
180.000000 180.000000 0.423498
190.000000 180.000000 0.432275
200.000000 180.000000 0.428457
210.000000 180.000000 0.459672
220.000000 180.000000 0.503996
230.000000 180.000000 0.479383
240.000000 180.000000 0.473462
250.000000 180.000000 0.487492
260.000000 180.000000 0.458682
270.000000 180.000000 0.490317
280.000000 180.000000 0.431765
290.000000 180.000000 0.426675
300.000000 180.000000 0.459914
310.000000 180.000000 0.481966
320.000000 180.000000 0.531948
330.000000 180.000000 0.637373
340.000000 180.000000 0.485554
350.000000 180.000000 0.446370
360.000000 180.000000 0.427851
370.000000 180.000000 0.437517
380.000000 180.000000 0.424426
390.000000 180.000000 0.438931
400.000000 180.000000 0.467792
410.000000 180.000000 0.454934
420.000000 180.000000 0.458044
430.000000 180.000000 0.549419
440.000000 180.000000 0.817843
450.000000 180.000000 0.842513
460.000000 180.000000 0.841380
470.000000 180.000000 0.933671
480.000000 180.000000 0.974502
490.000000 180.000000 0.979449
500.000000 180.000000 0.979449
0.000000 190.000000 0.555515
10.000000 190.000000 0.555515
20.000000 190.000000 0.516590
30.000000 190.000000 0.587010
40.000000 190.000000 0.490818
50.000000 190.000000 0.438499
60.000000 190.000000 0.448148
70.000000 190.000000 0.445890
80.000000 190.000000 0.433299
90.000000 190.000000 0.439102
100.000000 190.000000 0.425171
110.000000 190.000000 0.463757
120.000000 190.000000 0.527475
130.000000 190.000000 0.451888
140.000000 190.000000 0.417998
150.000000 190.000000 0.420647
160.000000 190.000000 0.418452
170.000000 190.000000 0.417959
180.000000 190.000000 0.427374
190.000000 190.000000 0.459243
200.000000 190.000000 0.439966
210.000000 190.000000 0.442225
220.000000 190.000000 0.448456
230.000000 190.000000 0.442408
240.000000 190.000000 0.454430
250.000000 190.000000 0.470371
260.000000 190.000000 0.474542
270.000000 190.000000 0.521803
280.000000 190.000000 0.441250
290.000000 190.000000 0.452989
300.000000 190.000000 0.477000
310.000000 190.000000 0.557623
320.000000 190.000000 0.678855
330.000000 190.000000 0.697224
340.000000 190.000000 0.516128
350.000000 190.000000 0.486839
360.000000 190.000000 0.470336
370.000000 190.000000 0.528663
380.000000 190.000000 0.475662
390.000000 190.000000 0.458244
400.000000 190.000000 0.447596
410.000000 190.000000 0.435513
420.000000 190.000000 0.469907
430.000000 190.000000 0.563847
440.000000 190.000000 0.785756
450.000000 190.000000 0.728650
460.000000 190.000000 0.679153
470.000000 190.000000 0.827700
480.000000 190.000000 0.923021
490.000000 190.000000 0.907222
500.000000 190.000000 0.907222
0.000000 200.000000 0.647128
10.000000 200.000000 0.647128
20.000000 200.000000 0.498925
30.000000 200.000000 0.483492
40.000000 200.000000 0.444862
50.000000 200.000000 0.438723
60.000000 200.000000 0.447988
70.000000 200.000000 0.474907
80.000000 200.000000 0.432137
90.000000 200.000000 0.419171
100.000000 200.000000 0.424436
110.000000 200.000000 0.457681
120.000000 200.000000 0.534532
130.000000 200.000000 0.469143
140.000000 200.000000 0.416286
150.000000 200.000000 0.415117
160.000000 200.000000 0.411982
170.000000 200.000000 0.423545
180.000000 200.000000 0.448073
190.000000 200.000000 0.473038
200.000000 200.000000 0.461400
210.000000 200.000000 0.483931
220.000000 200.000000 0.480872
230.000000 200.000000 0.449559
240.000000 200.000000 0.488797
250.000000 200.000000 0.510761
260.000000 200.000000 0.457382
270.000000 200.000000 0.444571
280.000000 200.000000 0.439629
290.000000 200.000000 0.513975
300.000000 200.000000 0.589100
310.000000 200.000000 0.731662
320.000000 200.000000 0.857385
330.000000 200.000000 0.819950
340.000000 200.000000 0.637317
350.000000 200.000000 0.521126
360.000000 200.000000 0.490818
370.000000 200.000000 0.493766
380.000000 200.000000 0.517271
390.000000 200.000000 0.585962
400.000000 200.000000 0.496176
410.000000 200.000000 0.482111
420.000000 200.000000 0.532873
430.000000 200.000000 0.627876
440.000000 200.000000 0.691846
450.000000 200.000000 0.562040
460.000000 200.000000 0.596107
470.000000 200.000000 0.778992
480.000000 200.000000 0.780852
490.000000 200.000000 0.653149
500.000000 200.000000 0.653149
0.000000 210.000000 0.724609
10.000000 210.000000 0.724609
20.000000 210.000000 0.492732
30.000000 210.000000 0.439482
40.000000 210.000000 0.448596
50.000000 210.000000 0.500026
60.000000 210.000000 0.474605
70.000000 210.000000 0.456623
80.000000 210.000000 0.443037
90.000000 210.000000 0.434509
100.000000 210.000000 0.424119
110.000000 210.000000 0.433013
120.000000 210.000000 0.445084
130.000000 210.000000 0.429966
140.000000 210.000000 0.422935
150.000000 210.000000 0.422367
160.000000 210.000000 0.431239
170.000000 210.000000 0.448152
180.000000 210.000000 0.549528
190.000000 210.000000 0.627282
200.000000 210.000000 0.573123
210.000000 210.000000 0.701361
220.000000 210.000000 0.637983
230.000000 210.000000 0.477136
240.000000 210.000000 0.468397
250.000000 210.000000 0.453291
260.000000 210.000000 0.476417
270.000000 210.000000 0.435217
280.000000 210.000000 0.456423
290.000000 210.000000 0.506222
300.000000 210.000000 0.582614
310.000000 210.000000 0.653263
320.000000 210.000000 0.842177
330.000000 210.000000 0.884986
340.000000 210.000000 0.821788
350.000000 210.000000 0.692404
360.000000 210.000000 0.657253
370.000000 210.000000 0.649346
380.000000 210.000000 0.684901
390.000000 210.000000 0.801592
400.000000 210.000000 0.690999
410.000000 210.000000 0.641775
420.000000 210.000000 0.763816
430.000000 210.000000 0.781011
440.000000 210.000000 0.577576
450.000000 210.000000 0.546070
460.000000 210.000000 0.754119
470.000000 210.000000 0.857306
480.000000 210.000000 0.696216
490.000000 210.000000 0.524066
500.000000 210.000000 0.524066
0.000000 220.000000 0.600457
10.000000 220.000000 0.600457
20.000000 220.000000 0.460296
30.000000 220.000000 0.449297
40.000000 220.000000 0.459756
50.000000 220.000000 0.455265
60.000000 220.000000 0.458083
70.000000 220.000000 0.476065
80.000000 220.000000 0.463988
90.000000 220.000000 0.442107
100.000000 220.000000 0.438251
110.000000 220.000000 0.417669
120.000000 220.000000 0.413811
130.000000 220.000000 0.424901
140.000000 220.000000 0.471898
150.000000 220.000000 0.434296
160.000000 220.000000 0.470269
170.000000 220.000000 0.487936
180.000000 220.000000 0.488129
190.000000 220.000000 0.545240
200.000000 220.000000 0.603341
210.000000 220.000000 0.793503
220.000000 220.000000 0.765257
230.000000 220.000000 0.504038
240.000000 220.000000 0.448404
250.000000 220.000000 0.426385
260.000000 220.000000 0.434119
270.000000 220.000000 0.434814
280.000000 220.000000 0.464950
290.000000 220.000000 0.449490
300.000000 220.000000 0.468873
310.000000 220.000000 0.495455
320.000000 220.000000 0.673375
330.000000 220.000000 0.757491
340.000000 220.000000 0.680291
350.000000 220.000000 0.738232
360.000000 220.000000 0.810450
370.000000 220.000000 0.683714
380.000000 220.000000 0.665837
390.000000 220.000000 0.824301
400.000000 220.000000 0.862069
410.000000 220.000000 0.809368
420.000000 220.000000 0.760322
430.000000 220.000000 0.788655
440.000000 220.000000 0.603666
450.000000 220.000000 0.556840
460.000000 220.000000 0.817088
470.000000 220.000000 0.882340
480.000000 220.000000 0.747231
490.000000 220.000000 0.500878
500.000000 220.000000 0.500878
0.000000 230.000000 0.478052
10.000000 230.000000 0.478052
20.000000 230.000000 0.451505
30.000000 230.000000 0.499733
40.000000 230.000000 0.521480
50.000000 230.000000 0.474230
60.000000 230.000000 0.525225
70.000000 230.000000 0.533659
80.000000 230.000000 0.461158
90.000000 230.000000 0.450740
100.000000 230.000000 0.459495
110.000000 230.000000 0.426042
120.000000 230.000000 0.410402
130.000000 230.000000 0.426903
140.000000 230.000000 0.431396
150.000000 230.000000 0.416758
160.000000 230.000000 0.426597
170.000000 230.000000 0.451267
180.000000 230.000000 0.511093
190.000000 230.000000 0.525905
200.000000 230.000000 0.505899
210.000000 230.000000 0.640002
220.000000 230.000000 0.659189
230.000000 230.000000 0.490401
240.000000 230.000000 0.477890
250.000000 230.000000 0.443480
260.000000 230.000000 0.453877
270.000000 230.000000 0.475029
280.000000 230.000000 0.461232
290.000000 230.000000 0.443809
300.000000 230.000000 0.444351
310.000000 230.000000 0.436647
320.000000 230.000000 0.482103
330.000000 230.000000 0.542038
340.000000 230.000000 0.559824
350.000000 230.000000 0.688518
360.000000 230.000000 0.787537
370.000000 230.000000 0.596310
380.000000 230.000000 0.554495
390.000000 230.000000 0.718869
400.000000 230.000000 0.751229
410.000000 230.000000 0.633839
420.000000 230.000000 0.540200
430.000000 230.000000 0.609281
440.000000 230.000000 0.534682
450.000000 230.000000 0.507977
460.000000 230.000000 0.739533
470.000000 230.000000 0.792847
480.000000 230.000000 0.624987
490.000000 230.000000 0.467384
500.000000 230.000000 0.467384
0.000000 240.000000 0.437709
10.000000 240.000000 0.437709
20.000000 240.000000 0.436634
30.000000 240.000000 0.459952
40.000000 240.000000 0.528178
50.000000 240.000000 0.455179
60.000000 240.000000 0.442199
70.000000 240.000000 0.450689
80.000000 240.000000 0.461441
90.000000 240.000000 0.461388
100.000000 240.000000 0.449396
110.000000 240.000000 0.462485
120.000000 240.000000 0.448141
130.000000 240.000000 0.474887
140.000000 240.000000 0.430568
150.000000 240.000000 0.410975
160.000000 240.000000 0.426971
170.000000 240.000000 0.447471
180.000000 240.000000 0.520455
190.000000 240.000000 0.464493
200.000000 240.000000 0.442439
210.000000 240.000000 0.473238
220.000000 240.000000 0.501721
230.000000 240.000000 0.465217
240.000000 240.000000 0.536917
250.000000 240.000000 0.478608
260.000000 240.000000 0.514438
270.000000 240.000000 0.516457
280.000000 240.000000 0.477524
290.000000 240.000000 0.492565
300.000000 240.000000 0.442811
310.000000 240.000000 0.440281
320.000000 240.000000 0.499083
330.000000 240.000000 0.599091
340.000000 240.000000 0.744799
350.000000 240.000000 0.870627
360.000000 240.000000 0.905080
370.000000 240.000000 0.733308
380.000000 240.000000 0.550801
390.000000 240.000000 0.537535
400.000000 240.000000 0.519781
410.000000 240.000000 0.479848
420.000000 240.000000 0.488897
430.000000 240.000000 0.456851
440.000000 240.000000 0.445187
450.000000 240.000000 0.479094
460.000000 240.000000 0.680999
470.000000 240.000000 0.704225
480.000000 240.000000 0.543199
490.000000 240.000000 0.498282
500.000000 240.000000 0.498282
0.000000 250.000000 0.465438
10.000000 250.000000 0.465438
20.000000 250.000000 0.453943
30.000000 250.000000 0.436462
40.000000 250.000000 0.441011
50.000000 250.000000 0.424064
60.000000 250.000000 0.417727
70.000000 250.000000 0.437939
80.000000 250.000000 0.461463
90.000000 250.000000 0.471408
100.000000 250.000000 0.507452
110.000000 250.000000 0.605823
120.000000 250.000000 0.550405
130.000000 250.000000 0.460614
140.000000 250.000000 0.426154
150.000000 250.000000 0.413778
160.000000 250.000000 0.414665
170.000000 250.000000 0.419402
180.000000 250.000000 0.438781
190.000000 250.000000 0.434640
200.000000 250.000000 0.409920
210.000000 250.000000 0.427612
220.000000 250.000000 0.448432
230.000000 250.000000 0.456985
240.000000 250.000000 0.513217
250.000000 250.000000 0.468957
260.000000 250.000000 0.547797
270.000000 250.000000 0.667371
280.000000 250.000000 0.552358
290.000000 250.000000 0.481881
300.000000 250.000000 0.477414
310.000000 250.000000 0.451884
320.000000 250.000000 0.482327
330.000000 250.000000 0.661613
340.000000 250.000000 0.874615
350.000000 250.000000 0.952334
360.000000 250.000000 0.950412
370.000000 250.000000 0.862460
380.000000 250.000000 0.653919
390.000000 250.000000 0.495115
400.000000 250.000000 0.477757
410.000000 250.000000 0.464277
420.000000 250.000000 0.466376
430.000000 250.000000 0.432065
440.000000 250.000000 0.432361
450.000000 250.000000 0.483398
460.000000 250.000000 0.637877
470.000000 250.000000 0.800888
480.000000 250.000000 0.706638
490.000000 250.000000 0.689609
500.000000 250.000000 0.689609
0.000000 260.000000 0.442986
10.000000 260.000000 0.442986
20.000000 260.000000 0.430751
30.000000 260.000000 0.444092
40.000000 260.000000 0.436324
50.000000 260.000000 0.408488
60.000000 260.000000 0.413291
70.000000 260.000000 0.415408
80.000000 260.000000 0.422229
90.000000 260.000000 0.436225
100.000000 260.000000 0.494617
110.000000 260.000000 0.689309
120.000000 260.000000 0.694034
130.000000 260.000000 0.498701
140.000000 260.000000 0.443046
150.000000 260.000000 0.418253
160.000000 260.000000 0.412365
170.000000 260.000000 0.413114
180.000000 260.000000 0.415736
190.000000 260.000000 0.429018
200.000000 260.000000 0.409397
210.000000 260.000000 0.422071
220.000000 260.000000 0.425720
230.000000 260.000000 0.444371
240.000000 260.000000 0.445810
250.000000 260.000000 0.446064
260.000000 260.000000 0.508968
270.000000 260.000000 0.691215
280.000000 260.000000 0.660186
290.000000 260.000000 0.555129
300.000000 260.000000 0.465155
310.000000 260.000000 0.459665
320.000000 260.000000 0.472806
330.000000 260.000000 0.629801
340.000000 260.000000 0.883013
350.000000 260.000000 0.935368
360.000000 260.000000 0.865430
370.000000 260.000000 0.846589
380.000000 260.000000 0.661989
390.000000 260.000000 0.505765
400.000000 260.000000 0.517499
410.000000 260.000000 0.559235
420.000000 260.000000 0.464248
430.000000 260.000000 0.442545
440.000000 260.000000 0.474867
450.000000 260.000000 0.603117
460.000000 260.000000 0.782388
470.000000 260.000000 0.864174
480.000000 260.000000 0.860648
490.000000 260.000000 0.892799
500.000000 260.000000 0.892799
0.000000 270.000000 0.440169
10.000000 270.000000 0.440169
20.000000 270.000000 0.438802
30.000000 270.000000 0.459754
40.000000 270.000000 0.449976
50.000000 270.000000 0.417944
60.000000 270.000000 0.418487
70.000000 270.000000 0.424023
80.000000 270.000000 0.416944
90.000000 270.000000 0.425174
100.000000 270.000000 0.483212
110.000000 270.000000 0.566802
120.000000 270.000000 0.559995
130.000000 270.000000 0.467431
140.000000 270.000000 0.456030
150.000000 270.000000 0.429647
160.000000 270.000000 0.424380
170.000000 270.000000 0.412660
180.000000 270.000000 0.422666
190.000000 270.000000 0.415709
200.000000 270.000000 0.416098
210.000000 270.000000 0.422953
220.000000 270.000000 0.461947
230.000000 270.000000 0.498736
240.000000 270.000000 0.442684
250.000000 270.000000 0.439662
260.000000 270.000000 0.460246
270.000000 270.000000 0.504019
280.000000 270.000000 0.536770
290.000000 270.000000 0.557976
300.000000 270.000000 0.475536
310.000000 270.000000 0.431501
320.000000 270.000000 0.451882
330.000000 270.000000 0.532429
340.000000 270.000000 0.786171
350.000000 270.000000 0.839186
360.000000 270.000000 0.668395
370.000000 270.000000 0.612156
380.000000 270.000000 0.517761
390.000000 270.000000 0.582197
400.000000 270.000000 0.688026
410.000000 270.000000 0.701974
420.000000 270.000000 0.511135
430.000000 270.000000 0.489371
440.000000 270.000000 0.604847
450.000000 270.000000 0.760800
460.000000 270.000000 0.806295
470.000000 270.000000 0.701633
480.000000 270.000000 0.689605
490.000000 270.000000 0.872304
500.000000 270.000000 0.872304
0.000000 280.000000 0.471456
10.000000 280.000000 0.471456
20.000000 280.000000 0.510041
30.000000 280.000000 0.492902
40.000000 280.000000 0.489253
50.000000 280.000000 0.450887
60.000000 280.000000 0.440242
70.000000 280.000000 0.422622
80.000000 280.000000 0.418533
90.000000 280.000000 0.419632
100.000000 280.000000 0.440762
110.000000 280.000000 0.488720
120.000000 280.000000 0.470264
130.000000 280.000000 0.486640
140.000000 280.000000 0.553385
150.000000 280.000000 0.483897
160.000000 280.000000 0.446755
170.000000 280.000000 0.417293
180.000000 280.000000 0.437161
190.000000 280.000000 0.446523
200.000000 280.000000 0.448481
210.000000 280.000000 0.444125
220.000000 280.000000 0.423069
230.000000 280.000000 0.427561
240.000000 280.000000 0.428530
250.000000 280.000000 0.445858
260.000000 280.000000 0.513122
270.000000 280.000000 0.516844
280.000000 280.000000 0.465772
290.000000 280.000000 0.460446
300.000000 280.000000 0.450415
310.000000 280.000000 0.430530
320.000000 280.000000 0.426490
330.000000 280.000000 0.465761
340.000000 280.000000 0.600155
350.000000 280.000000 0.733701
360.000000 280.000000 0.535759
370.000000 280.000000 0.477717
380.000000 280.000000 0.485682
390.000000 280.000000 0.669710
400.000000 280.000000 0.649081
410.000000 280.000000 0.578007
420.000000 280.000000 0.531296
430.000000 280.000000 0.606726
440.000000 280.000000 0.796300
450.000000 280.000000 0.730032
460.000000 280.000000 0.584969
470.000000 280.000000 0.508581
480.000000 280.000000 0.539426
490.000000 280.000000 0.773091
500.000000 280.000000 0.773091
0.000000 290.000000 0.583264
10.000000 290.000000 0.583264
20.000000 290.000000 0.752983
30.000000 290.000000 0.689639
40.000000 290.000000 0.574833
50.000000 290.000000 0.462970
60.000000 290.000000 0.471810
70.000000 290.000000 0.452672
80.000000 290.000000 0.438043
90.000000 290.000000 0.436970
100.000000 290.000000 0.479182
110.000000 290.000000 0.562217
120.000000 290.000000 0.461392
130.000000 290.000000 0.460049
140.000000 290.000000 0.497884
150.000000 290.000000 0.527091
160.000000 290.000000 0.466085
170.000000 290.000000 0.435431
180.000000 290.000000 0.486079
190.000000 290.000000 0.560728
200.000000 290.000000 0.555085
210.000000 290.000000 0.519857
220.000000 290.000000 0.427168
230.000000 290.000000 0.427902
240.000000 290.000000 0.426188
250.000000 290.000000 0.446719
260.000000 290.000000 0.560999
270.000000 290.000000 0.586350
280.000000 290.000000 0.482358
290.000000 290.000000 0.484384
300.000000 290.000000 0.523036
310.000000 290.000000 0.476371
320.000000 290.000000 0.447128
330.000000 290.000000 0.456347
340.000000 290.000000 0.514861
350.000000 290.000000 0.648052
360.000000 290.000000 0.489423
370.000000 290.000000 0.450657
380.000000 290.000000 0.491250
390.000000 290.000000 0.705754
400.000000 290.000000 0.689466
410.000000 290.000000 0.600417
420.000000 290.000000 0.708459
430.000000 290.000000 0.852003
440.000000 290.000000 0.865871
450.000000 290.000000 0.693763
460.000000 290.000000 0.519676
470.000000 290.000000 0.457419
480.000000 290.000000 0.493973
490.000000 290.000000 0.567336
500.000000 290.000000 0.567336
0.000000 300.000000 0.700325
10.000000 300.000000 0.700325
20.000000 300.000000 0.852995
30.000000 300.000000 0.720072
40.000000 300.000000 0.504949
50.000000 300.000000 0.447427
60.000000 300.000000 0.468509
70.000000 300.000000 0.528073
80.000000 300.000000 0.523695
90.000000 300.000000 0.491436
100.000000 300.000000 0.466926
110.000000 300.000000 0.499986
120.000000 300.000000 0.443662
130.000000 300.000000 0.445097
140.000000 300.000000 0.478849
150.000000 300.000000 0.637544
160.000000 300.000000 0.559180
170.000000 300.000000 0.452006
180.000000 300.000000 0.472935
190.000000 300.000000 0.489599
200.000000 300.000000 0.550088
210.000000 300.000000 0.481494
220.000000 300.000000 0.423383
230.000000 300.000000 0.422236
240.000000 300.000000 0.436990
250.000000 300.000000 0.445229
260.000000 300.000000 0.534051
270.000000 300.000000 0.679903
280.000000 300.000000 0.540799
290.000000 300.000000 0.502615
300.000000 300.000000 0.536442
310.000000 300.000000 0.487272
320.000000 300.000000 0.443980
330.000000 300.000000 0.437630
340.000000 300.000000 0.461867
350.000000 300.000000 0.513370
360.000000 300.000000 0.472083
370.000000 300.000000 0.455877
380.000000 300.000000 0.531169
390.000000 300.000000 0.782320
400.000000 300.000000 0.824267
410.000000 300.000000 0.804922
420.000000 300.000000 0.878702
430.000000 300.000000 0.909342
440.000000 300.000000 0.767946
450.000000 300.000000 0.692893
460.000000 300.000000 0.630190
470.000000 300.000000 0.467459
480.000000 300.000000 0.439363
490.000000 300.000000 0.451395
500.000000 300.000000 0.451395
0.000000 310.000000 0.922386
10.000000 310.000000 0.922386
20.000000 310.000000 0.925495
30.000000 310.000000 0.775011
40.000000 310.000000 0.514650
50.000000 310.000000 0.456065
60.000000 310.000000 0.499069
70.000000 310.000000 0.591326
80.000000 310.000000 0.545115
90.000000 310.000000 0.531553
100.000000 310.000000 0.466044
110.000000 310.000000 0.440334
120.000000 310.000000 0.419839
130.000000 310.000000 0.428490
140.000000 310.000000 0.475040
150.000000 310.000000 0.677534
160.000000 310.000000 0.615041
170.000000 310.000000 0.470561
180.000000 310.000000 0.507785
190.000000 310.000000 0.455260
200.000000 310.000000 0.441913
210.000000 310.000000 0.424098
220.000000 310.000000 0.413686
230.000000 310.000000 0.445667
240.000000 310.000000 0.517096
250.000000 310.000000 0.487699
260.000000 310.000000 0.572191
270.000000 310.000000 0.746220
280.000000 310.000000 0.552826
290.000000 310.000000 0.461174
300.000000 310.000000 0.464142
310.000000 310.000000 0.486432
320.000000 310.000000 0.500604
330.000000 310.000000 0.465837
340.000000 310.000000 0.525493
350.000000 310.000000 0.606348
360.000000 310.000000 0.589640
370.000000 310.000000 0.512427
380.000000 310.000000 0.602330
390.000000 310.000000 0.805704
400.000000 310.000000 0.652457
410.000000 310.000000 0.628115
420.000000 310.000000 0.798405
430.000000 310.000000 0.833817
440.000000 310.000000 0.639048
450.000000 310.000000 0.533132
460.000000 310.000000 0.482225
470.000000 310.000000 0.432609
480.000000 310.000000 0.432268
490.000000 310.000000 0.465064
500.000000 310.000000 0.465064
0.000000 320.000000 0.981534
10.000000 320.000000 0.981534
20.000000 320.000000 0.964593
30.000000 320.000000 0.857992
40.000000 320.000000 0.561299
50.000000 320.000000 0.488218
60.000000 320.000000 0.595709
70.000000 320.000000 0.691776
80.000000 320.000000 0.548160
90.000000 320.000000 0.445231
100.000000 320.000000 0.417023
110.000000 320.000000 0.419504
120.000000 320.000000 0.415611
130.000000 320.000000 0.427153
140.000000 320.000000 0.428120
150.000000 320.000000 0.488816
160.000000 320.000000 0.482558
170.000000 320.000000 0.465429
180.000000 320.000000 0.547120
190.000000 320.000000 0.477134
200.000000 320.000000 0.445908
210.000000 320.000000 0.425920
220.000000 320.000000 0.422488
230.000000 320.000000 0.444989
240.000000 320.000000 0.503365
250.000000 320.000000 0.491369
260.000000 320.000000 0.665904
270.000000 320.000000 0.753722
280.000000 320.000000 0.571543
290.000000 320.000000 0.469210
300.000000 320.000000 0.514085
310.000000 320.000000 0.483706
320.000000 320.000000 0.475515
330.000000 320.000000 0.500072
340.000000 320.000000 0.627667
350.000000 320.000000 0.777998
360.000000 320.000000 0.794165
370.000000 320.000000 0.655325
380.000000 320.000000 0.708870
390.000000 320.000000 0.820656
400.000000 320.000000 0.576233
410.000000 320.000000 0.486396
420.000000 320.000000 0.535672
430.000000 320.000000 0.645679
440.000000 320.000000 0.619853
450.000000 320.000000 0.479790
460.000000 320.000000 0.449389
470.000000 320.000000 0.438209
480.000000 320.000000 0.465499
490.000000 320.000000 0.599783
500.000000 320.000000 0.599783
0.000000 330.000000 0.994537
10.000000 330.000000 0.994537
20.000000 330.000000 0.981611
30.000000 330.000000 0.913543
40.000000 330.000000 0.675012
50.000000 330.000000 0.523528
60.000000 330.000000 0.554631
70.000000 330.000000 0.652159
80.000000 330.000000 0.491558
90.000000 330.000000 0.425266
100.000000 330.000000 0.413401
110.000000 330.000000 0.429326
120.000000 330.000000 0.421845
130.000000 330.000000 0.420223
140.000000 330.000000 0.419269
150.000000 330.000000 0.428026
160.000000 330.000000 0.440449
170.000000 330.000000 0.475751
180.000000 330.000000 0.643450
190.000000 330.000000 0.576475
200.000000 330.000000 0.529673
210.000000 330.000000 0.451876
220.000000 330.000000 0.434249
230.000000 330.000000 0.435848
240.000000 330.000000 0.477067
250.000000 330.000000 0.464982
260.000000 330.000000 0.555948
270.000000 330.000000 0.543404
280.000000 330.000000 0.480294
290.000000 330.000000 0.434759
300.000000 330.000000 0.433579
310.000000 330.000000 0.446331
320.000000 330.000000 0.476677
330.000000 330.000000 0.556440
340.000000 330.000000 0.792441
350.000000 330.000000 0.922665
360.000000 330.000000 0.941805
370.000000 330.000000 0.833627
380.000000 330.000000 0.845932
390.000000 330.000000 0.837949
400.000000 330.000000 0.576047
410.000000 330.000000 0.467590
420.000000 330.000000 0.472613
430.000000 330.000000 0.587856
440.000000 330.000000 0.623246
450.000000 330.000000 0.492860
460.000000 330.000000 0.465463
470.000000 330.000000 0.458543
480.000000 330.000000 0.518847
490.000000 330.000000 0.782727
500.000000 330.000000 0.782727
0.000000 340.000000 0.997268
10.000000 340.000000 0.997268
20.000000 340.000000 0.988553
30.000000 340.000000 0.950051
40.000000 340.000000 0.823120
50.000000 340.000000 0.565186
60.000000 340.000000 0.476986
70.000000 340.000000 0.515811
80.000000 340.000000 0.459147
90.000000 340.000000 0.430538
100.000000 340.000000 0.410917
110.000000 340.000000 0.428670
120.000000 340.000000 0.445262
130.000000 340.000000 0.460092
140.000000 340.000000 0.437265
150.000000 340.000000 0.422311
160.000000 340.000000 0.441077
170.000000 340.000000 0.465254
180.000000 340.000000 0.544867
190.000000 340.000000 0.626678
200.000000 340.000000 0.648825
210.000000 340.000000 0.508135
220.000000 340.000000 0.430288
230.000000 340.000000 0.431693
240.000000 340.000000 0.476652
250.000000 340.000000 0.437849
260.000000 340.000000 0.449751
270.000000 340.000000 0.432362
280.000000 340.000000 0.425637
290.000000 340.000000 0.425190
300.000000 340.000000 0.442257
310.000000 340.000000 0.490036
320.000000 340.000000 0.533047
330.000000 340.000000 0.576899
340.000000 340.000000 0.856575
350.000000 340.000000 0.963644
360.000000 340.000000 0.978751
370.000000 340.000000 0.948213
380.000000 340.000000 0.865085
390.000000 340.000000 0.757319
400.000000 340.000000 0.609349
410.000000 340.000000 0.518933
420.000000 340.000000 0.468386
430.000000 340.000000 0.475592
440.000000 340.000000 0.474343
450.000000 340.000000 0.499817
460.000000 340.000000 0.594103
470.000000 340.000000 0.560995
480.000000 340.000000 0.559796
490.000000 340.000000 0.817826
500.000000 340.000000 0.817826
0.000000 350.000000 0.995557
10.000000 350.000000 0.995557
20.000000 350.000000 0.980514
30.000000 350.000000 0.920400
40.000000 350.000000 0.758710
50.000000 350.000000 0.513511
60.000000 350.000000 0.464100
70.000000 350.000000 0.459900
80.000000 350.000000 0.508349
90.000000 350.000000 0.466356
100.000000 350.000000 0.425367
110.000000 350.000000 0.432278
120.000000 350.000000 0.521074
130.000000 350.000000 0.539201
140.000000 350.000000 0.460123
150.000000 350.000000 0.436821
160.000000 350.000000 0.525743
170.000000 350.000000 0.549342
180.000000 350.000000 0.474889
190.000000 350.000000 0.483167
200.000000 350.000000 0.480343
210.000000 350.000000 0.467771
220.000000 350.000000 0.431542
230.000000 350.000000 0.430277
240.000000 350.000000 0.440037
250.000000 350.000000 0.444017
260.000000 350.000000 0.431885
270.000000 350.000000 0.423433
280.000000 350.000000 0.428990
290.000000 350.000000 0.443019
300.000000 350.000000 0.476309
310.000000 350.000000 0.498425
320.000000 350.000000 0.636577
330.000000 350.000000 0.687866
340.000000 350.000000 0.861199
350.000000 350.000000 0.957041
360.000000 350.000000 0.967637
370.000000 350.000000 0.922058
380.000000 350.000000 0.704062
390.000000 350.000000 0.583904
400.000000 350.000000 0.728192
410.000000 350.000000 0.750214
420.000000 350.000000 0.567888
430.000000 350.000000 0.459430
440.000000 350.000000 0.456151
450.000000 350.000000 0.483392
460.000000 350.000000 0.605435
470.000000 350.000000 0.595431
480.000000 350.000000 0.574733
490.000000 350.000000 0.799219
500.000000 350.000000 0.799219
0.000000 360.000000 0.990122
10.000000 360.000000 0.990122
20.000000 360.000000 0.953753
30.000000 360.000000 0.794131
40.000000 360.000000 0.592963
50.000000 360.000000 0.472992
60.000000 360.000000 0.485111
70.000000 360.000000 0.468412
80.000000 360.000000 0.517732
90.000000 360.000000 0.458839
100.000000 360.000000 0.425117
110.000000 360.000000 0.434343
120.000000 360.000000 0.492162
130.000000 360.000000 0.470026
140.000000 360.000000 0.433033
150.000000 360.000000 0.428085
160.000000 360.000000 0.456649
170.000000 360.000000 0.481497
180.000000 360.000000 0.470858
190.000000 360.000000 0.523818
200.000000 360.000000 0.486526
210.000000 360.000000 0.578389
220.000000 360.000000 0.467741
230.000000 360.000000 0.469854
240.000000 360.000000 0.504306
250.000000 360.000000 0.440515
260.000000 360.000000 0.426112
270.000000 360.000000 0.426375
280.000000 360.000000 0.457973
290.000000 360.000000 0.531225
300.000000 360.000000 0.594984
310.000000 360.000000 0.500316
320.000000 360.000000 0.508651
330.000000 360.000000 0.527376
340.000000 360.000000 0.706114
350.000000 360.000000 0.899558
360.000000 360.000000 0.909477
370.000000 360.000000 0.892793
380.000000 360.000000 0.719734
390.000000 360.000000 0.610193
400.000000 360.000000 0.789506
410.000000 360.000000 0.850655
420.000000 360.000000 0.712884
430.000000 360.000000 0.487697
440.000000 360.000000 0.480524
450.000000 360.000000 0.479958
460.000000 360.000000 0.581847
470.000000 360.000000 0.763930
480.000000 360.000000 0.793380
490.000000 360.000000 0.918220
500.000000 360.000000 0.918220
0.000000 370.000000 0.986909
10.000000 370.000000 0.986909
20.000000 370.000000 0.936795
30.000000 370.000000 0.708384
40.000000 370.000000 0.534715
50.000000 370.000000 0.468462
60.000000 370.000000 0.454125
70.000000 370.000000 0.459206
80.000000 370.000000 0.446870
90.000000 370.000000 0.426219
100.000000 370.000000 0.417256
110.000000 370.000000 0.441802
120.000000 370.000000 0.446824
130.000000 370.000000 0.430670
140.000000 370.000000 0.424795
150.000000 370.000000 0.431829
160.000000 370.000000 0.421378
170.000000 370.000000 0.430538
180.000000 370.000000 0.462347
190.000000 370.000000 0.471143
200.000000 370.000000 0.494166
210.000000 370.000000 0.629357
220.000000 370.000000 0.508001
230.000000 370.000000 0.518475
240.000000 370.000000 0.588163
250.000000 370.000000 0.455671
260.000000 370.000000 0.440346
270.000000 370.000000 0.437745
280.000000 370.000000 0.469313
290.000000 370.000000 0.501049
300.000000 370.000000 0.626039
310.000000 370.000000 0.604531
320.000000 370.000000 0.572076
330.000000 370.000000 0.524467
340.000000 370.000000 0.718962
350.000000 370.000000 0.784374
360.000000 370.000000 0.673530
370.000000 370.000000 0.749247
380.000000 370.000000 0.664703
390.000000 370.000000 0.575926
400.000000 370.000000 0.685545
410.000000 370.000000 0.749714
420.000000 370.000000 0.619754
430.000000 370.000000 0.505841
440.000000 370.000000 0.600495
450.000000 370.000000 0.557323
460.000000 370.000000 0.568436
470.000000 370.000000 0.820986
480.000000 370.000000 0.928990
490.000000 370.000000 0.973761
500.000000 370.000000 0.973761
0.000000 380.000000 0.992866
10.000000 380.000000 0.992866
20.000000 380.000000 0.968164
30.000000 380.000000 0.869988
40.000000 380.000000 0.736966
50.000000 380.000000 0.601195
60.000000 380.000000 0.500028
70.000000 380.000000 0.583414
80.000000 380.000000 0.509036
90.000000 380.000000 0.436364
100.000000 380.000000 0.429645
110.000000 380.000000 0.442373
120.000000 380.000000 0.455920
130.000000 380.000000 0.439572
140.000000 380.000000 0.435061
150.000000 380.000000 0.426026
160.000000 380.000000 0.418401
170.000000 380.000000 0.427559
180.000000 380.000000 0.439999
190.000000 380.000000 0.478804
200.000000 380.000000 0.482029
210.000000 380.000000 0.490792
220.000000 380.000000 0.457726
230.000000 380.000000 0.461672
240.000000 380.000000 0.506171
250.000000 380.000000 0.445499
260.000000 380.000000 0.439434
270.000000 380.000000 0.456708
280.000000 380.000000 0.512948
290.000000 380.000000 0.492102
300.000000 380.000000 0.663228
310.000000 380.000000 0.770688
320.000000 380.000000 0.576126
330.000000 380.000000 0.519057
340.000000 380.000000 0.723365
350.000000 380.000000 0.682243
360.000000 380.000000 0.512933
370.000000 380.000000 0.515079
380.000000 380.000000 0.505198
390.000000 380.000000 0.480355
400.000000 380.000000 0.481369
410.000000 380.000000 0.514676
420.000000 380.000000 0.503424
430.000000 380.000000 0.491465
440.000000 380.000000 0.665709
450.000000 380.000000 0.641307
460.000000 380.000000 0.615503
470.000000 380.000000 0.850478
480.000000 380.000000 0.961903
490.000000 380.000000 0.989740
500.000000 380.000000 0.989740
0.000000 390.000000 0.997560
10.000000 390.000000 0.997560
20.000000 390.000000 0.989806
30.000000 390.000000 0.961144
40.000000 390.000000 0.894625
50.000000 390.000000 0.730753
60.000000 390.000000 0.552800
70.000000 390.000000 0.648318
80.000000 390.000000 0.619490
90.000000 390.000000 0.491422
100.000000 390.000000 0.453708
110.000000 390.000000 0.494950
120.000000 390.000000 0.471780
130.000000 390.000000 0.443159
140.000000 390.000000 0.436403
150.000000 390.000000 0.436584
160.000000 390.000000 0.432109
170.000000 390.000000 0.491220
180.000000 390.000000 0.460171
190.000000 390.000000 0.541533
200.000000 390.000000 0.501014
210.000000 390.000000 0.440259
220.000000 390.000000 0.426771
230.000000 390.000000 0.420919
240.000000 390.000000 0.438607
250.000000 390.000000 0.441506
260.000000 390.000000 0.453727
270.000000 390.000000 0.456351
280.000000 390.000000 0.455001
290.000000 390.000000 0.477633
300.000000 390.000000 0.633713
310.000000 390.000000 0.818252
320.000000 390.000000 0.645810
330.000000 390.000000 0.531322
340.000000 390.000000 0.701883
350.000000 390.000000 0.674351
360.000000 390.000000 0.474657
370.000000 390.000000 0.442580
380.000000 390.000000 0.431839
390.000000 390.000000 0.430533
400.000000 390.000000 0.429237
410.000000 390.000000 0.456597
420.000000 390.000000 0.547382
430.000000 390.000000 0.491473
440.000000 390.000000 0.593145
450.000000 390.000000 0.795100
460.000000 390.000000 0.876937
470.000000 390.000000 0.952211
480.000000 390.000000 0.987077
490.000000 390.000000 0.996663
500.000000 390.000000 0.996663
0.000000 400.000000 0.999310
10.000000 400.000000 0.999310
20.000000 400.000000 0.997029
30.000000 400.000000 0.987272
40.000000 400.000000 0.951272
50.000000 400.000000 0.806719
60.000000 400.000000 0.668328
70.000000 400.000000 0.807515
80.000000 400.000000 0.820286
90.000000 400.000000 0.632700
100.000000 400.000000 0.466388
110.000000 400.000000 0.471735
120.000000 400.000000 0.446591
130.000000 400.000000 0.420925
140.000000 400.000000 0.419788
150.000000 400.000000 0.421368
160.000000 400.000000 0.421713
170.000000 400.000000 0.441594
180.000000 400.000000 0.440235
190.000000 400.000000 0.463073
200.000000 400.000000 0.440612
210.000000 400.000000 0.416614
220.000000 400.000000 0.413856
230.000000 400.000000 0.422862
240.000000 400.000000 0.432838
250.000000 400.000000 0.458381
260.000000 400.000000 0.462538
270.000000 400.000000 0.516317
280.000000 400.000000 0.473062
290.000000 400.000000 0.510555
300.000000 400.000000 0.734820
310.000000 400.000000 0.799517
320.000000 400.000000 0.574022
330.000000 400.000000 0.487605
340.000000 400.000000 0.508247
350.000000 400.000000 0.492958
360.000000 400.000000 0.434777
370.000000 400.000000 0.428157
380.000000 400.000000 0.420424
390.000000 400.000000 0.413393
400.000000 400.000000 0.429182
410.000000 400.000000 0.439541
420.000000 400.000000 0.515872
430.000000 400.000000 0.503036
440.000000 400.000000 0.668451
450.000000 400.000000 0.884731
460.000000 400.000000 0.962104
470.000000 400.000000 0.987368
480.000000 400.000000 0.996616
490.000000 400.000000 0.999129
500.000000 400.000000 0.999129
0.000000 410.000000 0.999830
10.000000 410.000000 0.999830
20.000000 410.000000 0.999239
30.000000 410.000000 0.996527
40.000000 410.000000 0.985960
50.000000 410.000000 0.947140
60.000000 410.000000 0.902428
70.000000 410.000000 0.923718
80.000000 410.000000 0.856316
90.000000 410.000000 0.609830
100.000000 410.000000 0.458731
110.000000 410.000000 0.437164
120.000000 410.000000 0.440923
130.000000 410.000000 0.431910
140.000000 410.000000 0.446733
150.000000 410.000000 0.447493
160.000000 410.000000 0.441975
170.000000 410.000000 0.435100
180.000000 410.000000 0.466847
190.000000 410.000000 0.513302
200.000000 410.000000 0.438918
210.000000 410.000000 0.422650
220.000000 410.000000 0.428703
230.000000 410.000000 0.434939
240.000000 410.000000 0.481803
250.000000 410.000000 0.566080
260.000000 410.000000 0.501654
270.000000 410.000000 0.578793
280.000000 410.000000 0.493039
290.000000 410.000000 0.547199
300.000000 410.000000 0.759536
310.000000 410.000000 0.805265
320.000000 410.000000 0.591822
330.000000 410.000000 0.480642
340.000000 410.000000 0.448947
350.000000 410.000000 0.426921
360.000000 410.000000 0.416644
370.000000 410.000000 0.420234
380.000000 410.000000 0.420813
390.000000 410.000000 0.415794
400.000000 410.000000 0.420869
410.000000 410.000000 0.429415
420.000000 410.000000 0.462821
430.000000 410.000000 0.519549
440.000000 410.000000 0.773602
450.000000 410.000000 0.942171
460.000000 410.000000 0.985928
470.000000 410.000000 0.996494
480.000000 410.000000 0.999178
490.000000 410.000000 0.999800
500.000000 410.000000 0.999800
0.000000 420.000000 0.999963
10.000000 420.000000 0.999963
20.000000 420.000000 0.999829
30.000000 420.000000 0.999198
40.000000 420.000000 0.996728
50.000000 420.000000 0.988856
60.000000 420.000000 0.971837
70.000000 420.000000 0.926122
80.000000 420.000000 0.775365
90.000000 420.000000 0.540989
100.000000 420.000000 0.463433
110.000000 420.000000 0.445050
120.000000 420.000000 0.500630
130.000000 420.000000 0.472162
140.000000 420.000000 0.548128
150.000000 420.000000 0.589219
160.000000 420.000000 0.546758
170.000000 420.000000 0.474780
180.000000 420.000000 0.503148
190.000000 420.000000 0.535480
200.000000 420.000000 0.447534
210.000000 420.000000 0.430792
220.000000 420.000000 0.422945
230.000000 420.000000 0.435545
240.000000 420.000000 0.512634
250.000000 420.000000 0.534091
260.000000 420.000000 0.455005
270.000000 420.000000 0.466184
280.000000 420.000000 0.470750
290.000000 420.000000 0.557523
300.000000 420.000000 0.678663
310.000000 420.000000 0.623895
320.000000 420.000000 0.499359
330.000000 420.000000 0.437022
340.000000 420.000000 0.422945
350.000000 420.000000 0.417058
360.000000 420.000000 0.416001
370.000000 420.000000 0.438201
380.000000 420.000000 0.425678
390.000000 420.000000 0.416963
400.000000 420.000000 0.431336
410.000000 420.000000 0.451739
420.000000 420.000000 0.512363
430.000000 420.000000 0.621710
440.000000 420.000000 0.855786
450.000000 420.000000 0.969342
460.000000 420.000000 0.993957
470.000000 420.000000 0.998844
480.000000 420.000000 0.999781
490.000000 420.000000 0.999954
500.000000 420.000000 0.999954
0.000000 430.000000 0.999992
10.000000 430.000000 0.999992
20.000000 430.000000 0.999960
30.000000 430.000000 0.999788
40.000000 430.000000 0.998923
50.000000 430.000000 0.994772
60.000000 430.000000 0.975824
70.000000 430.000000 0.898554
80.000000 430.000000 0.675776
90.000000 430.000000 0.552987
100.000000 430.000000 0.573703
110.000000 430.000000 0.490202
120.000000 430.000000 0.463629
130.000000 430.000000 0.464219
140.000000 430.000000 0.589068
150.000000 430.000000 0.733733
160.000000 430.000000 0.572574
170.000000 430.000000 0.468122
180.000000 430.000000 0.500446
190.000000 430.000000 0.485145
200.000000 430.000000 0.468665
210.000000 430.000000 0.444607
220.000000 430.000000 0.428640
230.000000 430.000000 0.444387
240.000000 430.000000 0.506619
250.000000 430.000000 0.470856
260.000000 430.000000 0.433468
270.000000 430.000000 0.444984
280.000000 430.000000 0.492528
290.000000 430.000000 0.477173
300.000000 430.000000 0.493455
310.000000 430.000000 0.466542
320.000000 430.000000 0.437271
330.000000 430.000000 0.422926
340.000000 430.000000 0.418536
350.000000 430.000000 0.411436
360.000000 430.000000 0.416596
370.000000 430.000000 0.427835
380.000000 430.000000 0.432220
390.000000 430.000000 0.434722
400.000000 430.000000 0.458437
410.000000 430.000000 0.545907
420.000000 430.000000 0.695140
430.000000 430.000000 0.874345
440.000000 430.000000 0.958356
450.000000 430.000000 0.990040
460.000000 430.000000 0.998021
470.000000 430.000000 0.999648
480.000000 430.000000 0.999941
490.000000 430.000000 0.999989
500.000000 430.000000 0.999989
0.000000 440.000000 0.999998
10.000000 440.000000 0.999998
20.000000 440.000000 0.999989
30.000000 440.000000 0.999929
40.000000 440.000000 0.999559
50.000000 440.000000 0.997423
60.000000 440.000000 0.986512
70.000000 440.000000 0.941681
80.000000 440.000000 0.818395
90.000000 440.000000 0.766278
100.000000 440.000000 0.806650
110.000000 440.000000 0.681330
120.000000 440.000000 0.506127
130.000000 440.000000 0.473074
140.000000 440.000000 0.539242
150.000000 440.000000 0.673635
160.000000 440.000000 0.531979
170.000000 440.000000 0.491925
180.000000 440.000000 0.512892
190.000000 440.000000 0.530620
200.000000 440.000000 0.563541
210.000000 440.000000 0.472198
220.000000 440.000000 0.516673
230.000000 440.000000 0.502127
240.000000 440.000000 0.451031
250.000000 440.000000 0.431493
260.000000 440.000000 0.419518
270.000000 440.000000 0.438842
280.000000 440.000000 0.550892
290.000000 440.000000 0.510466
300.000000 440.000000 0.489551
310.000000 440.000000 0.449858
320.000000 440.000000 0.426909
330.000000 440.000000 0.416811
340.000000 440.000000 0.416303
350.000000 440.000000 0.414323
360.000000 440.000000 0.417300
370.000000 440.000000 0.444440
380.000000 440.000000 0.468239
390.000000 440.000000 0.499906
400.000000 440.000000 0.601586
410.000000 440.000000 0.813693
420.000000 440.000000 0.912213
430.000000 440.000000 0.966895
440.000000 440.000000 0.989681
450.000000 440.000000 0.997478
460.000000 440.000000 0.999490
470.000000 440.000000 0.999910
480.000000 440.000000 0.999985
490.000000 440.000000 0.999997
500.000000 440.000000 0.999997
0.000000 450.000000 1.000000
10.000000 450.000000 1.000000
20.000000 450.000000 0.999997
30.000000 450.000000 0.999978
40.000000 450.000000 0.999854
50.000000 450.000000 0.999138
60.000000 450.000000 0.995624
70.000000 450.000000 0.982440
80.000000 450.000000 0.952363
90.000000 450.000000 0.943691
100.000000 450.000000 0.932077
110.000000 450.000000 0.802070
120.000000 450.000000 0.534158
130.000000 450.000000 0.457498
140.000000 450.000000 0.462088
150.000000 450.000000 0.520866
160.000000 450.000000 0.473611
170.000000 450.000000 0.583271
180.000000 450.000000 0.699169
190.000000 450.000000 0.666413
200.000000 450.000000 0.558891
210.000000 450.000000 0.498125
220.000000 450.000000 0.609587
230.000000 450.000000 0.530964
240.000000 450.000000 0.440744
250.000000 450.000000 0.444037
260.000000 450.000000 0.418851
270.000000 450.000000 0.423008
280.000000 450.000000 0.482656
290.000000 450.000000 0.479195
300.000000 450.000000 0.459920
310.000000 450.000000 0.436142
320.000000 450.000000 0.438331
330.000000 450.000000 0.435030
340.000000 450.000000 0.435301
350.000000 450.000000 0.474511
360.000000 450.000000 0.441653
370.000000 450.000000 0.480177
380.000000 450.000000 0.552513
390.000000 450.000000 0.652875
400.000000 450.000000 0.840275
410.000000 450.000000 0.943318
420.000000 450.000000 0.978187
430.000000 450.000000 0.992513
440.000000 450.000000 0.997799
450.000000 450.000000 0.999465
460.000000 450.000000 0.999891
470.000000 450.000000 0.999980
480.000000 450.000000 0.999997
490.000000 450.000000 0.999999
500.000000 450.000000 0.999999
0.000000 460.000000 1.000000
10.000000 460.000000 1.000000
20.000000 460.000000 0.999999
30.000000 460.000000 0.999994
40.000000 460.000000 0.999963
50.000000 460.000000 0.999788
60.000000 460.000000 0.998979
70.000000 460.000000 0.996182
80.000000 460.000000 0.990359
90.000000 460.000000 0.987082
100.000000 460.000000 0.973583
110.000000 460.000000 0.897115
120.000000 460.000000 0.658826
130.000000 460.000000 0.497660
140.000000 460.000000 0.468293
150.000000 460.000000 0.454526
160.000000 460.000000 0.455504
170.000000 460.000000 0.554485
180.000000 460.000000 0.700533
190.000000 460.000000 0.586646
200.000000 460.000000 0.505280
210.000000 460.000000 0.491594
220.000000 460.000000 0.485314
230.000000 460.000000 0.457181
240.000000 460.000000 0.441889
250.000000 460.000000 0.488015
260.000000 460.000000 0.444139
270.000000 460.000000 0.438768
280.000000 460.000000 0.513646
290.000000 460.000000 0.524600
300.000000 460.000000 0.460733
310.000000 460.000000 0.448832
320.000000 460.000000 0.460167
330.000000 460.000000 0.444869
340.000000 460.000000 0.487323
350.000000 460.000000 0.617992
360.000000 460.000000 0.541896
370.000000 460.000000 0.557720
380.000000 460.000000 0.756700
390.000000 460.000000 0.878145
400.000000 460.000000 0.957578
410.000000 460.000000 0.985892
420.000000 460.000000 0.995239
430.000000 460.000000 0.998510
440.000000 460.000000 0.999586
450.000000 460.000000 0.999901
460.000000 460.000000 0.999980
470.000000 460.000000 0.999996
480.000000 460.000000 0.999999
490.000000 460.000000 1.000000
500.000000 460.000000 1.000000
0.000000 470.000000 1.000000
10.000000 470.000000 1.000000
20.000000 470.000000 1.000000
30.000000 470.000000 0.999999
40.000000 470.000000 0.999992
50.000000 470.000000 0.999958
60.000000 470.000000 0.999808
70.000000 470.000000 0.999314
80.000000 470.000000 0.998255
90.000000 470.000000 0.996628
100.000000 470.000000 0.988058
110.000000 470.000000 0.945801
120.000000 470.000000 0.795827
130.000000 470.000000 0.639087
140.000000 470.000000 0.626195
150.000000 470.000000 0.513430
160.000000 470.000000 0.494914
170.000000 470.000000 0.490936
180.000000 470.000000 0.554164
190.000000 470.000000 0.477170
200.000000 470.000000 0.510997
210.000000 470.000000 0.618396
220.000000 470.000000 0.478347
230.000000 470.000000 0.450389
240.000000 470.000000 0.440476
250.000000 470.000000 0.520162
260.000000 470.000000 0.476148
270.000000 470.000000 0.459774
280.000000 470.000000 0.587249
290.000000 470.000000 0.532464
300.000000 470.000000 0.454314
310.000000 470.000000 0.431477
320.000000 470.000000 0.443421
330.000000 470.000000 0.483575
340.000000 470.000000 0.480472
350.000000 470.000000 0.571427
360.000000 470.000000 0.593222
370.000000 470.000000 0.659610
380.000000 470.000000 0.867313
390.000000 470.000000 0.964476
400.000000 470.000000 0.989457
410.000000 470.000000 0.996845
420.000000 470.000000 0.999059
430.000000 470.000000 0.999732
440.000000 470.000000 0.999930
450.000000 470.000000 0.999984
460.000000 470.000000 0.999997
470.000000 470.000000 0.999999
480.000000 470.000000 1.000000
490.000000 470.000000 1.000000
500.000000 470.000000 1.000000
0.000000 480.000000 1.000000
10.000000 480.000000 1.000000
20.000000 480.000000 1.000000
30.000000 480.000000 1.000000
40.000000 480.000000 0.999999
50.000000 480.000000 0.999993
60.000000 480.000000 0.999969
70.000000 480.000000 0.999890
80.000000 480.000000 0.999691
90.000000 480.000000 0.999118
100.000000 480.000000 0.996139
110.000000 480.000000 0.983201
120.000000 480.000000 0.944781
130.000000 480.000000 0.897953
140.000000 480.000000 0.866040
150.000000 480.000000 0.758212
160.000000 480.000000 0.714057
170.000000 480.000000 0.590558
180.000000 480.000000 0.483275
190.000000 480.000000 0.454619
200.000000 480.000000 0.462848
210.000000 480.000000 0.552051
220.000000 480.000000 0.479922
230.000000 480.000000 0.459695
240.000000 480.000000 0.435029
250.000000 480.000000 0.446979
260.000000 480.000000 0.438372
270.000000 480.000000 0.438346
280.000000 480.000000 0.492305
290.000000 480.000000 0.486064
300.000000 480.000000 0.465407
310.000000 480.000000 0.453704
320.000000 480.000000 0.510250
330.000000 480.000000 0.560818
340.000000 480.000000 0.614110
350.000000 480.000000 0.691981
360.000000 480.000000 0.722448
370.000000 480.000000 0.822432
380.000000 480.000000 0.945494
390.000000 480.000000 0.986920
400.000000 480.000000 0.996956
410.000000 480.000000 0.999271
420.000000 480.000000 0.999818
430.000000 480.000000 0.999954
440.000000 480.000000 0.999989
450.000000 480.000000 0.999997
460.000000 480.000000 0.999999
470.000000 480.000000 1.000000
480.000000 480.000000 1.000000
490.000000 480.000000 1.000000
500.000000 480.000000 1.000000
0.000000 490.000000 1.000000
10.000000 490.000000 1.000000
20.000000 490.000000 1.000000
30.000000 490.000000 1.000000
40.000000 490.000000 1.000000
50.000000 490.000000 0.999999
60.000000 490.000000 0.999995
70.000000 490.000000 0.999981
80.000000 490.000000 0.999937
90.000000 490.000000 0.999763
100.000000 490.000000 0.998907
110.000000 490.000000 0.995561
120.000000 490.000000 0.986728
130.000000 490.000000 0.975388
140.000000 490.000000 0.962581
150.000000 490.000000 0.925055
160.000000 490.000000 0.897350
170.000000 490.000000 0.775376
180.000000 490.000000 0.565800
190.000000 490.000000 0.535528
200.000000 490.000000 0.484941
210.000000 490.000000 0.507113
220.000000 490.000000 0.479651
230.000000 490.000000 0.462045
240.000000 490.000000 0.430405
250.000000 490.000000 0.445496
260.000000 490.000000 0.461456
270.000000 490.000000 0.450652
280.000000 490.000000 0.502889
290.000000 490.000000 0.627799
300.000000 490.000000 0.561852
310.000000 490.000000 0.513250
320.000000 490.000000 0.704539
330.000000 490.000000 0.787037
340.000000 490.000000 0.842643
350.000000 490.000000 0.890253
360.000000 490.000000 0.907664
370.000000 490.000000 0.942278
380.000000 490.000000 0.980982
390.000000 490.000000 0.995356
400.000000 490.000000 0.999012
410.000000 490.000000 0.999799
420.000000 490.000000 0.999958
430.000000 490.000000 0.999991
440.000000 490.000000 0.999998
450.000000 490.000000 1.000000
460.000000 490.000000 1.000000
470.000000 490.000000 1.000000
480.000000 490.000000 1.000000
490.000000 490.000000 1.000000
500.000000 490.000000 1.000000
0.000000 500.000000 1.000000
10.000000 500.000000 1.000000
20.000000 500.000000 1.000000
30.000000 500.000000 1.000000
40.000000 500.000000 1.000000
50.000000 500.000000 0.999999
60.000000 500.000000 0.999995
70.000000 500.000000 0.999981
80.000000 500.000000 0.999937
90.000000 500.000000 0.999763
100.000000 500.000000 0.998907
110.000000 500.000000 0.995561
120.000000 500.000000 0.986728
130.000000 500.000000 0.975388
140.000000 500.000000 0.962581
150.000000 500.000000 0.925055
160.000000 500.000000 0.897350
170.000000 500.000000 0.775376
180.000000 500.000000 0.565800
190.000000 500.000000 0.535528
200.000000 500.000000 0.484941
210.000000 500.000000 0.507113
220.000000 500.000000 0.479651
230.000000 500.000000 0.462045
240.000000 500.000000 0.430405
250.000000 500.000000 0.445496
260.000000 500.000000 0.461456
270.000000 500.000000 0.450652
280.000000 500.000000 0.502889
290.000000 500.000000 0.627799
300.000000 500.000000 0.561852
310.000000 500.000000 0.513250
320.000000 500.000000 0.704539
330.000000 500.000000 0.787037
340.000000 500.000000 0.842643
350.000000 500.000000 0.890253
360.000000 500.000000 0.907664
370.000000 500.000000 0.942278
380.000000 500.000000 0.980982
390.000000 500.000000 0.995356
400.000000 500.000000 0.999012
410.000000 500.000000 0.999799
420.000000 500.000000 0.999958
430.000000 500.000000 0.999991
440.000000 500.000000 0.999998
450.000000 500.000000 1.000000
460.000000 500.000000 1.000000
470.000000 500.000000 1.000000
480.000000 500.000000 1.000000
490.000000 500.000000 1.000000
500.000000 500.000000 1.000000
