# 500.000000 500.000000
# 51 51
# 0 68 
0.000000 0.000000 0.999710
10.000000 0.000000 0.999710
20.000000 0.000000 0.999430
30.000000 0.000000 0.998675
40.000000 0.000000 0.996977
50.000000 0.000000 0.993461
60.000000 0.000000 0.986665
70.000000 0.000000 0.974376
80.000000 0.000000 0.953504
90.000000 0.000000 0.920018
100.000000 0.000000 0.869209
110.000000 0.000000 0.797489
120.000000 0.000000 0.705814
130.000000 0.000000 0.595802
140.000000 0.000000 0.464985
150.000000 0.000000 0.339301
160.000000 0.000000 0.243452
170.000000 0.000000 0.173392
180.000000 0.000000 0.115308
190.000000 0.000000 0.086624
200.000000 0.000000 0.089896
210.000000 0.000000 0.098308
220.000000 0.000000 0.089261
230.000000 0.000000 0.083493
240.000000 0.000000 0.077430
250.000000 0.000000 0.088914
260.000000 0.000000 0.131553
270.000000 0.000000 0.162620
280.000000 0.000000 0.121024
290.000000 0.000000 0.092186
300.000000 0.000000 0.083477
310.000000 0.000000 0.075979
320.000000 0.000000 0.105561
330.000000 0.000000 0.187246
340.000000 0.000000 0.274374
350.000000 0.000000 0.369244
360.000000 0.000000 0.464773
370.000000 0.000000 0.568326
380.000000 0.000000 0.675295
390.000000 0.000000 0.773314
400.000000 0.000000 0.852151
410.000000 0.000000 0.909564
420.000000 0.000000 0.947771
430.000000 0.000000 0.971302
440.000000 0.000000 0.984935
450.000000 0.000000 0.992448
460.000000 0.000000 0.996396
470.000000 0.000000 0.998362
480.000000 0.000000 0.999271
490.000000 0.000000 0.999618
500.000000 0.000000 0.999618
0.000000 10.000000 0.999710
10.000000 10.000000 0.999710
20.000000 10.000000 0.999430
30.000000 10.000000 0.998675
40.000000 10.000000 0.996977
50.000000 10.000000 0.993461
60.000000 10.000000 0.986665
70.000000 10.000000 0.974376
80.000000 10.000000 0.953504
90.000000 10.000000 0.920018
100.000000 10.000000 0.869209
110.000000 10.000000 0.797489
120.000000 10.000000 0.705814
130.000000 10.000000 0.595802
140.000000 10.000000 0.464985
150.000000 10.000000 0.339301
160.000000 10.000000 0.243452
170.000000 10.000000 0.173392
180.000000 10.000000 0.115308
190.000000 10.000000 0.086624
200.000000 10.000000 0.089896
210.000000 10.000000 0.098308
220.000000 10.000000 0.089261
230.000000 10.000000 0.083493
240.000000 10.000000 0.077430
250.000000 10.000000 0.088914
260.000000 10.000000 0.131553
270.000000 10.000000 0.162620
280.000000 10.000000 0.121024
290.000000 10.000000 0.092186
300.000000 10.000000 0.083477
310.000000 10.000000 0.075979
320.000000 10.000000 0.105561
330.000000 10.000000 0.187246
340.000000 10.000000 0.274374
350.000000 10.000000 0.369244
360.000000 10.000000 0.464773
370.000000 10.000000 0.568326
380.000000 10.000000 0.675295
390.000000 10.000000 0.773314
400.000000 10.000000 0.852151
410.000000 10.000000 0.909564
420.000000 10.000000 0.947771
430.000000 10.000000 0.971302
440.000000 10.000000 0.984935
450.000000 10.000000 0.992448
460.000000 10.000000 0.996396
470.000000 10.000000 0.998362
480.000000 10.000000 0.999271
490.000000 10.000000 0.999618
500.000000 10.000000 0.999618
0.000000 20.000000 0.999406
10.000000 20.000000 0.999406
20.000000 20.000000 0.998869
30.000000 20.000000 0.997455
40.000000 20.000000 0.994382
50.000000 20.000000 0.988249
60.000000 20.000000 0.976868
70.000000 20.000000 0.957210
80.000000 20.000000 0.925530
90.000000 20.000000 0.877513
100.000000 20.000000 0.808351
110.000000 20.000000 0.715927
120.000000 20.000000 0.607997
130.000000 20.000000 0.483579
140.000000 20.000000 0.324744
150.000000 20.000000 0.236647
160.000000 20.000000 0.184222
170.000000 20.000000 0.137114
180.000000 20.000000 0.100501
190.000000 20.000000 0.085356
200.000000 20.000000 0.089984
210.000000 20.000000 0.094144
220.000000 20.000000 0.080425
230.000000 20.000000 0.063679
240.000000 20.000000 0.060058
250.000000 20.000000 0.076649
260.000000 20.000000 0.117779
270.000000 20.000000 0.129292
280.000000 20.000000 0.105679
290.000000 20.000000 0.082682
300.000000 20.000000 0.068234
310.000000 20.000000 0.065125
320.000000 20.000000 0.077407
330.000000 20.000000 0.131789
340.000000 20.000000 0.192670
350.000000 20.000000 0.273914
360.000000 20.000000 0.351874
370.000000 20.000000 0.450054
380.000000 20.000000 0.566511
390.000000 20.000000 0.687938
400.000000 20.000000 0.790253
410.000000 20.000000 0.867287
420.000000 20.000000 0.920402
430.000000 20.000000 0.954426
440.000000 20.000000 0.975039
450.000000 20.000000 0.986983
460.000000 20.000000 0.993575
470.000000 20.000000 0.996999
480.000000 20.000000 0.998635
490.000000 20.000000 0.999274
500.000000 20.000000 0.999274
0.000000 30.000000 0.998566
10.000000 30.000000 0.998566
20.000000 30.000000 0.997360
30.000000 30.000000 0.994275
40.000000 30.000000 0.987814
50.000000 30.000000 0.975460
60.000000 30.000000 0.953597
70.000000 30.000000 0.917844
80.000000 30.000000 0.863840
90.000000 30.000000 0.787794
100.000000 30.000000 0.684725
110.000000 30.000000 0.556653
120.000000 30.000000 0.437934
130.000000 30.000000 0.308222
140.000000 30.000000 0.164635
150.000000 30.000000 0.120978
160.000000 30.000000 0.120239
170.000000 30.000000 0.098937
180.000000 30.000000 0.081444
190.000000 30.000000 0.077440
200.000000 30.000000 0.082386
210.000000 30.000000 0.084533
220.000000 30.000000 0.069550
230.000000 30.000000 0.048916
240.000000 30.000000 0.050905
250.000000 30.000000 0.060655
260.000000 30.000000 0.076668
270.000000 30.000000 0.079248
280.000000 30.000000 0.082472
290.000000 30.000000 0.077069
300.000000 30.000000 0.064438
310.000000 30.000000 0.059044
320.000000 30.000000 0.063729
330.000000 30.000000 0.082811
340.000000 30.000000 0.101921
350.000000 30.000000 0.149972
360.000000 30.000000 0.198763
370.000000 30.000000 0.268517
380.000000 30.000000 0.369931
390.000000 30.000000 0.520449
400.000000 30.000000 0.661699
410.000000 30.000000 0.775315
420.000000 30.000000 0.858874
430.000000 30.000000 0.915583
440.000000 30.000000 0.951724
450.000000 30.000000 0.973827
460.000000 30.000000 0.986661
470.000000 30.000000 0.993613
480.000000 30.000000 0.997036
490.000000 30.000000 0.998400
500.000000 30.000000 0.998400
0.000000 40.000000 0.996641
10.000000 40.000000 0.996641
20.000000 40.000000 0.994018
30.000000 40.000000 0.987498
40.000000 40.000000 0.974379
50.000000 40.000000 0.950436
60.000000 40.000000 0.910271
70.000000 40.000000 0.848494
80.000000 40.000000 0.761675
90.000000 40.000000 0.649182
100.000000 40.000000 0.499555
110.000000 40.000000 0.314639
120.000000 40.000000 0.242098
130.000000 40.000000 0.182807
140.000000 40.000000 0.097691
150.000000 40.000000 0.065805
160.000000 40.000000 0.071295
170.000000 40.000000 0.063689
180.000000 40.000000 0.061446
190.000000 40.000000 0.061983
200.000000 40.000000 0.064458
210.000000 40.000000 0.064935
220.000000 40.000000 0.058763
230.000000 40.000000 0.051150
240.000000 40.000000 0.059040
250.000000 40.000000 0.061306
260.000000 40.000000 0.067969
270.000000 40.000000 0.063345
280.000000 40.000000 0.070618
290.000000 40.000000 0.076119
300.000000 40.000000 0.064153
310.000000 40.000000 0.061148
320.000000 40.000000 0.079761
330.000000 40.000000 0.092900
340.000000 40.000000 0.080265
350.000000 40.000000 0.089670
360.000000 40.000000 0.092907
370.000000 40.000000 0.128201
380.000000 40.000000 0.206578
390.000000 40.000000 0.335717
400.000000 40.000000 0.480032
410.000000 40.000000 0.625617
420.000000 40.000000 0.751415
430.000000 40.000000 0.845698
440.000000 40.000000 0.908554
450.000000 40.000000 0.948789
460.000000 40.000000 0.973197
470.000000 40.000000 0.986892
480.000000 40.000000 0.993811
490.000000 40.000000 0.996613
500.000000 40.000000 0.996613
0.000000 50.000000 0.992602
10.000000 50.000000 0.992602
20.000000 50.000000 0.987264
30.000000 50.000000 0.974397
40.000000 50.000000 0.949638
50.000000 50.000000 0.906902
60.000000 50.000000 0.839890
70.000000 50.000000 0.744646
80.000000 50.000000 0.622254
90.000000 50.000000 0.484843
100.000000 50.000000 0.326336
110.000000 50.000000 0.170743
120.000000 50.000000 0.124579
130.000000 50.000000 0.100804
140.000000 50.000000 0.058213
150.000000 50.000000 0.039455
160.000000 50.000000 0.037476
170.000000 50.000000 0.035564
180.000000 50.000000 0.044151
190.000000 50.000000 0.048831
200.000000 50.000000 0.046003
210.000000 50.000000 0.040934
220.000000 50.000000 0.044411
230.000000 50.000000 0.051932
240.000000 50.000000 0.070245
250.000000 50.000000 0.076474
260.000000 50.000000 0.076488
270.000000 50.000000 0.062805
280.000000 50.000000 0.058968
290.000000 50.000000 0.061913
300.000000 50.000000 0.061843
310.000000 50.000000 0.071507
320.000000 50.000000 0.090120
330.000000 50.000000 0.092158
340.000000 50.000000 0.075276
350.000000 50.000000 0.068062
360.000000 50.000000 0.063263
370.000000 50.000000 0.070572
380.000000 50.000000 0.102079
390.000000 50.000000 0.184001
400.000000 50.000000 0.288420
410.000000 50.000000 0.429774
420.000000 50.000000 0.592247
430.000000 50.000000 0.737361
440.000000 50.000000 0.838702
450.000000 50.000000 0.906751
460.000000 50.000000 0.949919
470.000000 50.000000 0.974985
480.000000 50.000000 0.987969
490.000000 50.000000 0.993313
500.000000 50.000000 0.993313
0.000000 60.000000 0.984781
10.000000 60.000000 0.984781
20.000000 60.000000 0.974684
30.000000 60.000000 0.951141
40.000000 60.000000 0.908076
50.000000 60.000000 0.838653
60.000000 60.000000 0.739064
70.000000 60.000000 0.611155
80.000000 60.000000 0.457808
90.000000 60.000000 0.324790
100.000000 60.000000 0.229772
110.000000 60.000000 0.136526
120.000000 60.000000 0.090078
130.000000 60.000000 0.055043
140.000000 60.000000 0.037535
150.000000 60.000000 0.039736
160.000000 60.000000 0.039814
170.000000 60.000000 0.036853
180.000000 60.000000 0.044728
190.000000 60.000000 0.045917
200.000000 60.000000 0.036495
210.000000 60.000000 0.028426
220.000000 60.000000 0.029950
230.000000 60.000000 0.039124
240.000000 60.000000 0.064867
250.000000 60.000000 0.079060
260.000000 60.000000 0.079885
270.000000 60.000000 0.069099
280.000000 60.000000 0.054776
290.000000 60.000000 0.054827
300.000000 60.000000 0.060986
310.000000 60.000000 0.070925
320.000000 60.000000 0.069808
330.000000 60.000000 0.060941
340.000000 60.000000 0.059031
350.000000 60.000000 0.058726
360.000000 60.000000 0.053591
370.000000 60.000000 0.051364
380.000000 60.000000 0.057814
390.000000 60.000000 0.089543
400.000000 60.000000 0.148736
410.000000 60.000000 0.269259
420.000000 60.000000 0.428605
430.000000 60.000000 0.603837
440.000000 60.000000 0.741277
450.000000 60.000000 0.843836
460.000000 60.000000 0.913454
470.000000 60.000000 0.955653
480.000000 60.000000 0.978177
490.000000 60.000000 0.987633
500.000000 60.000000 0.987633
0.000000 70.000000 0.970804
10.000000 70.000000 0.970804
20.000000 70.000000 0.953074
30.000000 70.000000 0.913135
40.000000 70.000000 0.844021
50.000000 70.000000 0.741248
60.000000 70.000000 0.609732
70.000000 70.000000 0.458975
80.000000 70.000000 0.261439
90.000000 70.000000 0.158728
100.000000 70.000000 0.137711
110.000000 70.000000 0.089775
120.000000 70.000000 0.052707
130.000000 70.000000 0.039234
140.000000 70.000000 0.037070
150.000000 70.000000 0.046968
160.000000 70.000000 0.044768
170.000000 70.000000 0.043889
180.000000 70.000000 0.048820
190.000000 70.000000 0.048112
200.000000 70.000000 0.040971
210.000000 70.000000 0.028012
220.000000 70.000000 0.028127
230.000000 70.000000 0.038085
240.000000 70.000000 0.060176
250.000000 70.000000 0.078496
260.000000 70.000000 0.084544
270.000000 70.000000 0.077844
280.000000 70.000000 0.054364
290.000000 70.000000 0.053766
300.000000 70.000000 0.066438
310.000000 70.000000 0.058192
320.000000 70.000000 0.048005
330.000000 70.000000 0.048106
340.000000 70.000000 0.046396
350.000000 70.000000 0.044228
360.000000 70.000000 0.042856
370.000000 70.000000 0.039857
380.000000 70.000000 0.042320
390.000000 70.000000 0.064765
400.000000 70.000000 0.113879
410.000000 70.000000 0.200452
420.000000 70.000000 0.326243
430.000000 70.000000 0.475102
440.000000 70.000000 0.619912
450.000000 70.000000 0.756992
460.000000 70.000000 0.860084
470.000000 70.000000 0.925948
480.000000 70.000000 0.962479
490.000000 70.000000 0.978222
500.000000 70.000000 0.978222
0.000000 80.000000 0.947701
10.000000 80.000000 0.947701
20.000000 80.000000 0.918708
30.000000 80.000000 0.855477
40.000000 80.000000 0.751943
50.000000 80.000000 0.610764
60.000000 80.000000 0.458892
70.000000 80.000000 0.325969
80.000000 80.000000 0.179336
90.000000 80.000000 0.105597
100.000000 80.000000 0.094799
110.000000 80.000000 0.070155
120.000000 80.000000 0.047761
130.000000 80.000000 0.047739
140.000000 80.000000 0.049674
150.000000 80.000000 0.049338
160.000000 80.000000 0.034946
170.000000 80.000000 0.031121
180.000000 80.000000 0.033065
190.000000 80.000000 0.035879
200.000000 80.000000 0.035365
210.000000 80.000000 0.027165
220.000000 80.000000 0.030508
230.000000 80.000000 0.041520
240.000000 80.000000 0.051033
250.000000 80.000000 0.069334
260.000000 80.000000 0.080443
270.000000 80.000000 0.079285
280.000000 80.000000 0.061064
290.000000 80.000000 0.049717
300.000000 80.000000 0.051576
310.000000 80.000000 0.044865
320.000000 80.000000 0.036790
330.000000 80.000000 0.039257
340.000000 80.000000 0.037962
350.000000 80.000000 0.036433
360.000000 80.000000 0.033848
370.000000 80.000000 0.034820
380.000000 80.000000 0.045314
390.000000 80.000000 0.072842
400.000000 80.000000 0.112559
410.000000 80.000000 0.169258
420.000000 80.000000 0.249238
430.000000 80.000000 0.342507
440.000000 80.000000 0.444988
450.000000 80.000000 0.630677
460.000000 80.000000 0.782072
470.000000 80.000000 0.880702
480.000000 80.000000 0.937558
490.000000 80.000000 0.962825
500.000000 80.000000 0.962825
0.000000 90.000000 0.912206
10.000000 90.000000 0.912206
20.000000 90.000000 0.867778
30.000000 90.000000 0.773290
40.000000 90.000000 0.625036
50.000000 90.000000 0.431206
60.000000 90.000000 0.269579
70.000000 90.000000 0.210797
80.000000 90.000000 0.150656
90.000000 90.000000 0.104744
100.000000 90.000000 0.081012
110.000000 90.000000 0.067153
120.000000 90.000000 0.061354
130.000000 90.000000 0.059801
140.000000 90.000000 0.056490
150.000000 90.000000 0.049774
160.000000 90.000000 0.037631
170.000000 90.000000 0.032365
180.000000 90.000000 0.028089
190.000000 90.000000 0.028169
200.000000 90.000000 0.026052
210.000000 90.000000 0.027920
220.000000 90.000000 0.040301
230.000000 90.000000 0.045437
240.000000 90.000000 0.040063
250.000000 90.000000 0.052736
260.000000 90.000000 0.068021
270.000000 90.000000 0.068550
280.000000 90.000000 0.054550
290.000000 90.000000 0.036770
300.000000 90.000000 0.033997
310.000000 90.000000 0.032077
320.000000 90.000000 0.030276
330.000000 90.000000 0.030763
340.000000 90.000000 0.033974
350.000000 90.000000 0.040063
360.000000 90.000000 0.039135
370.000000 90.000000 0.045129
380.000000 90.000000 0.057565
390.000000 90.000000 0.074545
400.000000 90.000000 0.103927
410.000000 90.000000 0.142045
420.000000 90.000000 0.181181
430.000000 90.000000 0.198445
440.000000 90.000000 0.243780
450.000000 90.000000 0.440508
460.000000 90.000000 0.668657
470.000000 90.000000 0.812435
480.000000 90.000000 0.898631
490.000000 90.000000 0.938256
500.000000 90.000000 0.938256
0.000000 100.000000 0.861300
10.000000 100.000000 0.861300
20.000000 100.000000 0.797777
30.000000 100.000000 0.666435
40.000000 100.000000 0.475067
50.000000 100.000000 0.269001
60.000000 100.000000 0.146010
70.000000 100.000000 0.127597
80.000000 100.000000 0.111101
90.000000 100.000000 0.085733
100.000000 100.000000 0.056539
110.000000 100.000000 0.046003
120.000000 100.000000 0.057683
130.000000 100.000000 0.063865
140.000000 100.000000 0.063151
150.000000 100.000000 0.056100
160.000000 100.000000 0.048592
170.000000 100.000000 0.044211
180.000000 100.000000 0.040691
190.000000 100.000000 0.038208
200.000000 100.000000 0.030526
210.000000 100.000000 0.028524
220.000000 100.000000 0.042176
230.000000 100.000000 0.052768
240.000000 100.000000 0.042007
250.000000 100.000000 0.045702
260.000000 100.000000 0.053638
270.000000 100.000000 0.047250
280.000000 100.000000 0.033806
290.000000 100.000000 0.029496
300.000000 100.000000 0.032379
310.000000 100.000000 0.029828
320.000000 100.000000 0.031327
330.000000 100.000000 0.027919
340.000000 100.000000 0.030454
350.000000 100.000000 0.042959
360.000000 100.000000 0.050956
370.000000 100.000000 0.054564
380.000000 100.000000 0.052772
390.000000 100.000000 0.052450
400.000000 100.000000 0.081458
410.000000 100.000000 0.117650
420.000000 100.000000 0.137728
430.000000 100.000000 0.140869
440.000000 100.000000 0.170498
450.000000 100.000000 0.333057
460.000000 100.000000 0.537064
470.000000 100.000000 0.718794
480.000000 100.000000 0.842446
490.000000 100.000000 0.901988
500.000000 100.000000 0.901988
0.000000 110.000000 0.792762
10.000000 110.000000 0.792762
20.000000 110.000000 0.709805
30.000000 110.000000 0.548417
40.000000 110.000000 0.342918
50.000000 110.000000 0.195426
60.000000 110.000000 0.120575
70.000000 110.000000 0.100088
80.000000 110.000000 0.087608
90.000000 110.000000 0.070412
100.000000 110.000000 0.042699
110.000000 110.000000 0.033205
120.000000 110.000000 0.047690
130.000000 110.000000 0.060475
140.000000 110.000000 0.068122
150.000000 110.000000 0.066131
160.000000 110.000000 0.059901
170.000000 110.000000 0.054489
180.000000 110.000000 0.051185
190.000000 110.000000 0.048704
200.000000 110.000000 0.041380
210.000000 110.000000 0.033295
220.000000 110.000000 0.045457
230.000000 110.000000 0.066979
240.000000 110.000000 0.065569
250.000000 110.000000 0.060973
260.000000 110.000000 0.053566
270.000000 110.000000 0.043450
280.000000 110.000000 0.031089
290.000000 110.000000 0.030986
300.000000 110.000000 0.034486
310.000000 110.000000 0.035976
320.000000 110.000000 0.037152
330.000000 110.000000 0.030988
340.000000 110.000000 0.033118
350.000000 110.000000 0.047842
360.000000 110.000000 0.054155
370.000000 110.000000 0.056209
380.000000 110.000000 0.049884
390.000000 110.000000 0.044905
400.000000 110.000000 0.068053
410.000000 110.000000 0.096656
420.000000 110.000000 0.107067
430.000000 110.000000 0.106788
440.000000 110.000000 0.128587
450.000000 110.000000 0.213615
460.000000 110.000000 0.346729
470.000000 110.000000 0.589518
480.000000 110.000000 0.768668
490.000000 110.000000 0.853952
500.000000 110.000000 0.853952
0.000000 120.000000 0.703072
10.000000 120.000000 0.703072
20.000000 120.000000 0.600029
30.000000 120.000000 0.413600
40.000000 120.000000 0.207942
50.000000 120.000000 0.126254
60.000000 120.000000 0.094499
70.000000 120.000000 0.080548
80.000000 120.000000 0.071882
90.000000 120.000000 0.059644
100.000000 120.000000 0.037761
110.000000 120.000000 0.029006
120.000000 120.000000 0.042422
130.000000 120.000000 0.057138
140.000000 120.000000 0.069619
150.000000 120.000000 0.072222
160.000000 120.000000 0.068069
170.000000 120.000000 0.062936
180.000000 120.000000 0.059944
190.000000 120.000000 0.058505
200.000000 120.000000 0.055635
210.000000 120.000000 0.051162
220.000000 120.000000 0.059618
230.000000 120.000000 0.071823
240.000000 120.000000 0.072090
250.000000 120.000000 0.063425
260.000000 120.000000 0.052691
270.000000 120.000000 0.043161
280.000000 120.000000 0.035341
290.000000 120.000000 0.033486
300.000000 120.000000 0.035378
310.000000 120.000000 0.039486
320.000000 120.000000 0.043964
330.000000 120.000000 0.044595
340.000000 120.000000 0.043664
350.000000 120.000000 0.044333
360.000000 120.000000 0.041554
370.000000 120.000000 0.049366
380.000000 120.000000 0.052860
390.000000 120.000000 0.056558
400.000000 120.000000 0.068552
410.000000 120.000000 0.079137
420.000000 120.000000 0.083877
430.000000 120.000000 0.083906
440.000000 120.000000 0.094837
450.000000 120.000000 0.130654
460.000000 120.000000 0.218210
470.000000 120.000000 0.452459
480.000000 120.000000 0.680790
490.000000 120.000000 0.794621
500.000000 120.000000 0.794621
0.000000 130.000000 0.588060
10.000000 130.000000 0.588060
20.000000 130.000000 0.458297
30.000000 130.000000 0.273196
40.000000 130.000000 0.124622
50.000000 130.000000 0.069374
60.000000 130.000000 0.052874
70.000000 130.000000 0.056922
80.000000 130.000000 0.056597
90.000000 130.000000 0.047797
100.000000 130.000000 0.033050
110.000000 130.000000 0.029549
120.000000 130.000000 0.044348
130.000000 130.000000 0.058642
140.000000 130.000000 0.069104
150.000000 130.000000 0.072030
160.000000 130.000000 0.069747
170.000000 130.000000 0.066288
180.000000 130.000000 0.064563
190.000000 130.000000 0.064373
200.000000 130.000000 0.063217
210.000000 130.000000 0.060699
220.000000 130.000000 0.059035
230.000000 130.000000 0.059312
240.000000 130.000000 0.056097
250.000000 130.000000 0.047312
260.000000 130.000000 0.040336
270.000000 130.000000 0.028611
280.000000 130.000000 0.024088
290.000000 130.000000 0.025663
300.000000 130.000000 0.030875
310.000000 130.000000 0.040283
320.000000 130.000000 0.050583
330.000000 130.000000 0.052938
340.000000 130.000000 0.047440
350.000000 130.000000 0.039367
360.000000 130.000000 0.032272
370.000000 130.000000 0.032985
380.000000 130.000000 0.037132
390.000000 130.000000 0.052099
400.000000 130.000000 0.058900
410.000000 130.000000 0.061521
420.000000 130.000000 0.066794
430.000000 130.000000 0.071941
440.000000 130.000000 0.083736
450.000000 130.000000 0.118553
460.000000 130.000000 0.200411
470.000000 130.000000 0.387196
480.000000 130.000000 0.578806
490.000000 130.000000 0.719290
500.000000 130.000000 0.719290
0.000000 140.000000 0.467294
10.000000 140.000000 0.467294
20.000000 140.000000 0.330428
30.000000 140.000000 0.191249
40.000000 140.000000 0.103745
50.000000 140.000000 0.056462
60.000000 140.000000 0.038589
70.000000 140.000000 0.044774
80.000000 140.000000 0.046208
90.000000 140.000000 0.038555
100.000000 140.000000 0.037176
110.000000 140.000000 0.042736
120.000000 140.000000 0.052796
130.000000 140.000000 0.060551
140.000000 140.000000 0.064741
150.000000 140.000000 0.065345
160.000000 140.000000 0.064395
170.000000 140.000000 0.063113
180.000000 140.000000 0.062591
190.000000 140.000000 0.062569
200.000000 140.000000 0.061447
210.000000 140.000000 0.057177
220.000000 140.000000 0.042224
230.000000 140.000000 0.033986
240.000000 140.000000 0.031064
250.000000 140.000000 0.030160
260.000000 140.000000 0.035815
270.000000 140.000000 0.027682
280.000000 140.000000 0.023033
290.000000 140.000000 0.021251
300.000000 140.000000 0.023667
310.000000 140.000000 0.029651
320.000000 140.000000 0.043967
330.000000 140.000000 0.055064
340.000000 140.000000 0.051883
350.000000 140.000000 0.049066
360.000000 140.000000 0.044217
370.000000 140.000000 0.038093
380.000000 140.000000 0.036653
390.000000 140.000000 0.049497
400.000000 140.000000 0.049430
410.000000 140.000000 0.043599
420.000000 140.000000 0.052362
430.000000 140.000000 0.061812
440.000000 140.000000 0.068166
450.000000 140.000000 0.098221
460.000000 140.000000 0.167445
470.000000 140.000000 0.257118
480.000000 140.000000 0.388582
490.000000 140.000000 0.602811
500.000000 140.000000 0.602811
0.000000 150.000000 0.353077
10.000000 150.000000 0.353077
20.000000 150.000000 0.215123
30.000000 150.000000 0.117194
40.000000 150.000000 0.083696
50.000000 150.000000 0.058959
60.000000 150.000000 0.047527
70.000000 150.000000 0.047502
80.000000 150.000000 0.039450
90.000000 150.000000 0.027625
100.000000 150.000000 0.034011
110.000000 150.000000 0.048923
120.000000 150.000000 0.057412
130.000000 150.000000 0.059892
140.000000 150.000000 0.059083
150.000000 150.000000 0.057568
160.000000 150.000000 0.056961
170.000000 150.000000 0.056240
180.000000 150.000000 0.054292
190.000000 150.000000 0.052811
200.000000 150.000000 0.053160
210.000000 150.000000 0.052761
220.000000 150.000000 0.041176
230.000000 150.000000 0.033555
240.000000 150.000000 0.031446
250.000000 150.000000 0.032475
260.000000 150.000000 0.039858
270.000000 150.000000 0.036913
280.000000 150.000000 0.033939
290.000000 150.000000 0.030691
300.000000 150.000000 0.032331
310.000000 150.000000 0.033503
320.000000 150.000000 0.045328
330.000000 150.000000 0.054393
340.000000 150.000000 0.055089
350.000000 150.000000 0.058223
360.000000 150.000000 0.059121
370.000000 150.000000 0.054886
380.000000 150.000000 0.051757
390.000000 150.000000 0.052457
400.000000 150.000000 0.041805
410.000000 150.000000 0.030295
420.000000 150.000000 0.039819
430.000000 150.000000 0.055468
440.000000 150.000000 0.057658
450.000000 150.000000 0.080156
460.000000 150.000000 0.133861
470.000000 150.000000 0.184543
480.000000 150.000000 0.283640
490.000000 150.000000 0.497201
500.000000 150.000000 0.497201
0.000000 160.000000 0.241606
10.000000 160.000000 0.241606
20.000000 160.000000 0.138650
30.000000 160.000000 0.077162
40.000000 160.000000 0.064005
50.000000 160.000000 0.051876
60.000000 160.000000 0.046229
70.000000 160.000000 0.047152
80.000000 160.000000 0.040284
90.000000 160.000000 0.029524
100.000000 160.000000 0.037082
110.000000 160.000000 0.052503
120.000000 160.000000 0.059443
130.000000 160.000000 0.059189
140.000000 160.000000 0.056349
150.000000 160.000000 0.053622
160.000000 160.000000 0.051740
170.000000 160.000000 0.047885
180.000000 160.000000 0.038168
190.000000 160.000000 0.036861
200.000000 160.000000 0.045987
210.000000 160.000000 0.054072
220.000000 160.000000 0.056344
230.000000 160.000000 0.054019
240.000000 160.000000 0.048941
250.000000 160.000000 0.041987
260.000000 160.000000 0.032465
270.000000 160.000000 0.026467
280.000000 160.000000 0.028637
290.000000 160.000000 0.032977
300.000000 160.000000 0.041593
310.000000 160.000000 0.047927
320.000000 160.000000 0.050783
330.000000 160.000000 0.043825
340.000000 160.000000 0.048774
350.000000 160.000000 0.058698
360.000000 160.000000 0.060010
370.000000 160.000000 0.054056
380.000000 160.000000 0.046715
390.000000 160.000000 0.047491
400.000000 160.000000 0.040091
410.000000 160.000000 0.028203
420.000000 160.000000 0.039368
430.000000 160.000000 0.059757
440.000000 160.000000 0.067041
450.000000 160.000000 0.083676
460.000000 160.000000 0.117288
470.000000 160.000000 0.146894
480.000000 160.000000 0.209863
490.000000 160.000000 0.383432
500.000000 160.000000 0.383432
0.000000 170.000000 0.155070
10.000000 170.000000 0.155070
20.000000 170.000000 0.111343
30.000000 170.000000 0.072801
40.000000 170.000000 0.055296
50.000000 170.000000 0.039055
60.000000 170.000000 0.029682
70.000000 170.000000 0.037000
80.000000 170.000000 0.041467
90.000000 170.000000 0.039966
100.000000 170.000000 0.044865
110.000000 170.000000 0.054447
120.000000 170.000000 0.057574
130.000000 170.000000 0.056484
140.000000 170.000000 0.055627
150.000000 170.000000 0.053227
160.000000 170.000000 0.048320
170.000000 170.000000 0.037387
180.000000 170.000000 0.024666
190.000000 170.000000 0.026543
200.000000 170.000000 0.044546
210.000000 170.000000 0.059010
220.000000 170.000000 0.065516
230.000000 170.000000 0.063029
240.000000 170.000000 0.052714
250.000000 170.000000 0.033914
260.000000 170.000000 0.022883
270.000000 170.000000 0.020968
280.000000 170.000000 0.020468
290.000000 170.000000 0.023154
300.000000 170.000000 0.029988
310.000000 170.000000 0.041772
320.000000 170.000000 0.046444
330.000000 170.000000 0.035277
340.000000 170.000000 0.040575
350.000000 170.000000 0.053947
360.000000 170.000000 0.052775
370.000000 170.000000 0.042770
380.000000 170.000000 0.032798
390.000000 170.000000 0.032049
400.000000 170.000000 0.028524
410.000000 170.000000 0.024821
420.000000 170.000000 0.036042
430.000000 170.000000 0.063189
440.000000 170.000000 0.078799
450.000000 170.000000 0.089013
460.000000 170.000000 0.103058
470.000000 170.000000 0.122564
480.000000 170.000000 0.165344
490.000000 170.000000 0.285723
500.000000 170.000000 0.285723
0.000000 180.000000 0.086903
10.000000 180.000000 0.086903
20.000000 180.000000 0.075023
30.000000 180.000000 0.062300
40.000000 180.000000 0.052029
50.000000 180.000000 0.037604
60.000000 180.000000 0.025646
70.000000 180.000000 0.032732
80.000000 180.000000 0.040549
90.000000 180.000000 0.043915
100.000000 180.000000 0.048889
110.000000 180.000000 0.053098
120.000000 180.000000 0.044914
130.000000 180.000000 0.043717
140.000000 180.000000 0.052268
150.000000 180.000000 0.051674
160.000000 180.000000 0.041137
170.000000 180.000000 0.025027
180.000000 180.000000 0.020577
190.000000 180.000000 0.029121
200.000000 180.000000 0.046718
210.000000 180.000000 0.063438
220.000000 180.000000 0.070254
230.000000 180.000000 0.065347
240.000000 180.000000 0.050145
250.000000 180.000000 0.026496
260.000000 180.000000 0.021382
270.000000 180.000000 0.028519
280.000000 180.000000 0.028066
290.000000 180.000000 0.028463
300.000000 180.000000 0.030776
310.000000 180.000000 0.044026
320.000000 180.000000 0.054426
330.000000 180.000000 0.047379
340.000000 180.000000 0.050041
350.000000 180.000000 0.054480
360.000000 180.000000 0.050445
370.000000 180.000000 0.043651
380.000000 180.000000 0.035383
390.000000 180.000000 0.028770
400.000000 180.000000 0.023903
410.000000 180.000000 0.026847
420.000000 180.000000 0.038618
430.000000 180.000000 0.063482
440.000000 180.000000 0.080089
450.000000 180.000000 0.079952
460.000000 180.000000 0.078710
470.000000 180.000000 0.097657
480.000000 180.000000 0.136616
490.000000 180.000000 0.201218
500.000000 180.000000 0.201218
0.000000 190.000000 0.054403
10.000000 190.000000 0.054403
20.000000 190.000000 0.054792
30.000000 190.000000 0.056709
40.000000 190.000000 0.054143
50.000000 190.000000 0.041745
60.000000 190.000000 0.028823
70.000000 190.000000 0.035238
80.000000 190.000000 0.046198
90.000000 190.000000 0.052084
100.000000 190.000000 0.056043
110.000000 190.000000 0.054419
120.000000 190.000000 0.037651
130.000000 190.000000 0.035778
140.000000 190.000000 0.049042
150.000000 190.000000 0.045293
160.000000 190.000000 0.029959
170.000000 190.000000 0.021559
180.000000 190.000000 0.023104
190.000000 190.000000 0.033058
200.000000 190.000000 0.048437
210.000000 190.000000 0.063024
220.000000 190.000000 0.068741
230.000000 190.000000 0.063423
240.000000 190.000000 0.046838
250.000000 190.000000 0.024139
260.000000 190.000000 0.022601
270.000000 190.000000 0.033552
280.000000 190.000000 0.037710
290.000000 190.000000 0.040346
300.000000 190.000000 0.046584
310.000000 190.000000 0.057516
320.000000 190.000000 0.063029
330.000000 190.000000 0.058109
340.000000 190.000000 0.056191
350.000000 190.000000 0.059024
360.000000 190.000000 0.058447
370.000000 190.000000 0.056040
380.000000 190.000000 0.050615
390.000000 190.000000 0.040082
400.000000 190.000000 0.031099
410.000000 190.000000 0.031046
420.000000 190.000000 0.037946
430.000000 190.000000 0.061797
440.000000 190.000000 0.078559
450.000000 190.000000 0.069582
460.000000 190.000000 0.060806
470.000000 190.000000 0.082055
480.000000 190.000000 0.114129
490.000000 190.000000 0.156285
500.000000 190.000000 0.156285
0.000000 200.000000 0.035839
10.000000 200.000000 0.035839
20.000000 200.000000 0.041439
30.000000 200.000000 0.049744
40.000000 200.000000 0.055995
50.000000 200.000000 0.052393
60.000000 200.000000 0.042120
70.000000 200.000000 0.049237
80.000000 200.000000 0.059056
90.000000 200.000000 0.063547
100.000000 200.000000 0.064602
110.000000 200.000000 0.061046
120.000000 200.000000 0.049966
130.000000 200.000000 0.047006
140.000000 200.000000 0.051452
150.000000 200.000000 0.042122
160.000000 200.000000 0.027305
170.000000 200.000000 0.025566
180.000000 200.000000 0.027938
190.000000 200.000000 0.035497
200.000000 200.000000 0.047188
210.000000 200.000000 0.053679
220.000000 200.000000 0.058841
230.000000 200.000000 0.058496
240.000000 200.000000 0.044367
250.000000 200.000000 0.023537
260.000000 200.000000 0.022127
270.000000 200.000000 0.034115
280.000000 200.000000 0.036340
290.000000 200.000000 0.035843
300.000000 200.000000 0.044413
310.000000 200.000000 0.054516
320.000000 200.000000 0.057744
330.000000 200.000000 0.046528
340.000000 200.000000 0.041602
350.000000 200.000000 0.056821
360.000000 200.000000 0.067477
370.000000 200.000000 0.067942
380.000000 200.000000 0.059233
390.000000 200.000000 0.046867
400.000000 200.000000 0.038627
410.000000 200.000000 0.035616
420.000000 200.000000 0.038320
430.000000 200.000000 0.060712
440.000000 200.000000 0.073898
450.000000 200.000000 0.057152
460.000000 200.000000 0.047128
470.000000 200.000000 0.068517
480.000000 200.000000 0.102113
490.000000 200.000000 0.131615
500.000000 200.000000 0.131615
0.000000 210.000000 0.033799
10.000000 210.000000 0.033799
20.000000 210.000000 0.031651
30.000000 210.000000 0.033810
40.000000 210.000000 0.051769
50.000000 210.000000 0.065470
60.000000 210.000000 0.066105
70.000000 210.000000 0.067944
80.000000 210.000000 0.070578
90.000000 210.000000 0.070241
100.000000 210.000000 0.066965
110.000000 210.000000 0.061097
120.000000 210.000000 0.054639
130.000000 210.000000 0.052034
140.000000 210.000000 0.051504
150.000000 210.000000 0.044637
160.000000 210.000000 0.035940
170.000000 210.000000 0.033664
180.000000 210.000000 0.025858
190.000000 210.000000 0.028573
200.000000 210.000000 0.035336
210.000000 210.000000 0.039514
220.000000 210.000000 0.048140
230.000000 210.000000 0.053635
240.000000 210.000000 0.044151
250.000000 210.000000 0.025032
260.000000 210.000000 0.020623
270.000000 210.000000 0.032712
280.000000 210.000000 0.035404
290.000000 210.000000 0.032632
300.000000 210.000000 0.035637
310.000000 210.000000 0.039293
320.000000 210.000000 0.037009
330.000000 210.000000 0.032716
340.000000 210.000000 0.036569
350.000000 210.000000 0.055577
360.000000 210.000000 0.070828
370.000000 210.000000 0.072710
380.000000 210.000000 0.062495
390.000000 210.000000 0.049648
400.000000 210.000000 0.042533
410.000000 210.000000 0.040215
420.000000 210.000000 0.044947
430.000000 210.000000 0.067804
440.000000 210.000000 0.082265
450.000000 210.000000 0.068392
460.000000 210.000000 0.048680
470.000000 210.000000 0.052804
480.000000 210.000000 0.085395
490.000000 210.000000 0.113140
500.000000 210.000000 0.113140
0.000000 220.000000 0.053489
10.000000 220.000000 0.053489
20.000000 220.000000 0.041193
30.000000 220.000000 0.033297
40.000000 220.000000 0.051132
50.000000 220.000000 0.065016
60.000000 220.000000 0.060307
70.000000 220.000000 0.065550
80.000000 220.000000 0.069662
90.000000 220.000000 0.066421
100.000000 220.000000 0.058252
110.000000 220.000000 0.049431
120.000000 220.000000 0.045896
130.000000 220.000000 0.045327
140.000000 220.000000 0.044155
150.000000 220.000000 0.033602
160.000000 220.000000 0.032257
170.000000 220.000000 0.035941
180.000000 220.000000 0.024524
190.000000 220.000000 0.021972
200.000000 220.000000 0.024704
210.000000 220.000000 0.032813
220.000000 220.000000 0.048097
230.000000 220.000000 0.052099
240.000000 220.000000 0.042177
250.000000 220.000000 0.025755
260.000000 220.000000 0.020290
270.000000 220.000000 0.033846
280.000000 220.000000 0.042738
290.000000 220.000000 0.041683
300.000000 220.000000 0.035394
310.000000 220.000000 0.028172
320.000000 220.000000 0.027490
330.000000 220.000000 0.035581
340.000000 220.000000 0.052505
350.000000 220.000000 0.066134
360.000000 220.000000 0.074685
370.000000 220.000000 0.070965
380.000000 220.000000 0.059247
390.000000 220.000000 0.046317
400.000000 220.000000 0.042612
410.000000 220.000000 0.051300
420.000000 220.000000 0.064239
430.000000 220.000000 0.087172
440.000000 220.000000 0.090669
450.000000 220.000000 0.079157
460.000000 220.000000 0.060736
470.000000 220.000000 0.054817
480.000000 220.000000 0.078711
490.000000 220.000000 0.096573
500.000000 220.000000 0.096573
0.000000 230.000000 0.061054
10.000000 230.000000 0.061054
20.000000 230.000000 0.046460
30.000000 230.000000 0.035250
40.000000 230.000000 0.049090
50.000000 230.000000 0.056547
60.000000 230.000000 0.045572
70.000000 230.000000 0.051469
80.000000 230.000000 0.061335
90.000000 230.000000 0.055864
100.000000 230.000000 0.038659
110.000000 230.000000 0.027376
120.000000 230.000000 0.030429
130.000000 230.000000 0.034502
140.000000 230.000000 0.036359
150.000000 230.000000 0.026893
160.000000 230.000000 0.029033
170.000000 230.000000 0.040380
180.000000 230.000000 0.036050
190.000000 230.000000 0.032245
200.000000 230.000000 0.032203
210.000000 230.000000 0.042167
220.000000 230.000000 0.052955
230.000000 230.000000 0.051144
240.000000 230.000000 0.038227
250.000000 230.000000 0.024240
260.000000 230.000000 0.019782
270.000000 230.000000 0.030425
280.000000 230.000000 0.044537
290.000000 230.000000 0.046472
300.000000 230.000000 0.034615
310.000000 230.000000 0.025380
320.000000 230.000000 0.033666
330.000000 230.000000 0.051586
340.000000 230.000000 0.064510
350.000000 230.000000 0.071906
360.000000 230.000000 0.070871
370.000000 230.000000 0.051889
380.000000 230.000000 0.037407
390.000000 230.000000 0.031776
400.000000 230.000000 0.034765
410.000000 230.000000 0.050896
420.000000 230.000000 0.058461
430.000000 230.000000 0.063747
440.000000 230.000000 0.061401
450.000000 230.000000 0.062730
460.000000 230.000000 0.070732
470.000000 230.000000 0.075398
480.000000 230.000000 0.082258
490.000000 230.000000 0.083179
500.000000 230.000000 0.083179
0.000000 240.000000 0.063406
10.000000 240.000000 0.063406
20.000000 240.000000 0.055274
30.000000 240.000000 0.046682
40.000000 240.000000 0.059723
50.000000 240.000000 0.067445
60.000000 240.000000 0.056884
70.000000 240.000000 0.058698
80.000000 240.000000 0.058630
90.000000 240.000000 0.049024
100.000000 240.000000 0.032422
110.000000 240.000000 0.020528
120.000000 240.000000 0.023161
130.000000 240.000000 0.028798
140.000000 240.000000 0.036166
150.000000 240.000000 0.036726
160.000000 240.000000 0.040542
170.000000 240.000000 0.047862
180.000000 240.000000 0.047645
190.000000 240.000000 0.045535
200.000000 240.000000 0.048459
210.000000 240.000000 0.054641
220.000000 240.000000 0.055692
230.000000 240.000000 0.046105
240.000000 240.000000 0.028024
250.000000 240.000000 0.019531
260.000000 240.000000 0.022531
270.000000 240.000000 0.033450
280.000000 240.000000 0.044290
290.000000 240.000000 0.046195
300.000000 240.000000 0.036789
310.000000 240.000000 0.025229
320.000000 240.000000 0.037789
330.000000 240.000000 0.061570
340.000000 240.000000 0.070540
350.000000 240.000000 0.070495
360.000000 240.000000 0.061285
370.000000 240.000000 0.038617
380.000000 240.000000 0.027542
390.000000 240.000000 0.027587
400.000000 240.000000 0.037837
410.000000 240.000000 0.052483
420.000000 240.000000 0.043728
430.000000 240.000000 0.037958
440.000000 240.000000 0.040178
450.000000 240.000000 0.052812
460.000000 240.000000 0.071766
470.000000 240.000000 0.079229
480.000000 240.000000 0.082756
490.000000 240.000000 0.081966
500.000000 240.000000 0.081966
0.000000 250.000000 0.064503
10.000000 250.000000 0.064503
20.000000 250.000000 0.068020
30.000000 250.000000 0.070634
40.000000 250.000000 0.077333
50.000000 250.000000 0.082273
60.000000 250.000000 0.078515
70.000000 250.000000 0.071366
80.000000 250.000000 0.060766
90.000000 250.000000 0.049029
100.000000 250.000000 0.035703
110.000000 250.000000 0.021968
120.000000 250.000000 0.021420
130.000000 250.000000 0.028269
140.000000 250.000000 0.037628
150.000000 250.000000 0.045849
160.000000 250.000000 0.051500
170.000000 250.000000 0.057014
180.000000 250.000000 0.058889
190.000000 250.000000 0.058581
200.000000 250.000000 0.060889
210.000000 250.000000 0.062507
220.000000 250.000000 0.054636
230.000000 250.000000 0.034245
240.000000 250.000000 0.023579
250.000000 250.000000 0.023133
260.000000 250.000000 0.030419
270.000000 250.000000 0.037963
280.000000 250.000000 0.046176
290.000000 250.000000 0.046499
300.000000 250.000000 0.036667
310.000000 250.000000 0.025256
320.000000 250.000000 0.032828
330.000000 250.000000 0.059867
340.000000 250.000000 0.070745
350.000000 250.000000 0.066679
360.000000 250.000000 0.052000
370.000000 250.000000 0.031112
380.000000 250.000000 0.024915
390.000000 250.000000 0.027350
400.000000 250.000000 0.038240
410.000000 250.000000 0.054738
420.000000 250.000000 0.051318
430.000000 250.000000 0.038698
440.000000 250.000000 0.037708
450.000000 250.000000 0.054915
460.000000 250.000000 0.070008
470.000000 250.000000 0.067376
480.000000 250.000000 0.075627
490.000000 250.000000 0.086761
500.000000 250.000000 0.086761
0.000000 260.000000 0.064216
10.000000 260.000000 0.064216
20.000000 260.000000 0.069757
30.000000 260.000000 0.077060
40.000000 260.000000 0.083790
50.000000 260.000000 0.088107
60.000000 260.000000 0.086223
70.000000 260.000000 0.077690
80.000000 260.000000 0.065172
90.000000 260.000000 0.055402
100.000000 260.000000 0.046176
110.000000 260.000000 0.027803
120.000000 260.000000 0.023314
130.000000 260.000000 0.029244
140.000000 260.000000 0.037947
150.000000 260.000000 0.049086
160.000000 260.000000 0.057601
170.000000 260.000000 0.064886
180.000000 260.000000 0.068260
190.000000 260.000000 0.068768
200.000000 260.000000 0.070595
210.000000 260.000000 0.070634
220.000000 260.000000 0.059210
230.000000 260.000000 0.036092
240.000000 260.000000 0.030659
250.000000 260.000000 0.033185
260.000000 260.000000 0.029508
270.000000 260.000000 0.030142
280.000000 260.000000 0.044086
290.000000 260.000000 0.047983
300.000000 260.000000 0.040883
310.000000 260.000000 0.030440
320.000000 260.000000 0.029039
330.000000 260.000000 0.046599
340.000000 260.000000 0.064328
350.000000 260.000000 0.062870
360.000000 260.000000 0.046327
370.000000 260.000000 0.028546
380.000000 260.000000 0.026631
390.000000 260.000000 0.027803
400.000000 260.000000 0.031865
410.000000 260.000000 0.048641
420.000000 260.000000 0.065745
430.000000 260.000000 0.055792
440.000000 260.000000 0.048132
450.000000 260.000000 0.061075
460.000000 260.000000 0.066744
470.000000 260.000000 0.055328
480.000000 260.000000 0.063313
490.000000 260.000000 0.086729
500.000000 260.000000 0.086729
0.000000 270.000000 0.059472
10.000000 270.000000 0.059472
20.000000 270.000000 0.059633
30.000000 270.000000 0.071276
40.000000 270.000000 0.079750
50.000000 270.000000 0.086184
60.000000 270.000000 0.086788
70.000000 270.000000 0.079744
80.000000 270.000000 0.068379
90.000000 270.000000 0.060139
100.000000 270.000000 0.053303
110.000000 270.000000 0.032419
120.000000 270.000000 0.023254
130.000000 270.000000 0.029009
140.000000 270.000000 0.036241
150.000000 270.000000 0.046449
160.000000 270.000000 0.056801
170.000000 270.000000 0.067376
180.000000 270.000000 0.072820
190.000000 270.000000 0.073741
200.000000 270.000000 0.075929
210.000000 270.000000 0.078092
220.000000 270.000000 0.072647
230.000000 270.000000 0.057421
240.000000 270.000000 0.046670
250.000000 270.000000 0.037543
260.000000 270.000000 0.025089
270.000000 270.000000 0.025207
280.000000 270.000000 0.041709
290.000000 270.000000 0.050893
300.000000 270.000000 0.047605
310.000000 270.000000 0.040060
320.000000 270.000000 0.030128
330.000000 270.000000 0.032162
340.000000 270.000000 0.048178
350.000000 270.000000 0.056722
360.000000 270.000000 0.039183
370.000000 270.000000 0.026503
380.000000 270.000000 0.025999
390.000000 270.000000 0.028163
400.000000 270.000000 0.032472
410.000000 270.000000 0.055505
420.000000 270.000000 0.075567
430.000000 270.000000 0.072097
440.000000 270.000000 0.065485
450.000000 270.000000 0.068512
460.000000 270.000000 0.073660
470.000000 270.000000 0.065899
480.000000 270.000000 0.058769
490.000000 270.000000 0.067671
500.000000 270.000000 0.067671
0.000000 280.000000 0.048232
10.000000 280.000000 0.048232
20.000000 280.000000 0.044356
30.000000 280.000000 0.057328
40.000000 280.000000 0.066565
50.000000 280.000000 0.076505
60.000000 280.000000 0.080149
70.000000 280.000000 0.073952
80.000000 280.000000 0.062060
90.000000 280.000000 0.055226
100.000000 280.000000 0.052715
110.000000 280.000000 0.037714
120.000000 280.000000 0.024204
130.000000 280.000000 0.028762
140.000000 280.000000 0.036805
150.000000 280.000000 0.045587
160.000000 280.000000 0.055736
170.000000 280.000000 0.066898
180.000000 280.000000 0.072310
190.000000 280.000000 0.071336
200.000000 280.000000 0.072107
210.000000 280.000000 0.075687
220.000000 280.000000 0.074343
230.000000 280.000000 0.065505
240.000000 280.000000 0.051770
250.000000 280.000000 0.034190
260.000000 280.000000 0.021696
270.000000 280.000000 0.026811
280.000000 280.000000 0.043284
290.000000 280.000000 0.051040
300.000000 280.000000 0.049544
310.000000 280.000000 0.044261
320.000000 280.000000 0.032187
330.000000 280.000000 0.025974
340.000000 280.000000 0.038642
350.000000 280.000000 0.052320
360.000000 280.000000 0.045361
370.000000 280.000000 0.030279
380.000000 280.000000 0.023683
390.000000 280.000000 0.025418
400.000000 280.000000 0.035202
410.000000 280.000000 0.061722
420.000000 280.000000 0.071504
430.000000 280.000000 0.063042
440.000000 280.000000 0.049355
450.000000 280.000000 0.046780
460.000000 280.000000 0.062634
470.000000 280.000000 0.068052
480.000000 280.000000 0.063486
490.000000 280.000000 0.072069
500.000000 280.000000 0.072069
0.000000 290.000000 0.068557
10.000000 290.000000 0.068557
20.000000 290.000000 0.060546
30.000000 290.000000 0.059808
40.000000 290.000000 0.057796
50.000000 290.000000 0.065902
60.000000 290.000000 0.068361
70.000000 290.000000 0.058626
80.000000 290.000000 0.040005
90.000000 290.000000 0.038753
100.000000 290.000000 0.049178
110.000000 290.000000 0.042176
120.000000 290.000000 0.029322
130.000000 290.000000 0.032813
140.000000 290.000000 0.042468
150.000000 290.000000 0.050225
160.000000 290.000000 0.058146
170.000000 290.000000 0.065720
180.000000 290.000000 0.067560
190.000000 290.000000 0.061078
200.000000 290.000000 0.057369
210.000000 290.000000 0.059871
220.000000 290.000000 0.061122
230.000000 290.000000 0.059374
240.000000 290.000000 0.049376
250.000000 290.000000 0.034040
260.000000 290.000000 0.023678
270.000000 290.000000 0.028999
280.000000 290.000000 0.039829
290.000000 290.000000 0.044347
300.000000 290.000000 0.040717
310.000000 290.000000 0.036120
320.000000 290.000000 0.025235
330.000000 290.000000 0.023709
340.000000 290.000000 0.038042
350.000000 290.000000 0.051473
360.000000 290.000000 0.054221
370.000000 290.000000 0.042457
380.000000 290.000000 0.029715
390.000000 290.000000 0.029005
400.000000 290.000000 0.042681
410.000000 290.000000 0.068325
420.000000 290.000000 0.067082
430.000000 290.000000 0.052726
440.000000 290.000000 0.037512
450.000000 290.000000 0.033618
460.000000 290.000000 0.037911
470.000000 290.000000 0.045867
480.000000 290.000000 0.059321
490.000000 290.000000 0.075839
500.000000 290.000000 0.075839
0.000000 300.000000 0.118402
10.000000 300.000000 0.118402
20.000000 300.000000 0.099243
30.000000 300.000000 0.066788
40.000000 300.000000 0.051576
50.000000 300.000000 0.059310
60.000000 300.000000 0.052373
70.000000 300.000000 0.038868
80.000000 300.000000 0.033539
90.000000 300.000000 0.039528
100.000000 300.000000 0.054339
110.000000 300.000000 0.055671
120.000000 300.000000 0.047668
130.000000 300.000000 0.046742
140.000000 300.000000 0.050252
150.000000 300.000000 0.055118
160.000000 300.000000 0.059340
170.000000 300.000000 0.062374
180.000000 300.000000 0.060939
190.000000 300.000000 0.050557
200.000000 300.000000 0.043405
210.000000 300.000000 0.041300
220.000000 300.000000 0.042193
230.000000 300.000000 0.046392
240.000000 300.000000 0.043345
250.000000 300.000000 0.035301
260.000000 300.000000 0.031607
270.000000 300.000000 0.034243
280.000000 300.000000 0.038543
290.000000 300.000000 0.039325
300.000000 300.000000 0.036216
310.000000 300.000000 0.036207
320.000000 300.000000 0.029950
330.000000 300.000000 0.024405
340.000000 300.000000 0.034403
350.000000 300.000000 0.057091
360.000000 300.000000 0.065721
370.000000 300.000000 0.060238
380.000000 300.000000 0.045301
390.000000 300.000000 0.036538
400.000000 300.000000 0.046150
410.000000 300.000000 0.067373
420.000000 300.000000 0.074001
430.000000 300.000000 0.053200
440.000000 300.000000 0.034313
450.000000 300.000000 0.034328
460.000000 300.000000 0.033031
470.000000 300.000000 0.033543
480.000000 300.000000 0.044604
490.000000 300.000000 0.061997
500.000000 300.000000 0.061997
0.000000 310.000000 0.166695
10.000000 310.000000 0.166695
20.000000 310.000000 0.118630
30.000000 310.000000 0.066748
40.000000 310.000000 0.049129
50.000000 310.000000 0.058290
60.000000 310.000000 0.050560
70.000000 310.000000 0.040811
80.000000 310.000000 0.049269
90.000000 310.000000 0.058046
100.000000 310.000000 0.063252
110.000000 310.000000 0.062493
120.000000 310.000000 0.056808
130.000000 310.000000 0.053798
140.000000 310.000000 0.053351
150.000000 310.000000 0.053034
160.000000 310.000000 0.053925
170.000000 310.000000 0.054883
180.000000 310.000000 0.054917
190.000000 310.000000 0.049661
200.000000 310.000000 0.045098
210.000000 310.000000 0.040654
220.000000 310.000000 0.036516
230.000000 310.000000 0.035170
240.000000 310.000000 0.038059
250.000000 310.000000 0.039224
260.000000 310.000000 0.041390
270.000000 310.000000 0.044447
280.000000 310.000000 0.044128
290.000000 310.000000 0.039813
300.000000 310.000000 0.039037
310.000000 310.000000 0.044814
320.000000 310.000000 0.043232
330.000000 310.000000 0.032569
340.000000 310.000000 0.041571
350.000000 310.000000 0.070739
360.000000 310.000000 0.080517
370.000000 310.000000 0.073140
380.000000 310.000000 0.056346
390.000000 310.000000 0.050304
400.000000 310.000000 0.049609
410.000000 310.000000 0.055205
420.000000 310.000000 0.069135
430.000000 310.000000 0.051997
440.000000 310.000000 0.034953
450.000000 310.000000 0.040827
460.000000 310.000000 0.043830
470.000000 310.000000 0.035266
480.000000 310.000000 0.038885
490.000000 310.000000 0.057101
500.000000 310.000000 0.057101
0.000000 320.000000 0.208645
10.000000 320.000000 0.208645
20.000000 320.000000 0.135011
30.000000 320.000000 0.087402
40.000000 320.000000 0.068699
50.000000 320.000000 0.066410
60.000000 320.000000 0.063061
70.000000 320.000000 0.059853
80.000000 320.000000 0.063267
90.000000 320.000000 0.065469
100.000000 320.000000 0.064318
110.000000 320.000000 0.057491
120.000000 320.000000 0.049385
130.000000 320.000000 0.049298
140.000000 320.000000 0.043460
150.000000 320.000000 0.034601
160.000000 320.000000 0.037871
170.000000 320.000000 0.040859
180.000000 320.000000 0.044214
190.000000 320.000000 0.046402
200.000000 320.000000 0.050482
210.000000 320.000000 0.047434
220.000000 320.000000 0.036227
230.000000 320.000000 0.025837
240.000000 320.000000 0.030693
250.000000 320.000000 0.043787
260.000000 320.000000 0.052130
270.000000 320.000000 0.057062
280.000000 320.000000 0.054149
290.000000 320.000000 0.046011
300.000000 320.000000 0.047831
310.000000 320.000000 0.056587
320.000000 320.000000 0.048864
330.000000 320.000000 0.040370
340.000000 320.000000 0.061501
350.000000 320.000000 0.087457
360.000000 320.000000 0.090953
370.000000 320.000000 0.078523
380.000000 320.000000 0.063486
390.000000 320.000000 0.066691
400.000000 320.000000 0.068697
410.000000 320.000000 0.053442
420.000000 320.000000 0.046201
430.000000 320.000000 0.037059
440.000000 320.000000 0.031931
450.000000 320.000000 0.041736
460.000000 320.000000 0.046700
470.000000 320.000000 0.047830
480.000000 320.000000 0.052497
490.000000 320.000000 0.066343
500.000000 320.000000 0.066343
0.000000 330.000000 0.265125
10.000000 330.000000 0.265125
20.000000 330.000000 0.155567
30.000000 330.000000 0.105037
40.000000 330.000000 0.082586
50.000000 330.000000 0.069095
60.000000 330.000000 0.060884
70.000000 330.000000 0.055941
80.000000 330.000000 0.059205
90.000000 330.000000 0.061797
100.000000 330.000000 0.058325
110.000000 330.000000 0.043749
120.000000 330.000000 0.034310
130.000000 330.000000 0.038859
140.000000 330.000000 0.035490
150.000000 330.000000 0.028056
160.000000 330.000000 0.030321
170.000000 330.000000 0.031589
180.000000 330.000000 0.029097
190.000000 330.000000 0.033053
200.000000 330.000000 0.049203
210.000000 330.000000 0.050432
220.000000 330.000000 0.041679
230.000000 330.000000 0.028492
240.000000 330.000000 0.027592
250.000000 330.000000 0.041874
260.000000 330.000000 0.055344
270.000000 330.000000 0.063872
280.000000 330.000000 0.064313
290.000000 330.000000 0.057942
300.000000 330.000000 0.062412
310.000000 330.000000 0.072166
320.000000 330.000000 0.063253
330.000000 330.000000 0.054571
340.000000 330.000000 0.075196
350.000000 330.000000 0.091560
360.000000 330.000000 0.084054
370.000000 330.000000 0.061193
380.000000 330.000000 0.059305
390.000000 330.000000 0.070828
400.000000 330.000000 0.084375
410.000000 330.000000 0.067054
420.000000 330.000000 0.050001
430.000000 330.000000 0.044165
440.000000 330.000000 0.038466
450.000000 330.000000 0.042573
460.000000 330.000000 0.048213
470.000000 330.000000 0.062278
480.000000 330.000000 0.080947
490.000000 330.000000 0.105944
500.000000 330.000000 0.105944
0.000000 340.000000 0.321408
10.000000 340.000000 0.321408
20.000000 340.000000 0.189180
30.000000 340.000000 0.122480
40.000000 340.000000 0.092422
50.000000 340.000000 0.074243
60.000000 340.000000 0.055222
70.000000 340.000000 0.039501
80.000000 340.000000 0.046573
90.000000 340.000000 0.056010
100.000000 340.000000 0.054377
110.000000 340.000000 0.044209
120.000000 340.000000 0.037140
130.000000 340.000000 0.041645
140.000000 340.000000 0.043086
150.000000 340.000000 0.042052
160.000000 340.000000 0.042751
170.000000 340.000000 0.039250
180.000000 340.000000 0.033853
190.000000 340.000000 0.036183
200.000000 340.000000 0.050172
210.000000 340.000000 0.049931
220.000000 340.000000 0.045981
230.000000 340.000000 0.038687
240.000000 340.000000 0.033503
250.000000 340.000000 0.044425
260.000000 340.000000 0.057659
270.000000 340.000000 0.066256
280.000000 340.000000 0.073857
290.000000 340.000000 0.075507
300.000000 340.000000 0.080827
310.000000 340.000000 0.087463
320.000000 340.000000 0.086451
330.000000 340.000000 0.083933
340.000000 340.000000 0.087044
350.000000 340.000000 0.087337
360.000000 340.000000 0.077184
370.000000 340.000000 0.056155
380.000000 340.000000 0.052313
390.000000 340.000000 0.059375
400.000000 340.000000 0.081645
410.000000 340.000000 0.092869
420.000000 340.000000 0.082804
430.000000 340.000000 0.068874
440.000000 340.000000 0.057622
450.000000 340.000000 0.053094
460.000000 340.000000 0.049506
470.000000 340.000000 0.070069
480.000000 340.000000 0.119152
490.000000 340.000000 0.178146
500.000000 340.000000 0.178146
0.000000 350.000000 0.426503
10.000000 350.000000 0.426503
20.000000 350.000000 0.282995
30.000000 350.000000 0.182904
40.000000 350.000000 0.126902
50.000000 350.000000 0.097569
60.000000 350.000000 0.070461
70.000000 350.000000 0.046975
80.000000 350.000000 0.049724
90.000000 350.000000 0.055485
100.000000 350.000000 0.051781
110.000000 350.000000 0.048627
120.000000 350.000000 0.049745
130.000000 350.000000 0.051427
140.000000 350.000000 0.051994
150.000000 350.000000 0.052862
160.000000 350.000000 0.051497
170.000000 350.000000 0.047120
180.000000 350.000000 0.044285
190.000000 350.000000 0.046126
200.000000 350.000000 0.050584
210.000000 350.000000 0.046552
220.000000 350.000000 0.045607
230.000000 350.000000 0.051549
240.000000 350.000000 0.055025
250.000000 350.000000 0.063098
260.000000 350.000000 0.065835
270.000000 350.000000 0.069803
280.000000 350.000000 0.078944
290.000000 350.000000 0.084722
300.000000 350.000000 0.087822
310.000000 350.000000 0.088546
320.000000 350.000000 0.086377
330.000000 350.000000 0.083162
340.000000 350.000000 0.076681
350.000000 350.000000 0.071957
360.000000 350.000000 0.075765
370.000000 350.000000 0.075067
380.000000 350.000000 0.072021
390.000000 350.000000 0.071683
400.000000 350.000000 0.096011
410.000000 350.000000 0.111371
420.000000 350.000000 0.106204
430.000000 350.000000 0.090579
440.000000 350.000000 0.079539
450.000000 350.000000 0.078856
460.000000 350.000000 0.075719
470.000000 350.000000 0.109006
480.000000 350.000000 0.198370
490.000000 350.000000 0.297760
500.000000 350.000000 0.297760
0.000000 360.000000 0.529567
10.000000 360.000000 0.529567
20.000000 360.000000 0.395824
30.000000 360.000000 0.269454
40.000000 360.000000 0.183862
50.000000 360.000000 0.133561
60.000000 360.000000 0.100100
70.000000 360.000000 0.075677
80.000000 360.000000 0.065035
90.000000 360.000000 0.059885
100.000000 360.000000 0.052185
110.000000 360.000000 0.052003
120.000000 360.000000 0.059209
130.000000 360.000000 0.062427
140.000000 360.000000 0.061711
150.000000 360.000000 0.058965
160.000000 360.000000 0.052133
170.000000 360.000000 0.043273
180.000000 360.000000 0.033805
190.000000 360.000000 0.035213
200.000000 360.000000 0.046400
210.000000 360.000000 0.042457
220.000000 360.000000 0.039822
230.000000 360.000000 0.051555
240.000000 360.000000 0.065739
250.000000 360.000000 0.072172
260.000000 360.000000 0.074423
270.000000 360.000000 0.077001
280.000000 360.000000 0.082102
290.000000 360.000000 0.083712
300.000000 360.000000 0.080680
310.000000 360.000000 0.073416
320.000000 360.000000 0.067610
330.000000 360.000000 0.065519
340.000000 360.000000 0.049718
350.000000 360.000000 0.042816
360.000000 360.000000 0.059425
370.000000 360.000000 0.069769
380.000000 360.000000 0.066023
390.000000 360.000000 0.074301
400.000000 360.000000 0.103413
410.000000 360.000000 0.119238
420.000000 360.000000 0.117931
430.000000 360.000000 0.106854
440.000000 360.000000 0.104807
450.000000 360.000000 0.120306
460.000000 360.000000 0.149757
470.000000 360.000000 0.207713
480.000000 360.000000 0.319988
490.000000 360.000000 0.442598
500.000000 360.000000 0.442598
0.000000 370.000000 0.645390
10.000000 370.000000 0.645390
20.000000 370.000000 0.529422
30.000000 370.000000 0.367750
40.000000 370.000000 0.225575
50.000000 370.000000 0.159551
60.000000 370.000000 0.121830
70.000000 370.000000 0.094731
80.000000 370.000000 0.076949
90.000000 370.000000 0.065440
100.000000 370.000000 0.059954
110.000000 370.000000 0.063255
120.000000 370.000000 0.071207
130.000000 370.000000 0.073967
140.000000 370.000000 0.071321
150.000000 370.000000 0.064568
160.000000 370.000000 0.053397
170.000000 370.000000 0.041881
180.000000 370.000000 0.029603
190.000000 370.000000 0.031385
200.000000 370.000000 0.044972
210.000000 370.000000 0.039470
220.000000 370.000000 0.036874
230.000000 370.000000 0.049491
240.000000 370.000000 0.063145
250.000000 370.000000 0.067461
260.000000 370.000000 0.073321
270.000000 370.000000 0.078045
280.000000 370.000000 0.078460
290.000000 370.000000 0.073473
300.000000 370.000000 0.062566
310.000000 370.000000 0.044632
320.000000 370.000000 0.036655
330.000000 370.000000 0.045742
340.000000 370.000000 0.040719
350.000000 370.000000 0.034782
360.000000 370.000000 0.048951
370.000000 370.000000 0.060227
380.000000 370.000000 0.050616
390.000000 370.000000 0.059187
400.000000 370.000000 0.096833
410.000000 370.000000 0.113477
420.000000 370.000000 0.114097
430.000000 370.000000 0.110176
440.000000 370.000000 0.122092
450.000000 370.000000 0.156089
460.000000 370.000000 0.217786
470.000000 370.000000 0.322269
480.000000 370.000000 0.467069
490.000000 370.000000 0.583475
500.000000 370.000000 0.583475
0.000000 380.000000 0.743428
10.000000 380.000000 0.743428
20.000000 380.000000 0.634684
30.000000 380.000000 0.407377
40.000000 380.000000 0.215923
50.000000 380.000000 0.171128
60.000000 380.000000 0.145119
70.000000 380.000000 0.112490
80.000000 380.000000 0.080625
90.000000 380.000000 0.058557
100.000000 380.000000 0.062714
110.000000 380.000000 0.072738
120.000000 380.000000 0.079517
130.000000 380.000000 0.079836
140.000000 380.000000 0.074983
150.000000 380.000000 0.065743
160.000000 380.000000 0.052081
170.000000 380.000000 0.041855
180.000000 380.000000 0.037303
190.000000 380.000000 0.041162
200.000000 380.000000 0.045590
210.000000 380.000000 0.033807
220.000000 380.000000 0.038289
230.000000 380.000000 0.055668
240.000000 380.000000 0.059470
250.000000 380.000000 0.057505
260.000000 380.000000 0.064469
270.000000 380.000000 0.071805
280.000000 380.000000 0.070106
290.000000 380.000000 0.059301
300.000000 380.000000 0.039958
310.000000 380.000000 0.027942
320.000000 380.000000 0.026007
330.000000 380.000000 0.037658
340.000000 380.000000 0.044067
350.000000 380.000000 0.037795
360.000000 380.000000 0.043147
370.000000 380.000000 0.058164
380.000000 380.000000 0.059290
390.000000 380.000000 0.068257
400.000000 380.000000 0.092763
410.000000 380.000000 0.102732
420.000000 380.000000 0.100549
430.000000 380.000000 0.097174
440.000000 380.000000 0.125849
450.000000 380.000000 0.185399
460.000000 380.000000 0.285359
470.000000 380.000000 0.435997
480.000000 380.000000 0.602401
490.000000 380.000000 0.705170
500.000000 380.000000 0.705170
0.000000 390.000000 0.823787
10.000000 390.000000 0.823787
20.000000 390.000000 0.734607
30.000000 390.000000 0.524921
40.000000 390.000000 0.314264
50.000000 390.000000 0.245807
60.000000 390.000000 0.187049
70.000000 390.000000 0.133072
80.000000 390.000000 0.079098
90.000000 390.000000 0.051120
100.000000 390.000000 0.060002
110.000000 390.000000 0.076342
120.000000 390.000000 0.081059
130.000000 390.000000 0.077843
140.000000 390.000000 0.070687
150.000000 390.000000 0.059310
160.000000 390.000000 0.038267
170.000000 390.000000 0.029405
180.000000 390.000000 0.028774
190.000000 390.000000 0.035960
200.000000 390.000000 0.046082
210.000000 390.000000 0.039941
220.000000 390.000000 0.048736
230.000000 390.000000 0.063800
240.000000 390.000000 0.061863
250.000000 390.000000 0.056207
260.000000 390.000000 0.061412
270.000000 390.000000 0.067876
280.000000 390.000000 0.064270
290.000000 390.000000 0.047600
300.000000 390.000000 0.030366
310.000000 390.000000 0.027282
320.000000 390.000000 0.025955
330.000000 390.000000 0.033485
340.000000 390.000000 0.048101
350.000000 390.000000 0.040172
360.000000 390.000000 0.035855
370.000000 390.000000 0.051442
380.000000 390.000000 0.064783
390.000000 390.000000 0.074394
400.000000 390.000000 0.085850
410.000000 390.000000 0.092306
420.000000 390.000000 0.082958
430.000000 390.000000 0.071031
440.000000 390.000000 0.114243
450.000000 390.000000 0.219129
460.000000 390.000000 0.375009
470.000000 390.000000 0.561739
480.000000 390.000000 0.719479
490.000000 390.000000 0.803043
500.000000 390.000000 0.803043
0.000000 400.000000 0.887452
10.000000 400.000000 0.887452
20.000000 400.000000 0.827603
30.000000 400.000000 0.701825
40.000000 400.000000 0.533672
50.000000 400.000000 0.371150
60.000000 400.000000 0.237674
70.000000 400.000000 0.156655
80.000000 400.000000 0.101545
90.000000 400.000000 0.070326
100.000000 400.000000 0.073514
110.000000 400.000000 0.080474
120.000000 400.000000 0.079337
130.000000 400.000000 0.071976
140.000000 400.000000 0.063237
150.000000 400.000000 0.052314
160.000000 400.000000 0.030721
170.000000 400.000000 0.021566
180.000000 400.000000 0.020040
190.000000 400.000000 0.026797
200.000000 400.000000 0.045298
210.000000 400.000000 0.055137
220.000000 400.000000 0.063490
230.000000 400.000000 0.068427
240.000000 400.000000 0.062929
250.000000 400.000000 0.056600
260.000000 400.000000 0.061640
270.000000 400.000000 0.067559
280.000000 400.000000 0.062418
290.000000 400.000000 0.040146
300.000000 400.000000 0.034295
310.000000 400.000000 0.040923
320.000000 400.000000 0.033943
330.000000 400.000000 0.037650
340.000000 400.000000 0.049690
350.000000 400.000000 0.041423
360.000000 400.000000 0.032559
370.000000 400.000000 0.043789
380.000000 400.000000 0.059766
390.000000 400.000000 0.068237
400.000000 400.000000 0.076997
410.000000 400.000000 0.087639
420.000000 400.000000 0.089206
430.000000 400.000000 0.083648
440.000000 400.000000 0.143856
450.000000 400.000000 0.292933
460.000000 400.000000 0.487066
470.000000 400.000000 0.682410
480.000000 400.000000 0.813941
490.000000 400.000000 0.876163
500.000000 400.000000 0.876163
0.000000 410.000000 0.932636
10.000000 410.000000 0.932636
20.000000 410.000000 0.893187
30.000000 410.000000 0.806731
40.000000 410.000000 0.665495
50.000000 410.000000 0.474228
60.000000 410.000000 0.300148
70.000000 410.000000 0.173889
80.000000 410.000000 0.115167
90.000000 410.000000 0.092914
100.000000 410.000000 0.083889
110.000000 410.000000 0.082741
120.000000 410.000000 0.077319
130.000000 410.000000 0.068143
140.000000 410.000000 0.059809
150.000000 410.000000 0.052165
160.000000 410.000000 0.038280
170.000000 410.000000 0.026651
180.000000 410.000000 0.023046
190.000000 410.000000 0.026263
200.000000 410.000000 0.038184
210.000000 410.000000 0.053378
220.000000 410.000000 0.063633
230.000000 410.000000 0.065676
240.000000 410.000000 0.052491
250.000000 410.000000 0.042206
260.000000 410.000000 0.054583
270.000000 410.000000 0.063975
280.000000 410.000000 0.063075
290.000000 410.000000 0.048635
300.000000 410.000000 0.044004
310.000000 410.000000 0.045046
320.000000 410.000000 0.039121
330.000000 410.000000 0.042315
340.000000 410.000000 0.049807
350.000000 410.000000 0.046844
360.000000 410.000000 0.040714
370.000000 410.000000 0.047553
380.000000 410.000000 0.056109
390.000000 410.000000 0.062180
400.000000 410.000000 0.065729
410.000000 410.000000 0.082396
420.000000 410.000000 0.107633
430.000000 410.000000 0.123554
440.000000 410.000000 0.210537
450.000000 410.000000 0.434260
460.000000 410.000000 0.637739
470.000000 410.000000 0.791715
480.000000 410.000000 0.884734
490.000000 410.000000 0.926621
500.000000 410.000000 0.926621
0.000000 420.000000 0.962343
10.000000 420.000000 0.962343
20.000000 420.000000 0.937826
30.000000 420.000000 0.881281
40.000000 420.000000 0.779042
50.000000 420.000000 0.619745
60.000000 420.000000 0.432043
70.000000 420.000000 0.226731
80.000000 420.000000 0.136188
90.000000 420.000000 0.096106
100.000000 420.000000 0.082560
110.000000 420.000000 0.082349
120.000000 420.000000 0.076228
130.000000 420.000000 0.068597
140.000000 420.000000 0.061835
150.000000 420.000000 0.054113
160.000000 420.000000 0.039086
170.000000 420.000000 0.031494
180.000000 420.000000 0.034040
190.000000 420.000000 0.033588
200.000000 420.000000 0.037173
210.000000 420.000000 0.048921
220.000000 420.000000 0.059619
230.000000 420.000000 0.062507
240.000000 420.000000 0.047995
250.000000 420.000000 0.037496
260.000000 420.000000 0.047260
270.000000 420.000000 0.050674
280.000000 420.000000 0.050130
290.000000 420.000000 0.048094
300.000000 420.000000 0.039916
310.000000 420.000000 0.036340
320.000000 420.000000 0.034007
330.000000 420.000000 0.041866
340.000000 420.000000 0.046013
350.000000 420.000000 0.038463
360.000000 420.000000 0.037157
370.000000 420.000000 0.042887
380.000000 420.000000 0.052856
390.000000 420.000000 0.062837
400.000000 420.000000 0.058503
410.000000 420.000000 0.077513
420.000000 420.000000 0.129494
430.000000 420.000000 0.207361
440.000000 420.000000 0.365279
450.000000 420.000000 0.603731
460.000000 420.000000 0.765747
470.000000 420.000000 0.871899
480.000000 420.000000 0.932348
490.000000 420.000000 0.958755
500.000000 420.000000 0.958755
0.000000 430.000000 0.980330
10.000000 430.000000 0.980330
20.000000 430.000000 0.966231
30.000000 430.000000 0.932583
40.000000 430.000000 0.868961
50.000000 430.000000 0.763820
60.000000 430.000000 0.617065
70.000000 430.000000 0.412497
80.000000 430.000000 0.254239
90.000000 430.000000 0.136571
100.000000 430.000000 0.098329
110.000000 430.000000 0.093135
120.000000 430.000000 0.083925
130.000000 430.000000 0.076530
140.000000 430.000000 0.068677
150.000000 430.000000 0.055960
160.000000 430.000000 0.036994
170.000000 430.000000 0.039002
180.000000 430.000000 0.053173
190.000000 430.000000 0.049388
200.000000 430.000000 0.042863
210.000000 430.000000 0.044334
220.000000 430.000000 0.052884
230.000000 430.000000 0.058522
240.000000 430.000000 0.054348
250.000000 430.000000 0.046339
260.000000 430.000000 0.045721
270.000000 430.000000 0.033368
280.000000 430.000000 0.031298
290.000000 430.000000 0.036361
300.000000 430.000000 0.030979
310.000000 430.000000 0.031250
320.000000 430.000000 0.028594
330.000000 430.000000 0.034693
340.000000 430.000000 0.037249
350.000000 430.000000 0.028545
360.000000 430.000000 0.029791
370.000000 430.000000 0.034113
380.000000 430.000000 0.049994
390.000000 430.000000 0.082279
400.000000 430.000000 0.088542
410.000000 430.000000 0.116092
420.000000 430.000000 0.207357
430.000000 430.000000 0.368599
440.000000 430.000000 0.581981
450.000000 430.000000 0.745887
460.000000 430.000000 0.856316
470.000000 430.000000 0.924824
480.000000 430.000000 0.962114
490.000000 430.000000 0.977912
500.000000 430.000000 0.977912
0.000000 440.000000 0.990325
10.000000 440.000000 0.990325
20.000000 440.000000 0.982731
30.000000 440.000000 0.964019
40.000000 440.000000 0.927150
50.000000 440.000000 0.862789
60.000000 440.000000 0.763550
70.000000 440.000000 0.624283
80.000000 440.000000 0.457550
90.000000 440.000000 0.267982
100.000000 440.000000 0.181749
110.000000 440.000000 0.150014
120.000000 440.000000 0.126983
130.000000 440.000000 0.106836
140.000000 440.000000 0.086180
150.000000 440.000000 0.056687
160.000000 440.000000 0.048073
170.000000 440.000000 0.062290
180.000000 440.000000 0.071110
190.000000 440.000000 0.060782
200.000000 440.000000 0.044410
210.000000 440.000000 0.034161
220.000000 440.000000 0.041820
230.000000 440.000000 0.050031
240.000000 440.000000 0.045338
250.000000 440.000000 0.036392
260.000000 440.000000 0.037373
270.000000 440.000000 0.031280
280.000000 440.000000 0.033533
290.000000 440.000000 0.043551
300.000000 440.000000 0.040998
310.000000 440.000000 0.038965
320.000000 440.000000 0.026610
330.000000 440.000000 0.027683
340.000000 440.000000 0.035140
350.000000 440.000000 0.039911
360.000000 440.000000 0.049996
370.000000 440.000000 0.050124
380.000000 440.000000 0.066887
390.000000 440.000000 0.122423
400.000000 440.000000 0.158590
410.000000 440.000000 0.209994
420.000000 440.000000 0.362555
430.000000 440.000000 0.576284
440.000000 440.000000 0.736603
450.000000 440.000000 0.845851
460.000000 440.000000 0.916406
470.000000 440.000000 0.958087
480.000000 440.000000 0.979809
490.000000 440.000000 0.988727
500.000000 440.000000 0.988727
0.000000 450.000000 0.995476
10.000000 450.000000 0.995476
20.000000 450.000000 0.991607
30.000000 450.000000 0.981775
40.000000 450.000000 0.961570
50.000000 450.000000 0.924321
60.000000 450.000000 0.862049
70.000000 450.000000 0.766151
80.000000 450.000000 0.628613
90.000000 450.000000 0.449191
100.000000 450.000000 0.329575
110.000000 450.000000 0.276133
120.000000 450.000000 0.224829
130.000000 450.000000 0.174867
140.000000 450.000000 0.130905
150.000000 450.000000 0.082053
160.000000 450.000000 0.075473
170.000000 450.000000 0.089135
180.000000 450.000000 0.084204
190.000000 450.000000 0.066941
200.000000 450.000000 0.043069
210.000000 450.000000 0.029053
220.000000 450.000000 0.034884
230.000000 450.000000 0.046844
240.000000 450.000000 0.039237
250.000000 450.000000 0.028552
260.000000 450.000000 0.030886
270.000000 450.000000 0.035737
280.000000 450.000000 0.042995
290.000000 450.000000 0.051946
300.000000 450.000000 0.055109
310.000000 450.000000 0.050490
320.000000 450.000000 0.037929
330.000000 450.000000 0.039331
340.000000 450.000000 0.049888
350.000000 450.000000 0.071090
360.000000 450.000000 0.095712
370.000000 450.000000 0.097146
380.000000 450.000000 0.111148
390.000000 450.000000 0.193458
400.000000 450.000000 0.296127
410.000000 450.000000 0.396654
420.000000 450.000000 0.576781
430.000000 450.000000 0.740182
440.000000 450.000000 0.844965
450.000000 450.000000 0.912695
460.000000 450.000000 0.954477
470.000000 450.000000 0.978039
480.000000 450.000000 0.989834
490.000000 450.000000 0.994539
500.000000 450.000000 0.994539
0.000000 460.000000 0.997972
10.000000 460.000000 0.997972
20.000000 460.000000 0.996103
30.000000 460.000000 0.991224
40.000000 460.000000 0.980836
50.000000 460.000000 0.960843
60.000000 460.000000 0.925564
70.000000 460.000000 0.867898
80.000000 460.000000 0.779873
90.000000 460.000000 0.659105
100.000000 460.000000 0.544849
110.000000 460.000000 0.451622
120.000000 460.000000 0.355985
130.000000 460.000000 0.268475
140.000000 460.000000 0.197732
150.000000 460.000000 0.141766
160.000000 460.000000 0.118530
170.000000 460.000000 0.104416
180.000000 460.000000 0.089802
190.000000 460.000000 0.067759
200.000000 460.000000 0.045528
210.000000 460.000000 0.035310
220.000000 460.000000 0.038831
230.000000 460.000000 0.050657
240.000000 460.000000 0.050474
250.000000 460.000000 0.034008
260.000000 460.000000 0.028578
270.000000 460.000000 0.034354
280.000000 460.000000 0.041185
290.000000 460.000000 0.052597
300.000000 460.000000 0.059868
310.000000 460.000000 0.060779
320.000000 460.000000 0.057924
330.000000 460.000000 0.063692
340.000000 460.000000 0.080677
350.000000 460.000000 0.117657
360.000000 460.000000 0.168017
370.000000 460.000000 0.199209
380.000000 460.000000 0.236797
390.000000 460.000000 0.363175
400.000000 460.000000 0.495673
410.000000 460.000000 0.631709
420.000000 460.000000 0.759473
430.000000 460.000000 0.854237
440.000000 460.000000 0.915773
450.000000 460.000000 0.954301
460.000000 460.000000 0.977014
470.000000 460.000000 0.989279
480.000000 460.000000 0.995200
490.000000 460.000000 0.997503
500.000000 460.000000 0.997503
0.000000 470.000000 0.999123
10.000000 470.000000 0.999123
20.000000 470.000000 0.998264
30.000000 470.000000 0.995973
40.000000 470.000000 0.990956
50.000000 470.000000 0.980973
60.000000 470.000000 0.962625
70.000000 470.000000 0.931202
80.000000 470.000000 0.880847
90.000000 470.000000 0.807096
100.000000 470.000000 0.716315
110.000000 470.000000 0.613145
120.000000 470.000000 0.496309
130.000000 470.000000 0.377630
140.000000 470.000000 0.257551
150.000000 470.000000 0.154701
160.000000 470.000000 0.123909
170.000000 470.000000 0.096542
180.000000 470.000000 0.089548
190.000000 470.000000 0.072338
200.000000 470.000000 0.055817
210.000000 470.000000 0.052929
220.000000 470.000000 0.053347
230.000000 470.000000 0.061337
240.000000 470.000000 0.062007
250.000000 470.000000 0.046202
260.000000 470.000000 0.035333
270.000000 470.000000 0.033228
280.000000 470.000000 0.034721
290.000000 470.000000 0.052086
300.000000 470.000000 0.067175
310.000000 470.000000 0.078251
320.000000 470.000000 0.085380
330.000000 470.000000 0.097481
340.000000 470.000000 0.118777
350.000000 470.000000 0.175831
360.000000 470.000000 0.274095
370.000000 470.000000 0.359070
380.000000 470.000000 0.453522
390.000000 470.000000 0.574323
400.000000 470.000000 0.687539
410.000000 470.000000 0.790293
420.000000 470.000000 0.869935
430.000000 470.000000 0.923782
440.000000 470.000000 0.957595
450.000000 470.000000 0.977844
460.000000 470.000000 0.989229
470.000000 470.000000 0.995124
480.000000 470.000000 0.997878
490.000000 470.000000 0.998925
500.000000 470.000000 0.998925
0.000000 480.000000 0.999624
10.000000 480.000000 0.999624
20.000000 480.000000 0.999236
30.000000 480.000000 0.998185
40.000000 480.000000 0.995828
50.000000 480.000000 0.990992
60.000000 480.000000 0.981738
70.000000 480.000000 0.965058
80.000000 480.000000 0.936623
90.000000 480.000000 0.891349
100.000000 480.000000 0.825891
110.000000 480.000000 0.738372
120.000000 480.000000 0.629122
130.000000 480.000000 0.502673
140.000000 480.000000 0.341039
150.000000 480.000000 0.198833
160.000000 480.000000 0.147506
170.000000 480.000000 0.111592
180.000000 480.000000 0.104701
190.000000 480.000000 0.093714
200.000000 480.000000 0.082832
210.000000 480.000000 0.081463
220.000000 480.000000 0.078255
230.000000 480.000000 0.075379
240.000000 480.000000 0.071437
250.000000 480.000000 0.066165
260.000000 480.000000 0.060922
270.000000 480.000000 0.052574
280.000000 480.000000 0.049750
290.000000 480.000000 0.065765
300.000000 480.000000 0.083573
310.000000 480.000000 0.103739
320.000000 480.000000 0.121823
330.000000 480.000000 0.143344
340.000000 480.000000 0.169835
350.000000 480.000000 0.247269
360.000000 480.000000 0.393877
370.000000 480.000000 0.515972
380.000000 480.000000 0.624361
390.000000 480.000000 0.729013
400.000000 480.000000 0.815985
410.000000 480.000000 0.883819
420.000000 480.000000 0.931216
430.000000 480.000000 0.961381
440.000000 480.000000 0.979429
450.000000 480.000000 0.989679
460.000000 480.000000 0.995154
470.000000 480.000000 0.997869
480.000000 480.000000 0.999096
490.000000 480.000000 0.999553
500.000000 480.000000 0.999553
0.000000 490.000000 0.999808
10.000000 490.000000 0.999808
20.000000 490.000000 0.999602
30.000000 490.000000 0.999037
40.000000 490.000000 0.997743
50.000000 490.000000 0.995010
60.000000 490.000000 0.989572
70.000000 490.000000 0.979275
80.000000 490.000000 0.960686
90.000000 490.000000 0.929064
100.000000 490.000000 0.879381
110.000000 490.000000 0.807861
120.000000 490.000000 0.713994
130.000000 490.000000 0.601864
140.000000 490.000000 0.472991
150.000000 490.000000 0.336635
160.000000 490.000000 0.265054
170.000000 490.000000 0.189796
180.000000 490.000000 0.160470
190.000000 490.000000 0.124902
200.000000 490.000000 0.105210
210.000000 490.000000 0.097046
220.000000 490.000000 0.089047
230.000000 490.000000 0.081765
240.000000 490.000000 0.076988
250.000000 490.000000 0.075392
260.000000 490.000000 0.075362
270.000000 490.000000 0.075325
280.000000 490.000000 0.077701
290.000000 490.000000 0.085797
300.000000 490.000000 0.102775
310.000000 490.000000 0.127004
320.000000 490.000000 0.154282
330.000000 490.000000 0.190887
340.000000 490.000000 0.240625
350.000000 490.000000 0.337175
360.000000 490.000000 0.489760
370.000000 490.000000 0.615381
380.000000 490.000000 0.719446
390.000000 490.000000 0.808125
400.000000 490.000000 0.876678
410.000000 490.000000 0.925691
420.000000 490.000000 0.957815
430.000000 490.000000 0.977304
440.000000 490.000000 0.988420
450.000000 490.000000 0.994417
460.000000 490.000000 0.997467
470.000000 490.000000 0.998917
480.000000 490.000000 0.999552
490.000000 490.000000 0.999783
500.000000 490.000000 0.999783
0.000000 500.000000 0.999808
10.000000 500.000000 0.999808
20.000000 500.000000 0.999602
30.000000 500.000000 0.999037
40.000000 500.000000 0.997743
50.000000 500.000000 0.995010
60.000000 500.000000 0.989572
70.000000 500.000000 0.979275
80.000000 500.000000 0.960686
90.000000 500.000000 0.929064
100.000000 500.000000 0.879381
110.000000 500.000000 0.807861
120.000000 500.000000 0.713994
130.000000 500.000000 0.601864
140.000000 500.000000 0.472991
150.000000 500.000000 0.336635
160.000000 500.000000 0.265054
170.000000 500.000000 0.189796
180.000000 500.000000 0.160470
190.000000 500.000000 0.124902
200.000000 500.000000 0.105210
210.000000 500.000000 0.097046
220.000000 500.000000 0.089047
230.000000 500.000000 0.081765
240.000000 500.000000 0.076988
250.000000 500.000000 0.075392
260.000000 500.000000 0.075362
270.000000 500.000000 0.075325
280.000000 500.000000 0.077701
290.000000 500.000000 0.085797
300.000000 500.000000 0.102775
310.000000 500.000000 0.127004
320.000000 500.000000 0.154282
330.000000 500.000000 0.190887
340.000000 500.000000 0.240625
350.000000 500.000000 0.337175
360.000000 500.000000 0.489760
370.000000 500.000000 0.615381
380.000000 500.000000 0.719446
390.000000 500.000000 0.808125
400.000000 500.000000 0.876678
410.000000 500.000000 0.925691
420.000000 500.000000 0.957815
430.000000 500.000000 0.977304
440.000000 500.000000 0.988420
450.000000 500.000000 0.994417
460.000000 500.000000 0.997467
470.000000 500.000000 0.998917
480.000000 500.000000 0.999552
490.000000 500.000000 0.999783
500.000000 500.000000 0.999783
