# 500.000000 500.000000
# 51 51
# 0 23 
0.000000 0.000000 1.000000
10.000000 0.000000 1.000000
20.000000 0.000000 1.000000
30.000000 0.000000 0.999999
40.000000 0.000000 0.999994
50.000000 0.000000 0.999976
60.000000 0.000000 0.999913
70.000000 0.000000 0.999713
80.000000 0.000000 0.999164
90.000000 0.000000 0.997828
100.000000 0.000000 0.994642
110.000000 0.000000 0.986499
120.000000 0.000000 0.967982
130.000000 0.000000 0.931608
140.000000 0.000000 0.875720
150.000000 0.000000 0.809441
160.000000 0.000000 0.644055
170.000000 0.000000 0.419319
180.000000 0.000000 0.339832
190.000000 0.000000 0.311296
200.000000 0.000000 0.341401
210.000000 0.000000 0.330694
220.000000 0.000000 0.324994
230.000000 0.000000 0.355276
240.000000 0.000000 0.543730
250.000000 0.000000 0.813189
260.000000 0.000000 0.882493
270.000000 0.000000 0.737403
280.000000 0.000000 0.419855
290.000000 0.000000 0.347893
300.000000 0.000000 0.366731
310.000000 0.000000 0.448262
320.000000 0.000000 0.483622
330.000000 0.000000 0.617708
340.000000 0.000000 0.625160
350.000000 0.000000 0.700199
360.000000 0.000000 0.796074
370.000000 0.000000 0.881504
380.000000 0.000000 0.931039
390.000000 0.000000 0.963917
400.000000 0.000000 0.984762
410.000000 0.000000 0.994645
420.000000 0.000000 0.998307
430.000000 0.000000 0.999491
440.000000 0.000000 0.999849
450.000000 0.000000 0.999956
460.000000 0.000000 0.999987
470.000000 0.000000 0.999997
480.000000 0.000000 0.999999
490.000000 0.000000 1.000000
500.000000 0.000000 1.000000
0.000000 10.000000 1.000000
10.000000 10.000000 1.000000
20.000000 10.000000 1.000000
30.000000 10.000000 0.999999
40.000000 10.000000 0.999994
50.000000 10.000000 0.999976
60.000000 10.000000 0.999913
70.000000 10.000000 0.999713
80.000000 10.000000 0.999164
90.000000 10.000000 0.997828
100.000000 10.000000 0.994642
110.000000 10.000000 0.986499
120.000000 10.000000 0.967982
130.000000 10.000000 0.931608
140.000000 10.000000 0.875720
150.000000 10.000000 0.809441
160.000000 10.000000 0.644055
170.000000 10.000000 0.419319
180.000000 10.000000 0.339832
190.000000 10.000000 0.311296
200.000000 10.000000 0.341401
210.000000 10.000000 0.330694
220.000000 10.000000 0.324994
230.000000 10.000000 0.355276
240.000000 10.000000 0.543730
250.000000 10.000000 0.813189
260.000000 10.000000 0.882493
270.000000 10.000000 0.737403
280.000000 10.000000 0.419855
290.000000 10.000000 0.347893
300.000000 10.000000 0.366731
310.000000 10.000000 0.448262
320.000000 10.000000 0.483622
330.000000 10.000000 0.617708
340.000000 10.000000 0.625160
350.000000 10.000000 0.700199
360.000000 10.000000 0.796074
370.000000 10.000000 0.881504
380.000000 10.000000 0.931039
390.000000 10.000000 0.963917
400.000000 10.000000 0.984762
410.000000 10.000000 0.994645
420.000000 10.000000 0.998307
430.000000 10.000000 0.999491
440.000000 10.000000 0.999849
450.000000 10.000000 0.999956
460.000000 10.000000 0.999987
470.000000 10.000000 0.999997
480.000000 10.000000 0.999999
490.000000 10.000000 1.000000
500.000000 10.000000 1.000000
0.000000 20.000000 1.000000
10.000000 20.000000 1.000000
20.000000 20.000000 0.999999
30.000000 20.000000 0.999995
40.000000 20.000000 0.999977
50.000000 20.000000 0.999909
60.000000 20.000000 0.999667
70.000000 20.000000 0.998913
80.000000 20.000000 0.996874
90.000000 20.000000 0.992155
100.000000 20.000000 0.982098
110.000000 20.000000 0.957270
120.000000 20.000000 0.902881
130.000000 20.000000 0.789174
140.000000 20.000000 0.696001
150.000000 20.000000 0.620497
160.000000 20.000000 0.493005
170.000000 20.000000 0.340294
180.000000 20.000000 0.276709
190.000000 20.000000 0.271058
200.000000 20.000000 0.264863
210.000000 20.000000 0.274172
220.000000 20.000000 0.288916
230.000000 20.000000 0.360238
240.000000 20.000000 0.574225
250.000000 20.000000 0.832377
260.000000 20.000000 0.877760
270.000000 20.000000 0.715000
280.000000 20.000000 0.420544
290.000000 20.000000 0.372292
300.000000 20.000000 0.341015
310.000000 20.000000 0.338419
320.000000 20.000000 0.352676
330.000000 20.000000 0.420823
340.000000 20.000000 0.416481
350.000000 20.000000 0.469175
360.000000 20.000000 0.561875
370.000000 20.000000 0.748415
380.000000 20.000000 0.841713
390.000000 20.000000 0.913407
400.000000 20.000000 0.963385
410.000000 20.000000 0.986768
420.000000 20.000000 0.995416
430.000000 20.000000 0.998445
440.000000 20.000000 0.999479
450.000000 20.000000 0.999830
460.000000 20.000000 0.999948
470.000000 20.000000 0.999986
480.000000 20.000000 0.999996
490.000000 20.000000 0.999999
500.000000 20.000000 0.999999
0.000000 30.000000 0.999999
10.000000 30.000000 0.999999
20.000000 30.000000 0.999994
30.000000 30.000000 0.999976
40.000000 30.000000 0.999902
50.000000 30.000000 0.999620
60.000000 30.000000 0.998644
70.000000 30.000000 0.995635
80.000000 30.000000 0.987470
90.000000 30.000000 0.969012
100.000000 30.000000 0.934348
110.000000 30.000000 0.850195
120.000000 30.000000 0.704016
130.000000 30.000000 0.516127
140.000000 30.000000 0.432830
150.000000 30.000000 0.400703
160.000000 30.000000 0.359102
170.000000 30.000000 0.293698
180.000000 30.000000 0.250167
190.000000 30.000000 0.245941
200.000000 30.000000 0.240017
210.000000 30.000000 0.254649
220.000000 30.000000 0.272097
230.000000 30.000000 0.358473
240.000000 30.000000 0.497698
250.000000 30.000000 0.766588
260.000000 30.000000 0.873729
270.000000 30.000000 0.710998
280.000000 30.000000 0.511482
290.000000 30.000000 0.561306
300.000000 30.000000 0.510380
310.000000 30.000000 0.373435
320.000000 30.000000 0.360423
330.000000 30.000000 0.404007
340.000000 30.000000 0.441675
350.000000 30.000000 0.420091
360.000000 30.000000 0.385896
370.000000 30.000000 0.530843
380.000000 30.000000 0.657570
390.000000 30.000000 0.793753
400.000000 30.000000 0.910858
410.000000 30.000000 0.964882
420.000000 30.000000 0.985643
430.000000 30.000000 0.994422
440.000000 30.000000 0.997918
450.000000 30.000000 0.999269
460.000000 30.000000 0.999767
470.000000 30.000000 0.999934
480.000000 30.000000 0.999984
490.000000 30.000000 0.999996
500.000000 30.000000 0.999996
0.000000 40.000000 0.999993
10.000000 40.000000 0.999993
20.000000 40.000000 0.999975
30.000000 40.000000 0.999899
40.000000 40.000000 0.999602
50.000000 40.000000 0.998527
60.000000 40.000000 0.994976
70.000000 40.000000 0.984384
80.000000 40.000000 0.955611
90.000000 40.000000 0.892107
100.000000 40.000000 0.801820
110.000000 40.000000 0.640933
120.000000 40.000000 0.477642
130.000000 40.000000 0.352939
140.000000 40.000000 0.305014
150.000000 40.000000 0.290825
160.000000 40.000000 0.280356
170.000000 40.000000 0.252270
180.000000 40.000000 0.236827
190.000000 40.000000 0.242839
200.000000 40.000000 0.255248
210.000000 40.000000 0.257828
220.000000 40.000000 0.275067
230.000000 40.000000 0.351495
240.000000 40.000000 0.526334
250.000000 40.000000 0.752926
260.000000 40.000000 0.860462
270.000000 40.000000 0.845701
280.000000 40.000000 0.745160
290.000000 40.000000 0.780941
300.000000 40.000000 0.676551
310.000000 40.000000 0.436562
320.000000 40.000000 0.483590
330.000000 40.000000 0.607262
340.000000 40.000000 0.633019
350.000000 40.000000 0.464759
360.000000 40.000000 0.354931
370.000000 40.000000 0.353613
380.000000 40.000000 0.438626
390.000000 40.000000 0.552948
400.000000 40.000000 0.794097
410.000000 40.000000 0.905474
420.000000 40.000000 0.952963
430.000000 40.000000 0.980193
440.000000 40.000000 0.992072
450.000000 40.000000 0.997060
460.000000 40.000000 0.999037
470.000000 40.000000 0.999727
480.000000 40.000000 0.999932
490.000000 40.000000 0.999982
500.000000 40.000000 0.999982
0.000000 50.000000 0.999969
10.000000 50.000000 0.999969
20.000000 50.000000 0.999894
30.000000 50.000000 0.999588
40.000000 50.000000 0.998470
50.000000 50.000000 0.994667
60.000000 50.000000 0.983070
70.000000 50.000000 0.951016
80.000000 50.000000 0.867994
90.000000 50.000000 0.699268
100.000000 50.000000 0.553451
110.000000 50.000000 0.431700
120.000000 50.000000 0.340081
130.000000 50.000000 0.282363
140.000000 50.000000 0.266501
150.000000 50.000000 0.248784
160.000000 50.000000 0.258422
170.000000 50.000000 0.243611
180.000000 50.000000 0.251671
190.000000 50.000000 0.273491
200.000000 50.000000 0.313383
210.000000 50.000000 0.314130
220.000000 50.000000 0.309106
230.000000 50.000000 0.337217
240.000000 50.000000 0.415233
250.000000 50.000000 0.516589
260.000000 50.000000 0.680218
270.000000 50.000000 0.857449
280.000000 50.000000 0.892462
290.000000 50.000000 0.883418
300.000000 50.000000 0.741313
310.000000 50.000000 0.508114
320.000000 50.000000 0.606188
330.000000 50.000000 0.801372
340.000000 50.000000 0.784783
350.000000 50.000000 0.573745
360.000000 50.000000 0.438096
370.000000 50.000000 0.324538
380.000000 50.000000 0.332806
390.000000 50.000000 0.413220
400.000000 50.000000 0.636633
410.000000 50.000000 0.724649
420.000000 50.000000 0.843100
430.000000 50.000000 0.935366
440.000000 50.000000 0.972862
450.000000 50.000000 0.989471
460.000000 50.000000 0.996485
470.000000 50.000000 0.999001
480.000000 50.000000 0.999753
490.000000 50.000000 0.999937
500.000000 50.000000 0.999937
0.000000 60.000000 0.999874
10.000000 60.000000 0.999874
20.000000 60.000000 0.999573
30.000000 60.000000 0.998411
40.000000 60.000000 0.994427
50.000000 60.000000 0.981827
60.000000 60.000000 0.947408
70.000000 60.000000 0.857984
80.000000 60.000000 0.679824
90.000000 60.000000 0.493889
100.000000 60.000000 0.392079
110.000000 60.000000 0.344936
120.000000 60.000000 0.294866
130.000000 60.000000 0.264669
140.000000 60.000000 0.250354
150.000000 60.000000 0.235729
160.000000 60.000000 0.236745
170.000000 60.000000 0.246398
180.000000 60.000000 0.274251
190.000000 60.000000 0.327006
200.000000 60.000000 0.399571
210.000000 60.000000 0.468047
220.000000 60.000000 0.415954
230.000000 60.000000 0.411294
240.000000 60.000000 0.375248
250.000000 60.000000 0.405105
260.000000 60.000000 0.565707
270.000000 60.000000 0.686053
280.000000 60.000000 0.839767
290.000000 60.000000 0.895152
300.000000 60.000000 0.809677
310.000000 60.000000 0.626079
320.000000 60.000000 0.712635
330.000000 60.000000 0.872852
340.000000 60.000000 0.886824
350.000000 60.000000 0.758569
360.000000 60.000000 0.517510
370.000000 60.000000 0.330483
380.000000 60.000000 0.310159
390.000000 60.000000 0.324953
400.000000 60.000000 0.404898
410.000000 60.000000 0.460008
420.000000 60.000000 0.618505
430.000000 60.000000 0.833179
440.000000 60.000000 0.921740
450.000000 60.000000 0.967853
460.000000 60.000000 0.989105
470.000000 60.000000 0.996917
480.000000 60.000000 0.999248
490.000000 60.000000 0.999811
500.000000 60.000000 0.999811
0.000000 70.000000 0.999525
10.000000 70.000000 0.999525
20.000000 70.000000 0.998419
30.000000 70.000000 0.994332
40.000000 70.000000 0.981226
50.000000 70.000000 0.943202
60.000000 70.000000 0.855309
70.000000 70.000000 0.675658
80.000000 70.000000 0.474863
90.000000 70.000000 0.356273
100.000000 70.000000 0.333212
110.000000 70.000000 0.335074
120.000000 70.000000 0.302236
130.000000 70.000000 0.283114
140.000000 70.000000 0.241532
150.000000 70.000000 0.226159
160.000000 70.000000 0.225562
170.000000 70.000000 0.240974
180.000000 70.000000 0.276184
190.000000 70.000000 0.337515
200.000000 70.000000 0.387034
210.000000 70.000000 0.427146
220.000000 70.000000 0.483367
230.000000 70.000000 0.601494
240.000000 70.000000 0.459940
250.000000 70.000000 0.347426
260.000000 70.000000 0.382593
270.000000 70.000000 0.438767
280.000000 70.000000 0.662121
290.000000 70.000000 0.820081
300.000000 70.000000 0.769029
310.000000 70.000000 0.662743
320.000000 70.000000 0.625582
330.000000 70.000000 0.803586
340.000000 70.000000 0.860932
350.000000 70.000000 0.704140
360.000000 70.000000 0.436034
370.000000 70.000000 0.328541
380.000000 70.000000 0.328740
390.000000 70.000000 0.294506
400.000000 70.000000 0.319078
410.000000 70.000000 0.343154
420.000000 70.000000 0.453755
430.000000 70.000000 0.677802
440.000000 70.000000 0.817924
450.000000 70.000000 0.920736
460.000000 70.000000 0.972878
470.000000 70.000000 0.992353
480.000000 70.000000 0.998145
490.000000 70.000000 0.999536
500.000000 70.000000 0.999536
0.000000 80.000000 0.998426
10.000000 80.000000 0.998426
20.000000 80.000000 0.994805
30.000000 80.000000 0.981994
40.000000 80.000000 0.944354
50.000000 80.000000 0.848193
60.000000 80.000000 0.675376
70.000000 80.000000 0.466981
80.000000 80.000000 0.341117
90.000000 80.000000 0.304684
100.000000 80.000000 0.334839
110.000000 80.000000 0.354112
120.000000 80.000000 0.308606
130.000000 80.000000 0.282217
140.000000 80.000000 0.233474
150.000000 80.000000 0.217609
160.000000 80.000000 0.220461
170.000000 80.000000 0.236746
180.000000 80.000000 0.249334
190.000000 80.000000 0.275466
200.000000 80.000000 0.305657
210.000000 80.000000 0.361943
220.000000 80.000000 0.488371
230.000000 80.000000 0.642960
240.000000 80.000000 0.459022
250.000000 80.000000 0.350716
260.000000 80.000000 0.402254
270.000000 80.000000 0.365369
280.000000 80.000000 0.523792
290.000000 80.000000 0.649358
300.000000 80.000000 0.512966
310.000000 80.000000 0.451593
320.000000 80.000000 0.451572
330.000000 80.000000 0.638119
340.000000 80.000000 0.714265
350.000000 80.000000 0.618394
360.000000 80.000000 0.386618
370.000000 80.000000 0.318465
380.000000 80.000000 0.301140
390.000000 80.000000 0.290926
400.000000 80.000000 0.275083
410.000000 80.000000 0.285953
420.000000 80.000000 0.337779
430.000000 80.000000 0.485231
440.000000 80.000000 0.675104
450.000000 80.000000 0.857260
460.000000 80.000000 0.950103
470.000000 80.000000 0.985590
480.000000 80.000000 0.996413
490.000000 80.000000 0.999075
500.000000 80.000000 0.999075
0.000000 90.000000 0.995554
10.000000 90.000000 0.995554
20.000000 90.000000 0.985433
30.000000 90.000000 0.951442
40.000000 90.000000 0.865156
50.000000 90.000000 0.697973
60.000000 90.000000 0.503124
70.000000 90.000000 0.334965
80.000000 90.000000 0.285270
90.000000 90.000000 0.285387
100.000000 90.000000 0.350835
110.000000 90.000000 0.401873
120.000000 90.000000 0.320472
130.000000 90.000000 0.261741
140.000000 90.000000 0.230216
150.000000 90.000000 0.219088
160.000000 90.000000 0.234518
170.000000 90.000000 0.245594
180.000000 90.000000 0.231522
190.000000 90.000000 0.239334
200.000000 90.000000 0.273719
210.000000 90.000000 0.343399
220.000000 90.000000 0.465679
230.000000 90.000000 0.559361
240.000000 90.000000 0.409764
250.000000 90.000000 0.339498
260.000000 90.000000 0.403532
270.000000 90.000000 0.343418
280.000000 90.000000 0.391118
290.000000 90.000000 0.493833
300.000000 90.000000 0.436101
310.000000 90.000000 0.424270
320.000000 90.000000 0.381781
330.000000 90.000000 0.441213
340.000000 90.000000 0.452330
350.000000 90.000000 0.416548
360.000000 90.000000 0.340705
370.000000 90.000000 0.310665
380.000000 90.000000 0.309566
390.000000 90.000000 0.352559
400.000000 90.000000 0.295962
410.000000 90.000000 0.279226
420.000000 90.000000 0.316408
430.000000 90.000000 0.410944
440.000000 90.000000 0.634504
450.000000 90.000000 0.834707
460.000000 90.000000 0.932981
470.000000 90.000000 0.978130
480.000000 90.000000 0.994019
490.000000 90.000000 0.998330
500.000000 90.000000 0.998330
0.000000 100.000000 0.989558
10.000000 100.000000 0.989558
20.000000 100.000000 0.966434
30.000000 100.000000 0.892694
40.000000 100.000000 0.737665
50.000000 100.000000 0.544288
60.000000 100.000000 0.376143
70.000000 100.000000 0.269227
80.000000 100.000000 0.256816
90.000000 100.000000 0.264861
100.000000 100.000000 0.322922
110.000000 100.000000 0.352840
120.000000 100.000000 0.309398
130.000000 100.000000 0.270706
140.000000 100.000000 0.241752
150.000000 100.000000 0.228855
160.000000 100.000000 0.228751
170.000000 100.000000 0.235756
180.000000 100.000000 0.224605
190.000000 100.000000 0.233008
200.000000 100.000000 0.256689
210.000000 100.000000 0.339864
220.000000 100.000000 0.443568
230.000000 100.000000 0.480541
240.000000 100.000000 0.368832
250.000000 100.000000 0.306372
260.000000 100.000000 0.323739
270.000000 100.000000 0.334299
280.000000 100.000000 0.346403
290.000000 100.000000 0.363739
300.000000 100.000000 0.377957
310.000000 100.000000 0.402842
320.000000 100.000000 0.389353
330.000000 100.000000 0.385561
340.000000 100.000000 0.384288
350.000000 100.000000 0.415359
360.000000 100.000000 0.340304
370.000000 100.000000 0.325056
380.000000 100.000000 0.338599
390.000000 100.000000 0.443235
400.000000 100.000000 0.349444
410.000000 100.000000 0.296312
420.000000 100.000000 0.344603
430.000000 100.000000 0.453105
440.000000 100.000000 0.670677
450.000000 100.000000 0.784702
460.000000 100.000000 0.881231
470.000000 100.000000 0.957922
480.000000 100.000000 0.988155
490.000000 100.000000 0.996633
500.000000 100.000000 0.996633
0.000000 110.000000 0.979098
10.000000 110.000000 0.979098
20.000000 110.000000 0.935802
30.000000 110.000000 0.800745
40.000000 110.000000 0.585355
50.000000 110.000000 0.373549
60.000000 110.000000 0.272685
70.000000 110.000000 0.241585
80.000000 110.000000 0.233042
90.000000 110.000000 0.242363
100.000000 110.000000 0.255651
110.000000 110.000000 0.270714
120.000000 110.000000 0.258100
130.000000 110.000000 0.240003
140.000000 110.000000 0.248682
150.000000 110.000000 0.250213
160.000000 110.000000 0.241134
170.000000 110.000000 0.233471
180.000000 110.000000 0.225268
190.000000 110.000000 0.228182
200.000000 110.000000 0.249693
210.000000 110.000000 0.298193
220.000000 110.000000 0.375537
230.000000 110.000000 0.378220
240.000000 110.000000 0.317789
250.000000 110.000000 0.288266
260.000000 110.000000 0.299176
270.000000 110.000000 0.316914
280.000000 110.000000 0.314491
290.000000 110.000000 0.311765
300.000000 110.000000 0.332959
310.000000 110.000000 0.447806
320.000000 110.000000 0.512526
330.000000 110.000000 0.428798
340.000000 110.000000 0.412720
350.000000 110.000000 0.491429
360.000000 110.000000 0.404494
370.000000 110.000000 0.379599
380.000000 110.000000 0.344141
390.000000 110.000000 0.351305
400.000000 110.000000 0.313567
410.000000 110.000000 0.298613
420.000000 110.000000 0.327701
430.000000 110.000000 0.393793
440.000000 110.000000 0.480852
450.000000 110.000000 0.544298
460.000000 110.000000 0.686398
470.000000 110.000000 0.904421
480.000000 110.000000 0.976303
490.000000 110.000000 0.993653
500.000000 110.000000 0.993653
0.000000 120.000000 0.959838
10.000000 120.000000 0.959838
20.000000 120.000000 0.882556
30.000000 120.000000 0.659828
40.000000 120.000000 0.428489
50.000000 120.000000 0.298119
60.000000 120.000000 0.245472
70.000000 120.000000 0.245920
80.000000 120.000000 0.241480
90.000000 120.000000 0.247608
100.000000 120.000000 0.248358
110.000000 120.000000 0.244551
120.000000 120.000000 0.234497
130.000000 120.000000 0.237430
140.000000 120.000000 0.254984
150.000000 120.000000 0.271720
160.000000 120.000000 0.244553
170.000000 120.000000 0.224784
180.000000 120.000000 0.218551
190.000000 120.000000 0.234227
200.000000 120.000000 0.265981
210.000000 120.000000 0.301509
220.000000 120.000000 0.348933
230.000000 120.000000 0.398294
240.000000 120.000000 0.332659
250.000000 120.000000 0.272937
260.000000 120.000000 0.259795
270.000000 120.000000 0.265379
280.000000 120.000000 0.265810
290.000000 120.000000 0.274138
300.000000 120.000000 0.291806
310.000000 120.000000 0.392451
320.000000 120.000000 0.406468
330.000000 120.000000 0.343695
340.000000 120.000000 0.388153
350.000000 120.000000 0.507090
360.000000 120.000000 0.441205
370.000000 120.000000 0.357647
380.000000 120.000000 0.296910
390.000000 120.000000 0.283738
400.000000 120.000000 0.260808
410.000000 120.000000 0.260771
420.000000 120.000000 0.284049
430.000000 120.000000 0.304689
440.000000 120.000000 0.346386
450.000000 120.000000 0.395716
460.000000 120.000000 0.569946
470.000000 120.000000 0.864789
480.000000 120.000000 0.967632
490.000000 120.000000 0.991311
500.000000 120.000000 0.991311
0.000000 130.000000 0.925723
10.000000 130.000000 0.925723
20.000000 130.000000 0.789635
30.000000 130.000000 0.544169
40.000000 130.000000 0.336399
50.000000 130.000000 0.266050
60.000000 130.000000 0.231055
70.000000 130.000000 0.235120
80.000000 130.000000 0.246252
90.000000 130.000000 0.253681
100.000000 130.000000 0.252733
110.000000 130.000000 0.238941
120.000000 130.000000 0.247256
130.000000 130.000000 0.239677
140.000000 130.000000 0.243882
150.000000 130.000000 0.249310
160.000000 130.000000 0.230810
170.000000 130.000000 0.214218
180.000000 130.000000 0.219424
190.000000 130.000000 0.229274
200.000000 130.000000 0.277389
210.000000 130.000000 0.349091
220.000000 130.000000 0.418507
230.000000 130.000000 0.462524
240.000000 130.000000 0.343318
250.000000 130.000000 0.277990
260.000000 130.000000 0.281798
270.000000 130.000000 0.244886
280.000000 130.000000 0.248578
290.000000 130.000000 0.296186
300.000000 130.000000 0.270581
310.000000 130.000000 0.286020
320.000000 130.000000 0.287508
330.000000 130.000000 0.285841
340.000000 130.000000 0.333839
350.000000 130.000000 0.435510
360.000000 130.000000 0.405953
370.000000 130.000000 0.316591
380.000000 130.000000 0.263978
390.000000 130.000000 0.245881
400.000000 130.000000 0.234828
410.000000 130.000000 0.242466
420.000000 130.000000 0.281504
430.000000 130.000000 0.291731
440.000000 130.000000 0.366768
450.000000 130.000000 0.389381
460.000000 130.000000 0.570485
470.000000 130.000000 0.865354
480.000000 130.000000 0.963566
490.000000 130.000000 0.989700
500.000000 130.000000 0.989700
0.000000 140.000000 0.875798
10.000000 140.000000 0.875798
20.000000 140.000000 0.686331
30.000000 140.000000 0.433750
40.000000 140.000000 0.287386
50.000000 140.000000 0.241931
60.000000 140.000000 0.222254
70.000000 140.000000 0.242271
80.000000 140.000000 0.242557
90.000000 140.000000 0.246775
100.000000 140.000000 0.245997
110.000000 140.000000 0.239353
120.000000 140.000000 0.249219
130.000000 140.000000 0.238241
140.000000 140.000000 0.231717
150.000000 140.000000 0.230925
160.000000 140.000000 0.213008
170.000000 140.000000 0.210076
180.000000 140.000000 0.208658
190.000000 140.000000 0.226013
200.000000 140.000000 0.271742
210.000000 140.000000 0.365876
220.000000 140.000000 0.402347
230.000000 140.000000 0.420480
240.000000 140.000000 0.317297
250.000000 140.000000 0.265724
260.000000 140.000000 0.259610
270.000000 140.000000 0.234642
280.000000 140.000000 0.225250
290.000000 140.000000 0.251534
300.000000 140.000000 0.269020
310.000000 140.000000 0.274237
320.000000 140.000000 0.278145
330.000000 140.000000 0.294641
340.000000 140.000000 0.326626
350.000000 140.000000 0.387116
360.000000 140.000000 0.345845
370.000000 140.000000 0.272458
380.000000 140.000000 0.238621
390.000000 140.000000 0.228064
400.000000 140.000000 0.223215
410.000000 140.000000 0.230366
420.000000 140.000000 0.247256
430.000000 140.000000 0.277728
440.000000 140.000000 0.344245
450.000000 140.000000 0.363882
460.000000 140.000000 0.544328
470.000000 140.000000 0.847272
480.000000 140.000000 0.956679
490.000000 140.000000 0.987307
500.000000 140.000000 0.987307
0.000000 150.000000 0.792139
10.000000 150.000000 0.792139
20.000000 150.000000 0.587910
30.000000 150.000000 0.359452
40.000000 150.000000 0.270394
50.000000 150.000000 0.250526
60.000000 150.000000 0.228929
70.000000 150.000000 0.216079
80.000000 150.000000 0.217289
90.000000 150.000000 0.223175
100.000000 150.000000 0.228758
110.000000 150.000000 0.235363
120.000000 150.000000 0.247744
130.000000 150.000000 0.233995
140.000000 150.000000 0.219274
150.000000 150.000000 0.213187
160.000000 150.000000 0.207500
170.000000 150.000000 0.212336
180.000000 150.000000 0.209446
190.000000 150.000000 0.216872
200.000000 150.000000 0.240658
210.000000 150.000000 0.274392
220.000000 150.000000 0.309008
230.000000 150.000000 0.327297
240.000000 150.000000 0.266132
250.000000 150.000000 0.238149
260.000000 150.000000 0.236296
270.000000 150.000000 0.236172
280.000000 150.000000 0.234043
290.000000 150.000000 0.240048
300.000000 150.000000 0.289762
310.000000 150.000000 0.301943
320.000000 150.000000 0.286288
330.000000 150.000000 0.313582
340.000000 150.000000 0.345380
350.000000 150.000000 0.397975
360.000000 150.000000 0.338350
370.000000 150.000000 0.264615
380.000000 150.000000 0.222515
390.000000 150.000000 0.221642
400.000000 150.000000 0.225721
410.000000 150.000000 0.237683
420.000000 150.000000 0.240949
430.000000 150.000000 0.268878
440.000000 150.000000 0.310003
450.000000 150.000000 0.349987
460.000000 150.000000 0.513788
470.000000 150.000000 0.818052
480.000000 150.000000 0.949473
490.000000 150.000000 0.984560
500.000000 150.000000 0.984560
0.000000 160.000000 0.707709
10.000000 160.000000 0.707709
20.000000 160.000000 0.477091
30.000000 160.000000 0.312068
40.000000 160.000000 0.266273
50.000000 160.000000 0.245931
60.000000 160.000000 0.233088
70.000000 160.000000 0.212330
80.000000 160.000000 0.200275
90.000000 160.000000 0.207985
100.000000 160.000000 0.223476
110.000000 160.000000 0.231253
120.000000 160.000000 0.251838
130.000000 160.000000 0.224444
140.000000 160.000000 0.213531
150.000000 160.000000 0.209865
160.000000 160.000000 0.203830
170.000000 160.000000 0.209462
180.000000 160.000000 0.198638
190.000000 160.000000 0.205660
200.000000 160.000000 0.214067
210.000000 160.000000 0.242999
220.000000 160.000000 0.264943
230.000000 160.000000 0.270002
240.000000 160.000000 0.241527
250.000000 160.000000 0.240485
260.000000 160.000000 0.234328
270.000000 160.000000 0.236640
280.000000 160.000000 0.233087
290.000000 160.000000 0.233366
300.000000 160.000000 0.254901
310.000000 160.000000 0.279632
320.000000 160.000000 0.317299
330.000000 160.000000 0.353952
340.000000 160.000000 0.323552
350.000000 160.000000 0.303270
360.000000 160.000000 0.269837
370.000000 160.000000 0.233843
380.000000 160.000000 0.218034
390.000000 160.000000 0.223974
400.000000 160.000000 0.230322
410.000000 160.000000 0.233516
420.000000 160.000000 0.249565
430.000000 160.000000 0.289939
440.000000 160.000000 0.357877
450.000000 160.000000 0.380275
460.000000 160.000000 0.503779
470.000000 160.000000 0.783656
480.000000 160.000000 0.932882
490.000000 160.000000 0.978462
500.000000 160.000000 0.978462
0.000000 170.000000 0.601302
10.000000 170.000000 0.601302
20.000000 170.000000 0.413754
30.000000 170.000000 0.302153
40.000000 170.000000 0.276867
50.000000 170.000000 0.247457
60.000000 170.000000 0.228005
70.000000 170.000000 0.216112
80.000000 170.000000 0.201539
90.000000 170.000000 0.201984
100.000000 170.000000 0.212463
110.000000 170.000000 0.221590
120.000000 170.000000 0.236348
130.000000 170.000000 0.223823
140.000000 170.000000 0.220236
150.000000 170.000000 0.209844
160.000000 170.000000 0.208481
170.000000 170.000000 0.198813
180.000000 170.000000 0.196628
190.000000 170.000000 0.200786
200.000000 170.000000 0.209311
210.000000 170.000000 0.229250
220.000000 170.000000 0.244757
230.000000 170.000000 0.250082
240.000000 170.000000 0.240031
250.000000 170.000000 0.253691
260.000000 170.000000 0.244641
270.000000 170.000000 0.232097
280.000000 170.000000 0.226869
290.000000 170.000000 0.225105
300.000000 170.000000 0.239323
310.000000 170.000000 0.270819
320.000000 170.000000 0.329705
330.000000 170.000000 0.352959
340.000000 170.000000 0.303056
350.000000 170.000000 0.262868
360.000000 170.000000 0.251127
370.000000 170.000000 0.238797
380.000000 170.000000 0.226333
390.000000 170.000000 0.229348
400.000000 170.000000 0.246353
410.000000 170.000000 0.255531
420.000000 170.000000 0.270951
430.000000 170.000000 0.322914
440.000000 170.000000 0.427747
450.000000 170.000000 0.417083
460.000000 170.000000 0.474544
470.000000 170.000000 0.644374
480.000000 170.000000 0.881348
490.000000 170.000000 0.964510
500.000000 170.000000 0.964510
0.000000 180.000000 0.476041
10.000000 180.000000 0.476041
20.000000 180.000000 0.355000
30.000000 180.000000 0.290575
40.000000 180.000000 0.257372
50.000000 180.000000 0.233604
60.000000 180.000000 0.232017
70.000000 180.000000 0.222510
80.000000 180.000000 0.216316
90.000000 180.000000 0.212609
100.000000 180.000000 0.205696
110.000000 180.000000 0.220884
120.000000 180.000000 0.225262
130.000000 180.000000 0.225754
140.000000 180.000000 0.217224
150.000000 180.000000 0.205349
160.000000 180.000000 0.203971
170.000000 180.000000 0.198507
180.000000 180.000000 0.201069
190.000000 180.000000 0.211227
200.000000 180.000000 0.215990
210.000000 180.000000 0.228885
220.000000 180.000000 0.239805
230.000000 180.000000 0.232412
240.000000 180.000000 0.231490
250.000000 180.000000 0.246145
260.000000 180.000000 0.241841
270.000000 180.000000 0.244691
280.000000 180.000000 0.224355
290.000000 180.000000 0.225488
300.000000 180.000000 0.245195
310.000000 180.000000 0.280613
320.000000 180.000000 0.323198
330.000000 180.000000 0.340137
340.000000 180.000000 0.283283
350.000000 180.000000 0.257293
360.000000 180.000000 0.236901
370.000000 180.000000 0.234419
380.000000 180.000000 0.236174
390.000000 180.000000 0.241733
400.000000 180.000000 0.253018
410.000000 180.000000 0.248127
420.000000 180.000000 0.266357
430.000000 180.000000 0.334216
440.000000 180.000000 0.464303
450.000000 180.000000 0.509131
460.000000 180.000000 0.528799
470.000000 180.000000 0.575785
480.000000 180.000000 0.805749
490.000000 180.000000 0.926143
500.000000 180.000000 0.926143
0.000000 190.000000 0.418026
10.000000 190.000000 0.418026
20.000000 190.000000 0.341745
30.000000 190.000000 0.291307
40.000000 190.000000 0.248141
50.000000 190.000000 0.232202
60.000000 190.000000 0.222748
70.000000 190.000000 0.219215
80.000000 190.000000 0.224523
90.000000 190.000000 0.233010
100.000000 190.000000 0.215435
110.000000 190.000000 0.213502
120.000000 190.000000 0.235608
130.000000 190.000000 0.226237
140.000000 190.000000 0.203596
150.000000 190.000000 0.198592
160.000000 190.000000 0.198730
170.000000 190.000000 0.201396
180.000000 190.000000 0.217684
190.000000 190.000000 0.216938
200.000000 190.000000 0.225771
210.000000 190.000000 0.228079
220.000000 190.000000 0.227337
230.000000 190.000000 0.222061
240.000000 190.000000 0.227539
250.000000 190.000000 0.246285
260.000000 190.000000 0.244044
270.000000 190.000000 0.252582
280.000000 190.000000 0.236578
290.000000 190.000000 0.249067
300.000000 190.000000 0.279003
310.000000 190.000000 0.316065
320.000000 190.000000 0.367929
330.000000 190.000000 0.374506
340.000000 190.000000 0.320239
350.000000 190.000000 0.282251
360.000000 190.000000 0.257410
370.000000 190.000000 0.255996
380.000000 190.000000 0.264220
390.000000 190.000000 0.270328
400.000000 190.000000 0.266935
410.000000 190.000000 0.258185
420.000000 190.000000 0.283897
430.000000 190.000000 0.321595
440.000000 190.000000 0.398043
450.000000 190.000000 0.434824
460.000000 190.000000 0.473338
470.000000 190.000000 0.513394
480.000000 190.000000 0.639810
490.000000 190.000000 0.806003
500.000000 190.000000 0.806003
0.000000 200.000000 0.364683
10.000000 200.000000 0.364683
20.000000 200.000000 0.302574
30.000000 200.000000 0.260931
40.000000 200.000000 0.241036
50.000000 200.000000 0.229317
60.000000 200.000000 0.240316
70.000000 200.000000 0.220982
80.000000 200.000000 0.215515
90.000000 200.000000 0.211072
100.000000 200.000000 0.204452
110.000000 200.000000 0.217303
120.000000 200.000000 0.229247
130.000000 200.000000 0.222524
140.000000 200.000000 0.203087
150.000000 200.000000 0.201968
160.000000 200.000000 0.199136
170.000000 200.000000 0.214533
180.000000 200.000000 0.225659
190.000000 200.000000 0.242912
200.000000 200.000000 0.242806
210.000000 200.000000 0.252663
220.000000 200.000000 0.244905
230.000000 200.000000 0.238914
240.000000 200.000000 0.238385
250.000000 200.000000 0.241651
260.000000 200.000000 0.240663
270.000000 200.000000 0.233280
280.000000 200.000000 0.236238
290.000000 200.000000 0.253037
300.000000 200.000000 0.290945
310.000000 200.000000 0.362457
320.000000 200.000000 0.463788
330.000000 200.000000 0.463638
340.000000 200.000000 0.385761
350.000000 200.000000 0.314557
360.000000 200.000000 0.290702
370.000000 200.000000 0.296461
380.000000 200.000000 0.323101
390.000000 200.000000 0.324122
400.000000 200.000000 0.302455
410.000000 200.000000 0.294785
420.000000 200.000000 0.324830
430.000000 200.000000 0.351027
440.000000 200.000000 0.361072
450.000000 200.000000 0.359286
460.000000 200.000000 0.419209
470.000000 200.000000 0.524772
480.000000 200.000000 0.531175
490.000000 200.000000 0.600075
500.000000 200.000000 0.600075
0.000000 210.000000 0.346575
10.000000 210.000000 0.346575
20.000000 210.000000 0.278824
30.000000 210.000000 0.245682
40.000000 210.000000 0.239404
50.000000 210.000000 0.242064
60.000000 210.000000 0.250718
70.000000 210.000000 0.238127
80.000000 210.000000 0.220242
90.000000 210.000000 0.210679
100.000000 210.000000 0.210072
110.000000 210.000000 0.209776
120.000000 210.000000 0.211337
130.000000 210.000000 0.204960
140.000000 210.000000 0.206080
150.000000 210.000000 0.199702
160.000000 210.000000 0.210102
170.000000 210.000000 0.225360
180.000000 210.000000 0.251693
190.000000 210.000000 0.275050
200.000000 210.000000 0.293249
210.000000 210.000000 0.302960
220.000000 210.000000 0.292579
230.000000 210.000000 0.249968
240.000000 210.000000 0.236263
250.000000 210.000000 0.235003
260.000000 210.000000 0.242294
270.000000 210.000000 0.230320
280.000000 210.000000 0.242476
290.000000 210.000000 0.267879
300.000000 210.000000 0.287571
310.000000 210.000000 0.358869
320.000000 210.000000 0.509703
330.000000 210.000000 0.566779
340.000000 210.000000 0.472056
350.000000 210.000000 0.384301
360.000000 210.000000 0.361120
370.000000 210.000000 0.379412
380.000000 210.000000 0.383710
390.000000 210.000000 0.450401
400.000000 210.000000 0.466926
410.000000 210.000000 0.422467
420.000000 210.000000 0.491911
430.000000 210.000000 0.500258
440.000000 210.000000 0.367728
450.000000 210.000000 0.359791
460.000000 210.000000 0.474247
470.000000 210.000000 0.625426
480.000000 210.000000 0.462166
490.000000 210.000000 0.408230
500.000000 210.000000 0.408230
0.000000 220.000000 0.306344
10.000000 220.000000 0.306344
20.000000 220.000000 0.266606
30.000000 220.000000 0.241141
40.000000 220.000000 0.234263
50.000000 220.000000 0.229489
60.000000 220.000000 0.238770
70.000000 220.000000 0.263036
80.000000 220.000000 0.248954
90.000000 220.000000 0.218958
100.000000 220.000000 0.208940
110.000000 220.000000 0.205708
120.000000 220.000000 0.206074
130.000000 220.000000 0.210412
140.000000 220.000000 0.206253
150.000000 220.000000 0.206628
160.000000 220.000000 0.222177
170.000000 220.000000 0.235712
180.000000 220.000000 0.246479
190.000000 220.000000 0.274548
200.000000 220.000000 0.294069
210.000000 220.000000 0.324021
220.000000 220.000000 0.312766
230.000000 220.000000 0.255906
240.000000 220.000000 0.226806
250.000000 220.000000 0.224933
260.000000 220.000000 0.227726
270.000000 220.000000 0.231100
280.000000 220.000000 0.242392
290.000000 220.000000 0.244766
300.000000 220.000000 0.267028
310.000000 220.000000 0.303457
320.000000 220.000000 0.393638
330.000000 220.000000 0.481632
340.000000 220.000000 0.464328
350.000000 220.000000 0.416057
360.000000 220.000000 0.401956
370.000000 220.000000 0.384437
380.000000 220.000000 0.388804
390.000000 220.000000 0.524030
400.000000 220.000000 0.646037
410.000000 220.000000 0.611496
420.000000 220.000000 0.578702
430.000000 220.000000 0.539900
440.000000 220.000000 0.374521
450.000000 220.000000 0.355748
460.000000 220.000000 0.480339
470.000000 220.000000 0.617705
480.000000 220.000000 0.482382
490.000000 220.000000 0.344577
500.000000 220.000000 0.344577
0.000000 230.000000 0.262940
10.000000 230.000000 0.262940
20.000000 230.000000 0.250579
30.000000 230.000000 0.241705
40.000000 230.000000 0.242389
50.000000 230.000000 0.234163
60.000000 230.000000 0.243230
70.000000 230.000000 0.259561
80.000000 230.000000 0.245591
90.000000 230.000000 0.224384
100.000000 230.000000 0.215883
110.000000 230.000000 0.213759
120.000000 230.000000 0.211315
130.000000 230.000000 0.207258
140.000000 230.000000 0.203123
150.000000 230.000000 0.200879
160.000000 230.000000 0.216973
170.000000 230.000000 0.218360
180.000000 230.000000 0.234833
190.000000 230.000000 0.241973
200.000000 230.000000 0.258702
210.000000 230.000000 0.282596
220.000000 230.000000 0.286460
230.000000 230.000000 0.245083
240.000000 230.000000 0.239036
250.000000 230.000000 0.223903
260.000000 230.000000 0.238670
270.000000 230.000000 0.254747
280.000000 230.000000 0.247601
290.000000 230.000000 0.238271
300.000000 230.000000 0.238072
310.000000 230.000000 0.250876
320.000000 230.000000 0.289768
330.000000 230.000000 0.334250
340.000000 230.000000 0.373851
350.000000 230.000000 0.429410
360.000000 230.000000 0.441303
370.000000 230.000000 0.378448
380.000000 230.000000 0.352862
390.000000 230.000000 0.403086
400.000000 230.000000 0.484680
410.000000 230.000000 0.473260
420.000000 230.000000 0.373591
430.000000 230.000000 0.368466
440.000000 230.000000 0.311358
450.000000 230.000000 0.327632
460.000000 230.000000 0.418577
470.000000 230.000000 0.459675
480.000000 230.000000 0.384050
490.000000 230.000000 0.312179
500.000000 230.000000 0.312179
0.000000 240.000000 0.248067
10.000000 240.000000 0.248067
20.000000 240.000000 0.240314
30.000000 240.000000 0.236236
40.000000 240.000000 0.235792
50.000000 240.000000 0.232738
60.000000 240.000000 0.225181
70.000000 240.000000 0.226521
80.000000 240.000000 0.225062
90.000000 240.000000 0.231329
100.000000 240.000000 0.232804
110.000000 240.000000 0.237236
120.000000 240.000000 0.232445
130.000000 240.000000 0.217772
140.000000 240.000000 0.209253
150.000000 240.000000 0.203712
160.000000 240.000000 0.201072
170.000000 240.000000 0.211734
180.000000 240.000000 0.226051
190.000000 240.000000 0.225936
200.000000 240.000000 0.223117
210.000000 240.000000 0.250682
220.000000 240.000000 0.244363
230.000000 240.000000 0.237123
240.000000 240.000000 0.236583
250.000000 240.000000 0.232279
260.000000 240.000000 0.259584
270.000000 240.000000 0.277783
280.000000 240.000000 0.257404
290.000000 240.000000 0.245049
300.000000 240.000000 0.240236
310.000000 240.000000 0.235299
320.000000 240.000000 0.272132
330.000000 240.000000 0.333084
340.000000 240.000000 0.446919
350.000000 240.000000 0.593843
360.000000 240.000000 0.580180
370.000000 240.000000 0.439823
380.000000 240.000000 0.358813
390.000000 240.000000 0.323893
400.000000 240.000000 0.323822
410.000000 240.000000 0.313867
420.000000 240.000000 0.283257
430.000000 240.000000 0.285734
440.000000 240.000000 0.278061
450.000000 240.000000 0.325277
460.000000 240.000000 0.409113
470.000000 240.000000 0.482613
480.000000 240.000000 0.391414
490.000000 240.000000 0.345517
500.000000 240.000000 0.345517
0.000000 250.000000 0.251081
10.000000 250.000000 0.251081
20.000000 250.000000 0.235153
30.000000 250.000000 0.225007
40.000000 250.000000 0.226559
50.000000 250.000000 0.218416
60.000000 250.000000 0.212981
70.000000 250.000000 0.212903
80.000000 250.000000 0.223937
90.000000 250.000000 0.228687
100.000000 250.000000 0.235951
110.000000 250.000000 0.280426
120.000000 250.000000 0.291404
130.000000 250.000000 0.242096
140.000000 250.000000 0.214936
150.000000 250.000000 0.203688
160.000000 250.000000 0.201399
170.000000 250.000000 0.201714
180.000000 250.000000 0.217005
190.000000 250.000000 0.211927
200.000000 250.000000 0.211692
210.000000 250.000000 0.212965
220.000000 250.000000 0.225642
230.000000 250.000000 0.230631
240.000000 250.000000 0.233036
250.000000 250.000000 0.237483
260.000000 250.000000 0.277933
270.000000 250.000000 0.326803
280.000000 250.000000 0.298225
290.000000 250.000000 0.269643
300.000000 250.000000 0.250701
310.000000 250.000000 0.241501
320.000000 250.000000 0.266069
330.000000 250.000000 0.344130
340.000000 250.000000 0.479239
350.000000 250.000000 0.674262
360.000000 250.000000 0.659981
370.000000 250.000000 0.532081
380.000000 250.000000 0.389078
390.000000 250.000000 0.312838
400.000000 250.000000 0.324990
410.000000 250.000000 0.281009
420.000000 250.000000 0.270600
430.000000 250.000000 0.282656
440.000000 250.000000 0.265304
450.000000 250.000000 0.322672
460.000000 250.000000 0.434990
470.000000 250.000000 0.624403
480.000000 250.000000 0.535579
490.000000 250.000000 0.472140
500.000000 250.000000 0.472140
0.000000 260.000000 0.259360
10.000000 260.000000 0.259360
20.000000 260.000000 0.235790
30.000000 260.000000 0.230206
40.000000 260.000000 0.225454
50.000000 260.000000 0.215769
60.000000 260.000000 0.212416
70.000000 260.000000 0.205931
80.000000 260.000000 0.214607
90.000000 260.000000 0.222169
100.000000 260.000000 0.255350
110.000000 260.000000 0.347168
120.000000 260.000000 0.436903
130.000000 260.000000 0.322871
140.000000 260.000000 0.229584
150.000000 260.000000 0.210569
160.000000 260.000000 0.201784
170.000000 260.000000 0.202959
180.000000 260.000000 0.199586
190.000000 260.000000 0.209835
200.000000 260.000000 0.202307
210.000000 260.000000 0.208844
220.000000 260.000000 0.218525
230.000000 260.000000 0.239377
240.000000 260.000000 0.225529
250.000000 260.000000 0.234086
260.000000 260.000000 0.274709
270.000000 260.000000 0.365697
280.000000 260.000000 0.365535
290.000000 260.000000 0.290275
300.000000 260.000000 0.244589
310.000000 260.000000 0.238109
320.000000 260.000000 0.261715
330.000000 260.000000 0.343913
340.000000 260.000000 0.462512
350.000000 260.000000 0.566142
360.000000 260.000000 0.517699
370.000000 260.000000 0.518601
380.000000 260.000000 0.428911
390.000000 260.000000 0.317905
400.000000 260.000000 0.324069
410.000000 260.000000 0.292308
420.000000 260.000000 0.266139
430.000000 260.000000 0.263346
440.000000 260.000000 0.292315
450.000000 260.000000 0.376359
460.000000 260.000000 0.540650
470.000000 260.000000 0.698775
480.000000 260.000000 0.717190
490.000000 260.000000 0.746508
500.000000 260.000000 0.746508
0.000000 270.000000 0.255387
10.000000 270.000000 0.255387
20.000000 270.000000 0.249075
30.000000 270.000000 0.247017
40.000000 270.000000 0.254757
50.000000 270.000000 0.228994
60.000000 270.000000 0.214794
70.000000 270.000000 0.212302
80.000000 270.000000 0.202622
90.000000 270.000000 0.220921
100.000000 270.000000 0.246290
110.000000 270.000000 0.309265
120.000000 270.000000 0.367071
130.000000 270.000000 0.279730
140.000000 270.000000 0.235827
150.000000 270.000000 0.214913
160.000000 270.000000 0.202135
170.000000 270.000000 0.195128
180.000000 270.000000 0.200869
190.000000 270.000000 0.208180
200.000000 270.000000 0.209513
210.000000 270.000000 0.213696
220.000000 270.000000 0.242878
230.000000 270.000000 0.253768
240.000000 270.000000 0.229533
250.000000 270.000000 0.229810
260.000000 270.000000 0.244981
270.000000 270.000000 0.288640
280.000000 270.000000 0.308068
290.000000 270.000000 0.266121
300.000000 270.000000 0.235128
310.000000 270.000000 0.233892
320.000000 270.000000 0.260671
330.000000 270.000000 0.352248
340.000000 270.000000 0.410256
350.000000 270.000000 0.478901
360.000000 270.000000 0.398182
370.000000 270.000000 0.359335
380.000000 270.000000 0.321326
390.000000 270.000000 0.332910
400.000000 270.000000 0.339537
410.000000 270.000000 0.352740
420.000000 270.000000 0.323773
430.000000 270.000000 0.308011
440.000000 270.000000 0.372989
450.000000 270.000000 0.442676
460.000000 270.000000 0.578218
470.000000 270.000000 0.546864
480.000000 270.000000 0.563162
490.000000 270.000000 0.736860
500.000000 270.000000 0.736860
0.000000 280.000000 0.296221
10.000000 280.000000 0.296221
20.000000 280.000000 0.292306
30.000000 280.000000 0.273326
40.000000 280.000000 0.250656
50.000000 280.000000 0.231929
60.000000 280.000000 0.233837
70.000000 280.000000 0.229148
80.000000 280.000000 0.215153
90.000000 280.000000 0.215025
100.000000 280.000000 0.232919
110.000000 280.000000 0.256133
120.000000 280.000000 0.258062
130.000000 280.000000 0.240942
140.000000 280.000000 0.242854
150.000000 280.000000 0.226845
160.000000 280.000000 0.220051
170.000000 280.000000 0.215808
180.000000 280.000000 0.217936
190.000000 280.000000 0.224225
200.000000 280.000000 0.224093
210.000000 280.000000 0.222415
220.000000 280.000000 0.218660
230.000000 280.000000 0.231079
240.000000 280.000000 0.216117
250.000000 280.000000 0.228787
260.000000 280.000000 0.256065
270.000000 280.000000 0.268956
280.000000 280.000000 0.253328
290.000000 280.000000 0.237491
300.000000 280.000000 0.234955
310.000000 280.000000 0.235091
320.000000 280.000000 0.238822
330.000000 280.000000 0.272569
340.000000 280.000000 0.326384
350.000000 280.000000 0.359741
360.000000 280.000000 0.316826
370.000000 280.000000 0.290255
380.000000 280.000000 0.301577
390.000000 280.000000 0.380097
400.000000 280.000000 0.374480
410.000000 280.000000 0.390228
420.000000 280.000000 0.397097
430.000000 280.000000 0.388415
440.000000 280.000000 0.459182
450.000000 280.000000 0.454266
460.000000 280.000000 0.405894
470.000000 280.000000 0.353661
480.000000 280.000000 0.393931
490.000000 280.000000 0.600561
500.000000 280.000000 0.600561
0.000000 290.000000 0.404775
10.000000 290.000000 0.404775
20.000000 290.000000 0.400176
30.000000 290.000000 0.348927
40.000000 290.000000 0.289035
50.000000 290.000000 0.256638
60.000000 290.000000 0.242067
70.000000 290.000000 0.234735
80.000000 290.000000 0.231055
90.000000 290.000000 0.231457
100.000000 290.000000 0.234423
110.000000 290.000000 0.251387
120.000000 290.000000 0.232414
130.000000 290.000000 0.225855
140.000000 290.000000 0.244241
150.000000 290.000000 0.265414
160.000000 290.000000 0.250469
170.000000 290.000000 0.226862
180.000000 290.000000 0.229787
190.000000 290.000000 0.249524
200.000000 290.000000 0.257128
210.000000 290.000000 0.235311
220.000000 290.000000 0.220094
230.000000 290.000000 0.220752
240.000000 290.000000 0.222883
250.000000 290.000000 0.228073
260.000000 290.000000 0.277275
270.000000 290.000000 0.289441
280.000000 290.000000 0.266370
290.000000 290.000000 0.247753
300.000000 290.000000 0.241328
310.000000 290.000000 0.239684
320.000000 290.000000 0.243588
330.000000 290.000000 0.248365
340.000000 290.000000 0.273176
350.000000 290.000000 0.299808
360.000000 290.000000 0.273348
370.000000 290.000000 0.278485
380.000000 290.000000 0.301443
390.000000 290.000000 0.398841
400.000000 290.000000 0.463869
410.000000 290.000000 0.421354
420.000000 290.000000 0.440927
430.000000 290.000000 0.531558
440.000000 290.000000 0.513486
450.000000 290.000000 0.430970
460.000000 290.000000 0.342262
470.000000 290.000000 0.287288
480.000000 290.000000 0.318461
490.000000 290.000000 0.378147
500.000000 290.000000 0.378147
0.000000 300.000000 0.498785
10.000000 300.000000 0.498785
20.000000 300.000000 0.488274
30.000000 300.000000 0.391163
40.000000 300.000000 0.304411
50.000000 300.000000 0.259940
60.000000 300.000000 0.261162
70.000000 300.000000 0.267195
80.000000 300.000000 0.250958
90.000000 300.000000 0.242913
100.000000 300.000000 0.238345
110.000000 300.000000 0.230956
120.000000 300.000000 0.220888
130.000000 300.000000 0.228170
140.000000 300.000000 0.256364
150.000000 300.000000 0.335592
160.000000 300.000000 0.274795
170.000000 300.000000 0.235155
180.000000 300.000000 0.236712
190.000000 300.000000 0.250189
200.000000 300.000000 0.252204
210.000000 300.000000 0.230324
220.000000 300.000000 0.217192
230.000000 300.000000 0.219671
240.000000 300.000000 0.219665
250.000000 300.000000 0.242422
260.000000 300.000000 0.281540
270.000000 300.000000 0.311728
280.000000 300.000000 0.286250
290.000000 300.000000 0.258713
300.000000 300.000000 0.260834
310.000000 300.000000 0.243102
320.000000 300.000000 0.242408
330.000000 300.000000 0.239749
340.000000 300.000000 0.257268
350.000000 300.000000 0.275365
360.000000 300.000000 0.271986
370.000000 300.000000 0.273813
380.000000 300.000000 0.338429
390.000000 300.000000 0.517142
400.000000 300.000000 0.630394
410.000000 300.000000 0.576695
420.000000 300.000000 0.594517
430.000000 300.000000 0.671783
440.000000 300.000000 0.476375
450.000000 300.000000 0.410391
460.000000 300.000000 0.386632
470.000000 300.000000 0.275679
480.000000 300.000000 0.267388
490.000000 300.000000 0.296423
500.000000 300.000000 0.296423
0.000000 310.000000 0.725801
10.000000 310.000000 0.725801
20.000000 310.000000 0.649859
30.000000 310.000000 0.472786
40.000000 310.000000 0.331844
50.000000 310.000000 0.271932
60.000000 310.000000 0.288240
70.000000 310.000000 0.293171
80.000000 310.000000 0.267536
90.000000 310.000000 0.249592
100.000000 310.000000 0.234324
110.000000 310.000000 0.218157
120.000000 310.000000 0.208931
130.000000 310.000000 0.222097
140.000000 310.000000 0.238527
150.000000 310.000000 0.293386
160.000000 310.000000 0.273577
170.000000 310.000000 0.246497
180.000000 310.000000 0.254946
190.000000 310.000000 0.235810
200.000000 310.000000 0.231393
210.000000 310.000000 0.216745
220.000000 310.000000 0.210389
230.000000 310.000000 0.222061
240.000000 310.000000 0.231602
250.000000 310.000000 0.254883
260.000000 310.000000 0.312052
270.000000 310.000000 0.367456
280.000000 310.000000 0.302493
290.000000 310.000000 0.263509
300.000000 310.000000 0.258298
310.000000 310.000000 0.248893
320.000000 310.000000 0.248179
330.000000 310.000000 0.265753
340.000000 310.000000 0.286106
350.000000 310.000000 0.315566
360.000000 310.000000 0.320189
370.000000 310.000000 0.312372
380.000000 310.000000 0.379834
390.000000 310.000000 0.535352
400.000000 310.000000 0.517042
410.000000 310.000000 0.460218
420.000000 310.000000 0.552825
430.000000 310.000000 0.573806
440.000000 310.000000 0.427379
450.000000 310.000000 0.339567
460.000000 310.000000 0.291581
470.000000 310.000000 0.257494
480.000000 310.000000 0.265498
490.000000 310.000000 0.343634
500.000000 310.000000 0.343634
0.000000 320.000000 0.916240
10.000000 320.000000 0.916240
20.000000 320.000000 0.825525
30.000000 320.000000 0.565687
40.000000 320.000000 0.357566
50.000000 320.000000 0.284255
60.000000 320.000000 0.295054
70.000000 320.000000 0.302449
80.000000 320.000000 0.275006
90.000000 320.000000 0.238479
100.000000 320.000000 0.212954
110.000000 320.000000 0.207936
120.000000 320.000000 0.204370
130.000000 320.000000 0.205400
140.000000 320.000000 0.224377
150.000000 320.000000 0.236566
160.000000 320.000000 0.247792
170.000000 320.000000 0.246676
180.000000 320.000000 0.261110
190.000000 320.000000 0.252429
200.000000 320.000000 0.228109
210.000000 320.000000 0.213976
220.000000 320.000000 0.220187
230.000000 320.000000 0.221200
240.000000 320.000000 0.239056
250.000000 320.000000 0.264954
260.000000 320.000000 0.402038
270.000000 320.000000 0.484283
280.000000 320.000000 0.336229
290.000000 320.000000 0.264129
300.000000 320.000000 0.257398
310.000000 320.000000 0.245102
320.000000 320.000000 0.251645
330.000000 320.000000 0.289310
340.000000 320.000000 0.346277
350.000000 320.000000 0.399859
360.000000 320.000000 0.420829
370.000000 320.000000 0.397493
380.000000 320.000000 0.483307
390.000000 320.000000 0.608876
400.000000 320.000000 0.442892
410.000000 320.000000 0.332822
420.000000 320.000000 0.351578
430.000000 320.000000 0.385865
440.000000 320.000000 0.350527
450.000000 320.000000 0.292196
460.000000 320.000000 0.266207
470.000000 320.000000 0.285750
480.000000 320.000000 0.301202
490.000000 320.000000 0.439466
500.000000 320.000000 0.439466
0.000000 330.000000 0.948303
10.000000 330.000000 0.948303
20.000000 330.000000 0.769590
30.000000 330.000000 0.559674
40.000000 330.000000 0.395025
50.000000 330.000000 0.297302
60.000000 330.000000 0.281861
70.000000 330.000000 0.288996
80.000000 330.000000 0.259757
90.000000 330.000000 0.222290
100.000000 330.000000 0.213421
110.000000 330.000000 0.210178
120.000000 330.000000 0.207987
130.000000 330.000000 0.209726
140.000000 330.000000 0.221604
150.000000 330.000000 0.223863
160.000000 330.000000 0.228139
170.000000 330.000000 0.246048
180.000000 330.000000 0.289849
190.000000 330.000000 0.277104
200.000000 330.000000 0.258058
210.000000 330.000000 0.229062
220.000000 330.000000 0.223963
230.000000 330.000000 0.223835
240.000000 330.000000 0.241659
250.000000 330.000000 0.252043
260.000000 330.000000 0.318816
270.000000 330.000000 0.382173
280.000000 330.000000 0.281509
290.000000 330.000000 0.239504
300.000000 330.000000 0.235214
310.000000 330.000000 0.236827
320.000000 330.000000 0.273900
330.000000 330.000000 0.332363
340.000000 330.000000 0.465548
350.000000 330.000000 0.522162
360.000000 330.000000 0.564726
370.000000 330.000000 0.511446
380.000000 330.000000 0.545644
390.000000 330.000000 0.619530
400.000000 330.000000 0.445897
410.000000 330.000000 0.313399
420.000000 330.000000 0.300407
430.000000 330.000000 0.338372
440.000000 330.000000 0.321512
450.000000 330.000000 0.287472
460.000000 330.000000 0.279058
470.000000 330.000000 0.290674
480.000000 330.000000 0.339254
490.000000 330.000000 0.529028
500.000000 330.000000 0.529028
0.000000 340.000000 0.964947
10.000000 340.000000 0.964947
20.000000 340.000000 0.815299
30.000000 340.000000 0.615127
40.000000 340.000000 0.441334
50.000000 340.000000 0.316327
60.000000 340.000000 0.266150
70.000000 340.000000 0.260417
80.000000 340.000000 0.245793
90.000000 340.000000 0.229588
100.000000 340.000000 0.217584
110.000000 340.000000 0.222012
120.000000 340.000000 0.220965
130.000000 340.000000 0.219645
140.000000 340.000000 0.221753
150.000000 340.000000 0.217473
160.000000 340.000000 0.229963
170.000000 340.000000 0.251597
180.000000 340.000000 0.276468
190.000000 340.000000 0.292500
200.000000 340.000000 0.289749
210.000000 340.000000 0.253480
220.000000 340.000000 0.217369
230.000000 340.000000 0.227857
240.000000 340.000000 0.234901
250.000000 340.000000 0.223166
260.000000 340.000000 0.242441
270.000000 340.000000 0.243536
280.000000 340.000000 0.236641
290.000000 340.000000 0.227843
300.000000 340.000000 0.231693
310.000000 340.000000 0.252962
320.000000 340.000000 0.288135
330.000000 340.000000 0.372071
340.000000 340.000000 0.512920
350.000000 340.000000 0.668593
360.000000 340.000000 0.799858
370.000000 340.000000 0.707437
380.000000 340.000000 0.540856
390.000000 340.000000 0.470241
400.000000 340.000000 0.398300
410.000000 340.000000 0.369616
420.000000 340.000000 0.300775
430.000000 340.000000 0.282043
440.000000 340.000000 0.279892
450.000000 340.000000 0.318393
460.000000 340.000000 0.362198
470.000000 340.000000 0.369788
480.000000 340.000000 0.391598
490.000000 340.000000 0.632400
500.000000 340.000000 0.632400
0.000000 350.000000 0.968676
10.000000 350.000000 0.968676
20.000000 350.000000 0.839973
30.000000 350.000000 0.604696
40.000000 350.000000 0.435987
50.000000 350.000000 0.320988
60.000000 350.000000 0.264354
70.000000 350.000000 0.249656
80.000000 350.000000 0.256333
90.000000 350.000000 0.240632
100.000000 350.000000 0.219187
110.000000 350.000000 0.229200
120.000000 350.000000 0.240064
130.000000 350.000000 0.236669
140.000000 350.000000 0.227689
150.000000 350.000000 0.223039
160.000000 350.000000 0.239114
170.000000 350.000000 0.266412
180.000000 350.000000 0.261759
190.000000 350.000000 0.265385
200.000000 350.000000 0.264825
210.000000 350.000000 0.240513
220.000000 350.000000 0.224493
230.000000 350.000000 0.223610
240.000000 350.000000 0.229840
250.000000 350.000000 0.222707
260.000000 350.000000 0.219225
270.000000 350.000000 0.216139
280.000000 350.000000 0.221046
290.000000 350.000000 0.237983
300.000000 350.000000 0.250851
310.000000 350.000000 0.265502
320.000000 350.000000 0.330647
330.000000 350.000000 0.451934
340.000000 350.000000 0.558193
350.000000 350.000000 0.669382
360.000000 350.000000 0.826485
370.000000 350.000000 0.790445
380.000000 350.000000 0.552047
390.000000 350.000000 0.415585
400.000000 350.000000 0.483817
410.000000 350.000000 0.568469
420.000000 350.000000 0.401322
430.000000 350.000000 0.284988
440.000000 350.000000 0.267942
450.000000 350.000000 0.299290
460.000000 350.000000 0.354613
470.000000 350.000000 0.390412
480.000000 350.000000 0.433493
490.000000 350.000000 0.662955
500.000000 350.000000 0.662955
0.000000 360.000000 0.955730
10.000000 360.000000 0.955730
20.000000 360.000000 0.822119
30.000000 360.000000 0.553815
40.000000 360.000000 0.400720
50.000000 360.000000 0.297668
60.000000 360.000000 0.265719
70.000000 360.000000 0.255938
80.000000 360.000000 0.285650
90.000000 360.000000 0.245244
100.000000 360.000000 0.226368
110.000000 360.000000 0.237775
120.000000 360.000000 0.240616
130.000000 360.000000 0.231713
140.000000 360.000000 0.220325
150.000000 360.000000 0.217480
160.000000 360.000000 0.226931
170.000000 360.000000 0.241209
180.000000 360.000000 0.237632
190.000000 360.000000 0.253262
200.000000 360.000000 0.247581
210.000000 360.000000 0.271357
220.000000 360.000000 0.238914
230.000000 360.000000 0.243202
240.000000 360.000000 0.247096
250.000000 360.000000 0.227585
260.000000 360.000000 0.218572
270.000000 360.000000 0.220075
280.000000 360.000000 0.232880
290.000000 360.000000 0.279879
300.000000 360.000000 0.308722
310.000000 360.000000 0.279382
320.000000 360.000000 0.290263
330.000000 360.000000 0.345803
340.000000 360.000000 0.435723
350.000000 360.000000 0.545541
360.000000 360.000000 0.719932
370.000000 360.000000 0.674927
380.000000 360.000000 0.465702
390.000000 360.000000 0.404562
400.000000 360.000000 0.541786
410.000000 360.000000 0.628912
420.000000 360.000000 0.450143
430.000000 360.000000 0.298595
440.000000 360.000000 0.275948
450.000000 360.000000 0.293411
460.000000 360.000000 0.361442
470.000000 360.000000 0.520903
480.000000 360.000000 0.631578
490.000000 360.000000 0.811715
500.000000 360.000000 0.811715
0.000000 370.000000 0.953351
10.000000 370.000000 0.953351
20.000000 370.000000 0.845234
30.000000 370.000000 0.594612
40.000000 370.000000 0.394870
50.000000 370.000000 0.299472
60.000000 370.000000 0.268642
70.000000 370.000000 0.257980
80.000000 370.000000 0.252611
90.000000 370.000000 0.229329
100.000000 370.000000 0.219867
110.000000 370.000000 0.225359
120.000000 370.000000 0.221540
130.000000 370.000000 0.222053
140.000000 370.000000 0.220620
150.000000 370.000000 0.210652
160.000000 370.000000 0.218888
170.000000 370.000000 0.222583
180.000000 370.000000 0.238258
190.000000 370.000000 0.248014
200.000000 370.000000 0.257885
210.000000 370.000000 0.261335
220.000000 370.000000 0.254445
230.000000 370.000000 0.250958
240.000000 370.000000 0.253311
250.000000 370.000000 0.229092
260.000000 370.000000 0.224640
270.000000 370.000000 0.226192
280.000000 370.000000 0.251353
290.000000 370.000000 0.280219
300.000000 370.000000 0.316711
310.000000 370.000000 0.312461
320.000000 370.000000 0.301179
330.000000 370.000000 0.322752
340.000000 370.000000 0.392939
350.000000 370.000000 0.443966
360.000000 370.000000 0.491545
370.000000 370.000000 0.442264
380.000000 370.000000 0.361211
390.000000 370.000000 0.352201
400.000000 370.000000 0.411381
410.000000 370.000000 0.434899
420.000000 370.000000 0.348730
430.000000 370.000000 0.301284
440.000000 370.000000 0.312300
450.000000 370.000000 0.333650
460.000000 370.000000 0.393327
470.000000 370.000000 0.612987
480.000000 370.000000 0.828318
490.000000 370.000000 0.917575
500.000000 370.000000 0.917575
0.000000 380.000000 0.972281
10.000000 380.000000 0.972281
20.000000 380.000000 0.916346
30.000000 380.000000 0.742545
40.000000 380.000000 0.520227
50.000000 380.000000 0.370023
60.000000 380.000000 0.313268
70.000000 380.000000 0.328151
80.000000 380.000000 0.284750
90.000000 380.000000 0.243531
100.000000 380.000000 0.224649
110.000000 380.000000 0.226325
120.000000 380.000000 0.226505
130.000000 380.000000 0.229738
140.000000 380.000000 0.237945
150.000000 380.000000 0.218164
160.000000 380.000000 0.220590
170.000000 380.000000 0.226650
180.000000 380.000000 0.237146
190.000000 380.000000 0.261030
200.000000 380.000000 0.275661
210.000000 380.000000 0.253321
220.000000 380.000000 0.233647
230.000000 380.000000 0.236510
240.000000 380.000000 0.245926
250.000000 380.000000 0.231121
260.000000 380.000000 0.224833
270.000000 380.000000 0.233281
280.000000 380.000000 0.256612
290.000000 380.000000 0.277624
300.000000 380.000000 0.347985
310.000000 380.000000 0.383424
320.000000 380.000000 0.331164
330.000000 380.000000 0.315976
340.000000 380.000000 0.360103
350.000000 380.000000 0.367357
360.000000 380.000000 0.340947
370.000000 380.000000 0.309208
380.000000 380.000000 0.281147
390.000000 380.000000 0.272042
400.000000 380.000000 0.304743
410.000000 380.000000 0.304269
420.000000 380.000000 0.293081
430.000000 380.000000 0.296926
440.000000 380.000000 0.367093
450.000000 380.000000 0.454908
460.000000 380.000000 0.514512
470.000000 380.000000 0.708450
480.000000 380.000000 0.901969
490.000000 380.000000 0.961735
500.000000 380.000000 0.961735
0.000000 390.000000 0.987744
10.000000 390.000000 0.987744
20.000000 390.000000 0.964663
30.000000 390.000000 0.892588
40.000000 390.000000 0.712917
50.000000 390.000000 0.476371
60.000000 390.000000 0.395441
70.000000 390.000000 0.396284
80.000000 390.000000 0.345585
90.000000 390.000000 0.286647
100.000000 390.000000 0.250013
110.000000 390.000000 0.241390
120.000000 390.000000 0.222251
130.000000 390.000000 0.235119
140.000000 390.000000 0.236600
150.000000 390.000000 0.218663
160.000000 390.000000 0.225731
170.000000 390.000000 0.232271
180.000000 390.000000 0.237869
190.000000 390.000000 0.257885
200.000000 390.000000 0.260497
210.000000 390.000000 0.229083
220.000000 390.000000 0.216977
230.000000 390.000000 0.217122
240.000000 390.000000 0.228782
250.000000 390.000000 0.228416
260.000000 390.000000 0.233200
270.000000 390.000000 0.239118
280.000000 390.000000 0.246169
290.000000 390.000000 0.282321
300.000000 390.000000 0.344560
310.000000 390.000000 0.389732
320.000000 390.000000 0.342663
330.000000 390.000000 0.318263
340.000000 390.000000 0.339265
350.000000 390.000000 0.329897
360.000000 390.000000 0.289953
370.000000 390.000000 0.253422
380.000000 390.000000 0.243370
390.000000 390.000000 0.238962
400.000000 390.000000 0.256711
410.000000 390.000000 0.263626
420.000000 390.000000 0.293392
430.000000 390.000000 0.299765
440.000000 390.000000 0.373093
450.000000 390.000000 0.502854
460.000000 390.000000 0.731079
470.000000 390.000000 0.883872
480.000000 390.000000 0.958872
490.000000 390.000000 0.984423
500.000000 390.000000 0.984423
0.000000 400.000000 0.995328
10.000000 400.000000 0.995328
20.000000 400.000000 0.986041
30.000000 400.000000 0.954272
40.000000 400.000000 0.844986
50.000000 400.000000 0.614292
60.000000 400.000000 0.482957
70.000000 400.000000 0.477280
80.000000 400.000000 0.484447
90.000000 400.000000 0.354463
100.000000 400.000000 0.268476
110.000000 400.000000 0.240618
120.000000 400.000000 0.223465
130.000000 400.000000 0.214988
140.000000 400.000000 0.224733
150.000000 400.000000 0.218932
160.000000 400.000000 0.219978
170.000000 400.000000 0.224174
180.000000 400.000000 0.228230
190.000000 400.000000 0.231628
200.000000 400.000000 0.233280
210.000000 400.000000 0.219086
220.000000 400.000000 0.217300
230.000000 400.000000 0.215683
240.000000 400.000000 0.225884
250.000000 400.000000 0.241014
260.000000 400.000000 0.240543
270.000000 400.000000 0.247682
280.000000 400.000000 0.258929
290.000000 400.000000 0.294631
300.000000 400.000000 0.359731
310.000000 400.000000 0.382424
320.000000 400.000000 0.328724
330.000000 400.000000 0.292985
340.000000 400.000000 0.283362
350.000000 400.000000 0.269814
360.000000 400.000000 0.238664
370.000000 400.000000 0.228209
380.000000 400.000000 0.231573
390.000000 400.000000 0.223928
400.000000 400.000000 0.238846
410.000000 400.000000 0.250496
420.000000 400.000000 0.268166
430.000000 400.000000 0.312320
440.000000 400.000000 0.436625
450.000000 400.000000 0.615884
460.000000 400.000000 0.852138
470.000000 400.000000 0.953492
480.000000 400.000000 0.984826
490.000000 400.000000 0.994474
500.000000 400.000000 0.994474
0.000000 410.000000 0.998410
10.000000 410.000000 0.998410
20.000000 410.000000 0.994942
30.000000 410.000000 0.982074
40.000000 410.000000 0.940246
50.000000 410.000000 0.835950
60.000000 410.000000 0.688391
70.000000 410.000000 0.651415
80.000000 410.000000 0.574823
90.000000 410.000000 0.374151
100.000000 410.000000 0.275056
110.000000 410.000000 0.244595
120.000000 410.000000 0.233825
130.000000 410.000000 0.231859
140.000000 410.000000 0.243713
150.000000 410.000000 0.247751
160.000000 410.000000 0.240095
170.000000 410.000000 0.235358
180.000000 410.000000 0.242515
190.000000 410.000000 0.245143
200.000000 410.000000 0.227175
210.000000 410.000000 0.221246
220.000000 410.000000 0.219385
230.000000 410.000000 0.226126
240.000000 410.000000 0.251910
250.000000 410.000000 0.267177
260.000000 410.000000 0.256663
270.000000 410.000000 0.270464
280.000000 410.000000 0.261463
290.000000 410.000000 0.297028
300.000000 410.000000 0.365564
310.000000 410.000000 0.386716
320.000000 410.000000 0.329476
330.000000 410.000000 0.296418
340.000000 410.000000 0.251382
350.000000 410.000000 0.234976
360.000000 410.000000 0.220341
370.000000 410.000000 0.219603
380.000000 410.000000 0.221822
390.000000 410.000000 0.219112
400.000000 410.000000 0.234773
410.000000 410.000000 0.248917
420.000000 410.000000 0.272414
430.000000 410.000000 0.362115
440.000000 410.000000 0.601058
450.000000 410.000000 0.834459
460.000000 410.000000 0.944180
470.000000 410.000000 0.982799
480.000000 410.000000 0.994807
490.000000 410.000000 0.998225
500.000000 410.000000 0.998225
0.000000 420.000000 0.999521
10.000000 420.000000 0.999521
20.000000 420.000000 0.998417
30.000000 420.000000 0.994218
40.000000 420.000000 0.980793
50.000000 420.000000 0.947637
60.000000 420.000000 0.891630
70.000000 420.000000 0.783231
80.000000 420.000000 0.537091
90.000000 420.000000 0.358215
100.000000 420.000000 0.283092
110.000000 420.000000 0.257236
120.000000 420.000000 0.258350
130.000000 420.000000 0.254297
140.000000 420.000000 0.304894
150.000000 420.000000 0.336119
160.000000 420.000000 0.288555
170.000000 420.000000 0.248628
180.000000 420.000000 0.251459
190.000000 420.000000 0.250552
200.000000 420.000000 0.248956
210.000000 420.000000 0.228194
220.000000 420.000000 0.235515
230.000000 420.000000 0.230943
240.000000 420.000000 0.258116
250.000000 420.000000 0.263994
260.000000 420.000000 0.242828
270.000000 420.000000 0.242496
280.000000 420.000000 0.260707
290.000000 420.000000 0.280518
300.000000 420.000000 0.338638
310.000000 420.000000 0.328787
320.000000 420.000000 0.277708
330.000000 420.000000 0.251333
340.000000 420.000000 0.240654
350.000000 420.000000 0.225264
360.000000 420.000000 0.220271
370.000000 420.000000 0.221773
380.000000 420.000000 0.233021
390.000000 420.000000 0.238832
400.000000 420.000000 0.257259
410.000000 420.000000 0.288054
420.000000 420.000000 0.322698
430.000000 420.000000 0.466359
440.000000 420.000000 0.684916
450.000000 420.000000 0.901030
460.000000 420.000000 0.972939
470.000000 420.000000 0.992910
480.000000 420.000000 0.998156
490.000000 420.000000 0.999441
500.000000 420.000000 0.999441
0.000000 430.000000 0.999865
10.000000 430.000000 0.999865
20.000000 430.000000 0.999529
30.000000 430.000000 0.998177
40.000000 430.000000 0.993465
50.000000 430.000000 0.979061
60.000000 430.000000 0.939106
70.000000 430.000000 0.820966
80.000000 430.000000 0.580692
90.000000 430.000000 0.426286
100.000000 430.000000 0.342544
110.000000 430.000000 0.298304
120.000000 430.000000 0.266808
130.000000 430.000000 0.273419
140.000000 430.000000 0.368771
150.000000 430.000000 0.481309
160.000000 430.000000 0.332266
170.000000 430.000000 0.263959
180.000000 430.000000 0.266530
190.000000 430.000000 0.256707
200.000000 430.000000 0.247366
210.000000 430.000000 0.240590
220.000000 430.000000 0.234086
230.000000 430.000000 0.239885
240.000000 430.000000 0.260014
250.000000 430.000000 0.250506
260.000000 430.000000 0.229300
270.000000 430.000000 0.235760
280.000000 430.000000 0.260917
290.000000 430.000000 0.264345
300.000000 430.000000 0.273116
310.000000 430.000000 0.272293
320.000000 430.000000 0.240182
330.000000 430.000000 0.233417
340.000000 430.000000 0.225513
350.000000 430.000000 0.223858
360.000000 430.000000 0.220372
370.000000 430.000000 0.227150
380.000000 430.000000 0.244043
390.000000 430.000000 0.257870
400.000000 430.000000 0.318754
410.000000 430.000000 0.373345
420.000000 430.000000 0.450418
430.000000 430.000000 0.663540
440.000000 430.000000 0.850845
450.000000 430.000000 0.956148
460.000000 430.000000 0.988623
470.000000 430.000000 0.997234
480.000000 430.000000 0.999350
490.000000 430.000000 0.999825
500.000000 430.000000 0.999825
0.000000 440.000000 0.999961
10.000000 440.000000 0.999961
20.000000 440.000000 0.999849
30.000000 440.000000 0.999344
40.000000 440.000000 0.997303
50.000000 440.000000 0.989661
60.000000 440.000000 0.963061
70.000000 440.000000 0.879372
80.000000 440.000000 0.699592
90.000000 440.000000 0.569785
100.000000 440.000000 0.512695
110.000000 440.000000 0.410755
120.000000 440.000000 0.303426
130.000000 440.000000 0.275958
140.000000 440.000000 0.352894
150.000000 440.000000 0.484998
160.000000 440.000000 0.339642
170.000000 440.000000 0.285073
180.000000 440.000000 0.296880
190.000000 440.000000 0.295612
200.000000 440.000000 0.269052
210.000000 440.000000 0.246301
220.000000 440.000000 0.250888
230.000000 440.000000 0.241455
240.000000 440.000000 0.235780
250.000000 440.000000 0.239144
260.000000 440.000000 0.240222
270.000000 440.000000 0.234591
280.000000 440.000000 0.262055
290.000000 440.000000 0.261911
300.000000 440.000000 0.261612
310.000000 440.000000 0.263518
320.000000 440.000000 0.236080
330.000000 440.000000 0.227121
340.000000 440.000000 0.237850
350.000000 440.000000 0.236276
360.000000 440.000000 0.230385
370.000000 440.000000 0.244355
380.000000 440.000000 0.281525
390.000000 440.000000 0.320987
400.000000 440.000000 0.389573
410.000000 440.000000 0.524618
420.000000 440.000000 0.688542
430.000000 440.000000 0.870831
440.000000 440.000000 0.952673
450.000000 440.000000 0.985573
460.000000 440.000000 0.996150
470.000000 440.000000 0.999070
480.000000 440.000000 0.999790
490.000000 440.000000 0.999947
500.000000 440.000000 0.999947
0.000000 450.000000 0.999988
10.000000 450.000000 0.999988
20.000000 450.000000 0.999949
30.000000 450.000000 0.999757
40.000000 450.000000 0.998927
50.000000 450.000000 0.995707
60.000000 450.000000 0.984813
70.000000 450.000000 0.954558
80.000000 450.000000 0.896976
90.000000 450.000000 0.845741
100.000000 450.000000 0.799847
110.000000 450.000000 0.598470
120.000000 450.000000 0.363125
130.000000 450.000000 0.289999
140.000000 450.000000 0.304053
150.000000 450.000000 0.387684
160.000000 450.000000 0.322855
170.000000 450.000000 0.337183
180.000000 450.000000 0.386125
190.000000 450.000000 0.332313
200.000000 450.000000 0.283038
210.000000 450.000000 0.266831
220.000000 450.000000 0.269372
230.000000 450.000000 0.247910
240.000000 450.000000 0.230099
250.000000 450.000000 0.232914
260.000000 450.000000 0.227795
270.000000 450.000000 0.235272
280.000000 450.000000 0.258136
290.000000 450.000000 0.269275
300.000000 450.000000 0.255102
310.000000 450.000000 0.246629
320.000000 450.000000 0.232315
330.000000 450.000000 0.231497
340.000000 450.000000 0.244921
350.000000 450.000000 0.275118
360.000000 450.000000 0.266805
370.000000 450.000000 0.292310
380.000000 450.000000 0.360950
390.000000 450.000000 0.456880
400.000000 450.000000 0.582384
410.000000 450.000000 0.759724
420.000000 450.000000 0.907210
430.000000 450.000000 0.963986
440.000000 450.000000 0.987009
450.000000 450.000000 0.995937
460.000000 450.000000 0.998889
470.000000 450.000000 0.999729
480.000000 450.000000 0.999940
490.000000 450.000000 0.999985
500.000000 450.000000 0.999985
0.000000 460.000000 0.999996
10.000000 460.000000 0.999996
20.000000 460.000000 0.999983
30.000000 460.000000 0.999919
40.000000 460.000000 0.999637
50.000000 460.000000 0.998562
60.000000 460.000000 0.995114
70.000000 460.000000 0.986414
80.000000 460.000000 0.971153
90.000000 460.000000 0.952741
100.000000 460.000000 0.905641
110.000000 460.000000 0.708760
120.000000 460.000000 0.466035
130.000000 460.000000 0.345306
140.000000 460.000000 0.304817
150.000000 460.000000 0.302751
160.000000 460.000000 0.305518
170.000000 460.000000 0.385192
180.000000 460.000000 0.491376
190.000000 460.000000 0.346495
200.000000 460.000000 0.293387
210.000000 460.000000 0.279614
220.000000 460.000000 0.270017
230.000000 460.000000 0.244043
240.000000 460.000000 0.230931
250.000000 460.000000 0.239956
260.000000 460.000000 0.235674
270.000000 460.000000 0.238781
280.000000 460.000000 0.264748
290.000000 460.000000 0.271042
300.000000 460.000000 0.260559
310.000000 460.000000 0.263507
320.000000 460.000000 0.245718
330.000000 460.000000 0.251277
340.000000 460.000000 0.294690
350.000000 460.000000 0.408298
360.000000 460.000000 0.374983
370.000000 460.000000 0.401066
380.000000 460.000000 0.574841
390.000000 460.000000 0.698947
400.000000 460.000000 0.829822
410.000000 460.000000 0.928959
420.000000 460.000000 0.973861
430.000000 460.000000 0.990483
440.000000 460.000000 0.996697
450.000000 460.000000 0.998972
460.000000 460.000000 0.999717
470.000000 460.000000 0.999931
480.000000 460.000000 0.999984
490.000000 460.000000 0.999996
500.000000 460.000000 0.999996
0.000000 470.000000 0.999999
10.000000 470.000000 0.999999
20.000000 470.000000 0.999995
30.000000 470.000000 0.999977
40.000000 470.000000 0.999897
50.000000 470.000000 0.999599
60.000000 470.000000 0.998678
70.000000 470.000000 0.996432
80.000000 470.000000 0.992227
90.000000 470.000000 0.984313
100.000000 470.000000 0.958506
110.000000 470.000000 0.867646
120.000000 470.000000 0.698441
130.000000 470.000000 0.513910
140.000000 470.000000 0.422104
150.000000 470.000000 0.379094
160.000000 470.000000 0.355121
170.000000 470.000000 0.369391
180.000000 470.000000 0.424426
190.000000 470.000000 0.305895
200.000000 470.000000 0.294128
210.000000 470.000000 0.292037
220.000000 470.000000 0.265530
230.000000 470.000000 0.237401
240.000000 470.000000 0.232940
250.000000 470.000000 0.259102
260.000000 470.000000 0.259507
270.000000 470.000000 0.249869
280.000000 470.000000 0.282061
290.000000 470.000000 0.273191
300.000000 470.000000 0.249516
310.000000 470.000000 0.253703
320.000000 470.000000 0.258525
330.000000 470.000000 0.295894
340.000000 470.000000 0.331484
350.000000 470.000000 0.456303
360.000000 470.000000 0.553978
370.000000 470.000000 0.602626
380.000000 470.000000 0.748616
390.000000 470.000000 0.873229
400.000000 470.000000 0.943586
410.000000 470.000000 0.979512
420.000000 470.000000 0.993024
430.000000 470.000000 0.997629
440.000000 470.000000 0.999217
450.000000 470.000000 0.999762
460.000000 470.000000 0.999935
470.000000 470.000000 0.999984
480.000000 470.000000 0.999996
490.000000 470.000000 0.999999
500.000000 470.000000 0.999999
0.000000 480.000000 1.000000
10.000000 480.000000 1.000000
20.000000 480.000000 0.999999
30.000000 480.000000 0.999994
40.000000 480.000000 0.999974
50.000000 480.000000 0.999903
60.000000 480.000000 0.999684
70.000000 480.000000 0.999134
80.000000 480.000000 0.997914
90.000000 480.000000 0.994723
100.000000 480.000000 0.984007
110.000000 480.000000 0.952892
120.000000 480.000000 0.891130
130.000000 480.000000 0.793249
140.000000 480.000000 0.688614
150.000000 480.000000 0.583412
160.000000 480.000000 0.463675
170.000000 480.000000 0.389906
180.000000 480.000000 0.352746
190.000000 480.000000 0.278538
200.000000 480.000000 0.266912
210.000000 480.000000 0.290417
220.000000 480.000000 0.259086
230.000000 480.000000 0.241108
240.000000 480.000000 0.235647
250.000000 480.000000 0.271185
260.000000 480.000000 0.272472
270.000000 480.000000 0.248364
280.000000 480.000000 0.271310
290.000000 480.000000 0.278985
300.000000 480.000000 0.270234
310.000000 480.000000 0.268001
320.000000 480.000000 0.306711
330.000000 480.000000 0.410092
340.000000 480.000000 0.487916
350.000000 480.000000 0.625126
360.000000 480.000000 0.724323
370.000000 480.000000 0.792883
380.000000 480.000000 0.884196
390.000000 480.000000 0.951432
400.000000 480.000000 0.982185
410.000000 480.000000 0.994208
420.000000 480.000000 0.998190
430.000000 480.000000 0.999432
440.000000 480.000000 0.999824
450.000000 480.000000 0.999949
460.000000 480.000000 0.999986
470.000000 480.000000 0.999997
480.000000 480.000000 0.999999
490.000000 480.000000 1.000000
500.000000 480.000000 1.000000
0.000000 490.000000 1.000000
10.000000 490.000000 1.000000
20.000000 490.000000 1.000000
30.000000 490.000000 0.999998
40.000000 490.000000 0.999993
50.000000 490.000000 0.999975
60.000000 490.000000 0.999919
70.000000 490.000000 0.999765
80.000000 490.000000 0.999345
90.000000 490.000000 0.998020
100.000000 490.000000 0.993627
110.000000 490.000000 0.981713
120.000000 490.000000 0.958449
130.000000 490.000000 0.925131
140.000000 490.000000 0.874705
150.000000 490.000000 0.804869
160.000000 490.000000 0.714218
170.000000 490.000000 0.568101
180.000000 490.000000 0.401758
190.000000 490.000000 0.324195
200.000000 490.000000 0.294070
210.000000 490.000000 0.313397
220.000000 490.000000 0.266263
230.000000 490.000000 0.247279
240.000000 490.000000 0.238423
250.000000 490.000000 0.242606
260.000000 490.000000 0.245363
270.000000 490.000000 0.252069
280.000000 490.000000 0.288700
290.000000 490.000000 0.321918
300.000000 490.000000 0.333556
310.000000 490.000000 0.343850
320.000000 490.000000 0.394160
330.000000 490.000000 0.528151
340.000000 490.000000 0.689730
350.000000 490.000000 0.788416
360.000000 490.000000 0.844255
370.000000 490.000000 0.893654
380.000000 490.000000 0.945913
390.000000 490.000000 0.979166
400.000000 490.000000 0.993202
410.000000 490.000000 0.998005
420.000000 490.000000 0.999438
430.000000 490.000000 0.999841
440.000000 490.000000 0.999955
450.000000 490.000000 0.999988
460.000000 490.000000 0.999997
470.000000 490.000000 0.999999
480.000000 490.000000 1.000000
490.000000 490.000000 1.000000
500.000000 490.000000 1.000000
0.000000 500.000000 1.000000
10.000000 500.000000 1.000000
20.000000 500.000000 1.000000
30.000000 500.000000 0.999998
40.000000 500.000000 0.999993
50.000000 500.000000 0.999975
60.000000 500.000000 0.999919
70.000000 500.000000 0.999765
80.000000 500.000000 0.999345
90.000000 500.000000 0.998020
100.000000 500.000000 0.993627
110.000000 500.000000 0.981713
120.000000 500.000000 0.958449
130.000000 500.000000 0.925131
140.000000 500.000000 0.874705
150.000000 500.000000 0.804869
160.000000 500.000000 0.714218
170.000000 500.000000 0.568101
180.000000 500.000000 0.401758
190.000000 500.000000 0.324195
200.000000 500.000000 0.294070
210.000000 500.000000 0.313397
220.000000 500.000000 0.266263
230.000000 500.000000 0.247279
240.000000 500.000000 0.238423
250.000000 500.000000 0.242606
260.000000 500.000000 0.245363
270.000000 500.000000 0.252069
280.000000 500.000000 0.288700
290.000000 500.000000 0.321918
300.000000 500.000000 0.333556
310.000000 500.000000 0.343850
320.000000 500.000000 0.394160
330.000000 500.000000 0.528151
340.000000 500.000000 0.689730
350.000000 500.000000 0.788416
360.000000 500.000000 0.844255
370.000000 500.000000 0.893654
380.000000 500.000000 0.945913
390.000000 500.000000 0.979166
400.000000 500.000000 0.993202
410.000000 500.000000 0.998005
420.000000 500.000000 0.999438
430.000000 500.000000 0.999841
440.000000 500.000000 0.999955
450.000000 500.000000 0.999988
460.000000 500.000000 0.999997
470.000000 500.000000 0.999999
480.000000 500.000000 1.000000
490.000000 500.000000 1.000000
500.000000 500.000000 1.000000
