# 500.000000 500.000000
# 51 51
# 0 29 
0.000000 0.000000 1.000000
10.000000 0.000000 1.000000
20.000000 0.000000 0.999998
30.000000 0.000000 0.999994
40.000000 0.000000 0.999975
50.000000 0.000000 0.999912
60.000000 0.000000 0.999715
70.000000 0.000000 0.999161
80.000000 0.000000 0.997775
90.000000 0.000000 0.994605
100.000000 0.000000 0.987518
110.000000 0.000000 0.971419
120.000000 0.000000 0.938585
130.000000 0.000000 0.884293
140.000000 0.000000 0.818822
150.000000 0.000000 0.715376
160.000000 0.000000 0.521241
170.000000 0.000000 0.386522
180.000000 0.000000 0.261445
190.000000 0.000000 0.219794
200.000000 0.000000 0.231664
210.000000 0.000000 0.244429
220.000000 0.000000 0.260258
230.000000 0.000000 0.278513
240.000000 0.000000 0.467314
250.000000 0.000000 0.742853
260.000000 0.000000 0.816607
270.000000 0.000000 0.655864
280.000000 0.000000 0.348049
290.000000 0.000000 0.284578
300.000000 0.000000 0.301050
310.000000 0.000000 0.347703
320.000000 0.000000 0.364636
330.000000 0.000000 0.500727
340.000000 0.000000 0.582437
350.000000 0.000000 0.645195
360.000000 0.000000 0.730241
370.000000 0.000000 0.832562
380.000000 0.000000 0.899888
390.000000 0.000000 0.944663
400.000000 0.000000 0.974025
410.000000 0.000000 0.989527
420.000000 0.000000 0.996158
430.000000 0.000000 0.998665
440.000000 0.000000 0.999549
450.000000 0.000000 0.999851
460.000000 0.000000 0.999953
470.000000 0.000000 0.999986
480.000000 0.000000 0.999996
490.000000 0.000000 0.999999
500.000000 0.000000 0.999999
0.000000 10.000000 1.000000
10.000000 10.000000 1.000000
20.000000 10.000000 0.999998
30.000000 10.000000 0.999994
40.000000 10.000000 0.999975
50.000000 10.000000 0.999912
60.000000 10.000000 0.999715
70.000000 10.000000 0.999161
80.000000 10.000000 0.997775
90.000000 10.000000 0.994605
100.000000 10.000000 0.987518
110.000000 10.000000 0.971419
120.000000 10.000000 0.938585
130.000000 10.000000 0.884293
140.000000 10.000000 0.818822
150.000000 10.000000 0.715376
160.000000 10.000000 0.521241
170.000000 10.000000 0.386522
180.000000 10.000000 0.261445
190.000000 10.000000 0.219794
200.000000 10.000000 0.231664
210.000000 10.000000 0.244429
220.000000 10.000000 0.260258
230.000000 10.000000 0.278513
240.000000 10.000000 0.467314
250.000000 10.000000 0.742853
260.000000 10.000000 0.816607
270.000000 10.000000 0.655864
280.000000 10.000000 0.348049
290.000000 10.000000 0.284578
300.000000 10.000000 0.301050
310.000000 10.000000 0.347703
320.000000 10.000000 0.364636
330.000000 10.000000 0.500727
340.000000 10.000000 0.582437
350.000000 10.000000 0.645195
360.000000 10.000000 0.730241
370.000000 10.000000 0.832562
380.000000 10.000000 0.899888
390.000000 10.000000 0.944663
400.000000 10.000000 0.974025
410.000000 10.000000 0.989527
420.000000 10.000000 0.996158
430.000000 10.000000 0.998665
440.000000 10.000000 0.999549
450.000000 10.000000 0.999851
460.000000 10.000000 0.999953
470.000000 10.000000 0.999986
480.000000 10.000000 0.999996
490.000000 10.000000 0.999999
500.000000 10.000000 0.999999
0.000000 20.000000 0.999998
10.000000 20.000000 0.999998
20.000000 20.000000 0.999994
30.000000 20.000000 0.999977
40.000000 20.000000 0.999916
50.000000 20.000000 0.999708
60.000000 20.000000 0.999068
70.000000 20.000000 0.997304
80.000000 20.000000 0.993009
90.000000 20.000000 0.983794
100.000000 20.000000 0.965023
110.000000 20.000000 0.924615
120.000000 20.000000 0.847399
130.000000 20.000000 0.735391
140.000000 20.000000 0.633823
150.000000 20.000000 0.503571
160.000000 20.000000 0.358820
170.000000 20.000000 0.269200
180.000000 20.000000 0.209856
190.000000 20.000000 0.206803
200.000000 20.000000 0.193582
210.000000 20.000000 0.200604
220.000000 20.000000 0.215599
230.000000 20.000000 0.268468
240.000000 20.000000 0.418596
250.000000 20.000000 0.683385
260.000000 20.000000 0.804746
270.000000 20.000000 0.644705
280.000000 20.000000 0.361088
290.000000 20.000000 0.313318
300.000000 20.000000 0.276498
310.000000 20.000000 0.263683
320.000000 20.000000 0.276283
330.000000 20.000000 0.357585
340.000000 20.000000 0.434651
350.000000 20.000000 0.425097
360.000000 20.000000 0.484938
370.000000 20.000000 0.690454
380.000000 20.000000 0.806439
390.000000 20.000000 0.886588
400.000000 20.000000 0.945023
410.000000 20.000000 0.976867
420.000000 20.000000 0.990749
430.000000 20.000000 0.996433
440.000000 20.000000 0.998665
450.000000 20.000000 0.999519
460.000000 20.000000 0.999837
470.000000 20.000000 0.999949
480.000000 20.000000 0.999986
490.000000 20.000000 0.999996
500.000000 20.000000 0.999996
0.000000 30.000000 0.999993
10.000000 30.000000 0.999993
20.000000 30.000000 0.999976
30.000000 30.000000 0.999911
40.000000 30.000000 0.999679
50.000000 30.000000 0.998925
60.000000 30.000000 0.996674
70.000000 30.000000 0.990623
80.000000 30.000000 0.976308
90.000000 30.000000 0.947633
100.000000 30.000000 0.895702
110.000000 30.000000 0.790427
120.000000 30.000000 0.637274
130.000000 30.000000 0.491600
140.000000 30.000000 0.366220
150.000000 30.000000 0.300830
160.000000 30.000000 0.251182
170.000000 30.000000 0.207297
180.000000 30.000000 0.179235
190.000000 30.000000 0.174832
200.000000 30.000000 0.174833
210.000000 30.000000 0.193137
220.000000 30.000000 0.198354
230.000000 30.000000 0.261261
240.000000 30.000000 0.386194
250.000000 30.000000 0.644440
260.000000 30.000000 0.781667
270.000000 30.000000 0.613301
280.000000 30.000000 0.430549
290.000000 30.000000 0.469577
300.000000 30.000000 0.408597
310.000000 30.000000 0.286679
320.000000 30.000000 0.280331
330.000000 30.000000 0.322211
340.000000 30.000000 0.378700
350.000000 30.000000 0.337549
360.000000 30.000000 0.323560
370.000000 30.000000 0.445046
380.000000 30.000000 0.614381
390.000000 30.000000 0.752249
400.000000 30.000000 0.872205
410.000000 30.000000 0.941997
420.000000 30.000000 0.973686
430.000000 30.000000 0.988688
440.000000 30.000000 0.995395
450.000000 30.000000 0.998232
460.000000 30.000000 0.999377
470.000000 30.000000 0.999802
480.000000 30.000000 0.999943
490.000000 30.000000 0.999983
500.000000 30.000000 0.999983
0.000000 40.000000 0.999970
10.000000 40.000000 0.999970
20.000000 40.000000 0.999906
30.000000 40.000000 0.999663
40.000000 40.000000 0.998848
50.000000 40.000000 0.996320
60.000000 40.000000 0.989163
70.000000 40.000000 0.970772
80.000000 40.000000 0.928962
90.000000 40.000000 0.853043
100.000000 40.000000 0.729180
110.000000 40.000000 0.543272
120.000000 40.000000 0.381843
130.000000 40.000000 0.287959
140.000000 40.000000 0.232375
150.000000 40.000000 0.210820
160.000000 40.000000 0.194468
170.000000 40.000000 0.176854
180.000000 40.000000 0.167711
190.000000 40.000000 0.171754
200.000000 40.000000 0.177820
210.000000 40.000000 0.184917
220.000000 40.000000 0.198562
230.000000 40.000000 0.259092
240.000000 40.000000 0.405905
250.000000 40.000000 0.628600
260.000000 40.000000 0.703500
270.000000 40.000000 0.714853
280.000000 40.000000 0.625339
290.000000 40.000000 0.681182
300.000000 40.000000 0.576618
310.000000 40.000000 0.358035
320.000000 40.000000 0.398584
330.000000 40.000000 0.475141
340.000000 40.000000 0.491964
350.000000 40.000000 0.353262
360.000000 40.000000 0.286022
370.000000 40.000000 0.290612
380.000000 40.000000 0.392172
390.000000 40.000000 0.522334
400.000000 40.000000 0.721654
410.000000 40.000000 0.858573
420.000000 40.000000 0.925552
430.000000 40.000000 0.965118
440.000000 40.000000 0.984964
450.000000 40.000000 0.993963
460.000000 40.000000 0.997810
470.000000 40.000000 0.999297
480.000000 40.000000 0.999799
490.000000 40.000000 0.999938
500.000000 40.000000 0.999938
0.000000 50.000000 0.999885
10.000000 50.000000 0.999885
20.000000 50.000000 0.999652
30.000000 50.000000 0.998804
40.000000 50.000000 0.996122
50.000000 50.000000 0.988369
60.000000 50.000000 0.968072
70.000000 50.000000 0.919771
80.000000 50.000000 0.810176
90.000000 50.000000 0.651994
100.000000 50.000000 0.460398
110.000000 50.000000 0.335508
120.000000 50.000000 0.259145
130.000000 50.000000 0.217274
140.000000 50.000000 0.184470
150.000000 50.000000 0.175598
160.000000 50.000000 0.171307
170.000000 50.000000 0.166837
180.000000 50.000000 0.171437
190.000000 50.000000 0.186282
200.000000 50.000000 0.211286
210.000000 50.000000 0.224787
220.000000 50.000000 0.225322
230.000000 50.000000 0.257254
240.000000 50.000000 0.311189
250.000000 50.000000 0.402437
260.000000 50.000000 0.502131
270.000000 50.000000 0.674363
280.000000 50.000000 0.788003
290.000000 50.000000 0.806141
300.000000 50.000000 0.625501
310.000000 50.000000 0.421713
320.000000 50.000000 0.516918
330.000000 50.000000 0.699347
340.000000 50.000000 0.664386
350.000000 50.000000 0.444391
360.000000 50.000000 0.340580
370.000000 50.000000 0.258414
380.000000 50.000000 0.268271
390.000000 50.000000 0.358202
400.000000 50.000000 0.537552
410.000000 50.000000 0.698835
420.000000 50.000000 0.808114
430.000000 50.000000 0.902916
440.000000 50.000000 0.956300
450.000000 50.000000 0.981763
460.000000 50.000000 0.993227
470.000000 50.000000 0.997806
480.000000 50.000000 0.999372
490.000000 50.000000 0.999810
500.000000 50.000000 0.999810
0.000000 60.000000 0.999591
10.000000 60.000000 0.999591
20.000000 60.000000 0.998794
30.000000 60.000000 0.996044
40.000000 60.000000 0.987914
50.000000 60.000000 0.966255
60.000000 60.000000 0.914808
70.000000 60.000000 0.808850
80.000000 60.000000 0.584940
90.000000 60.000000 0.400600
100.000000 60.000000 0.307102
110.000000 60.000000 0.249984
120.000000 60.000000 0.214439
130.000000 60.000000 0.188509
140.000000 60.000000 0.169562
150.000000 60.000000 0.157363
160.000000 60.000000 0.159283
170.000000 60.000000 0.166267
180.000000 60.000000 0.182007
190.000000 60.000000 0.210993
200.000000 60.000000 0.252783
210.000000 60.000000 0.304901
220.000000 60.000000 0.284201
230.000000 60.000000 0.291469
240.000000 60.000000 0.282607
250.000000 60.000000 0.306471
260.000000 60.000000 0.389375
270.000000 60.000000 0.491332
280.000000 60.000000 0.666716
290.000000 60.000000 0.798227
300.000000 60.000000 0.665985
310.000000 60.000000 0.481241
320.000000 60.000000 0.543676
330.000000 60.000000 0.765352
340.000000 60.000000 0.784484
350.000000 60.000000 0.577130
360.000000 60.000000 0.363637
370.000000 60.000000 0.253100
380.000000 60.000000 0.224912
390.000000 60.000000 0.249157
400.000000 60.000000 0.336637
410.000000 60.000000 0.483146
420.000000 60.000000 0.600047
430.000000 60.000000 0.773352
440.000000 60.000000 0.892578
450.000000 60.000000 0.953192
460.000000 60.000000 0.982200
470.000000 60.000000 0.994186
480.000000 60.000000 0.998336
490.000000 60.000000 0.999497
500.000000 60.000000 0.999497
0.000000 70.000000 0.998676
10.000000 70.000000 0.998676
20.000000 70.000000 0.996208
30.000000 70.000000 0.988132
40.000000 70.000000 0.966057
50.000000 70.000000 0.912286
60.000000 70.000000 0.792669
70.000000 70.000000 0.619521
80.000000 70.000000 0.426126
90.000000 70.000000 0.288533
100.000000 70.000000 0.245114
110.000000 70.000000 0.227025
120.000000 70.000000 0.210686
130.000000 70.000000 0.204239
140.000000 70.000000 0.164026
150.000000 70.000000 0.150752
160.000000 70.000000 0.151455
170.000000 70.000000 0.162789
180.000000 70.000000 0.179484
190.000000 70.000000 0.210266
200.000000 70.000000 0.250233
210.000000 70.000000 0.289365
220.000000 70.000000 0.321284
230.000000 70.000000 0.369580
240.000000 70.000000 0.331039
250.000000 70.000000 0.272259
260.000000 70.000000 0.298958
270.000000 70.000000 0.353399
280.000000 70.000000 0.537055
290.000000 70.000000 0.650535
300.000000 70.000000 0.545614
310.000000 70.000000 0.456942
320.000000 70.000000 0.462494
330.000000 70.000000 0.667349
340.000000 70.000000 0.690746
350.000000 70.000000 0.545301
360.000000 70.000000 0.328649
370.000000 70.000000 0.263050
380.000000 70.000000 0.220968
390.000000 70.000000 0.216244
400.000000 70.000000 0.251948
410.000000 70.000000 0.323064
420.000000 70.000000 0.405435
430.000000 70.000000 0.602018
440.000000 70.000000 0.786030
450.000000 70.000000 0.902019
460.000000 70.000000 0.961801
470.000000 70.000000 0.987347
480.000000 70.000000 0.996345
490.000000 70.000000 0.998887
500.000000 70.000000 0.998887
0.000000 80.000000 0.996211
10.000000 80.000000 0.996211
20.000000 80.000000 0.989463
30.000000 80.000000 0.968734
40.000000 80.000000 0.917735
50.000000 80.000000 0.808128
60.000000 80.000000 0.585432
70.000000 80.000000 0.391776
80.000000 80.000000 0.275620
90.000000 80.000000 0.229084
100.000000 80.000000 0.232053
110.000000 80.000000 0.228430
120.000000 80.000000 0.209197
130.000000 80.000000 0.187710
140.000000 80.000000 0.161651
150.000000 80.000000 0.146410
160.000000 80.000000 0.147371
170.000000 80.000000 0.155377
180.000000 80.000000 0.165788
190.000000 80.000000 0.187392
200.000000 80.000000 0.209498
210.000000 80.000000 0.253500
220.000000 80.000000 0.324781
230.000000 80.000000 0.400286
240.000000 80.000000 0.315183
250.000000 80.000000 0.269520
260.000000 80.000000 0.305073
270.000000 80.000000 0.292380
280.000000 80.000000 0.380020
290.000000 80.000000 0.451740
300.000000 80.000000 0.383823
310.000000 80.000000 0.362971
320.000000 80.000000 0.349668
330.000000 80.000000 0.451430
340.000000 80.000000 0.476291
350.000000 80.000000 0.408201
360.000000 80.000000 0.284435
370.000000 80.000000 0.235245
380.000000 80.000000 0.213041
390.000000 80.000000 0.213455
400.000000 80.000000 0.212624
410.000000 80.000000 0.224462
420.000000 80.000000 0.273276
430.000000 80.000000 0.406227
440.000000 80.000000 0.628554
450.000000 80.000000 0.837589
460.000000 80.000000 0.935106
470.000000 80.000000 0.977679
480.000000 80.000000 0.993322
490.000000 80.000000 0.997894
500.000000 80.000000 0.997894
0.000000 90.000000 0.990606
10.000000 90.000000 0.990606
20.000000 90.000000 0.974745
30.000000 90.000000 0.929664
40.000000 90.000000 0.834597
50.000000 90.000000 0.671238
60.000000 90.000000 0.425058
70.000000 90.000000 0.279384
80.000000 90.000000 0.220608
90.000000 90.000000 0.213778
100.000000 90.000000 0.227779
110.000000 90.000000 0.238758
120.000000 90.000000 0.208804
130.000000 90.000000 0.178025
140.000000 90.000000 0.158097
150.000000 90.000000 0.151236
160.000000 90.000000 0.150257
170.000000 90.000000 0.155656
180.000000 90.000000 0.154916
190.000000 90.000000 0.164328
200.000000 90.000000 0.186960
210.000000 90.000000 0.234829
220.000000 90.000000 0.307931
230.000000 90.000000 0.345090
240.000000 90.000000 0.278839
250.000000 90.000000 0.241523
260.000000 90.000000 0.266928
270.000000 90.000000 0.252612
280.000000 90.000000 0.289382
290.000000 90.000000 0.326312
300.000000 90.000000 0.305984
310.000000 90.000000 0.295127
320.000000 90.000000 0.279879
330.000000 90.000000 0.330062
340.000000 90.000000 0.330435
350.000000 90.000000 0.321116
360.000000 90.000000 0.244379
370.000000 90.000000 0.220282
380.000000 90.000000 0.220911
390.000000 90.000000 0.244189
400.000000 90.000000 0.243287
410.000000 90.000000 0.211959
420.000000 90.000000 0.249252
430.000000 90.000000 0.330329
440.000000 90.000000 0.552148
450.000000 90.000000 0.793777
460.000000 90.000000 0.906496
470.000000 90.000000 0.964194
480.000000 90.000000 0.988575
490.000000 90.000000 0.996216
500.000000 90.000000 0.996216
0.000000 100.000000 0.979908
10.000000 100.000000 0.979908
20.000000 100.000000 0.948055
30.000000 100.000000 0.864270
40.000000 100.000000 0.714223
50.000000 100.000000 0.505096
60.000000 100.000000 0.296489
70.000000 100.000000 0.207379
80.000000 100.000000 0.184519
90.000000 100.000000 0.187341
100.000000 100.000000 0.208599
110.000000 100.000000 0.212793
120.000000 100.000000 0.194845
130.000000 100.000000 0.171600
140.000000 100.000000 0.159819
150.000000 100.000000 0.151826
160.000000 100.000000 0.152590
170.000000 100.000000 0.148714
180.000000 100.000000 0.146707
190.000000 100.000000 0.156761
200.000000 100.000000 0.177697
210.000000 100.000000 0.227776
220.000000 100.000000 0.282753
230.000000 100.000000 0.294923
240.000000 100.000000 0.251818
250.000000 100.000000 0.215621
260.000000 100.000000 0.228990
270.000000 100.000000 0.228223
280.000000 100.000000 0.235592
290.000000 100.000000 0.252032
300.000000 100.000000 0.266387
310.000000 100.000000 0.280566
320.000000 100.000000 0.276764
330.000000 100.000000 0.279401
340.000000 100.000000 0.280788
350.000000 100.000000 0.290305
360.000000 100.000000 0.246202
370.000000 100.000000 0.234879
380.000000 100.000000 0.234070
390.000000 100.000000 0.270576
400.000000 100.000000 0.240698
410.000000 100.000000 0.213029
420.000000 100.000000 0.244917
430.000000 100.000000 0.326250
440.000000 100.000000 0.548569
450.000000 100.000000 0.714346
460.000000 100.000000 0.831800
470.000000 100.000000 0.927693
480.000000 100.000000 0.977435
490.000000 100.000000 0.992707
500.000000 100.000000 0.992707
0.000000 110.000000 0.961740
10.000000 110.000000 0.961740
20.000000 110.000000 0.905748
30.000000 110.000000 0.768056
40.000000 110.000000 0.548081
50.000000 110.000000 0.315284
60.000000 110.000000 0.213304
70.000000 110.000000 0.174108
80.000000 110.000000 0.162639
90.000000 110.000000 0.164351
100.000000 110.000000 0.177392
110.000000 110.000000 0.181958
120.000000 110.000000 0.173942
130.000000 110.000000 0.163386
140.000000 110.000000 0.161447
150.000000 110.000000 0.161346
160.000000 110.000000 0.154135
170.000000 110.000000 0.149028
180.000000 110.000000 0.146717
190.000000 110.000000 0.150162
200.000000 110.000000 0.170530
210.000000 110.000000 0.207923
220.000000 110.000000 0.249806
230.000000 110.000000 0.272982
240.000000 110.000000 0.249963
250.000000 110.000000 0.205925
260.000000 110.000000 0.200579
270.000000 110.000000 0.204458
280.000000 110.000000 0.207987
290.000000 110.000000 0.210573
300.000000 110.000000 0.236014
310.000000 110.000000 0.310105
320.000000 110.000000 0.319782
330.000000 110.000000 0.297647
340.000000 110.000000 0.293210
350.000000 110.000000 0.302130
360.000000 110.000000 0.265118
370.000000 110.000000 0.242324
380.000000 110.000000 0.228874
390.000000 110.000000 0.237243
400.000000 110.000000 0.210298
410.000000 110.000000 0.201363
420.000000 110.000000 0.224386
430.000000 110.000000 0.270827
440.000000 110.000000 0.352854
450.000000 110.000000 0.453370
460.000000 110.000000 0.591429
470.000000 110.000000 0.809747
480.000000 110.000000 0.953186
490.000000 110.000000 0.986661
500.000000 110.000000 0.986661
0.000000 120.000000 0.931302
10.000000 120.000000 0.931302
20.000000 120.000000 0.840798
30.000000 120.000000 0.630076
40.000000 120.000000 0.377954
50.000000 120.000000 0.233452
60.000000 120.000000 0.180942
70.000000 120.000000 0.165357
80.000000 120.000000 0.158001
90.000000 120.000000 0.162988
100.000000 120.000000 0.175188
110.000000 120.000000 0.168119
120.000000 120.000000 0.163321
130.000000 120.000000 0.157410
140.000000 120.000000 0.163809
150.000000 120.000000 0.165578
160.000000 120.000000 0.153797
170.000000 120.000000 0.145760
180.000000 120.000000 0.143954
190.000000 120.000000 0.151689
200.000000 120.000000 0.177965
210.000000 120.000000 0.213501
220.000000 120.000000 0.251352
230.000000 120.000000 0.313019
240.000000 120.000000 0.298452
250.000000 120.000000 0.207008
260.000000 120.000000 0.182494
270.000000 120.000000 0.181066
280.000000 120.000000 0.180157
290.000000 120.000000 0.186245
300.000000 120.000000 0.201757
310.000000 120.000000 0.256345
320.000000 120.000000 0.260158
330.000000 120.000000 0.246450
340.000000 120.000000 0.272351
350.000000 120.000000 0.306512
360.000000 120.000000 0.276000
370.000000 120.000000 0.237822
380.000000 120.000000 0.206321
390.000000 120.000000 0.198017
400.000000 120.000000 0.180057
410.000000 120.000000 0.179688
420.000000 120.000000 0.196039
430.000000 120.000000 0.221681
440.000000 120.000000 0.260041
450.000000 120.000000 0.327002
460.000000 120.000000 0.449045
470.000000 120.000000 0.713673
480.000000 120.000000 0.933609
490.000000 120.000000 0.981574
500.000000 120.000000 0.981574
0.000000 130.000000 0.883623
10.000000 130.000000 0.883623
20.000000 130.000000 0.748786
30.000000 130.000000 0.500164
40.000000 130.000000 0.275079
50.000000 130.000000 0.201169
60.000000 130.000000 0.166283
70.000000 130.000000 0.164781
80.000000 130.000000 0.163303
90.000000 130.000000 0.164654
100.000000 130.000000 0.166369
110.000000 130.000000 0.159891
120.000000 130.000000 0.159209
130.000000 130.000000 0.156529
140.000000 130.000000 0.157280
150.000000 130.000000 0.158978
160.000000 130.000000 0.146967
170.000000 130.000000 0.143718
180.000000 130.000000 0.143397
190.000000 130.000000 0.153197
200.000000 130.000000 0.185220
210.000000 130.000000 0.244279
220.000000 130.000000 0.272797
230.000000 130.000000 0.301009
240.000000 130.000000 0.267258
250.000000 130.000000 0.195088
260.000000 130.000000 0.183698
270.000000 130.000000 0.174306
280.000000 130.000000 0.167274
290.000000 130.000000 0.177639
300.000000 130.000000 0.183219
310.000000 130.000000 0.199000
320.000000 130.000000 0.198984
330.000000 130.000000 0.202054
340.000000 130.000000 0.232059
350.000000 130.000000 0.269951
360.000000 130.000000 0.269505
370.000000 130.000000 0.239377
380.000000 130.000000 0.182586
390.000000 130.000000 0.175658
400.000000 130.000000 0.160916
410.000000 130.000000 0.166825
420.000000 130.000000 0.186845
430.000000 130.000000 0.202277
440.000000 130.000000 0.242688
450.000000 130.000000 0.300176
460.000000 130.000000 0.433874
470.000000 130.000000 0.749919
480.000000 130.000000 0.932929
490.000000 130.000000 0.979195
500.000000 130.000000 0.979195
0.000000 140.000000 0.813813
10.000000 140.000000 0.813813
20.000000 140.000000 0.595277
30.000000 140.000000 0.360530
40.000000 140.000000 0.223025
50.000000 140.000000 0.178671
60.000000 140.000000 0.154254
70.000000 140.000000 0.156826
80.000000 140.000000 0.154401
90.000000 140.000000 0.158433
100.000000 140.000000 0.157771
110.000000 140.000000 0.155445
120.000000 140.000000 0.158924
130.000000 140.000000 0.157532
140.000000 140.000000 0.152109
150.000000 140.000000 0.148174
160.000000 140.000000 0.140467
170.000000 140.000000 0.136066
180.000000 140.000000 0.139579
190.000000 140.000000 0.146578
200.000000 140.000000 0.179550
210.000000 140.000000 0.250495
220.000000 140.000000 0.256995
230.000000 140.000000 0.258497
240.000000 140.000000 0.213215
250.000000 140.000000 0.182036
260.000000 140.000000 0.172925
270.000000 140.000000 0.161937
280.000000 140.000000 0.157166
290.000000 140.000000 0.168029
300.000000 140.000000 0.175833
310.000000 140.000000 0.186308
320.000000 140.000000 0.183210
330.000000 140.000000 0.195947
340.000000 140.000000 0.216777
350.000000 140.000000 0.242299
360.000000 140.000000 0.232182
370.000000 140.000000 0.194293
380.000000 140.000000 0.166656
390.000000 140.000000 0.156782
400.000000 140.000000 0.153568
410.000000 140.000000 0.157202
420.000000 140.000000 0.169279
430.000000 140.000000 0.192139
440.000000 140.000000 0.226594
450.000000 140.000000 0.274227
460.000000 140.000000 0.413627
470.000000 140.000000 0.724965
480.000000 140.000000 0.924202
490.000000 140.000000 0.975393
500.000000 140.000000 0.975393
0.000000 150.000000 0.722218
10.000000 150.000000 0.722218
20.000000 150.000000 0.482237
30.000000 150.000000 0.290814
40.000000 150.000000 0.201376
50.000000 150.000000 0.168938
60.000000 150.000000 0.151671
70.000000 150.000000 0.144746
80.000000 150.000000 0.143035
90.000000 150.000000 0.147233
100.000000 150.000000 0.147347
110.000000 150.000000 0.155275
120.000000 150.000000 0.159951
130.000000 150.000000 0.153493
140.000000 150.000000 0.149390
150.000000 150.000000 0.141380
160.000000 150.000000 0.134608
170.000000 150.000000 0.134078
180.000000 150.000000 0.132711
190.000000 150.000000 0.138517
200.000000 150.000000 0.156287
210.000000 150.000000 0.183346
220.000000 150.000000 0.203131
230.000000 150.000000 0.211494
240.000000 150.000000 0.178174
250.000000 150.000000 0.162761
260.000000 150.000000 0.156841
270.000000 150.000000 0.155509
280.000000 150.000000 0.157463
290.000000 150.000000 0.160159
300.000000 150.000000 0.177742
310.000000 150.000000 0.187527
320.000000 150.000000 0.198941
330.000000 150.000000 0.204304
340.000000 150.000000 0.228834
350.000000 150.000000 0.243591
360.000000 150.000000 0.223505
370.000000 150.000000 0.186691
380.000000 150.000000 0.153347
390.000000 150.000000 0.152589
400.000000 150.000000 0.149968
410.000000 150.000000 0.158712
420.000000 150.000000 0.165959
430.000000 150.000000 0.187201
440.000000 150.000000 0.219239
450.000000 150.000000 0.265472
460.000000 150.000000 0.391782
470.000000 150.000000 0.685742
480.000000 150.000000 0.907030
490.000000 150.000000 0.968868
500.000000 150.000000 0.968868
0.000000 160.000000 0.588280
10.000000 160.000000 0.588280
20.000000 160.000000 0.367167
30.000000 160.000000 0.253615
40.000000 160.000000 0.190828
50.000000 160.000000 0.166353
60.000000 160.000000 0.154771
70.000000 160.000000 0.141272
80.000000 160.000000 0.139003
90.000000 160.000000 0.140083
100.000000 160.000000 0.146008
110.000000 160.000000 0.149174
120.000000 160.000000 0.157080
130.000000 160.000000 0.150783
140.000000 160.000000 0.144044
150.000000 160.000000 0.135214
160.000000 160.000000 0.130596
170.000000 160.000000 0.132310
180.000000 160.000000 0.129094
190.000000 160.000000 0.134484
200.000000 160.000000 0.141063
210.000000 160.000000 0.158458
220.000000 160.000000 0.173384
230.000000 160.000000 0.172395
240.000000 160.000000 0.160648
250.000000 160.000000 0.158133
260.000000 160.000000 0.154515
270.000000 160.000000 0.154925
280.000000 160.000000 0.150873
290.000000 160.000000 0.152858
300.000000 160.000000 0.164245
310.000000 160.000000 0.182842
320.000000 160.000000 0.201414
330.000000 160.000000 0.222443
340.000000 160.000000 0.214088
350.000000 160.000000 0.205608
360.000000 160.000000 0.186111
370.000000 160.000000 0.163770
380.000000 160.000000 0.150121
390.000000 160.000000 0.149391
400.000000 160.000000 0.153450
410.000000 160.000000 0.156875
420.000000 160.000000 0.170380
430.000000 160.000000 0.200023
440.000000 160.000000 0.237388
450.000000 160.000000 0.282164
460.000000 160.000000 0.381073
470.000000 160.000000 0.634087
480.000000 160.000000 0.867551
490.000000 160.000000 0.951739
500.000000 160.000000 0.951739
0.000000 170.000000 0.471342
10.000000 170.000000 0.471342
20.000000 170.000000 0.308844
30.000000 170.000000 0.221064
40.000000 170.000000 0.186575
50.000000 170.000000 0.164809
60.000000 170.000000 0.151324
70.000000 170.000000 0.144100
80.000000 170.000000 0.134025
90.000000 170.000000 0.131947
100.000000 170.000000 0.137078
110.000000 170.000000 0.145409
120.000000 170.000000 0.151781
130.000000 170.000000 0.153567
140.000000 170.000000 0.141217
150.000000 170.000000 0.134777
160.000000 170.000000 0.131555
170.000000 170.000000 0.130368
180.000000 170.000000 0.129164
190.000000 170.000000 0.130303
200.000000 170.000000 0.133740
210.000000 170.000000 0.146011
220.000000 170.000000 0.157088
230.000000 170.000000 0.157888
240.000000 170.000000 0.161372
250.000000 170.000000 0.159965
260.000000 170.000000 0.155658
270.000000 170.000000 0.153562
280.000000 170.000000 0.147242
290.000000 170.000000 0.148871
300.000000 170.000000 0.162791
310.000000 170.000000 0.178213
320.000000 170.000000 0.207124
330.000000 170.000000 0.212983
340.000000 170.000000 0.196387
350.000000 170.000000 0.181004
360.000000 170.000000 0.172771
370.000000 170.000000 0.170992
380.000000 170.000000 0.155016
390.000000 170.000000 0.158822
400.000000 170.000000 0.159213
410.000000 170.000000 0.168623
420.000000 170.000000 0.181972
430.000000 170.000000 0.215740
440.000000 170.000000 0.267878
450.000000 170.000000 0.293074
460.000000 170.000000 0.359260
470.000000 170.000000 0.515545
480.000000 170.000000 0.684074
490.000000 170.000000 0.877163
500.000000 170.000000 0.877163
0.000000 180.000000 0.344194
10.000000 180.000000 0.344194
20.000000 180.000000 0.257409
30.000000 180.000000 0.202974
40.000000 180.000000 0.178791
50.000000 180.000000 0.157420
60.000000 180.000000 0.150687
70.000000 180.000000 0.147661
80.000000 180.000000 0.147765
90.000000 180.000000 0.136768
100.000000 180.000000 0.138122
110.000000 180.000000 0.147798
120.000000 180.000000 0.152877
130.000000 180.000000 0.147029
140.000000 180.000000 0.138244
150.000000 180.000000 0.132974
160.000000 180.000000 0.132144
170.000000 180.000000 0.128040
180.000000 180.000000 0.128340
190.000000 180.000000 0.131136
200.000000 180.000000 0.136596
210.000000 180.000000 0.149398
220.000000 180.000000 0.151605
230.000000 180.000000 0.150900
240.000000 180.000000 0.150462
250.000000 180.000000 0.156455
260.000000 180.000000 0.155589
270.000000 180.000000 0.157176
280.000000 180.000000 0.149190
290.000000 180.000000 0.151148
300.000000 180.000000 0.161721
310.000000 180.000000 0.185987
320.000000 180.000000 0.213908
330.000000 180.000000 0.226012
340.000000 180.000000 0.190131
350.000000 180.000000 0.176020
360.000000 180.000000 0.165181
370.000000 180.000000 0.165126
380.000000 180.000000 0.162683
390.000000 180.000000 0.165635
400.000000 180.000000 0.170508
410.000000 180.000000 0.171211
420.000000 180.000000 0.183416
430.000000 180.000000 0.228791
440.000000 180.000000 0.286158
450.000000 180.000000 0.325592
460.000000 180.000000 0.367995
470.000000 180.000000 0.439195
480.000000 180.000000 0.570995
490.000000 180.000000 0.792770
500.000000 180.000000 0.792770
0.000000 190.000000 0.292802
10.000000 190.000000 0.292802
20.000000 190.000000 0.231407
30.000000 190.000000 0.193332
40.000000 190.000000 0.169194
50.000000 190.000000 0.155779
60.000000 190.000000 0.151787
70.000000 190.000000 0.151875
80.000000 190.000000 0.161490
90.000000 190.000000 0.149074
100.000000 190.000000 0.138963
110.000000 190.000000 0.145296
120.000000 190.000000 0.168255
130.000000 190.000000 0.147141
140.000000 190.000000 0.133354
150.000000 190.000000 0.137320
160.000000 190.000000 0.128244
170.000000 190.000000 0.126917
180.000000 190.000000 0.135288
190.000000 190.000000 0.139593
200.000000 190.000000 0.147073
210.000000 190.000000 0.143998
220.000000 190.000000 0.147160
230.000000 190.000000 0.145562
240.000000 190.000000 0.147347
250.000000 190.000000 0.153535
260.000000 190.000000 0.161365
270.000000 190.000000 0.156644
280.000000 190.000000 0.152911
290.000000 190.000000 0.161612
300.000000 190.000000 0.180376
310.000000 190.000000 0.211286
320.000000 190.000000 0.238990
330.000000 190.000000 0.243640
340.000000 190.000000 0.219972
350.000000 190.000000 0.192311
360.000000 190.000000 0.176093
370.000000 190.000000 0.176535
380.000000 190.000000 0.180685
390.000000 190.000000 0.184000
400.000000 190.000000 0.181576
410.000000 190.000000 0.181640
420.000000 190.000000 0.199482
430.000000 190.000000 0.230562
440.000000 190.000000 0.268924
450.000000 190.000000 0.293926
460.000000 190.000000 0.336016
470.000000 190.000000 0.396308
480.000000 190.000000 0.467897
490.000000 190.000000 0.665581
500.000000 190.000000 0.665581
0.000000 200.000000 0.253965
10.000000 200.000000 0.253965
20.000000 200.000000 0.205157
30.000000 200.000000 0.179416
40.000000 200.000000 0.165237
50.000000 200.000000 0.152958
60.000000 200.000000 0.156587
70.000000 200.000000 0.149510
80.000000 200.000000 0.146689
90.000000 200.000000 0.135185
100.000000 200.000000 0.134274
110.000000 200.000000 0.139174
120.000000 200.000000 0.143822
130.000000 200.000000 0.135426
140.000000 200.000000 0.130661
150.000000 200.000000 0.137459
160.000000 200.000000 0.134728
170.000000 200.000000 0.135265
180.000000 200.000000 0.146648
190.000000 200.000000 0.155705
200.000000 200.000000 0.157068
210.000000 200.000000 0.160520
220.000000 200.000000 0.155246
230.000000 200.000000 0.155990
240.000000 200.000000 0.151338
250.000000 200.000000 0.155486
260.000000 200.000000 0.154248
270.000000 200.000000 0.150843
280.000000 200.000000 0.156854
290.000000 200.000000 0.167757
300.000000 200.000000 0.190668
310.000000 200.000000 0.232527
320.000000 200.000000 0.287672
330.000000 200.000000 0.302233
340.000000 200.000000 0.255443
350.000000 200.000000 0.218223
360.000000 200.000000 0.198970
370.000000 200.000000 0.205460
380.000000 200.000000 0.222335
390.000000 200.000000 0.223754
400.000000 200.000000 0.216282
410.000000 200.000000 0.222853
420.000000 200.000000 0.247146
430.000000 200.000000 0.260808
440.000000 200.000000 0.253614
450.000000 200.000000 0.260825
460.000000 200.000000 0.308623
470.000000 200.000000 0.385310
480.000000 200.000000 0.389803
490.000000 200.000000 0.499974
500.000000 200.000000 0.499974
0.000000 210.000000 0.232531
10.000000 210.000000 0.232531
20.000000 210.000000 0.192569
30.000000 210.000000 0.169741
40.000000 210.000000 0.160045
50.000000 210.000000 0.156392
60.000000 210.000000 0.157231
70.000000 210.000000 0.154425
80.000000 210.000000 0.147737
90.000000 210.000000 0.137438
100.000000 210.000000 0.133476
110.000000 210.000000 0.137546
120.000000 210.000000 0.132355
130.000000 210.000000 0.129311
140.000000 210.000000 0.134897
150.000000 210.000000 0.128137
160.000000 210.000000 0.130224
170.000000 210.000000 0.137590
180.000000 210.000000 0.157164
190.000000 210.000000 0.168733
200.000000 210.000000 0.180245
210.000000 210.000000 0.184288
220.000000 210.000000 0.184444
230.000000 210.000000 0.158232
240.000000 210.000000 0.149635
250.000000 210.000000 0.150207
260.000000 210.000000 0.152078
270.000000 210.000000 0.153135
280.000000 210.000000 0.159335
290.000000 210.000000 0.167858
300.000000 210.000000 0.188976
310.000000 210.000000 0.232813
320.000000 210.000000 0.328292
330.000000 210.000000 0.366472
340.000000 210.000000 0.304454
350.000000 210.000000 0.256503
360.000000 210.000000 0.241194
370.000000 210.000000 0.250557
380.000000 210.000000 0.264298
390.000000 210.000000 0.290588
400.000000 210.000000 0.321935
410.000000 210.000000 0.318527
420.000000 210.000000 0.356329
430.000000 210.000000 0.399836
440.000000 210.000000 0.289374
450.000000 210.000000 0.263769
460.000000 210.000000 0.328478
470.000000 210.000000 0.421156
480.000000 210.000000 0.348804
490.000000 210.000000 0.339768
500.000000 210.000000 0.339768
0.000000 220.000000 0.207910
10.000000 220.000000 0.207910
20.000000 220.000000 0.179399
30.000000 220.000000 0.162697
40.000000 220.000000 0.156620
50.000000 220.000000 0.157561
60.000000 220.000000 0.161123
70.000000 220.000000 0.172396
80.000000 220.000000 0.161639
90.000000 220.000000 0.140388
100.000000 220.000000 0.133986
110.000000 220.000000 0.132726
120.000000 220.000000 0.132295
130.000000 220.000000 0.133919
140.000000 220.000000 0.130159
150.000000 220.000000 0.129556
160.000000 220.000000 0.135634
170.000000 220.000000 0.147783
180.000000 220.000000 0.155344
190.000000 220.000000 0.175798
200.000000 220.000000 0.178093
210.000000 220.000000 0.191331
220.000000 220.000000 0.183511
230.000000 220.000000 0.161649
240.000000 220.000000 0.146389
250.000000 220.000000 0.147912
260.000000 220.000000 0.152916
270.000000 220.000000 0.154953
280.000000 220.000000 0.155691
290.000000 220.000000 0.159886
300.000000 220.000000 0.177669
310.000000 220.000000 0.204390
320.000000 220.000000 0.263898
330.000000 220.000000 0.300917
340.000000 220.000000 0.300551
350.000000 220.000000 0.277339
360.000000 220.000000 0.270298
370.000000 220.000000 0.268949
380.000000 220.000000 0.275349
390.000000 220.000000 0.356084
400.000000 220.000000 0.481898
410.000000 220.000000 0.475991
420.000000 220.000000 0.435759
430.000000 220.000000 0.429565
440.000000 220.000000 0.291091
450.000000 220.000000 0.260505
460.000000 220.000000 0.336199
470.000000 220.000000 0.412909
480.000000 220.000000 0.334173
490.000000 220.000000 0.269359
500.000000 220.000000 0.269359
0.000000 230.000000 0.184317
10.000000 230.000000 0.184317
20.000000 230.000000 0.169063
30.000000 230.000000 0.159367
40.000000 230.000000 0.156725
50.000000 230.000000 0.157064
60.000000 230.000000 0.161388
70.000000 230.000000 0.172127
80.000000 230.000000 0.158832
90.000000 230.000000 0.146693
100.000000 230.000000 0.137189
110.000000 230.000000 0.140005
120.000000 230.000000 0.136953
130.000000 230.000000 0.132769
140.000000 230.000000 0.129012
150.000000 230.000000 0.129324
160.000000 230.000000 0.140560
170.000000 230.000000 0.138732
180.000000 230.000000 0.147977
190.000000 230.000000 0.153701
200.000000 230.000000 0.162688
210.000000 230.000000 0.173377
220.000000 230.000000 0.173229
230.000000 230.000000 0.156633
240.000000 230.000000 0.155842
250.000000 230.000000 0.144462
260.000000 230.000000 0.152731
270.000000 230.000000 0.164441
280.000000 230.000000 0.161378
290.000000 230.000000 0.161592
300.000000 230.000000 0.158985
310.000000 230.000000 0.171767
320.000000 230.000000 0.203415
330.000000 230.000000 0.237536
340.000000 230.000000 0.268545
350.000000 230.000000 0.296610
360.000000 230.000000 0.293505
370.000000 230.000000 0.267452
380.000000 230.000000 0.263271
390.000000 230.000000 0.290173
400.000000 230.000000 0.383109
410.000000 230.000000 0.373099
420.000000 230.000000 0.290842
430.000000 230.000000 0.279922
440.000000 230.000000 0.233061
450.000000 230.000000 0.238924
460.000000 230.000000 0.305751
470.000000 230.000000 0.332986
480.000000 230.000000 0.283569
490.000000 230.000000 0.239061
500.000000 230.000000 0.239061
0.000000 240.000000 0.171964
10.000000 240.000000 0.171964
20.000000 240.000000 0.163248
30.000000 240.000000 0.157672
40.000000 240.000000 0.156668
50.000000 240.000000 0.156822
60.000000 240.000000 0.157193
70.000000 240.000000 0.150437
80.000000 240.000000 0.148043
90.000000 240.000000 0.148067
100.000000 240.000000 0.152739
110.000000 240.000000 0.149294
120.000000 240.000000 0.150623
130.000000 240.000000 0.144429
140.000000 240.000000 0.135439
150.000000 240.000000 0.132535
160.000000 240.000000 0.129935
170.000000 240.000000 0.133225
180.000000 240.000000 0.139100
190.000000 240.000000 0.141047
200.000000 240.000000 0.143067
210.000000 240.000000 0.160448
220.000000 240.000000 0.155349
230.000000 240.000000 0.152482
240.000000 240.000000 0.146849
250.000000 240.000000 0.148585
260.000000 240.000000 0.164827
270.000000 240.000000 0.183978
280.000000 240.000000 0.171998
290.000000 240.000000 0.160595
300.000000 240.000000 0.157621
310.000000 240.000000 0.161520
320.000000 240.000000 0.185352
330.000000 240.000000 0.230885
340.000000 240.000000 0.298672
350.000000 240.000000 0.350635
360.000000 240.000000 0.357173
370.000000 240.000000 0.295932
380.000000 240.000000 0.250863
390.000000 240.000000 0.234269
400.000000 240.000000 0.244398
410.000000 240.000000 0.234975
420.000000 240.000000 0.209652
430.000000 240.000000 0.205742
440.000000 240.000000 0.204599
450.000000 240.000000 0.241366
460.000000 240.000000 0.292199
470.000000 240.000000 0.372292
480.000000 240.000000 0.311161
490.000000 240.000000 0.266438
500.000000 240.000000 0.266438
0.000000 250.000000 0.168633
10.000000 250.000000 0.168633
20.000000 250.000000 0.158644
30.000000 250.000000 0.151855
40.000000 250.000000 0.151155
50.000000 250.000000 0.143952
60.000000 250.000000 0.141254
70.000000 250.000000 0.143346
80.000000 250.000000 0.142807
90.000000 250.000000 0.146459
100.000000 250.000000 0.152988
110.000000 250.000000 0.178738
120.000000 250.000000 0.197361
130.000000 250.000000 0.166159
140.000000 250.000000 0.144955
150.000000 250.000000 0.133628
160.000000 250.000000 0.129309
170.000000 250.000000 0.128854
180.000000 250.000000 0.136719
190.000000 250.000000 0.134839
200.000000 250.000000 0.138201
210.000000 250.000000 0.136065
220.000000 250.000000 0.142244
230.000000 250.000000 0.146292
240.000000 250.000000 0.145946
250.000000 250.000000 0.152119
260.000000 250.000000 0.179429
270.000000 250.000000 0.205284
280.000000 250.000000 0.196313
290.000000 250.000000 0.174595
300.000000 250.000000 0.162379
310.000000 250.000000 0.165776
320.000000 250.000000 0.184462
330.000000 250.000000 0.234425
340.000000 250.000000 0.310381
350.000000 250.000000 0.408879
360.000000 250.000000 0.404376
370.000000 250.000000 0.333512
380.000000 250.000000 0.276166
390.000000 250.000000 0.227708
400.000000 250.000000 0.225252
410.000000 250.000000 0.203838
420.000000 250.000000 0.190051
430.000000 250.000000 0.193236
440.000000 250.000000 0.197159
450.000000 250.000000 0.253087
460.000000 250.000000 0.319878
470.000000 250.000000 0.471883
480.000000 250.000000 0.437852
490.000000 250.000000 0.378009
500.000000 250.000000 0.378009
0.000000 260.000000 0.175488
10.000000 260.000000 0.175488
20.000000 260.000000 0.163685
30.000000 260.000000 0.160729
40.000000 260.000000 0.153215
50.000000 260.000000 0.142521
60.000000 260.000000 0.139892
70.000000 260.000000 0.140345
80.000000 260.000000 0.145507
90.000000 260.000000 0.150113
100.000000 260.000000 0.170994
110.000000 260.000000 0.239651
120.000000 260.000000 0.308691
130.000000 260.000000 0.214921
140.000000 260.000000 0.156388
150.000000 260.000000 0.139898
160.000000 260.000000 0.129685
170.000000 260.000000 0.131082
180.000000 260.000000 0.127619
190.000000 260.000000 0.132568
200.000000 260.000000 0.130031
210.000000 260.000000 0.132718
220.000000 260.000000 0.139755
230.000000 260.000000 0.148160
240.000000 260.000000 0.145890
250.000000 260.000000 0.154594
260.000000 260.000000 0.170879
270.000000 260.000000 0.211154
280.000000 260.000000 0.216491
290.000000 260.000000 0.183378
300.000000 260.000000 0.163016
310.000000 260.000000 0.156519
320.000000 260.000000 0.176042
330.000000 260.000000 0.236230
340.000000 260.000000 0.305316
350.000000 260.000000 0.363432
360.000000 260.000000 0.347166
370.000000 260.000000 0.327835
380.000000 260.000000 0.316840
390.000000 260.000000 0.234969
400.000000 260.000000 0.226783
410.000000 260.000000 0.207624
420.000000 260.000000 0.190534
430.000000 260.000000 0.190938
440.000000 260.000000 0.214941
450.000000 260.000000 0.268172
460.000000 260.000000 0.373114
470.000000 260.000000 0.540690
480.000000 260.000000 0.615394
490.000000 260.000000 0.642735
500.000000 260.000000 0.642735
0.000000 270.000000 0.178831
10.000000 270.000000 0.178831
20.000000 270.000000 0.172761
30.000000 270.000000 0.188461
40.000000 270.000000 0.177511
50.000000 270.000000 0.155687
60.000000 270.000000 0.147018
70.000000 270.000000 0.139630
80.000000 270.000000 0.139817
90.000000 270.000000 0.149187
100.000000 270.000000 0.166026
110.000000 270.000000 0.220400
120.000000 270.000000 0.256334
130.000000 270.000000 0.195287
140.000000 270.000000 0.160559
150.000000 270.000000 0.147756
160.000000 270.000000 0.130953
170.000000 270.000000 0.131491
180.000000 270.000000 0.138776
190.000000 270.000000 0.137685
200.000000 270.000000 0.135505
210.000000 270.000000 0.136984
220.000000 270.000000 0.150187
230.000000 270.000000 0.149722
240.000000 270.000000 0.146069
250.000000 270.000000 0.147542
260.000000 270.000000 0.161505
270.000000 270.000000 0.185084
280.000000 270.000000 0.202680
290.000000 270.000000 0.175604
300.000000 270.000000 0.155908
310.000000 270.000000 0.153011
320.000000 270.000000 0.178414
330.000000 270.000000 0.250112
340.000000 270.000000 0.288426
350.000000 270.000000 0.296653
360.000000 270.000000 0.272088
370.000000 270.000000 0.248354
380.000000 270.000000 0.238417
390.000000 270.000000 0.231197
400.000000 270.000000 0.231503
410.000000 270.000000 0.243480
420.000000 270.000000 0.239423
430.000000 270.000000 0.229704
440.000000 270.000000 0.287508
450.000000 270.000000 0.307048
460.000000 270.000000 0.394230
470.000000 270.000000 0.431794
480.000000 270.000000 0.481335
490.000000 270.000000 0.650584
500.000000 270.000000 0.650584
0.000000 280.000000 0.211140
10.000000 280.000000 0.211140
20.000000 280.000000 0.201971
30.000000 280.000000 0.186706
40.000000 280.000000 0.171277
50.000000 280.000000 0.154584
60.000000 280.000000 0.156999
70.000000 280.000000 0.149927
80.000000 280.000000 0.139812
90.000000 280.000000 0.142091
100.000000 280.000000 0.151067
110.000000 280.000000 0.166483
120.000000 280.000000 0.177814
130.000000 280.000000 0.163265
140.000000 280.000000 0.156385
150.000000 280.000000 0.147866
160.000000 280.000000 0.139821
170.000000 280.000000 0.153628
180.000000 280.000000 0.164094
190.000000 280.000000 0.148894
200.000000 280.000000 0.147971
210.000000 280.000000 0.148089
220.000000 280.000000 0.142824
230.000000 280.000000 0.143212
240.000000 280.000000 0.142814
250.000000 280.000000 0.147406
260.000000 280.000000 0.163446
270.000000 280.000000 0.174935
280.000000 280.000000 0.171141
290.000000 280.000000 0.163665
300.000000 280.000000 0.153683
310.000000 280.000000 0.156362
320.000000 280.000000 0.167099
330.000000 280.000000 0.191914
340.000000 280.000000 0.217353
350.000000 280.000000 0.230580
360.000000 280.000000 0.218040
370.000000 280.000000 0.218593
380.000000 280.000000 0.214719
390.000000 280.000000 0.244651
400.000000 280.000000 0.261630
410.000000 280.000000 0.274352
420.000000 280.000000 0.289383
430.000000 280.000000 0.282121
440.000000 280.000000 0.311252
450.000000 280.000000 0.300546
460.000000 280.000000 0.300577
470.000000 280.000000 0.282646
480.000000 280.000000 0.336542
490.000000 280.000000 0.520967
500.000000 280.000000 0.520967
0.000000 290.000000 0.285635
10.000000 290.000000 0.285635
20.000000 290.000000 0.264299
30.000000 290.000000 0.228111
40.000000 290.000000 0.192623
50.000000 290.000000 0.170679
60.000000 290.000000 0.163213
70.000000 290.000000 0.159661
80.000000 290.000000 0.150768
90.000000 290.000000 0.146730
100.000000 290.000000 0.149384
110.000000 290.000000 0.155762
120.000000 290.000000 0.154779
130.000000 290.000000 0.154636
140.000000 290.000000 0.157153
150.000000 290.000000 0.163856
160.000000 290.000000 0.160907
170.000000 290.000000 0.149650
180.000000 290.000000 0.154493
190.000000 290.000000 0.162173
200.000000 290.000000 0.157850
210.000000 290.000000 0.151164
220.000000 290.000000 0.146805
230.000000 290.000000 0.146872
240.000000 290.000000 0.144401
250.000000 290.000000 0.152398
260.000000 290.000000 0.173071
270.000000 290.000000 0.179451
280.000000 290.000000 0.171629
290.000000 290.000000 0.161578
300.000000 290.000000 0.155144
310.000000 290.000000 0.152526
320.000000 290.000000 0.159883
330.000000 290.000000 0.173531
340.000000 290.000000 0.185229
350.000000 290.000000 0.195865
360.000000 290.000000 0.192638
370.000000 290.000000 0.198164
380.000000 290.000000 0.216281
390.000000 290.000000 0.280908
400.000000 290.000000 0.340458
410.000000 290.000000 0.333329
420.000000 290.000000 0.327495
430.000000 290.000000 0.372993
440.000000 290.000000 0.345187
450.000000 290.000000 0.292835
460.000000 290.000000 0.253212
470.000000 290.000000 0.219167
480.000000 290.000000 0.246554
490.000000 290.000000 0.312875
500.000000 290.000000 0.312875
0.000000 300.000000 0.360012
10.000000 300.000000 0.360012
20.000000 300.000000 0.328241
30.000000 300.000000 0.268931
40.000000 300.000000 0.215461
50.000000 300.000000 0.179751
60.000000 300.000000 0.175128
70.000000 300.000000 0.172349
80.000000 300.000000 0.164251
90.000000 300.000000 0.156893
100.000000 300.000000 0.152686
110.000000 300.000000 0.150671
120.000000 300.000000 0.146045
130.000000 300.000000 0.146175
140.000000 300.000000 0.161687
150.000000 300.000000 0.191088
160.000000 300.000000 0.168102
170.000000 300.000000 0.152929
180.000000 300.000000 0.151007
190.000000 300.000000 0.157248
200.000000 300.000000 0.148889
210.000000 300.000000 0.139238
220.000000 300.000000 0.142092
230.000000 300.000000 0.148656
240.000000 300.000000 0.151984
250.000000 300.000000 0.164940
260.000000 300.000000 0.183850
270.000000 300.000000 0.199921
280.000000 300.000000 0.181968
290.000000 300.000000 0.165967
300.000000 300.000000 0.164075
310.000000 300.000000 0.156144
320.000000 300.000000 0.157665
330.000000 300.000000 0.163700
340.000000 300.000000 0.179626
350.000000 300.000000 0.186475
360.000000 300.000000 0.197788
370.000000 300.000000 0.203692
380.000000 300.000000 0.248705
390.000000 300.000000 0.353741
400.000000 300.000000 0.487769
410.000000 300.000000 0.451336
420.000000 300.000000 0.403600
430.000000 300.000000 0.460939
440.000000 300.000000 0.349852
450.000000 300.000000 0.282992
460.000000 300.000000 0.258173
470.000000 300.000000 0.203896
480.000000 300.000000 0.198375
490.000000 300.000000 0.222454
500.000000 300.000000 0.222454
0.000000 310.000000 0.519684
10.000000 310.000000 0.519684
20.000000 310.000000 0.446538
30.000000 310.000000 0.328578
40.000000 310.000000 0.248769
50.000000 310.000000 0.192265
60.000000 310.000000 0.185399
70.000000 310.000000 0.188058
80.000000 310.000000 0.171117
90.000000 310.000000 0.158199
100.000000 310.000000 0.146046
110.000000 310.000000 0.140004
120.000000 310.000000 0.135070
130.000000 310.000000 0.140880
140.000000 310.000000 0.152527
150.000000 310.000000 0.175208
160.000000 310.000000 0.166593
170.000000 310.000000 0.155947
180.000000 310.000000 0.159019
190.000000 310.000000 0.150086
200.000000 310.000000 0.145294
210.000000 310.000000 0.137440
220.000000 310.000000 0.139765
230.000000 310.000000 0.143253
240.000000 310.000000 0.149574
250.000000 310.000000 0.168626
260.000000 310.000000 0.207716
270.000000 310.000000 0.231894
280.000000 310.000000 0.201164
290.000000 310.000000 0.176136
300.000000 310.000000 0.165408
310.000000 310.000000 0.164033
320.000000 310.000000 0.159855
330.000000 310.000000 0.174994
340.000000 310.000000 0.202854
350.000000 310.000000 0.214843
360.000000 310.000000 0.221486
370.000000 310.000000 0.232020
380.000000 310.000000 0.281992
390.000000 310.000000 0.375343
400.000000 310.000000 0.416560
410.000000 310.000000 0.373181
420.000000 310.000000 0.370122
430.000000 310.000000 0.385844
440.000000 310.000000 0.318905
450.000000 310.000000 0.242838
460.000000 310.000000 0.211825
470.000000 310.000000 0.197203
480.000000 310.000000 0.202692
490.000000 310.000000 0.255020
500.000000 310.000000 0.255020
0.000000 320.000000 0.807010
10.000000 320.000000 0.807010
20.000000 320.000000 0.613533
30.000000 320.000000 0.397576
40.000000 320.000000 0.280386
50.000000 320.000000 0.205984
60.000000 320.000000 0.193909
70.000000 320.000000 0.191775
80.000000 320.000000 0.175903
90.000000 320.000000 0.153842
100.000000 320.000000 0.139252
110.000000 320.000000 0.130965
120.000000 320.000000 0.134542
130.000000 320.000000 0.131392
140.000000 320.000000 0.141002
150.000000 320.000000 0.153303
160.000000 320.000000 0.155986
170.000000 320.000000 0.155002
180.000000 320.000000 0.159160
190.000000 320.000000 0.160066
200.000000 320.000000 0.144248
210.000000 320.000000 0.135631
220.000000 320.000000 0.143956
230.000000 320.000000 0.142925
240.000000 320.000000 0.156455
250.000000 320.000000 0.180728
260.000000 320.000000 0.247047
270.000000 320.000000 0.318804
280.000000 320.000000 0.234105
290.000000 320.000000 0.175674
300.000000 320.000000 0.164341
310.000000 320.000000 0.156979
320.000000 320.000000 0.170133
330.000000 320.000000 0.193315
340.000000 320.000000 0.239316
350.000000 320.000000 0.269035
360.000000 320.000000 0.304668
370.000000 320.000000 0.294896
380.000000 320.000000 0.392410
390.000000 320.000000 0.485941
400.000000 320.000000 0.363952
410.000000 320.000000 0.267044
420.000000 320.000000 0.262214
430.000000 320.000000 0.270113
440.000000 320.000000 0.249679
450.000000 320.000000 0.210543
460.000000 320.000000 0.195587
470.000000 320.000000 0.220555
480.000000 320.000000 0.253503
490.000000 320.000000 0.354329
500.000000 320.000000 0.354329
0.000000 330.000000 0.843333
10.000000 330.000000 0.843333
20.000000 330.000000 0.593816
30.000000 330.000000 0.397828
40.000000 330.000000 0.277322
50.000000 330.000000 0.207335
60.000000 330.000000 0.188231
70.000000 330.000000 0.182712
80.000000 330.000000 0.171231
90.000000 330.000000 0.148201
100.000000 330.000000 0.138272
110.000000 330.000000 0.134918
120.000000 330.000000 0.130819
130.000000 330.000000 0.131251
140.000000 330.000000 0.138344
150.000000 330.000000 0.147552
160.000000 330.000000 0.146088
170.000000 330.000000 0.156423
180.000000 330.000000 0.178882
190.000000 330.000000 0.173561
200.000000 330.000000 0.158515
210.000000 330.000000 0.144004
220.000000 330.000000 0.145955
230.000000 330.000000 0.146671
240.000000 330.000000 0.156684
250.000000 330.000000 0.165013
260.000000 330.000000 0.219272
270.000000 330.000000 0.294519
280.000000 330.000000 0.206964
290.000000 330.000000 0.163237
300.000000 330.000000 0.154100
310.000000 330.000000 0.157249
320.000000 330.000000 0.179179
330.000000 330.000000 0.222735
340.000000 330.000000 0.306276
350.000000 330.000000 0.354545
360.000000 330.000000 0.386505
370.000000 330.000000 0.376102
380.000000 330.000000 0.412792
390.000000 330.000000 0.494745
400.000000 330.000000 0.362737
410.000000 330.000000 0.249993
420.000000 330.000000 0.221832
430.000000 330.000000 0.222916
440.000000 330.000000 0.215473
450.000000 330.000000 0.202536
460.000000 330.000000 0.202149
470.000000 330.000000 0.226093
480.000000 330.000000 0.300524
490.000000 330.000000 0.466858
500.000000 330.000000 0.466858
0.000000 340.000000 0.851519
10.000000 340.000000 0.851519
20.000000 340.000000 0.638649
30.000000 340.000000 0.427930
40.000000 340.000000 0.298579
50.000000 340.000000 0.216475
60.000000 340.000000 0.182278
70.000000 340.000000 0.170794
80.000000 340.000000 0.166815
90.000000 340.000000 0.152505
100.000000 340.000000 0.141826
110.000000 340.000000 0.139198
120.000000 340.000000 0.137641
130.000000 340.000000 0.137496
140.000000 340.000000 0.139917
150.000000 340.000000 0.141632
160.000000 340.000000 0.147337
170.000000 340.000000 0.160260
180.000000 340.000000 0.173840
190.000000 340.000000 0.180832
200.000000 340.000000 0.176102
210.000000 340.000000 0.156314
220.000000 340.000000 0.143446
230.000000 340.000000 0.150653
240.000000 340.000000 0.148123
250.000000 340.000000 0.147289
260.000000 340.000000 0.160843
270.000000 340.000000 0.174382
280.000000 340.000000 0.164795
290.000000 340.000000 0.153125
300.000000 340.000000 0.158324
310.000000 340.000000 0.168741
320.000000 340.000000 0.195276
330.000000 340.000000 0.250926
340.000000 340.000000 0.339501
350.000000 340.000000 0.438112
360.000000 340.000000 0.551505
370.000000 340.000000 0.496818
380.000000 340.000000 0.385930
390.000000 340.000000 0.348459
400.000000 340.000000 0.303914
410.000000 340.000000 0.284005
420.000000 340.000000 0.231774
430.000000 340.000000 0.204785
440.000000 340.000000 0.210587
450.000000 340.000000 0.213439
460.000000 340.000000 0.238848
470.000000 340.000000 0.273948
480.000000 340.000000 0.333694
490.000000 340.000000 0.539548
500.000000 340.000000 0.539548
0.000000 350.000000 0.894986
10.000000 350.000000 0.894986
20.000000 350.000000 0.688727
30.000000 350.000000 0.443483
40.000000 350.000000 0.310202
50.000000 350.000000 0.225050
60.000000 350.000000 0.182252
70.000000 350.000000 0.172171
80.000000 350.000000 0.170213
90.000000 350.000000 0.156520
100.000000 350.000000 0.145594
110.000000 350.000000 0.147313
120.000000 350.000000 0.152611
130.000000 350.000000 0.146298
140.000000 350.000000 0.141184
150.000000 350.000000 0.146836
160.000000 350.000000 0.146404
170.000000 350.000000 0.162707
180.000000 350.000000 0.164172
190.000000 350.000000 0.169483
200.000000 350.000000 0.166244
210.000000 350.000000 0.154967
220.000000 350.000000 0.145807
230.000000 350.000000 0.147512
240.000000 350.000000 0.147001
250.000000 350.000000 0.141545
260.000000 350.000000 0.141081
270.000000 350.000000 0.143680
280.000000 350.000000 0.145910
290.000000 350.000000 0.156914
300.000000 350.000000 0.172623
310.000000 350.000000 0.179515
320.000000 350.000000 0.211776
330.000000 350.000000 0.284243
340.000000 350.000000 0.361366
350.000000 350.000000 0.442065
360.000000 350.000000 0.528720
370.000000 350.000000 0.524643
380.000000 350.000000 0.397118
390.000000 350.000000 0.313266
400.000000 350.000000 0.344333
410.000000 350.000000 0.439969
420.000000 350.000000 0.311038
430.000000 350.000000 0.213647
440.000000 350.000000 0.196107
450.000000 350.000000 0.213503
460.000000 350.000000 0.256727
470.000000 350.000000 0.349145
480.000000 350.000000 0.466303
490.000000 350.000000 0.631724
500.000000 350.000000 0.631724
0.000000 360.000000 0.907246
10.000000 360.000000 0.907246
20.000000 360.000000 0.741048
30.000000 360.000000 0.496124
40.000000 360.000000 0.310602
50.000000 360.000000 0.215446
60.000000 360.000000 0.182308
70.000000 360.000000 0.188255
80.000000 360.000000 0.190416
90.000000 360.000000 0.163476
100.000000 360.000000 0.152908
110.000000 360.000000 0.154257
120.000000 360.000000 0.150900
130.000000 360.000000 0.146988
140.000000 360.000000 0.141480
150.000000 360.000000 0.139019
160.000000 360.000000 0.144638
170.000000 360.000000 0.151558
180.000000 360.000000 0.152173
190.000000 360.000000 0.162615
200.000000 360.000000 0.154669
210.000000 360.000000 0.166492
220.000000 360.000000 0.154345
230.000000 360.000000 0.151959
240.000000 360.000000 0.156144
250.000000 360.000000 0.143396
260.000000 360.000000 0.141777
270.000000 360.000000 0.142685
280.000000 360.000000 0.154353
290.000000 360.000000 0.175512
300.000000 360.000000 0.191944
310.000000 360.000000 0.190891
320.000000 360.000000 0.200499
330.000000 360.000000 0.235889
340.000000 360.000000 0.303349
350.000000 360.000000 0.380547
360.000000 360.000000 0.455316
370.000000 360.000000 0.436611
380.000000 360.000000 0.336049
390.000000 360.000000 0.295681
400.000000 360.000000 0.361751
410.000000 360.000000 0.483476
420.000000 360.000000 0.359310
430.000000 360.000000 0.223521
440.000000 360.000000 0.201158
450.000000 360.000000 0.219691
460.000000 360.000000 0.277372
470.000000 360.000000 0.427368
480.000000 360.000000 0.625848
490.000000 360.000000 0.762580
500.000000 360.000000 0.762580
0.000000 370.000000 0.924850
10.000000 370.000000 0.924850
20.000000 370.000000 0.806639
30.000000 370.000000 0.561310
40.000000 370.000000 0.327530
50.000000 370.000000 0.227617
60.000000 370.000000 0.191059
70.000000 370.000000 0.189323
80.000000 370.000000 0.181707
90.000000 370.000000 0.160353
100.000000 370.000000 0.147173
110.000000 370.000000 0.147889
120.000000 370.000000 0.149184
130.000000 370.000000 0.144822
140.000000 370.000000 0.140498
150.000000 370.000000 0.142019
160.000000 370.000000 0.141528
170.000000 370.000000 0.146892
180.000000 370.000000 0.156133
190.000000 370.000000 0.162411
200.000000 370.000000 0.166085
210.000000 370.000000 0.162731
220.000000 370.000000 0.159726
230.000000 370.000000 0.157559
240.000000 370.000000 0.154184
250.000000 370.000000 0.149357
260.000000 370.000000 0.143299
270.000000 370.000000 0.147271
280.000000 370.000000 0.163815
290.000000 370.000000 0.185816
300.000000 370.000000 0.206786
310.000000 370.000000 0.209946
320.000000 370.000000 0.206059
330.000000 370.000000 0.221141
340.000000 370.000000 0.261886
350.000000 370.000000 0.307075
360.000000 370.000000 0.328349
370.000000 370.000000 0.308908
380.000000 370.000000 0.262076
390.000000 370.000000 0.260523
400.000000 370.000000 0.279984
410.000000 370.000000 0.316031
420.000000 370.000000 0.268456
430.000000 370.000000 0.214658
440.000000 370.000000 0.220127
450.000000 370.000000 0.250365
460.000000 370.000000 0.328457
470.000000 370.000000 0.535979
480.000000 370.000000 0.769891
490.000000 370.000000 0.874179
500.000000 370.000000 0.874179
0.000000 380.000000 0.952080
10.000000 380.000000 0.952080
20.000000 380.000000 0.876194
30.000000 380.000000 0.686439
40.000000 380.000000 0.456074
50.000000 380.000000 0.285570
60.000000 380.000000 0.234309
70.000000 380.000000 0.220928
80.000000 380.000000 0.195292
90.000000 380.000000 0.167839
100.000000 380.000000 0.152818
110.000000 380.000000 0.149241
120.000000 380.000000 0.147726
130.000000 380.000000 0.151110
140.000000 380.000000 0.151107
150.000000 380.000000 0.145762
160.000000 380.000000 0.147601
170.000000 380.000000 0.144960
180.000000 380.000000 0.151316
190.000000 380.000000 0.164505
200.000000 380.000000 0.164606
210.000000 380.000000 0.157650
220.000000 380.000000 0.150672
230.000000 380.000000 0.149532
240.000000 380.000000 0.150824
250.000000 380.000000 0.146980
260.000000 380.000000 0.145260
270.000000 380.000000 0.151118
280.000000 380.000000 0.167700
290.000000 380.000000 0.194520
300.000000 380.000000 0.235701
310.000000 380.000000 0.234546
320.000000 380.000000 0.217251
330.000000 380.000000 0.214006
340.000000 380.000000 0.236360
350.000000 380.000000 0.242687
360.000000 380.000000 0.233352
370.000000 380.000000 0.222192
380.000000 380.000000 0.196997
390.000000 380.000000 0.197471
400.000000 380.000000 0.224435
410.000000 380.000000 0.225662
420.000000 380.000000 0.213089
430.000000 380.000000 0.210157
440.000000 380.000000 0.248801
450.000000 380.000000 0.330618
460.000000 380.000000 0.459452
470.000000 380.000000 0.657570
480.000000 380.000000 0.857968
490.000000 380.000000 0.935146
500.000000 380.000000 0.935146
0.000000 390.000000 0.976005
10.000000 390.000000 0.976005
20.000000 390.000000 0.936860
30.000000 390.000000 0.823959
40.000000 390.000000 0.624935
50.000000 390.000000 0.401065
60.000000 390.000000 0.332612
70.000000 390.000000 0.277392
80.000000 390.000000 0.238097
90.000000 390.000000 0.199373
100.000000 390.000000 0.166357
110.000000 390.000000 0.155943
120.000000 390.000000 0.149389
130.000000 390.000000 0.164086
140.000000 390.000000 0.156249
150.000000 390.000000 0.144256
160.000000 390.000000 0.148997
170.000000 390.000000 0.148740
180.000000 390.000000 0.151134
190.000000 390.000000 0.161483
200.000000 390.000000 0.159940
210.000000 390.000000 0.149183
220.000000 390.000000 0.141240
230.000000 390.000000 0.142798
240.000000 390.000000 0.148563
250.000000 390.000000 0.144732
260.000000 390.000000 0.150585
270.000000 390.000000 0.155289
280.000000 390.000000 0.163913
290.000000 390.000000 0.195249
300.000000 390.000000 0.224906
310.000000 390.000000 0.242086
320.000000 390.000000 0.226506
330.000000 390.000000 0.224316
340.000000 390.000000 0.219397
350.000000 390.000000 0.211724
360.000000 390.000000 0.195455
370.000000 390.000000 0.177909
380.000000 390.000000 0.167130
390.000000 390.000000 0.170365
400.000000 390.000000 0.189503
410.000000 390.000000 0.204714
420.000000 390.000000 0.205876
430.000000 390.000000 0.228050
440.000000 390.000000 0.272325
450.000000 390.000000 0.380159
460.000000 390.000000 0.581874
470.000000 390.000000 0.821053
480.000000 390.000000 0.931542
490.000000 390.000000 0.970683
500.000000 390.000000 0.970683
0.000000 400.000000 0.989717
10.000000 400.000000 0.989717
20.000000 400.000000 0.972017
30.000000 400.000000 0.914539
40.000000 400.000000 0.771388
50.000000 400.000000 0.567363
60.000000 400.000000 0.408562
70.000000 400.000000 0.341559
80.000000 400.000000 0.308570
90.000000 400.000000 0.241947
100.000000 400.000000 0.183952
110.000000 400.000000 0.158112
120.000000 400.000000 0.150990
130.000000 400.000000 0.150819
140.000000 400.000000 0.150736
150.000000 400.000000 0.151063
160.000000 400.000000 0.146470
170.000000 400.000000 0.145905
180.000000 400.000000 0.149319
190.000000 400.000000 0.150202
200.000000 400.000000 0.153795
210.000000 400.000000 0.141274
220.000000 400.000000 0.139330
230.000000 400.000000 0.143760
240.000000 400.000000 0.147385
250.000000 400.000000 0.155511
260.000000 400.000000 0.154041
270.000000 400.000000 0.159439
280.000000 400.000000 0.171371
290.000000 400.000000 0.201024
300.000000 400.000000 0.240980
310.000000 400.000000 0.240299
320.000000 400.000000 0.219753
330.000000 400.000000 0.202534
340.000000 400.000000 0.190528
350.000000 400.000000 0.182478
360.000000 400.000000 0.165321
370.000000 400.000000 0.155164
380.000000 400.000000 0.154476
390.000000 400.000000 0.157548
400.000000 400.000000 0.172864
410.000000 400.000000 0.184321
420.000000 400.000000 0.196012
430.000000 400.000000 0.239574
440.000000 400.000000 0.336811
450.000000 400.000000 0.508909
460.000000 400.000000 0.735331
470.000000 400.000000 0.913577
480.000000 400.000000 0.970638
490.000000 400.000000 0.988207
500.000000 400.000000 0.988207
0.000000 410.000000 0.996060
10.000000 410.000000 0.996060
20.000000 410.000000 0.988883
30.000000 410.000000 0.964371
40.000000 410.000000 0.894448
50.000000 410.000000 0.735056
60.000000 410.000000 0.547864
70.000000 410.000000 0.455122
80.000000 410.000000 0.372853
90.000000 410.000000 0.264824
100.000000 410.000000 0.193669
110.000000 410.000000 0.165837
120.000000 410.000000 0.155725
130.000000 410.000000 0.153168
140.000000 410.000000 0.162402
150.000000 410.000000 0.167034
160.000000 410.000000 0.160822
170.000000 410.000000 0.155049
180.000000 410.000000 0.157900
190.000000 410.000000 0.156484
200.000000 410.000000 0.149045
210.000000 410.000000 0.144156
220.000000 410.000000 0.141839
230.000000 410.000000 0.148150
240.000000 410.000000 0.162641
250.000000 410.000000 0.164142
260.000000 410.000000 0.163504
270.000000 410.000000 0.172276
280.000000 410.000000 0.176704
290.000000 410.000000 0.191419
300.000000 410.000000 0.226715
310.000000 410.000000 0.233061
320.000000 410.000000 0.221835
330.000000 410.000000 0.192708
340.000000 410.000000 0.167486
350.000000 410.000000 0.158911
360.000000 410.000000 0.148838
370.000000 410.000000 0.149851
380.000000 410.000000 0.149764
390.000000 410.000000 0.155838
400.000000 410.000000 0.172087
410.000000 410.000000 0.188925
420.000000 410.000000 0.209857
430.000000 410.000000 0.294925
440.000000 410.000000 0.504618
450.000000 410.000000 0.758305
460.000000 410.000000 0.898403
470.000000 410.000000 0.965249
480.000000 410.000000 0.988657
490.000000 410.000000 0.995684
500.000000 410.000000 0.995684
0.000000 420.000000 0.998645
10.000000 420.000000 0.998645
20.000000 420.000000 0.996070
30.000000 420.000000 0.987151
40.000000 420.000000 0.960910
50.000000 420.000000 0.892450
60.000000 420.000000 0.760988
70.000000 420.000000 0.564499
80.000000 420.000000 0.402110
90.000000 420.000000 0.277176
100.000000 420.000000 0.207566
110.000000 420.000000 0.178622
120.000000 420.000000 0.170905
130.000000 420.000000 0.171896
140.000000 420.000000 0.198813
150.000000 420.000000 0.213336
160.000000 420.000000 0.185315
170.000000 420.000000 0.168150
180.000000 420.000000 0.164982
190.000000 420.000000 0.163711
200.000000 420.000000 0.158392
210.000000 420.000000 0.148761
220.000000 420.000000 0.152733
230.000000 420.000000 0.150036
240.000000 420.000000 0.163114
250.000000 420.000000 0.165343
260.000000 420.000000 0.159022
270.000000 420.000000 0.163654
280.000000 420.000000 0.174516
290.000000 420.000000 0.184471
300.000000 420.000000 0.210033
310.000000 420.000000 0.211385
320.000000 420.000000 0.189566
330.000000 420.000000 0.171797
340.000000 420.000000 0.156977
350.000000 420.000000 0.150408
360.000000 420.000000 0.147612
370.000000 420.000000 0.148957
380.000000 420.000000 0.159588
390.000000 420.000000 0.175868
400.000000 420.000000 0.187448
410.000000 420.000000 0.213521
420.000000 420.000000 0.258056
430.000000 420.000000 0.413808
440.000000 420.000000 0.674954
450.000000 420.000000 0.862512
460.000000 420.000000 0.951734
470.000000 420.000000 0.985036
480.000000 420.000000 0.995569
490.000000 420.000000 0.998465
500.000000 420.000000 0.998465
0.000000 430.000000 0.999567
10.000000 430.000000 0.999567
20.000000 430.000000 0.998694
30.000000 430.000000 0.995572
40.000000 430.000000 0.986033
50.000000 430.000000 0.959830
60.000000 430.000000 0.895494
70.000000 430.000000 0.736815
80.000000 430.000000 0.539898
90.000000 430.000000 0.351908
100.000000 430.000000 0.259647
110.000000 430.000000 0.214989
120.000000 430.000000 0.186759
130.000000 430.000000 0.190464
140.000000 430.000000 0.250002
150.000000 430.000000 0.293179
160.000000 430.000000 0.225346
170.000000 430.000000 0.181910
180.000000 430.000000 0.178178
190.000000 430.000000 0.172711
200.000000 430.000000 0.162909
210.000000 430.000000 0.157846
220.000000 430.000000 0.151210
230.000000 430.000000 0.154866
240.000000 430.000000 0.167881
250.000000 430.000000 0.166842
260.000000 430.000000 0.162690
270.000000 430.000000 0.159965
280.000000 430.000000 0.168731
290.000000 430.000000 0.177217
300.000000 430.000000 0.186786
310.000000 430.000000 0.182712
320.000000 430.000000 0.163706
330.000000 430.000000 0.157233
340.000000 430.000000 0.151294
350.000000 430.000000 0.150443
360.000000 430.000000 0.151464
370.000000 430.000000 0.155418
380.000000 430.000000 0.172126
390.000000 430.000000 0.190106
400.000000 430.000000 0.229251
410.000000 430.000000 0.286445
420.000000 430.000000 0.364997
430.000000 430.000000 0.608367
440.000000 430.000000 0.814788
450.000000 430.000000 0.929754
460.000000 430.000000 0.977610
470.000000 430.000000 0.993614
480.000000 430.000000 0.998273
490.000000 430.000000 0.999459
500.000000 430.000000 0.999459
0.000000 440.000000 0.999862
10.000000 440.000000 0.999862
20.000000 440.000000 0.999551
30.000000 440.000000 0.998346
40.000000 440.000000 0.994244
50.000000 440.000000 0.981413
60.000000 440.000000 0.945047
70.000000 440.000000 0.856255
80.000000 440.000000 0.701037
90.000000 440.000000 0.486866
100.000000 440.000000 0.376642
110.000000 440.000000 0.291118
120.000000 440.000000 0.222943
130.000000 440.000000 0.210026
140.000000 440.000000 0.297313
150.000000 440.000000 0.364538
160.000000 440.000000 0.244065
170.000000 440.000000 0.203727
180.000000 440.000000 0.203060
190.000000 440.000000 0.196733
200.000000 440.000000 0.176321
210.000000 440.000000 0.165052
220.000000 440.000000 0.160455
230.000000 440.000000 0.156126
240.000000 440.000000 0.158713
250.000000 440.000000 0.169815
260.000000 440.000000 0.165965
270.000000 440.000000 0.161388
280.000000 440.000000 0.170685
290.000000 440.000000 0.173766
300.000000 440.000000 0.178451
310.000000 440.000000 0.172719
320.000000 440.000000 0.161266
330.000000 440.000000 0.156422
340.000000 440.000000 0.158627
350.000000 440.000000 0.164587
360.000000 440.000000 0.164435
370.000000 440.000000 0.175108
380.000000 440.000000 0.212664
390.000000 440.000000 0.247760
400.000000 440.000000 0.320412
410.000000 440.000000 0.442795
420.000000 440.000000 0.562827
430.000000 440.000000 0.795797
440.000000 440.000000 0.918987
450.000000 440.000000 0.971499
460.000000 440.000000 0.991243
470.000000 440.000000 0.997582
480.000000 440.000000 0.999375
490.000000 440.000000 0.999817
500.000000 440.000000 0.999817
0.000000 450.000000 0.999955
10.000000 450.000000 0.999955
20.000000 450.000000 0.999839
30.000000 450.000000 0.999359
40.000000 450.000000 0.997605
50.000000 450.000000 0.991828
60.000000 450.000000 0.975170
70.000000 450.000000 0.935564
80.000000 450.000000 0.862182
90.000000 450.000000 0.716889
100.000000 450.000000 0.606499
110.000000 450.000000 0.428535
120.000000 450.000000 0.284874
130.000000 450.000000 0.226888
140.000000 450.000000 0.269598
150.000000 450.000000 0.326544
160.000000 450.000000 0.244907
170.000000 450.000000 0.241119
180.000000 450.000000 0.259350
190.000000 450.000000 0.221031
200.000000 450.000000 0.192633
210.000000 450.000000 0.180264
220.000000 450.000000 0.176287
230.000000 450.000000 0.164482
240.000000 450.000000 0.156369
250.000000 450.000000 0.169857
260.000000 450.000000 0.170784
270.000000 450.000000 0.164453
280.000000 450.000000 0.174997
290.000000 450.000000 0.171529
300.000000 450.000000 0.174547
310.000000 450.000000 0.175277
320.000000 450.000000 0.160606
330.000000 450.000000 0.157834
340.000000 450.000000 0.173243
350.000000 450.000000 0.198501
360.000000 450.000000 0.201358
370.000000 450.000000 0.223938
380.000000 450.000000 0.286300
390.000000 450.000000 0.357264
400.000000 450.000000 0.518156
410.000000 450.000000 0.702419
420.000000 450.000000 0.840165
430.000000 450.000000 0.929677
440.000000 450.000000 0.972634
450.000000 450.000000 0.990540
460.000000 450.000000 0.997106
470.000000 450.000000 0.999204
480.000000 450.000000 0.999797
490.000000 450.000000 0.999943
500.000000 450.000000 0.999943
0.000000 460.000000 0.999985
10.000000 460.000000 0.999985
20.000000 460.000000 0.999944
30.000000 460.000000 0.999768
40.000000 460.000000 0.999112
50.000000 460.000000 0.996958
60.000000 460.000000 0.990923
70.000000 460.000000 0.977242
80.000000 460.000000 0.953325
90.000000 460.000000 0.914333
100.000000 460.000000 0.832933
110.000000 460.000000 0.617377
120.000000 460.000000 0.427509
130.000000 460.000000 0.295939
140.000000 460.000000 0.248910
150.000000 460.000000 0.249434
160.000000 460.000000 0.233570
170.000000 460.000000 0.283701
180.000000 460.000000 0.351439
190.000000 460.000000 0.243538
200.000000 460.000000 0.203590
210.000000 460.000000 0.192402
220.000000 460.000000 0.178070
230.000000 460.000000 0.163288
240.000000 460.000000 0.156095
250.000000 460.000000 0.162008
260.000000 460.000000 0.159319
270.000000 460.000000 0.164403
280.000000 460.000000 0.172449
290.000000 460.000000 0.176438
300.000000 460.000000 0.179090
310.000000 460.000000 0.174034
320.000000 460.000000 0.169223
330.000000 460.000000 0.181011
340.000000 460.000000 0.215342
350.000000 460.000000 0.297022
360.000000 460.000000 0.289150
370.000000 460.000000 0.346445
380.000000 460.000000 0.515005
390.000000 460.000000 0.601642
400.000000 460.000000 0.766148
410.000000 460.000000 0.881605
420.000000 460.000000 0.947001
430.000000 460.000000 0.978514
440.000000 460.000000 0.991944
450.000000 460.000000 0.997255
460.000000 460.000000 0.999160
470.000000 460.000000 0.999768
480.000000 460.000000 0.999941
490.000000 460.000000 0.999984
500.000000 460.000000 0.999984
0.000000 470.000000 0.999995
10.000000 470.000000 0.999995
20.000000 470.000000 0.999982
30.000000 470.000000 0.999925
40.000000 470.000000 0.999714
50.000000 470.000000 0.999034
60.000000 470.000000 0.997178
70.000000 470.000000 0.993026
80.000000 470.000000 0.985266
90.000000 470.000000 0.969724
100.000000 470.000000 0.927299
110.000000 470.000000 0.816136
120.000000 470.000000 0.660508
130.000000 470.000000 0.504184
140.000000 470.000000 0.375612
150.000000 470.000000 0.313042
160.000000 470.000000 0.274915
170.000000 470.000000 0.312581
180.000000 470.000000 0.361320
190.000000 470.000000 0.238251
200.000000 470.000000 0.213533
210.000000 470.000000 0.196543
220.000000 470.000000 0.181498
230.000000 470.000000 0.162184
240.000000 470.000000 0.158594
250.000000 470.000000 0.165762
260.000000 470.000000 0.168939
270.000000 470.000000 0.168436
280.000000 470.000000 0.180830
290.000000 470.000000 0.177255
300.000000 470.000000 0.172203
310.000000 470.000000 0.179268
320.000000 470.000000 0.187427
330.000000 470.000000 0.217227
340.000000 470.000000 0.260326
350.000000 470.000000 0.381044
360.000000 470.000000 0.452319
370.000000 470.000000 0.546179
380.000000 470.000000 0.719303
390.000000 470.000000 0.830183
400.000000 470.000000 0.911436
410.000000 470.000000 0.959871
420.000000 470.000000 0.983862
430.000000 470.000000 0.993922
440.000000 470.000000 0.997824
450.000000 470.000000 0.999275
460.000000 470.000000 0.999780
470.000000 470.000000 0.999939
480.000000 470.000000 0.999985
490.000000 470.000000 0.999996
500.000000 470.000000 0.999996
0.000000 480.000000 0.999999
10.000000 480.000000 0.999999
20.000000 480.000000 0.999995
30.000000 480.000000 0.999978
40.000000 480.000000 0.999919
50.000000 480.000000 0.999729
60.000000 480.000000 0.999212
70.000000 480.000000 0.998014
80.000000 480.000000 0.995426
90.000000 480.000000 0.989030
100.000000 480.000000 0.970663
110.000000 480.000000 0.924752
120.000000 480.000000 0.847184
130.000000 480.000000 0.744622
140.000000 480.000000 0.643468
150.000000 480.000000 0.502983
160.000000 480.000000 0.366052
170.000000 480.000000 0.352902
180.000000 480.000000 0.339109
190.000000 480.000000 0.225626
200.000000 480.000000 0.203798
210.000000 480.000000 0.197852
220.000000 480.000000 0.178231
230.000000 480.000000 0.164085
240.000000 480.000000 0.162062
250.000000 480.000000 0.173220
260.000000 480.000000 0.175730
270.000000 480.000000 0.170368
280.000000 480.000000 0.184989
290.000000 480.000000 0.189687
300.000000 480.000000 0.191641
310.000000 480.000000 0.201373
320.000000 480.000000 0.243072
330.000000 480.000000 0.321652
340.000000 480.000000 0.377124
350.000000 480.000000 0.504500
360.000000 480.000000 0.681505
370.000000 480.000000 0.766220
380.000000 480.000000 0.857904
390.000000 480.000000 0.927090
400.000000 480.000000 0.967321
410.000000 480.000000 0.986990
420.000000 480.000000 0.995259
430.000000 480.000000 0.998347
440.000000 480.000000 0.999441
450.000000 480.000000 0.999820
460.000000 480.000000 0.999946
470.000000 480.000000 0.999985
480.000000 480.000000 0.999996
490.000000 480.000000 0.999999
500.000000 480.000000 0.999999
0.000000 490.000000 1.000000
10.000000 490.000000 1.000000
20.000000 490.000000 0.999998
30.000000 490.000000 0.999993
40.000000 490.000000 0.999975
50.000000 490.000000 0.999918
60.000000 490.000000 0.999758
70.000000 490.000000 0.999353
80.000000 490.000000 0.998322
90.000000 490.000000 0.995413
100.000000 490.000000 0.987130
110.000000 490.000000 0.967383
120.000000 490.000000 0.932124
130.000000 490.000000 0.881291
140.000000 490.000000 0.816394
150.000000 490.000000 0.704615
160.000000 490.000000 0.548096
170.000000 490.000000 0.484675
180.000000 490.000000 0.377799
190.000000 490.000000 0.263891
200.000000 490.000000 0.231961
210.000000 490.000000 0.212654
220.000000 490.000000 0.193909
230.000000 490.000000 0.171880
240.000000 490.000000 0.163981
250.000000 490.000000 0.168156
260.000000 490.000000 0.171849
270.000000 490.000000 0.177526
280.000000 490.000000 0.198602
290.000000 490.000000 0.218920
300.000000 490.000000 0.247549
310.000000 490.000000 0.266049
320.000000 490.000000 0.346138
330.000000 490.000000 0.473810
340.000000 490.000000 0.591209
350.000000 490.000000 0.705850
360.000000 490.000000 0.804994
370.000000 490.000000 0.865903
380.000000 490.000000 0.923312
390.000000 490.000000 0.964364
400.000000 490.000000 0.985814
410.000000 490.000000 0.994965
420.000000 490.000000 0.998341
430.000000 490.000000 0.999472
440.000000 490.000000 0.999834
450.000000 490.000000 0.999950
460.000000 490.000000 0.999985
470.000000 490.000000 0.999996
480.000000 490.000000 0.999999
490.000000 490.000000 1.000000
500.000000 490.000000 1.000000
0.000000 500.000000 1.000000
10.000000 500.000000 1.000000
20.000000 500.000000 0.999998
30.000000 500.000000 0.999993
40.000000 500.000000 0.999975
50.000000 500.000000 0.999918
60.000000 500.000000 0.999758
70.000000 500.000000 0.999353
80.000000 500.000000 0.998322
90.000000 500.000000 0.995413
100.000000 500.000000 0.987130
110.000000 500.000000 0.967383
120.000000 500.000000 0.932124
130.000000 500.000000 0.881291
140.000000 500.000000 0.816394
150.000000 500.000000 0.704615
160.000000 500.000000 0.548096
170.000000 500.000000 0.484675
180.000000 500.000000 0.377799
190.000000 500.000000 0.263891
200.000000 500.000000 0.231961
210.000000 500.000000 0.212654
220.000000 500.000000 0.193909
230.000000 500.000000 0.171880
240.000000 500.000000 0.163981
250.000000 500.000000 0.168156
260.000000 500.000000 0.171849
270.000000 500.000000 0.177526
280.000000 500.000000 0.198602
290.000000 500.000000 0.218920
300.000000 500.000000 0.247549
310.000000 500.000000 0.266049
320.000000 500.000000 0.346138
330.000000 500.000000 0.473810
340.000000 500.000000 0.591209
350.000000 500.000000 0.705850
360.000000 500.000000 0.804994
370.000000 500.000000 0.865903
380.000000 500.000000 0.923312
390.000000 500.000000 0.964364
400.000000 500.000000 0.985814
410.000000 500.000000 0.994965
420.000000 500.000000 0.998341
430.000000 500.000000 0.999472
440.000000 500.000000 0.999834
450.000000 500.000000 0.999950
460.000000 500.000000 0.999985
470.000000 500.000000 0.999996
480.000000 500.000000 0.999999
490.000000 500.000000 1.000000
500.000000 500.000000 1.000000
