# 500.000000 500.000000
# 51 51
# 0 67 
0.000000 0.000000 0.999738
10.000000 0.000000 0.999738
20.000000 0.000000 0.999479
30.000000 0.000000 0.998775
40.000000 0.000000 0.997182
50.000000 0.000000 0.993856
60.000000 0.000000 0.987376
70.000000 0.000000 0.975574
80.000000 0.000000 0.955391
90.000000 0.000000 0.922800
100.000000 0.000000 0.873010
110.000000 0.000000 0.802208
120.000000 0.000000 0.711214
130.000000 0.000000 0.601986
140.000000 0.000000 0.471266
150.000000 0.000000 0.342687
160.000000 0.000000 0.245006
170.000000 0.000000 0.174522
180.000000 0.000000 0.114630
190.000000 0.000000 0.085198
200.000000 0.000000 0.089653
210.000000 0.000000 0.099313
220.000000 0.000000 0.089520
230.000000 0.000000 0.084610
240.000000 0.000000 0.081637
250.000000 0.000000 0.092151
260.000000 0.000000 0.132731
270.000000 0.000000 0.167547
280.000000 0.000000 0.121144
290.000000 0.000000 0.091693
300.000000 0.000000 0.084129
310.000000 0.000000 0.074760
320.000000 0.000000 0.104448
330.000000 0.000000 0.189571
340.000000 0.000000 0.277813
350.000000 0.000000 0.373645
360.000000 0.000000 0.469649
370.000000 0.000000 0.573666
380.000000 0.000000 0.680769
390.000000 0.000000 0.778175
400.000000 0.000000 0.856025
410.000000 0.000000 0.912423
420.000000 0.000000 0.949725
430.000000 0.000000 0.972547
440.000000 0.000000 0.985679
450.000000 0.000000 0.992868
460.000000 0.000000 0.996619
470.000000 0.000000 0.998474
480.000000 0.000000 0.999326
490.000000 0.000000 0.999651
500.000000 0.000000 0.999651
0.000000 10.000000 0.999738
10.000000 10.000000 0.999738
20.000000 10.000000 0.999479
30.000000 10.000000 0.998775
40.000000 10.000000 0.997182
50.000000 10.000000 0.993856
60.000000 10.000000 0.987376
70.000000 10.000000 0.975574
80.000000 10.000000 0.955391
90.000000 10.000000 0.922800
100.000000 10.000000 0.873010
110.000000 10.000000 0.802208
120.000000 10.000000 0.711214
130.000000 10.000000 0.601986
140.000000 10.000000 0.471266
150.000000 10.000000 0.342687
160.000000 10.000000 0.245006
170.000000 10.000000 0.174522
180.000000 10.000000 0.114630
190.000000 10.000000 0.085198
200.000000 10.000000 0.089653
210.000000 10.000000 0.099313
220.000000 10.000000 0.089520
230.000000 10.000000 0.084610
240.000000 10.000000 0.081637
250.000000 10.000000 0.092151
260.000000 10.000000 0.132731
270.000000 10.000000 0.167547
280.000000 10.000000 0.121144
290.000000 10.000000 0.091693
300.000000 10.000000 0.084129
310.000000 10.000000 0.074760
320.000000 10.000000 0.104448
330.000000 10.000000 0.189571
340.000000 10.000000 0.277813
350.000000 10.000000 0.373645
360.000000 10.000000 0.469649
370.000000 10.000000 0.573666
380.000000 10.000000 0.680769
390.000000 10.000000 0.778175
400.000000 10.000000 0.856025
410.000000 10.000000 0.912423
420.000000 10.000000 0.949725
430.000000 10.000000 0.972547
440.000000 10.000000 0.985679
450.000000 10.000000 0.992868
460.000000 10.000000 0.996619
470.000000 10.000000 0.998474
480.000000 10.000000 0.999326
490.000000 10.000000 0.999651
500.000000 10.000000 0.999651
0.000000 20.000000 0.999456
10.000000 20.000000 0.999456
20.000000 20.000000 0.998953
30.000000 20.000000 0.997623
40.000000 20.000000 0.994709
50.000000 20.000000 0.988845
60.000000 20.000000 0.977879
70.000000 20.000000 0.958800
80.000000 20.000000 0.927857
90.000000 20.000000 0.880691
100.000000 20.000000 0.812351
110.000000 20.000000 0.720260
120.000000 20.000000 0.612123
130.000000 20.000000 0.488378
140.000000 20.000000 0.330336
150.000000 20.000000 0.239201
160.000000 20.000000 0.184196
170.000000 20.000000 0.136714
180.000000 20.000000 0.099701
190.000000 20.000000 0.084746
200.000000 20.000000 0.090363
210.000000 20.000000 0.095229
220.000000 20.000000 0.080792
230.000000 20.000000 0.064879
240.000000 20.000000 0.062726
250.000000 20.000000 0.080106
260.000000 20.000000 0.120876
270.000000 20.000000 0.132054
280.000000 20.000000 0.106016
290.000000 20.000000 0.082103
300.000000 20.000000 0.067175
310.000000 20.000000 0.064791
320.000000 20.000000 0.078485
330.000000 20.000000 0.134271
340.000000 20.000000 0.196025
350.000000 20.000000 0.276292
360.000000 20.000000 0.352803
370.000000 20.000000 0.452146
380.000000 20.000000 0.570361
390.000000 20.000000 0.692644
400.000000 20.000000 0.794527
410.000000 20.000000 0.870709
420.000000 20.000000 0.922877
430.000000 20.000000 0.956070
440.000000 20.000000 0.976066
450.000000 20.000000 0.987589
460.000000 20.000000 0.993912
470.000000 20.000000 0.997177
480.000000 20.000000 0.998726
490.000000 20.000000 0.999329
500.000000 20.000000 0.999329
0.000000 30.000000 0.998673
10.000000 30.000000 0.998673
20.000000 30.000000 0.997533
30.000000 30.000000 0.994599
40.000000 30.000000 0.988407
50.000000 30.000000 0.976470
60.000000 30.000000 0.955176
70.000000 30.000000 0.920086
80.000000 30.000000 0.866746
90.000000 30.000000 0.791324
100.000000 30.000000 0.688749
110.000000 30.000000 0.560064
120.000000 30.000000 0.439643
130.000000 30.000000 0.309566
140.000000 30.000000 0.166505
150.000000 30.000000 0.122164
160.000000 30.000000 0.120495
170.000000 30.000000 0.098623
180.000000 30.000000 0.080861
190.000000 30.000000 0.077374
200.000000 30.000000 0.082997
210.000000 30.000000 0.085794
220.000000 30.000000 0.070794
230.000000 30.000000 0.050297
240.000000 30.000000 0.053039
250.000000 30.000000 0.063586
260.000000 30.000000 0.080127
270.000000 30.000000 0.082506
280.000000 30.000000 0.084052
290.000000 30.000000 0.077188
300.000000 30.000000 0.064640
310.000000 30.000000 0.060799
320.000000 30.000000 0.065946
330.000000 30.000000 0.085249
340.000000 30.000000 0.104078
350.000000 30.000000 0.151224
360.000000 30.000000 0.199055
370.000000 30.000000 0.266737
380.000000 30.000000 0.366104
390.000000 30.000000 0.521681
400.000000 30.000000 0.665453
410.000000 30.000000 0.779396
420.000000 30.000000 0.862258
430.000000 30.000000 0.917982
440.000000 30.000000 0.953300
450.000000 30.000000 0.974810
460.000000 30.000000 0.987239
470.000000 30.000000 0.993932
480.000000 30.000000 0.997208
490.000000 30.000000 0.998506
500.000000 30.000000 0.998506
0.000000 40.000000 0.996861
10.000000 40.000000 0.996861
20.000000 40.000000 0.994358
30.000000 40.000000 0.988099
40.000000 40.000000 0.975408
50.000000 40.000000 0.952051
60.000000 40.000000 0.912533
70.000000 40.000000 0.851262
80.000000 40.000000 0.764601
90.000000 40.000000 0.652104
100.000000 40.000000 0.502816
110.000000 40.000000 0.317017
120.000000 40.000000 0.242718
130.000000 40.000000 0.182089
140.000000 40.000000 0.097769
150.000000 40.000000 0.066669
160.000000 40.000000 0.072365
170.000000 40.000000 0.064218
180.000000 40.000000 0.061225
190.000000 40.000000 0.061786
200.000000 40.000000 0.064575
210.000000 40.000000 0.065449
220.000000 40.000000 0.059028
230.000000 40.000000 0.051723
240.000000 40.000000 0.060252
250.000000 40.000000 0.063030
260.000000 40.000000 0.070099
270.000000 40.000000 0.066217
280.000000 40.000000 0.072921
290.000000 40.000000 0.077671
300.000000 40.000000 0.066694
310.000000 40.000000 0.063787
320.000000 40.000000 0.082364
330.000000 40.000000 0.095766
340.000000 40.000000 0.081656
350.000000 40.000000 0.090501
360.000000 40.000000 0.093995
370.000000 40.000000 0.128008
380.000000 40.000000 0.203619
390.000000 40.000000 0.333477
400.000000 40.000000 0.480435
410.000000 40.000000 0.628682
420.000000 40.000000 0.755284
430.000000 40.000000 0.848946
440.000000 40.000000 0.910846
450.000000 40.000000 0.950315
460.000000 40.000000 0.974152
470.000000 40.000000 0.987448
480.000000 40.000000 0.994124
490.000000 40.000000 0.996813
500.000000 40.000000 0.996813
0.000000 50.000000 0.993026
10.000000 50.000000 0.993026
20.000000 50.000000 0.987884
30.000000 50.000000 0.975422
40.000000 50.000000 0.951256
50.000000 50.000000 0.909180
60.000000 50.000000 0.842618
70.000000 50.000000 0.747286
80.000000 50.000000 0.624115
90.000000 50.000000 0.485625
100.000000 50.000000 0.327256
110.000000 50.000000 0.171712
120.000000 50.000000 0.124834
130.000000 50.000000 0.100432
140.000000 50.000000 0.058354
150.000000 50.000000 0.040036
160.000000 50.000000 0.038261
170.000000 50.000000 0.036051
180.000000 50.000000 0.044151
190.000000 50.000000 0.048704
200.000000 50.000000 0.046268
210.000000 50.000000 0.041562
220.000000 50.000000 0.044833
230.000000 50.000000 0.052995
240.000000 50.000000 0.071616
250.000000 50.000000 0.077348
260.000000 50.000000 0.077363
270.000000 50.000000 0.065005
280.000000 50.000000 0.062094
290.000000 50.000000 0.065261
300.000000 50.000000 0.065364
310.000000 50.000000 0.073779
320.000000 50.000000 0.092513
330.000000 50.000000 0.095508
340.000000 50.000000 0.075596
350.000000 50.000000 0.067676
360.000000 50.000000 0.064182
370.000000 50.000000 0.072002
380.000000 50.000000 0.103494
390.000000 50.000000 0.181996
400.000000 50.000000 0.284289
410.000000 50.000000 0.427149
420.000000 50.000000 0.593262
430.000000 50.000000 0.740567
440.000000 50.000000 0.841532
450.000000 50.000000 0.908879
460.000000 50.000000 0.951373
470.000000 50.000000 0.975892
480.000000 50.000000 0.988508
490.000000 50.000000 0.993672
500.000000 50.000000 0.993672
0.000000 60.000000 0.985536
10.000000 60.000000 0.985536
20.000000 60.000000 0.975729
30.000000 60.000000 0.952735
40.000000 60.000000 0.910348
50.000000 60.000000 0.841410
60.000000 60.000000 0.741706
70.000000 60.000000 0.613207
80.000000 60.000000 0.459843
90.000000 60.000000 0.325425
100.000000 60.000000 0.229480
110.000000 60.000000 0.137014
120.000000 60.000000 0.091054
130.000000 60.000000 0.055773
140.000000 60.000000 0.037907
150.000000 60.000000 0.040204
160.000000 60.000000 0.040635
170.000000 60.000000 0.037487
180.000000 60.000000 0.045070
190.000000 60.000000 0.046172
200.000000 60.000000 0.037014
210.000000 60.000000 0.029291
220.000000 60.000000 0.030980
230.000000 60.000000 0.040385
240.000000 60.000000 0.066397
250.000000 60.000000 0.079828
260.000000 60.000000 0.080366
270.000000 60.000000 0.070881
280.000000 60.000000 0.057541
290.000000 60.000000 0.057875
300.000000 60.000000 0.063372
310.000000 60.000000 0.072081
320.000000 60.000000 0.071340
330.000000 60.000000 0.063744
340.000000 60.000000 0.061039
350.000000 60.000000 0.059286
360.000000 60.000000 0.053505
370.000000 60.000000 0.052197
380.000000 60.000000 0.059016
390.000000 60.000000 0.085515
400.000000 60.000000 0.141011
410.000000 60.000000 0.263191
420.000000 60.000000 0.425017
430.000000 60.000000 0.605371
440.000000 60.000000 0.744012
450.000000 60.000000 0.846480
460.000000 60.000000 0.915515
470.000000 60.000000 0.957050
480.000000 60.000000 0.979059
490.000000 60.000000 0.988246
500.000000 60.000000 0.988246
0.000000 70.000000 0.972052
10.000000 70.000000 0.972052
20.000000 70.000000 0.954700
30.000000 70.000000 0.915404
40.000000 70.000000 0.846888
50.000000 70.000000 0.744123
60.000000 70.000000 0.611627
70.000000 70.000000 0.460259
80.000000 70.000000 0.264102
90.000000 70.000000 0.159272
100.000000 70.000000 0.137502
110.000000 70.000000 0.090745
120.000000 70.000000 0.053546
130.000000 70.000000 0.039757
140.000000 70.000000 0.037395
150.000000 70.000000 0.047783
160.000000 70.000000 0.046223
170.000000 70.000000 0.045352
180.000000 70.000000 0.050005
190.000000 70.000000 0.049082
200.000000 70.000000 0.041911
210.000000 70.000000 0.029041
220.000000 70.000000 0.029281
230.000000 70.000000 0.038827
240.000000 70.000000 0.060821
250.000000 70.000000 0.079466
260.000000 70.000000 0.085544
270.000000 70.000000 0.079641
280.000000 70.000000 0.056522
290.000000 70.000000 0.055981
300.000000 70.000000 0.068355
310.000000 70.000000 0.059767
320.000000 70.000000 0.049988
330.000000 70.000000 0.050729
340.000000 70.000000 0.049178
350.000000 70.000000 0.046312
360.000000 70.000000 0.043692
370.000000 70.000000 0.041103
380.000000 70.000000 0.043320
390.000000 70.000000 0.063549
400.000000 70.000000 0.110579
410.000000 70.000000 0.196880
420.000000 70.000000 0.323992
430.000000 70.000000 0.475469
440.000000 70.000000 0.622762
450.000000 70.000000 0.760407
460.000000 70.000000 0.862961
470.000000 70.000000 0.928034
480.000000 70.000000 0.963874
490.000000 70.000000 0.979232
500.000000 70.000000 0.979232
0.000000 80.000000 0.949625
10.000000 80.000000 0.949625
20.000000 80.000000 0.921069
30.000000 80.000000 0.858491
40.000000 80.000000 0.755312
50.000000 80.000000 0.613542
60.000000 80.000000 0.459800
70.000000 80.000000 0.325777
80.000000 80.000000 0.179615
90.000000 80.000000 0.105013
100.000000 80.000000 0.094346
110.000000 80.000000 0.070653
120.000000 80.000000 0.048174
130.000000 80.000000 0.048029
140.000000 80.000000 0.050049
150.000000 80.000000 0.050082
160.000000 80.000000 0.035910
170.000000 80.000000 0.032183
180.000000 80.000000 0.034306
190.000000 80.000000 0.037210
200.000000 80.000000 0.036684
210.000000 80.000000 0.028270
220.000000 80.000000 0.031584
230.000000 80.000000 0.041703
240.000000 80.000000 0.050710
250.000000 80.000000 0.070014
260.000000 80.000000 0.081400
270.000000 80.000000 0.080645
280.000000 80.000000 0.062622
290.000000 80.000000 0.051304
300.000000 80.000000 0.053308
310.000000 80.000000 0.046492
320.000000 80.000000 0.038725
330.000000 80.000000 0.041767
340.000000 80.000000 0.040102
350.000000 80.000000 0.038093
360.000000 80.000000 0.035321
370.000000 80.000000 0.035920
380.000000 80.000000 0.045819
390.000000 80.000000 0.073087
400.000000 80.000000 0.112109
410.000000 80.000000 0.167990
420.000000 80.000000 0.248204
430.000000 80.000000 0.343731
440.000000 80.000000 0.451064
450.000000 80.000000 0.636270
460.000000 80.000000 0.786171
470.000000 80.000000 0.883715
480.000000 80.000000 0.939678
490.000000 80.000000 0.964426
500.000000 80.000000 0.964426
0.000000 90.000000 0.914988
10.000000 90.000000 0.914988
20.000000 90.000000 0.870992
30.000000 90.000000 0.776936
40.000000 90.000000 0.628227
50.000000 90.000000 0.431485
60.000000 90.000000 0.270401
70.000000 90.000000 0.210292
80.000000 90.000000 0.150500
90.000000 90.000000 0.104557
100.000000 90.000000 0.081050
110.000000 90.000000 0.067622
120.000000 90.000000 0.061959
130.000000 90.000000 0.060254
140.000000 90.000000 0.056655
150.000000 90.000000 0.049752
160.000000 90.000000 0.037766
170.000000 90.000000 0.032725
180.000000 90.000000 0.028598
190.000000 90.000000 0.028781
200.000000 90.000000 0.026928
210.000000 90.000000 0.028928
220.000000 90.000000 0.041203
230.000000 90.000000 0.046113
240.000000 90.000000 0.040630
250.000000 90.000000 0.053692
260.000000 90.000000 0.068798
270.000000 90.000000 0.069755
280.000000 90.000000 0.056309
290.000000 90.000000 0.038151
300.000000 90.000000 0.035381
310.000000 90.000000 0.033485
320.000000 90.000000 0.031746
330.000000 90.000000 0.032384
340.000000 90.000000 0.035206
350.000000 90.000000 0.040466
360.000000 90.000000 0.039788
370.000000 90.000000 0.045927
380.000000 90.000000 0.058146
390.000000 90.000000 0.075074
400.000000 90.000000 0.104165
410.000000 90.000000 0.141866
420.000000 90.000000 0.181054
430.000000 90.000000 0.199386
440.000000 90.000000 0.246855
450.000000 90.000000 0.446474
460.000000 90.000000 0.673424
470.000000 90.000000 0.816292
480.000000 90.000000 0.901599
490.000000 90.000000 0.940642
500.000000 90.000000 0.940642
0.000000 100.000000 0.865073
10.000000 100.000000 0.865073
20.000000 100.000000 0.801765
30.000000 100.000000 0.669745
40.000000 100.000000 0.474922
50.000000 100.000000 0.265851
60.000000 100.000000 0.145888
70.000000 100.000000 0.126586
80.000000 100.000000 0.110766
90.000000 100.000000 0.085739
100.000000 100.000000 0.057178
110.000000 100.000000 0.046661
120.000000 100.000000 0.058358
130.000000 100.000000 0.064532
140.000000 100.000000 0.063524
150.000000 100.000000 0.055950
160.000000 100.000000 0.048431
170.000000 100.000000 0.044244
180.000000 100.000000 0.040741
190.000000 100.000000 0.038449
200.000000 100.000000 0.031029
210.000000 100.000000 0.029373
220.000000 100.000000 0.043102
230.000000 100.000000 0.054015
240.000000 100.000000 0.042960
250.000000 100.000000 0.046184
260.000000 100.000000 0.053639
270.000000 100.000000 0.047716
280.000000 100.000000 0.034770
290.000000 100.000000 0.030360
300.000000 100.000000 0.033111
310.000000 100.000000 0.030646
320.000000 100.000000 0.032425
330.000000 100.000000 0.028979
340.000000 100.000000 0.031344
350.000000 100.000000 0.043147
360.000000 100.000000 0.051561
370.000000 100.000000 0.055177
380.000000 100.000000 0.053334
390.000000 100.000000 0.053409
400.000000 100.000000 0.082609
410.000000 100.000000 0.118242
420.000000 100.000000 0.137921
430.000000 100.000000 0.140310
440.000000 100.000000 0.169637
450.000000 100.000000 0.334588
460.000000 100.000000 0.540830
470.000000 100.000000 0.723151
480.000000 100.000000 0.846245
490.000000 100.000000 0.905303
500.000000 100.000000 0.905303
0.000000 110.000000 0.797602
10.000000 110.000000 0.797602
20.000000 110.000000 0.714465
30.000000 110.000000 0.551249
40.000000 110.000000 0.340353
50.000000 110.000000 0.191844
60.000000 110.000000 0.118603
70.000000 110.000000 0.099345
80.000000 110.000000 0.087466
90.000000 110.000000 0.070689
100.000000 110.000000 0.043461
110.000000 110.000000 0.033661
120.000000 110.000000 0.047706
130.000000 110.000000 0.060711
140.000000 110.000000 0.068732
150.000000 110.000000 0.066511
160.000000 110.000000 0.060009
170.000000 110.000000 0.054476
180.000000 110.000000 0.051228
190.000000 110.000000 0.048961
200.000000 110.000000 0.041910
210.000000 110.000000 0.033921
220.000000 110.000000 0.046249
230.000000 110.000000 0.068480
240.000000 110.000000 0.066831
250.000000 110.000000 0.061766
260.000000 110.000000 0.053730
270.000000 110.000000 0.043699
280.000000 110.000000 0.031499
290.000000 110.000000 0.031295
300.000000 110.000000 0.034635
310.000000 110.000000 0.036114
320.000000 110.000000 0.037447
330.000000 110.000000 0.031530
340.000000 110.000000 0.033861
350.000000 110.000000 0.048701
360.000000 110.000000 0.055088
370.000000 110.000000 0.056994
380.000000 110.000000 0.050336
390.000000 110.000000 0.045491
400.000000 110.000000 0.068969
410.000000 110.000000 0.097340
420.000000 110.000000 0.107217
430.000000 110.000000 0.105240
440.000000 110.000000 0.125268
450.000000 110.000000 0.212941
460.000000 110.000000 0.351971
470.000000 110.000000 0.596369
480.000000 110.000000 0.773687
490.000000 110.000000 0.858442
500.000000 110.000000 0.858442
0.000000 120.000000 0.709039
10.000000 120.000000 0.709039
20.000000 120.000000 0.605392
30.000000 120.000000 0.419032
40.000000 120.000000 0.209400
50.000000 120.000000 0.125698
60.000000 120.000000 0.094394
70.000000 120.000000 0.080492
80.000000 120.000000 0.072027
90.000000 120.000000 0.060143
100.000000 120.000000 0.038744
110.000000 120.000000 0.029398
120.000000 120.000000 0.042189
130.000000 120.000000 0.057017
140.000000 120.000000 0.070171
150.000000 120.000000 0.072828
160.000000 120.000000 0.068417
170.000000 120.000000 0.063073
180.000000 120.000000 0.060065
190.000000 120.000000 0.058754
200.000000 120.000000 0.056020
210.000000 120.000000 0.051644
220.000000 120.000000 0.060356
230.000000 120.000000 0.073185
240.000000 120.000000 0.073551
250.000000 120.000000 0.064384
260.000000 120.000000 0.053169
270.000000 120.000000 0.043909
280.000000 120.000000 0.035939
290.000000 120.000000 0.033791
300.000000 120.000000 0.035526
310.000000 120.000000 0.039595
320.000000 120.000000 0.044152
330.000000 120.000000 0.044937
340.000000 120.000000 0.043952
350.000000 120.000000 0.045019
360.000000 120.000000 0.042672
370.000000 120.000000 0.050628
380.000000 120.000000 0.053835
390.000000 120.000000 0.057075
400.000000 120.000000 0.069089
410.000000 120.000000 0.079414
420.000000 120.000000 0.083812
430.000000 120.000000 0.082892
440.000000 120.000000 0.092627
450.000000 120.000000 0.129863
460.000000 120.000000 0.220618
470.000000 120.000000 0.458512
480.000000 120.000000 0.686769
490.000000 120.000000 0.800656
500.000000 120.000000 0.800656
0.000000 130.000000 0.594360
10.000000 130.000000 0.594360
20.000000 130.000000 0.460226
30.000000 130.000000 0.273986
40.000000 130.000000 0.125522
50.000000 130.000000 0.069759
60.000000 130.000000 0.053296
70.000000 130.000000 0.056964
80.000000 130.000000 0.056763
90.000000 130.000000 0.047953
100.000000 130.000000 0.033484
110.000000 130.000000 0.029752
120.000000 130.000000 0.044261
130.000000 130.000000 0.058801
140.000000 130.000000 0.069634
150.000000 130.000000 0.072574
160.000000 130.000000 0.070129
170.000000 130.000000 0.066511
180.000000 130.000000 0.064798
190.000000 130.000000 0.064775
200.000000 130.000000 0.063715
210.000000 130.000000 0.061266
220.000000 130.000000 0.059763
230.000000 130.000000 0.060264
240.000000 130.000000 0.057020
250.000000 130.000000 0.047457
260.000000 130.000000 0.040193
270.000000 130.000000 0.029122
280.000000 130.000000 0.024694
290.000000 130.000000 0.026271
300.000000 130.000000 0.031495
310.000000 130.000000 0.041102
320.000000 130.000000 0.051622
330.000000 130.000000 0.053593
340.000000 130.000000 0.047529
350.000000 130.000000 0.039668
360.000000 130.000000 0.033048
370.000000 130.000000 0.033963
380.000000 130.000000 0.038104
390.000000 130.000000 0.052874
400.000000 130.000000 0.059085
410.000000 130.000000 0.061412
420.000000 130.000000 0.066676
430.000000 130.000000 0.071547
440.000000 130.000000 0.082874
450.000000 130.000000 0.117330
460.000000 130.000000 0.200276
470.000000 130.000000 0.390618
480.000000 130.000000 0.585284
490.000000 130.000000 0.727735
500.000000 130.000000 0.727735
0.000000 140.000000 0.473352
10.000000 140.000000 0.473352
20.000000 140.000000 0.329951
30.000000 140.000000 0.188479
40.000000 140.000000 0.102910
50.000000 140.000000 0.056654
60.000000 140.000000 0.038786
70.000000 140.000000 0.044743
80.000000 140.000000 0.046487
90.000000 140.000000 0.038656
100.000000 140.000000 0.037212
110.000000 140.000000 0.042945
120.000000 140.000000 0.053082
130.000000 140.000000 0.060836
140.000000 140.000000 0.064967
150.000000 140.000000 0.065468
160.000000 140.000000 0.064508
170.000000 140.000000 0.063250
180.000000 140.000000 0.062862
190.000000 140.000000 0.062990
200.000000 140.000000 0.061896
210.000000 140.000000 0.057715
220.000000 140.000000 0.042926
230.000000 140.000000 0.034691
240.000000 140.000000 0.031717
250.000000 140.000000 0.030543
260.000000 140.000000 0.036058
270.000000 140.000000 0.028148
280.000000 140.000000 0.023498
290.000000 140.000000 0.021800
300.000000 140.000000 0.024296
310.000000 140.000000 0.030495
320.000000 140.000000 0.045302
330.000000 140.000000 0.055858
340.000000 140.000000 0.051923
350.000000 140.000000 0.049266
360.000000 140.000000 0.044861
370.000000 140.000000 0.038680
380.000000 140.000000 0.037320
390.000000 140.000000 0.050297
400.000000 140.000000 0.049693
410.000000 140.000000 0.043845
420.000000 140.000000 0.052841
430.000000 140.000000 0.061780
440.000000 140.000000 0.066829
450.000000 140.000000 0.096295
460.000000 140.000000 0.166523
470.000000 140.000000 0.252502
480.000000 140.000000 0.380770
490.000000 140.000000 0.612265
500.000000 140.000000 0.612265
0.000000 150.000000 0.359363
10.000000 150.000000 0.359363
20.000000 150.000000 0.219773
30.000000 150.000000 0.117403
40.000000 150.000000 0.083317
50.000000 150.000000 0.058850
60.000000 150.000000 0.047653
70.000000 150.000000 0.048019
80.000000 150.000000 0.040325
90.000000 150.000000 0.027987
100.000000 150.000000 0.034083
110.000000 150.000000 0.049342
120.000000 150.000000 0.057812
130.000000 150.000000 0.060047
140.000000 150.000000 0.058980
150.000000 150.000000 0.057348
160.000000 150.000000 0.056863
170.000000 150.000000 0.056366
180.000000 150.000000 0.054634
190.000000 150.000000 0.053013
200.000000 150.000000 0.053143
210.000000 150.000000 0.053015
220.000000 150.000000 0.041696
230.000000 150.000000 0.034082
240.000000 150.000000 0.031943
250.000000 150.000000 0.033135
260.000000 150.000000 0.040869
270.000000 150.000000 0.037909
280.000000 150.000000 0.034705
290.000000 150.000000 0.031314
300.000000 150.000000 0.032906
310.000000 150.000000 0.034176
320.000000 150.000000 0.046377
330.000000 150.000000 0.055242
340.000000 150.000000 0.055418
350.000000 150.000000 0.058731
360.000000 150.000000 0.060011
370.000000 150.000000 0.055653
380.000000 150.000000 0.052515
390.000000 150.000000 0.053354
400.000000 150.000000 0.042230
410.000000 150.000000 0.030792
420.000000 150.000000 0.040706
430.000000 150.000000 0.055599
440.000000 150.000000 0.055789
450.000000 150.000000 0.077702
460.000000 150.000000 0.133211
470.000000 150.000000 0.180668
480.000000 150.000000 0.277488
490.000000 150.000000 0.507509
500.000000 150.000000 0.507509
0.000000 160.000000 0.245233
10.000000 160.000000 0.245233
20.000000 160.000000 0.141835
30.000000 160.000000 0.077626
40.000000 160.000000 0.063586
50.000000 160.000000 0.051870
60.000000 160.000000 0.046833
70.000000 160.000000 0.047970
80.000000 160.000000 0.041129
90.000000 160.000000 0.029803
100.000000 160.000000 0.037083
110.000000 160.000000 0.052973
120.000000 160.000000 0.059958
130.000000 160.000000 0.059402
140.000000 160.000000 0.056250
150.000000 160.000000 0.053417
160.000000 160.000000 0.051748
170.000000 160.000000 0.048257
180.000000 160.000000 0.038777
190.000000 160.000000 0.037038
200.000000 160.000000 0.045769
210.000000 160.000000 0.054173
220.000000 160.000000 0.056836
230.000000 160.000000 0.054680
240.000000 160.000000 0.049666
250.000000 160.000000 0.042924
260.000000 160.000000 0.033517
270.000000 160.000000 0.027414
280.000000 160.000000 0.029605
290.000000 160.000000 0.034077
300.000000 160.000000 0.042737
310.000000 160.000000 0.049046
320.000000 160.000000 0.051833
330.000000 160.000000 0.044728
340.000000 160.000000 0.049560
350.000000 160.000000 0.059342
360.000000 160.000000 0.060725
370.000000 160.000000 0.054607
380.000000 160.000000 0.046750
390.000000 160.000000 0.048358
400.000000 160.000000 0.040866
410.000000 160.000000 0.028896
420.000000 160.000000 0.040531
430.000000 160.000000 0.060406
440.000000 160.000000 0.066496
450.000000 160.000000 0.082802
460.000000 160.000000 0.117365
470.000000 160.000000 0.149202
480.000000 160.000000 0.215702
490.000000 160.000000 0.393259
500.000000 160.000000 0.393259
0.000000 170.000000 0.156249
10.000000 170.000000 0.156249
20.000000 170.000000 0.112006
30.000000 170.000000 0.072504
40.000000 170.000000 0.054985
50.000000 170.000000 0.039483
60.000000 170.000000 0.030215
70.000000 170.000000 0.037403
80.000000 170.000000 0.041842
90.000000 170.000000 0.039970
100.000000 170.000000 0.044823
110.000000 170.000000 0.054901
120.000000 170.000000 0.058272
130.000000 170.000000 0.056941
140.000000 170.000000 0.055821
150.000000 170.000000 0.053397
160.000000 170.000000 0.048775
170.000000 170.000000 0.038147
180.000000 170.000000 0.025202
190.000000 170.000000 0.026653
200.000000 170.000000 0.044543
210.000000 170.000000 0.059404
220.000000 170.000000 0.066141
230.000000 170.000000 0.063703
240.000000 170.000000 0.053404
250.000000 170.000000 0.034630
260.000000 170.000000 0.023553
270.000000 170.000000 0.021518
280.000000 170.000000 0.021035
290.000000 170.000000 0.023884
300.000000 170.000000 0.030962
310.000000 170.000000 0.043008
320.000000 170.000000 0.047189
330.000000 170.000000 0.035857
340.000000 170.000000 0.041213
350.000000 170.000000 0.054377
360.000000 170.000000 0.052958
370.000000 170.000000 0.042202
380.000000 170.000000 0.031603
390.000000 170.000000 0.032031
400.000000 170.000000 0.029405
410.000000 170.000000 0.025632
420.000000 170.000000 0.036951
430.000000 170.000000 0.063871
440.000000 170.000000 0.079536
450.000000 170.000000 0.089504
460.000000 170.000000 0.103275
470.000000 170.000000 0.124044
480.000000 170.000000 0.167934
490.000000 170.000000 0.291639
500.000000 170.000000 0.291639
0.000000 180.000000 0.085797
10.000000 180.000000 0.085797
20.000000 180.000000 0.074314
30.000000 180.000000 0.061958
40.000000 180.000000 0.051972
50.000000 180.000000 0.038253
60.000000 180.000000 0.026045
70.000000 180.000000 0.032722
80.000000 180.000000 0.040451
90.000000 180.000000 0.043645
100.000000 180.000000 0.048779
110.000000 180.000000 0.053578
120.000000 180.000000 0.045806
130.000000 180.000000 0.044158
140.000000 180.000000 0.052687
150.000000 180.000000 0.052360
160.000000 180.000000 0.042119
170.000000 180.000000 0.025693
180.000000 180.000000 0.020853
190.000000 180.000000 0.029002
200.000000 180.000000 0.046779
210.000000 180.000000 0.064123
220.000000 180.000000 0.071089
230.000000 180.000000 0.066023
240.000000 180.000000 0.050654
250.000000 180.000000 0.026957
260.000000 180.000000 0.021885
270.000000 180.000000 0.028989
280.000000 180.000000 0.028451
290.000000 180.000000 0.028875
300.000000 180.000000 0.031295
310.000000 180.000000 0.044907
320.000000 180.000000 0.055208
330.000000 180.000000 0.047869
340.000000 180.000000 0.050576
350.000000 180.000000 0.054687
360.000000 180.000000 0.050092
370.000000 180.000000 0.043184
380.000000 180.000000 0.034718
390.000000 180.000000 0.029029
400.000000 180.000000 0.024566
410.000000 180.000000 0.027345
420.000000 180.000000 0.038602
430.000000 180.000000 0.063958
440.000000 180.000000 0.080998
450.000000 180.000000 0.080064
460.000000 180.000000 0.077472
470.000000 180.000000 0.096294
480.000000 180.000000 0.135134
490.000000 180.000000 0.202382
500.000000 180.000000 0.202382
0.000000 190.000000 0.053737
10.000000 190.000000 0.053737
20.000000 190.000000 0.054402
30.000000 190.000000 0.056981
40.000000 190.000000 0.054612
50.000000 190.000000 0.042762
60.000000 190.000000 0.029337
70.000000 190.000000 0.035164
80.000000 190.000000 0.046099
90.000000 190.000000 0.052021
100.000000 190.000000 0.056237
110.000000 190.000000 0.055113
120.000000 190.000000 0.038447
130.000000 190.000000 0.036131
140.000000 190.000000 0.049571
150.000000 190.000000 0.046373
160.000000 190.000000 0.030888
170.000000 190.000000 0.022040
180.000000 190.000000 0.023147
190.000000 190.000000 0.032875
200.000000 190.000000 0.048612
210.000000 190.000000 0.063852
220.000000 190.000000 0.069644
230.000000 190.000000 0.064086
240.000000 190.000000 0.047517
250.000000 190.000000 0.024638
260.000000 190.000000 0.022936
270.000000 190.000000 0.034076
280.000000 190.000000 0.038293
290.000000 190.000000 0.040940
300.000000 190.000000 0.047202
310.000000 190.000000 0.058534
320.000000 190.000000 0.064159
330.000000 190.000000 0.059006
340.000000 190.000000 0.056934
350.000000 190.000000 0.059496
360.000000 190.000000 0.058485
370.000000 190.000000 0.056203
380.000000 190.000000 0.051160
390.000000 190.000000 0.040416
400.000000 190.000000 0.031329
410.000000 190.000000 0.030756
420.000000 190.000000 0.037110
430.000000 190.000000 0.062099
440.000000 190.000000 0.079901
450.000000 190.000000 0.070389
460.000000 190.000000 0.060803
470.000000 190.000000 0.081590
480.000000 190.000000 0.113174
490.000000 190.000000 0.157303
500.000000 190.000000 0.157303
0.000000 200.000000 0.036899
10.000000 200.000000 0.036899
20.000000 200.000000 0.042186
30.000000 200.000000 0.050554
40.000000 200.000000 0.056735
50.000000 200.000000 0.053560
60.000000 200.000000 0.042764
70.000000 200.000000 0.049401
80.000000 200.000000 0.059366
90.000000 200.000000 0.063928
100.000000 200.000000 0.065105
110.000000 200.000000 0.061701
120.000000 200.000000 0.050678
130.000000 200.000000 0.047462
140.000000 200.000000 0.052202
150.000000 200.000000 0.043121
160.000000 200.000000 0.027971
170.000000 200.000000 0.025867
180.000000 200.000000 0.028018
190.000000 200.000000 0.035740
200.000000 200.000000 0.047922
210.000000 200.000000 0.053965
220.000000 200.000000 0.059134
230.000000 200.000000 0.059133
240.000000 200.000000 0.045056
250.000000 200.000000 0.024075
260.000000 200.000000 0.022443
270.000000 200.000000 0.034661
280.000000 200.000000 0.036446
290.000000 200.000000 0.035362
300.000000 200.000000 0.044649
310.000000 200.000000 0.055404
320.000000 200.000000 0.059133
330.000000 200.000000 0.047529
340.000000 200.000000 0.042486
350.000000 200.000000 0.057638
360.000000 200.000000 0.068214
370.000000 200.000000 0.068700
380.000000 200.000000 0.059652
390.000000 200.000000 0.046862
400.000000 200.000000 0.038552
410.000000 200.000000 0.035717
420.000000 200.000000 0.038616
430.000000 200.000000 0.061388
440.000000 200.000000 0.074684
450.000000 200.000000 0.058041
460.000000 200.000000 0.048064
470.000000 200.000000 0.069468
480.000000 200.000000 0.102522
490.000000 200.000000 0.132698
500.000000 200.000000 0.132698
0.000000 210.000000 0.034931
10.000000 210.000000 0.034931
20.000000 210.000000 0.032551
30.000000 210.000000 0.034457
40.000000 210.000000 0.052336
50.000000 210.000000 0.066707
60.000000 210.000000 0.067433
70.000000 210.000000 0.068888
80.000000 210.000000 0.071294
90.000000 210.000000 0.070866
100.000000 210.000000 0.067601
110.000000 210.000000 0.061669
120.000000 210.000000 0.055083
130.000000 210.000000 0.052483
140.000000 210.000000 0.052143
150.000000 210.000000 0.045376
160.000000 210.000000 0.036566
170.000000 210.000000 0.034247
180.000000 210.000000 0.026306
190.000000 210.000000 0.029226
200.000000 210.000000 0.036169
210.000000 210.000000 0.039326
220.000000 210.000000 0.047790
230.000000 210.000000 0.054177
240.000000 210.000000 0.044681
250.000000 210.000000 0.025638
260.000000 210.000000 0.021059
270.000000 210.000000 0.033244
280.000000 210.000000 0.035273
290.000000 210.000000 0.031793
300.000000 210.000000 0.035210
310.000000 210.000000 0.039421
320.000000 210.000000 0.037992
330.000000 210.000000 0.033575
340.000000 210.000000 0.037219
350.000000 210.000000 0.056020
360.000000 210.000000 0.071426
370.000000 210.000000 0.073575
380.000000 210.000000 0.062920
390.000000 210.000000 0.049666
400.000000 210.000000 0.042488
410.000000 210.000000 0.040703
420.000000 210.000000 0.046477
430.000000 210.000000 0.069580
440.000000 210.000000 0.083580
450.000000 210.000000 0.069541
460.000000 210.000000 0.049655
470.000000 210.000000 0.054049
480.000000 210.000000 0.086920
490.000000 210.000000 0.114342
500.000000 210.000000 0.114342
0.000000 220.000000 0.054712
10.000000 220.000000 0.054712
20.000000 220.000000 0.042511
30.000000 220.000000 0.033962
40.000000 220.000000 0.051715
50.000000 220.000000 0.066465
60.000000 220.000000 0.061803
70.000000 220.000000 0.066503
80.000000 220.000000 0.070348
90.000000 220.000000 0.066964
100.000000 220.000000 0.058851
110.000000 220.000000 0.049857
120.000000 220.000000 0.046071
130.000000 220.000000 0.045546
140.000000 220.000000 0.044660
150.000000 220.000000 0.034162
160.000000 220.000000 0.032809
170.000000 220.000000 0.036718
180.000000 220.000000 0.025050
190.000000 220.000000 0.022389
200.000000 220.000000 0.025239
210.000000 220.000000 0.033126
220.000000 220.000000 0.048393
230.000000 220.000000 0.052720
240.000000 220.000000 0.042571
250.000000 220.000000 0.026276
260.000000 220.000000 0.020773
270.000000 220.000000 0.034533
280.000000 220.000000 0.043458
290.000000 220.000000 0.042124
300.000000 220.000000 0.035809
310.000000 220.000000 0.028554
320.000000 220.000000 0.028269
330.000000 220.000000 0.036362
340.000000 220.000000 0.053069
350.000000 220.000000 0.066593
360.000000 220.000000 0.075612
370.000000 220.000000 0.072143
380.000000 220.000000 0.060167
390.000000 220.000000 0.046889
400.000000 220.000000 0.043077
410.000000 220.000000 0.051805
420.000000 220.000000 0.066303
430.000000 220.000000 0.090350
440.000000 220.000000 0.093118
450.000000 220.000000 0.080742
460.000000 220.000000 0.061441
470.000000 220.000000 0.055731
480.000000 220.000000 0.079973
490.000000 220.000000 0.097255
500.000000 220.000000 0.097255
0.000000 230.000000 0.061975
10.000000 230.000000 0.061975
20.000000 230.000000 0.047807
30.000000 230.000000 0.035948
40.000000 230.000000 0.049653
50.000000 230.000000 0.058043
60.000000 230.000000 0.046579
70.000000 230.000000 0.051947
80.000000 230.000000 0.061786
90.000000 230.000000 0.056237
100.000000 230.000000 0.039257
110.000000 230.000000 0.027701
120.000000 230.000000 0.030299
130.000000 230.000000 0.034367
140.000000 230.000000 0.036789
150.000000 230.000000 0.027297
160.000000 230.000000 0.029375
170.000000 230.000000 0.040968
180.000000 230.000000 0.036415
190.000000 230.000000 0.032264
200.000000 230.000000 0.032365
210.000000 230.000000 0.042626
220.000000 230.000000 0.053639
230.000000 230.000000 0.051851
240.000000 230.000000 0.038630
250.000000 230.000000 0.024659
260.000000 230.000000 0.020232
270.000000 230.000000 0.030941
280.000000 230.000000 0.045198
290.000000 230.000000 0.047349
300.000000 230.000000 0.035468
310.000000 230.000000 0.026115
320.000000 230.000000 0.034597
330.000000 230.000000 0.052491
340.000000 230.000000 0.065045
350.000000 230.000000 0.072632
360.000000 230.000000 0.071974
370.000000 230.000000 0.052795
380.000000 230.000000 0.038475
390.000000 230.000000 0.032832
400.000000 230.000000 0.035880
410.000000 230.000000 0.051617
420.000000 230.000000 0.059651
430.000000 230.000000 0.065809
440.000000 230.000000 0.060922
450.000000 230.000000 0.062117
460.000000 230.000000 0.071304
470.000000 230.000000 0.076075
480.000000 230.000000 0.082676
490.000000 230.000000 0.082655
500.000000 230.000000 0.082655
0.000000 240.000000 0.063843
10.000000 240.000000 0.063843
20.000000 240.000000 0.056286
30.000000 240.000000 0.047230
40.000000 240.000000 0.060166
50.000000 240.000000 0.068626
60.000000 240.000000 0.057780
70.000000 240.000000 0.059076
80.000000 240.000000 0.058848
90.000000 240.000000 0.049031
100.000000 240.000000 0.032767
110.000000 240.000000 0.020887
120.000000 240.000000 0.023029
130.000000 240.000000 0.028477
140.000000 240.000000 0.036405
150.000000 240.000000 0.037067
160.000000 240.000000 0.040714
170.000000 240.000000 0.048134
180.000000 240.000000 0.047749
190.000000 240.000000 0.045312
200.000000 240.000000 0.048486
210.000000 240.000000 0.055093
220.000000 240.000000 0.056363
230.000000 240.000000 0.046817
240.000000 240.000000 0.028562
250.000000 240.000000 0.019928
260.000000 240.000000 0.022906
270.000000 240.000000 0.033749
280.000000 240.000000 0.044606
290.000000 240.000000 0.046694
300.000000 240.000000 0.037376
310.000000 240.000000 0.025871
320.000000 240.000000 0.038944
330.000000 240.000000 0.062802
340.000000 240.000000 0.071230
350.000000 240.000000 0.071033
360.000000 240.000000 0.061897
370.000000 240.000000 0.039366
380.000000 240.000000 0.028667
390.000000 240.000000 0.028866
400.000000 240.000000 0.039528
410.000000 240.000000 0.053597
420.000000 240.000000 0.044503
430.000000 240.000000 0.038854
440.000000 240.000000 0.039413
450.000000 240.000000 0.051959
460.000000 240.000000 0.072430
470.000000 240.000000 0.080141
480.000000 240.000000 0.083312
490.000000 240.000000 0.081649
500.000000 240.000000 0.081649
0.000000 250.000000 0.064404
10.000000 250.000000 0.064404
20.000000 250.000000 0.068573
30.000000 250.000000 0.071259
40.000000 250.000000 0.077933
50.000000 250.000000 0.083095
60.000000 250.000000 0.079320
70.000000 250.000000 0.071821
80.000000 250.000000 0.060713
90.000000 250.000000 0.048807
100.000000 250.000000 0.036107
110.000000 250.000000 0.022598
120.000000 250.000000 0.021665
130.000000 250.000000 0.028083
140.000000 250.000000 0.037734
150.000000 250.000000 0.046242
160.000000 250.000000 0.051732
170.000000 250.000000 0.057243
180.000000 250.000000 0.059078
190.000000 250.000000 0.058592
200.000000 250.000000 0.061048
210.000000 250.000000 0.062936
220.000000 250.000000 0.055194
230.000000 250.000000 0.034684
240.000000 250.000000 0.024032
250.000000 250.000000 0.023582
260.000000 250.000000 0.030932
270.000000 250.000000 0.038505
280.000000 250.000000 0.046728
290.000000 250.000000 0.046916
300.000000 250.000000 0.036918
310.000000 250.000000 0.025756
320.000000 250.000000 0.033746
330.000000 250.000000 0.061319
340.000000 250.000000 0.071748
350.000000 250.000000 0.067172
360.000000 250.000000 0.052403
370.000000 250.000000 0.032148
380.000000 250.000000 0.026116
390.000000 250.000000 0.028727
400.000000 250.000000 0.040147
410.000000 250.000000 0.056410
420.000000 250.000000 0.052154
430.000000 250.000000 0.038577
440.000000 250.000000 0.036344
450.000000 250.000000 0.054825
460.000000 250.000000 0.070941
470.000000 250.000000 0.068493
480.000000 250.000000 0.076928
490.000000 250.000000 0.087503
500.000000 250.000000 0.087503
0.000000 260.000000 0.064165
10.000000 260.000000 0.064165
20.000000 260.000000 0.070226
30.000000 260.000000 0.077654
40.000000 260.000000 0.084390
50.000000 260.000000 0.088756
60.000000 260.000000 0.086865
70.000000 260.000000 0.078074
80.000000 260.000000 0.065100
90.000000 260.000000 0.055453
100.000000 260.000000 0.047083
110.000000 260.000000 0.028924
120.000000 260.000000 0.023885
130.000000 260.000000 0.029172
140.000000 260.000000 0.037927
150.000000 260.000000 0.049481
160.000000 260.000000 0.057979
170.000000 260.000000 0.065318
180.000000 260.000000 0.068616
190.000000 260.000000 0.068950
200.000000 260.000000 0.070882
210.000000 260.000000 0.071198
220.000000 260.000000 0.059955
230.000000 260.000000 0.036663
240.000000 260.000000 0.031159
250.000000 260.000000 0.033739
260.000000 260.000000 0.030097
270.000000 260.000000 0.030882
280.000000 260.000000 0.045023
290.000000 260.000000 0.048429
300.000000 260.000000 0.040922
310.000000 260.000000 0.030824
320.000000 260.000000 0.029907
330.000000 260.000000 0.048066
340.000000 260.000000 0.065672
350.000000 260.000000 0.063680
360.000000 260.000000 0.047008
370.000000 260.000000 0.029727
380.000000 260.000000 0.027495
390.000000 260.000000 0.028429
400.000000 260.000000 0.033153
410.000000 260.000000 0.050486
420.000000 260.000000 0.067217
430.000000 260.000000 0.055722
440.000000 260.000000 0.046852
450.000000 260.000000 0.061354
460.000000 260.000000 0.067682
470.000000 260.000000 0.057020
480.000000 260.000000 0.065682
490.000000 260.000000 0.089363
500.000000 260.000000 0.089363
0.000000 270.000000 0.060381
10.000000 270.000000 0.060381
20.000000 270.000000 0.060280
30.000000 270.000000 0.071803
40.000000 270.000000 0.080270
50.000000 270.000000 0.086815
60.000000 270.000000 0.087478
70.000000 270.000000 0.080310
80.000000 270.000000 0.068677
90.000000 270.000000 0.060523
100.000000 270.000000 0.054315
110.000000 270.000000 0.033678
120.000000 270.000000 0.023970
130.000000 270.000000 0.029036
140.000000 270.000000 0.035998
150.000000 270.000000 0.046360
160.000000 270.000000 0.056802
170.000000 270.000000 0.067753
180.000000 270.000000 0.073266
190.000000 270.000000 0.074025
200.000000 270.000000 0.076356
210.000000 270.000000 0.078905
220.000000 270.000000 0.073648
230.000000 270.000000 0.058297
240.000000 270.000000 0.047254
250.000000 270.000000 0.038077
260.000000 270.000000 0.025645
270.000000 270.000000 0.025816
280.000000 270.000000 0.042615
290.000000 270.000000 0.051601
300.000000 270.000000 0.048025
310.000000 270.000000 0.040837
320.000000 270.000000 0.031019
330.000000 270.000000 0.033282
340.000000 270.000000 0.049556
350.000000 270.000000 0.057854
360.000000 270.000000 0.039938
370.000000 270.000000 0.027413
380.000000 270.000000 0.026491
390.000000 270.000000 0.028453
400.000000 270.000000 0.033554
410.000000 270.000000 0.057456
420.000000 270.000000 0.077307
430.000000 270.000000 0.073421
440.000000 270.000000 0.066594
450.000000 270.000000 0.069770
460.000000 270.000000 0.075135
470.000000 270.000000 0.067947
480.000000 270.000000 0.061113
490.000000 270.000000 0.071232
500.000000 270.000000 0.071232
0.000000 280.000000 0.049387
10.000000 280.000000 0.049387
20.000000 280.000000 0.044959
30.000000 280.000000 0.057144
40.000000 280.000000 0.066327
50.000000 280.000000 0.076841
60.000000 280.000000 0.080846
70.000000 280.000000 0.074660
80.000000 280.000000 0.062556
90.000000 280.000000 0.055562
100.000000 280.000000 0.053433
110.000000 280.000000 0.038854
120.000000 280.000000 0.024817
130.000000 280.000000 0.028839
140.000000 280.000000 0.036533
150.000000 280.000000 0.045268
160.000000 280.000000 0.055527
170.000000 280.000000 0.067198
180.000000 280.000000 0.072804
190.000000 280.000000 0.071620
200.000000 280.000000 0.072484
210.000000 280.000000 0.076540
220.000000 280.000000 0.075384
230.000000 280.000000 0.066394
240.000000 280.000000 0.052297
250.000000 280.000000 0.034624
260.000000 280.000000 0.022081
270.000000 280.000000 0.027263
280.000000 280.000000 0.043923
290.000000 280.000000 0.051788
300.000000 280.000000 0.050220
310.000000 280.000000 0.045150
320.000000 280.000000 0.032982
330.000000 280.000000 0.026752
340.000000 280.000000 0.039442
350.000000 280.000000 0.053114
360.000000 280.000000 0.046182
370.000000 280.000000 0.031027
380.000000 280.000000 0.024480
390.000000 280.000000 0.026272
400.000000 280.000000 0.036522
410.000000 280.000000 0.063726
420.000000 280.000000 0.072369
430.000000 280.000000 0.063343
440.000000 280.000000 0.050063
450.000000 280.000000 0.048199
460.000000 280.000000 0.064506
470.000000 280.000000 0.069648
480.000000 280.000000 0.065119
490.000000 280.000000 0.075871
500.000000 280.000000 0.075871
0.000000 290.000000 0.069199
10.000000 290.000000 0.069199
20.000000 290.000000 0.061172
30.000000 290.000000 0.059723
40.000000 290.000000 0.057208
50.000000 290.000000 0.065978
60.000000 290.000000 0.069123
70.000000 290.000000 0.059564
80.000000 290.000000 0.040629
90.000000 290.000000 0.038864
100.000000 290.000000 0.049583
110.000000 290.000000 0.043039
120.000000 290.000000 0.029878
130.000000 290.000000 0.032943
140.000000 290.000000 0.042458
150.000000 290.000000 0.050205
160.000000 290.000000 0.058219
170.000000 290.000000 0.066087
180.000000 290.000000 0.068034
190.000000 290.000000 0.060961
200.000000 290.000000 0.057044
210.000000 290.000000 0.060057
220.000000 290.000000 0.061527
230.000000 290.000000 0.060076
240.000000 290.000000 0.049793
250.000000 290.000000 0.034188
260.000000 290.000000 0.023768
270.000000 290.000000 0.029059
280.000000 290.000000 0.040021
290.000000 290.000000 0.044648
300.000000 290.000000 0.040561
310.000000 290.000000 0.036029
320.000000 290.000000 0.025672
330.000000 290.000000 0.024280
340.000000 290.000000 0.038287
350.000000 290.000000 0.051669
360.000000 290.000000 0.054773
370.000000 290.000000 0.043005
380.000000 290.000000 0.030507
390.000000 290.000000 0.030158
400.000000 290.000000 0.044402
410.000000 290.000000 0.070224
420.000000 290.000000 0.067164
430.000000 290.000000 0.052265
440.000000 290.000000 0.037993
450.000000 290.000000 0.034863
460.000000 290.000000 0.039110
470.000000 290.000000 0.046726
480.000000 290.000000 0.059669
490.000000 290.000000 0.077426
500.000000 290.000000 0.077426
0.000000 300.000000 0.119365
10.000000 300.000000 0.119365
20.000000 300.000000 0.100759
30.000000 300.000000 0.068240
40.000000 300.000000 0.051850
50.000000 300.000000 0.059733
60.000000 300.000000 0.053531
70.000000 300.000000 0.039638
80.000000 300.000000 0.034136
90.000000 300.000000 0.039800
100.000000 300.000000 0.054791
110.000000 300.000000 0.056446
120.000000 300.000000 0.048261
130.000000 300.000000 0.046881
140.000000 300.000000 0.050406
150.000000 300.000000 0.055472
160.000000 300.000000 0.059703
170.000000 300.000000 0.062775
180.000000 300.000000 0.061327
190.000000 300.000000 0.049960
200.000000 300.000000 0.042442
210.000000 300.000000 0.040328
220.000000 300.000000 0.041423
230.000000 300.000000 0.046648
240.000000 300.000000 0.043543
250.000000 300.000000 0.034975
260.000000 300.000000 0.031227
270.000000 300.000000 0.033935
280.000000 300.000000 0.038387
290.000000 300.000000 0.039249
300.000000 300.000000 0.035732
310.000000 300.000000 0.036102
320.000000 300.000000 0.030546
330.000000 300.000000 0.025063
340.000000 300.000000 0.034846
350.000000 300.000000 0.057464
360.000000 300.000000 0.066224
370.000000 300.000000 0.060904
380.000000 300.000000 0.045965
390.000000 300.000000 0.037801
400.000000 300.000000 0.048174
410.000000 300.000000 0.070151
420.000000 300.000000 0.075824
430.000000 300.000000 0.053739
440.000000 300.000000 0.035404
450.000000 300.000000 0.035859
460.000000 300.000000 0.034196
470.000000 300.000000 0.034445
480.000000 300.000000 0.045081
490.000000 300.000000 0.062424
500.000000 300.000000 0.062424
0.000000 310.000000 0.169225
10.000000 310.000000 0.169225
20.000000 310.000000 0.118947
30.000000 310.000000 0.068046
40.000000 310.000000 0.049750
50.000000 310.000000 0.058714
60.000000 310.000000 0.051888
70.000000 310.000000 0.041703
80.000000 310.000000 0.049951
90.000000 310.000000 0.058728
100.000000 310.000000 0.063895
110.000000 310.000000 0.063272
120.000000 310.000000 0.057453
130.000000 310.000000 0.054216
140.000000 310.000000 0.053949
150.000000 310.000000 0.053738
160.000000 310.000000 0.054416
170.000000 310.000000 0.055230
180.000000 310.000000 0.055381
190.000000 310.000000 0.049739
200.000000 310.000000 0.044921
210.000000 310.000000 0.040294
220.000000 310.000000 0.036155
230.000000 310.000000 0.035364
240.000000 310.000000 0.038339
250.000000 310.000000 0.039147
260.000000 310.000000 0.041304
270.000000 310.000000 0.044492
280.000000 310.000000 0.044108
290.000000 310.000000 0.039384
300.000000 310.000000 0.038455
310.000000 310.000000 0.045008
320.000000 310.000000 0.044010
330.000000 310.000000 0.033285
340.000000 310.000000 0.042507
350.000000 310.000000 0.071729
360.000000 310.000000 0.081517
370.000000 310.000000 0.073927
380.000000 310.000000 0.056058
390.000000 310.000000 0.050947
400.000000 310.000000 0.051507
410.000000 310.000000 0.057910
420.000000 310.000000 0.072097
430.000000 310.000000 0.053395
440.000000 310.000000 0.036303
450.000000 310.000000 0.042376
460.000000 310.000000 0.044879
470.000000 310.000000 0.036039
480.000000 310.000000 0.039848
490.000000 310.000000 0.057788
500.000000 310.000000 0.057788
0.000000 320.000000 0.211392
10.000000 320.000000 0.211392
20.000000 320.000000 0.133607
30.000000 320.000000 0.087293
40.000000 320.000000 0.069097
50.000000 320.000000 0.066711
60.000000 320.000000 0.063805
70.000000 320.000000 0.060840
80.000000 320.000000 0.064163
90.000000 320.000000 0.066140
100.000000 320.000000 0.064910
110.000000 320.000000 0.057956
120.000000 320.000000 0.049368
130.000000 320.000000 0.049841
140.000000 320.000000 0.044268
150.000000 320.000000 0.035105
160.000000 320.000000 0.037921
170.000000 320.000000 0.040621
180.000000 320.000000 0.044569
190.000000 320.000000 0.046910
200.000000 320.000000 0.051123
210.000000 320.000000 0.047989
220.000000 320.000000 0.036612
230.000000 320.000000 0.026273
240.000000 320.000000 0.031181
250.000000 320.000000 0.044309
260.000000 320.000000 0.052638
270.000000 320.000000 0.057697
280.000000 320.000000 0.054385
290.000000 320.000000 0.045282
300.000000 320.000000 0.047240
310.000000 320.000000 0.057177
320.000000 320.000000 0.049637
330.000000 320.000000 0.041201
340.000000 320.000000 0.062973
350.000000 320.000000 0.089088
360.000000 320.000000 0.092499
370.000000 320.000000 0.079700
380.000000 320.000000 0.063164
390.000000 320.000000 0.067317
400.000000 320.000000 0.070781
410.000000 320.000000 0.055235
420.000000 320.000000 0.047813
430.000000 320.000000 0.038148
440.000000 320.000000 0.032861
450.000000 320.000000 0.042305
460.000000 320.000000 0.046941
470.000000 320.000000 0.048255
480.000000 320.000000 0.052610
490.000000 320.000000 0.065575
500.000000 320.000000 0.065575
0.000000 330.000000 0.270227
10.000000 330.000000 0.270227
20.000000 330.000000 0.152216
30.000000 330.000000 0.103741
40.000000 330.000000 0.082358
50.000000 330.000000 0.068736
60.000000 330.000000 0.060894
70.000000 330.000000 0.056325
80.000000 330.000000 0.059635
90.000000 330.000000 0.062177
100.000000 330.000000 0.058746
110.000000 330.000000 0.042849
120.000000 330.000000 0.032827
130.000000 330.000000 0.038612
140.000000 330.000000 0.036018
150.000000 330.000000 0.028498
160.000000 330.000000 0.030099
170.000000 330.000000 0.030977
180.000000 330.000000 0.029299
190.000000 330.000000 0.033537
200.000000 330.000000 0.049899
210.000000 330.000000 0.051058
220.000000 330.000000 0.042324
230.000000 330.000000 0.029138
240.000000 330.000000 0.028044
250.000000 330.000000 0.042205
260.000000 330.000000 0.055615
270.000000 330.000000 0.064453
280.000000 330.000000 0.064658
290.000000 330.000000 0.057176
300.000000 330.000000 0.061988
310.000000 330.000000 0.073047
320.000000 330.000000 0.064313
330.000000 330.000000 0.055683
340.000000 330.000000 0.076790
350.000000 330.000000 0.093057
360.000000 330.000000 0.084995
370.000000 330.000000 0.062378
380.000000 330.000000 0.060911
390.000000 330.000000 0.072963
400.000000 330.000000 0.087080
410.000000 330.000000 0.068410
420.000000 330.000000 0.050990
430.000000 330.000000 0.044855
440.000000 330.000000 0.038743
450.000000 330.000000 0.042098
460.000000 330.000000 0.047831
470.000000 330.000000 0.062374
480.000000 330.000000 0.080199
490.000000 330.000000 0.105591
500.000000 330.000000 0.105591
0.000000 340.000000 0.325286
10.000000 340.000000 0.325286
20.000000 340.000000 0.183335
30.000000 340.000000 0.118778
40.000000 340.000000 0.090724
50.000000 340.000000 0.073438
60.000000 340.000000 0.055510
70.000000 340.000000 0.039804
80.000000 340.000000 0.046566
90.000000 340.000000 0.056280
100.000000 340.000000 0.054710
110.000000 340.000000 0.043881
120.000000 340.000000 0.036148
130.000000 340.000000 0.041462
140.000000 340.000000 0.043187
150.000000 340.000000 0.042554
160.000000 340.000000 0.043141
170.000000 340.000000 0.039328
180.000000 340.000000 0.034630
190.000000 340.000000 0.037019
200.000000 340.000000 0.050941
210.000000 340.000000 0.050238
220.000000 340.000000 0.046353
230.000000 340.000000 0.039497
240.000000 340.000000 0.034236
250.000000 340.000000 0.044947
260.000000 340.000000 0.057602
270.000000 340.000000 0.066248
280.000000 340.000000 0.074341
290.000000 340.000000 0.075725
300.000000 340.000000 0.081297
310.000000 340.000000 0.088480
320.000000 340.000000 0.087603
330.000000 340.000000 0.085073
340.000000 340.000000 0.088208
350.000000 340.000000 0.088342
360.000000 340.000000 0.077899
370.000000 340.000000 0.057636
380.000000 340.000000 0.054211
390.000000 340.000000 0.061475
400.000000 340.000000 0.084297
410.000000 340.000000 0.094198
420.000000 340.000000 0.083421
430.000000 340.000000 0.068889
440.000000 340.000000 0.057181
450.000000 340.000000 0.052429
460.000000 340.000000 0.049435
470.000000 340.000000 0.070004
480.000000 340.000000 0.116784
490.000000 340.000000 0.178685
500.000000 340.000000 0.178685
0.000000 350.000000 0.433269
10.000000 350.000000 0.433269
20.000000 350.000000 0.280092
30.000000 350.000000 0.179640
40.000000 350.000000 0.124617
50.000000 350.000000 0.096877
60.000000 350.000000 0.071157
70.000000 350.000000 0.047428
80.000000 350.000000 0.049777
90.000000 350.000000 0.055695
100.000000 350.000000 0.051616
110.000000 350.000000 0.048477
120.000000 350.000000 0.049865
130.000000 350.000000 0.051422
140.000000 350.000000 0.051942
150.000000 350.000000 0.053184
160.000000 350.000000 0.052014
170.000000 350.000000 0.047593
180.000000 350.000000 0.045040
190.000000 350.000000 0.046974
200.000000 350.000000 0.051193
210.000000 350.000000 0.046442
220.000000 350.000000 0.045538
230.000000 350.000000 0.052374
240.000000 350.000000 0.056422
250.000000 350.000000 0.063998
260.000000 350.000000 0.065758
270.000000 350.000000 0.069392
280.000000 350.000000 0.079190
290.000000 350.000000 0.085321
300.000000 350.000000 0.088590
310.000000 350.000000 0.089434
320.000000 350.000000 0.087294
330.000000 350.000000 0.084098
340.000000 350.000000 0.077454
350.000000 350.000000 0.072592
360.000000 350.000000 0.076668
370.000000 350.000000 0.076792
380.000000 350.000000 0.073835
390.000000 350.000000 0.073641
400.000000 350.000000 0.098006
410.000000 350.000000 0.112819
420.000000 350.000000 0.107232
430.000000 350.000000 0.090618
440.000000 350.000000 0.078902
450.000000 350.000000 0.078456
460.000000 350.000000 0.076131
470.000000 350.000000 0.109021
480.000000 350.000000 0.195933
490.000000 350.000000 0.301207
500.000000 350.000000 0.301207
0.000000 360.000000 0.535191
10.000000 360.000000 0.535191
20.000000 360.000000 0.394516
30.000000 360.000000 0.267012
40.000000 360.000000 0.182930
50.000000 360.000000 0.133244
60.000000 360.000000 0.100048
70.000000 360.000000 0.075484
80.000000 360.000000 0.064938
90.000000 360.000000 0.059950
100.000000 360.000000 0.051494
110.000000 360.000000 0.051294
120.000000 360.000000 0.059276
130.000000 360.000000 0.062585
140.000000 360.000000 0.061811
150.000000 360.000000 0.059178
160.000000 360.000000 0.052199
170.000000 360.000000 0.043187
180.000000 360.000000 0.034038
190.000000 360.000000 0.035657
200.000000 360.000000 0.047001
210.000000 360.000000 0.042344
220.000000 360.000000 0.039023
230.000000 360.000000 0.051537
240.000000 360.000000 0.066718
250.000000 360.000000 0.073008
260.000000 360.000000 0.074858
270.000000 360.000000 0.077170
280.000000 360.000000 0.082580
290.000000 360.000000 0.084356
300.000000 360.000000 0.081387
310.000000 360.000000 0.073983
320.000000 360.000000 0.068114
330.000000 360.000000 0.066255
340.000000 360.000000 0.050147
350.000000 360.000000 0.043469
360.000000 360.000000 0.060285
370.000000 360.000000 0.070622
380.000000 360.000000 0.066584
390.000000 360.000000 0.075249
400.000000 360.000000 0.104681
410.000000 360.000000 0.120668
420.000000 360.000000 0.119109
430.000000 360.000000 0.107037
440.000000 360.000000 0.104362
450.000000 360.000000 0.119921
460.000000 360.000000 0.149200
470.000000 360.000000 0.204903
480.000000 360.000000 0.318324
490.000000 360.000000 0.448482
500.000000 360.000000 0.448482
0.000000 370.000000 0.651608
10.000000 370.000000 0.651608
20.000000 370.000000 0.532864
30.000000 370.000000 0.369772
40.000000 370.000000 0.225528
50.000000 370.000000 0.158905
60.000000 370.000000 0.121264
70.000000 370.000000 0.094359
80.000000 370.000000 0.077040
90.000000 370.000000 0.065738
100.000000 370.000000 0.059778
110.000000 370.000000 0.063121
120.000000 370.000000 0.071620
130.000000 370.000000 0.074482
140.000000 370.000000 0.071789
150.000000 370.000000 0.064980
160.000000 370.000000 0.053533
170.000000 370.000000 0.041852
180.000000 370.000000 0.030023
190.000000 370.000000 0.032118
200.000000 370.000000 0.045911
210.000000 370.000000 0.039460
220.000000 370.000000 0.035964
230.000000 370.000000 0.049060
240.000000 370.000000 0.063629
250.000000 370.000000 0.067633
260.000000 370.000000 0.073734
270.000000 370.000000 0.078584
280.000000 370.000000 0.078931
290.000000 370.000000 0.073931
300.000000 370.000000 0.063102
310.000000 370.000000 0.044943
320.000000 370.000000 0.037093
330.000000 370.000000 0.046402
340.000000 370.000000 0.041207
350.000000 370.000000 0.035113
360.000000 370.000000 0.049348
370.000000 370.000000 0.060851
380.000000 370.000000 0.051269
390.000000 370.000000 0.060481
400.000000 370.000000 0.098114
410.000000 370.000000 0.114453
420.000000 370.000000 0.114760
430.000000 370.000000 0.110199
440.000000 370.000000 0.121694
450.000000 370.000000 0.155102
460.000000 370.000000 0.215819
470.000000 370.000000 0.320433
480.000000 370.000000 0.468936
490.000000 370.000000 0.589778
500.000000 370.000000 0.589778
0.000000 380.000000 0.749305
10.000000 380.000000 0.749305
20.000000 380.000000 0.640444
30.000000 380.000000 0.413622
40.000000 380.000000 0.217957
50.000000 380.000000 0.170209
60.000000 380.000000 0.144560
70.000000 380.000000 0.112324
80.000000 380.000000 0.081027
90.000000 380.000000 0.058734
100.000000 380.000000 0.062798
110.000000 380.000000 0.073162
120.000000 380.000000 0.080132
130.000000 380.000000 0.080442
140.000000 380.000000 0.075557
150.000000 380.000000 0.066302
160.000000 380.000000 0.052502
170.000000 380.000000 0.042168
180.000000 380.000000 0.038012
190.000000 380.000000 0.042280
200.000000 380.000000 0.046771
210.000000 380.000000 0.034417
220.000000 380.000000 0.038521
230.000000 380.000000 0.056208
240.000000 380.000000 0.059456
250.000000 380.000000 0.056687
260.000000 380.000000 0.064182
270.000000 380.000000 0.072118
280.000000 380.000000 0.070412
290.000000 380.000000 0.059583
300.000000 380.000000 0.040253
310.000000 380.000000 0.028493
320.000000 380.000000 0.026653
330.000000 380.000000 0.038499
340.000000 380.000000 0.044625
350.000000 380.000000 0.037284
360.000000 380.000000 0.042767
370.000000 380.000000 0.059027
380.000000 380.000000 0.060558
390.000000 380.000000 0.069901
400.000000 380.000000 0.093622
410.000000 380.000000 0.103282
420.000000 380.000000 0.100792
430.000000 380.000000 0.096719
440.000000 380.000000 0.125196
450.000000 380.000000 0.183315
460.000000 380.000000 0.281977
470.000000 380.000000 0.434706
480.000000 380.000000 0.606208
490.000000 380.000000 0.711055
500.000000 380.000000 0.711055
0.000000 390.000000 0.828709
10.000000 390.000000 0.828709
20.000000 390.000000 0.740532
30.000000 390.000000 0.533638
40.000000 390.000000 0.318451
50.000000 390.000000 0.246078
60.000000 390.000000 0.186423
70.000000 390.000000 0.132932
80.000000 390.000000 0.079876
90.000000 390.000000 0.051536
100.000000 390.000000 0.060110
110.000000 390.000000 0.076857
120.000000 390.000000 0.081580
130.000000 390.000000 0.078207
140.000000 390.000000 0.071030
150.000000 390.000000 0.059818
160.000000 390.000000 0.038660
170.000000 390.000000 0.029657
180.000000 390.000000 0.029187
190.000000 390.000000 0.036615
200.000000 390.000000 0.047324
210.000000 390.000000 0.041087
220.000000 390.000000 0.049836
230.000000 390.000000 0.064753
240.000000 390.000000 0.062098
250.000000 390.000000 0.055624
260.000000 390.000000 0.061201
270.000000 390.000000 0.068176
280.000000 390.000000 0.064692
290.000000 390.000000 0.047896
300.000000 390.000000 0.031031
310.000000 390.000000 0.028288
320.000000 390.000000 0.026851
330.000000 390.000000 0.034555
340.000000 390.000000 0.049263
350.000000 390.000000 0.040253
360.000000 390.000000 0.035934
370.000000 390.000000 0.052121
380.000000 390.000000 0.065445
390.000000 390.000000 0.074879
400.000000 390.000000 0.086173
410.000000 390.000000 0.092773
420.000000 390.000000 0.083280
430.000000 390.000000 0.071190
440.000000 390.000000 0.113067
450.000000 390.000000 0.214895
460.000000 390.000000 0.372533
470.000000 390.000000 0.563323
480.000000 390.000000 0.723979
490.000000 390.000000 0.808078
500.000000 390.000000 0.808078
0.000000 400.000000 0.891094
10.000000 400.000000 0.891094
20.000000 400.000000 0.831942
30.000000 400.000000 0.707143
40.000000 400.000000 0.537482
50.000000 400.000000 0.370835
60.000000 400.000000 0.234685
70.000000 400.000000 0.155745
80.000000 400.000000 0.102227
90.000000 400.000000 0.070943
100.000000 400.000000 0.073805
110.000000 400.000000 0.080937
120.000000 400.000000 0.079640
130.000000 400.000000 0.071946
140.000000 400.000000 0.063152
150.000000 400.000000 0.052691
160.000000 400.000000 0.031347
170.000000 400.000000 0.021984
180.000000 400.000000 0.020418
190.000000 400.000000 0.027207
200.000000 400.000000 0.045995
210.000000 400.000000 0.055994
220.000000 400.000000 0.064328
230.000000 400.000000 0.069255
240.000000 400.000000 0.063503
250.000000 400.000000 0.056759
260.000000 400.000000 0.061938
270.000000 400.000000 0.068225
280.000000 400.000000 0.063301
290.000000 400.000000 0.041090
300.000000 400.000000 0.035649
310.000000 400.000000 0.042444
320.000000 400.000000 0.034778
330.000000 400.000000 0.038306
340.000000 400.000000 0.050702
350.000000 400.000000 0.042182
360.000000 400.000000 0.033237
370.000000 400.000000 0.044540
380.000000 400.000000 0.060051
390.000000 400.000000 0.068219
400.000000 400.000000 0.077022
410.000000 400.000000 0.088087
420.000000 400.000000 0.089991
430.000000 400.000000 0.084422
440.000000 400.000000 0.143014
450.000000 400.000000 0.287699
460.000000 400.000000 0.485214
470.000000 400.000000 0.685905
480.000000 400.000000 0.818263
490.000000 400.000000 0.880110
500.000000 400.000000 0.880110
0.000000 410.000000 0.935189
10.000000 410.000000 0.935189
20.000000 410.000000 0.896346
30.000000 410.000000 0.810689
40.000000 410.000000 0.668670
50.000000 410.000000 0.471456
60.000000 410.000000 0.294697
70.000000 410.000000 0.172502
80.000000 410.000000 0.115072
90.000000 410.000000 0.093201
100.000000 410.000000 0.084067
110.000000 410.000000 0.083063
120.000000 410.000000 0.077450
130.000000 410.000000 0.067904
140.000000 410.000000 0.059524
150.000000 410.000000 0.052358
160.000000 410.000000 0.038906
170.000000 410.000000 0.026536
180.000000 410.000000 0.022884
190.000000 410.000000 0.025893
200.000000 410.000000 0.037748
210.000000 410.000000 0.053733
220.000000 410.000000 0.064208
230.000000 410.000000 0.066403
240.000000 410.000000 0.053023
250.000000 410.000000 0.042495
260.000000 410.000000 0.055120
270.000000 410.000000 0.064905
280.000000 410.000000 0.064371
290.000000 410.000000 0.050320
300.000000 410.000000 0.045795
310.000000 410.000000 0.045966
320.000000 410.000000 0.039175
330.000000 410.000000 0.042353
340.000000 410.000000 0.050475
350.000000 410.000000 0.047786
360.000000 410.000000 0.041697
370.000000 410.000000 0.048202
380.000000 410.000000 0.056206
390.000000 410.000000 0.061985
400.000000 410.000000 0.064932
410.000000 410.000000 0.081981
420.000000 410.000000 0.107907
430.000000 410.000000 0.124735
440.000000 410.000000 0.213154
450.000000 410.000000 0.435547
460.000000 410.000000 0.641094
470.000000 410.000000 0.795903
480.000000 410.000000 0.888189
490.000000 410.000000 0.929420
500.000000 410.000000 0.929420
0.000000 420.000000 0.964028
10.000000 420.000000 0.964028
20.000000 420.000000 0.940069
30.000000 420.000000 0.884486
40.000000 420.000000 0.782793
50.000000 420.000000 0.621133
60.000000 420.000000 0.431803
70.000000 420.000000 0.229412
80.000000 420.000000 0.137710
90.000000 420.000000 0.096384
100.000000 420.000000 0.082269
110.000000 420.000000 0.082105
120.000000 420.000000 0.075890
130.000000 420.000000 0.068209
140.000000 420.000000 0.061656
150.000000 420.000000 0.054457
160.000000 420.000000 0.039535
170.000000 420.000000 0.031276
180.000000 420.000000 0.033801
190.000000 420.000000 0.033006
200.000000 420.000000 0.036482
210.000000 420.000000 0.048976
220.000000 420.000000 0.060108
230.000000 420.000000 0.063354
240.000000 420.000000 0.049081
250.000000 420.000000 0.038394
260.000000 420.000000 0.048187
270.000000 420.000000 0.051209
280.000000 420.000000 0.050719
290.000000 420.000000 0.049057
300.000000 420.000000 0.040775
310.000000 420.000000 0.036232
320.000000 420.000000 0.033547
330.000000 420.000000 0.042351
340.000000 420.000000 0.046788
350.000000 420.000000 0.038851
360.000000 420.000000 0.037513
370.000000 420.000000 0.042997
380.000000 420.000000 0.052895
390.000000 420.000000 0.062629
400.000000 420.000000 0.055685
410.000000 420.000000 0.073960
420.000000 420.000000 0.125687
430.000000 420.000000 0.206362
440.000000 420.000000 0.372377
450.000000 420.000000 0.609212
460.000000 420.000000 0.770085
470.000000 420.000000 0.875291
480.000000 420.000000 0.934760
490.000000 420.000000 0.960586
500.000000 420.000000 0.960586
0.000000 430.000000 0.981357
10.000000 430.000000 0.981357
20.000000 430.000000 0.967693
30.000000 430.000000 0.934900
40.000000 430.000000 0.872366
50.000000 430.000000 0.767851
60.000000 430.000000 0.621544
70.000000 430.000000 0.419465
80.000000 430.000000 0.258770
90.000000 430.000000 0.137648
100.000000 430.000000 0.097502
110.000000 430.000000 0.091179
120.000000 430.000000 0.082197
130.000000 430.000000 0.075511
140.000000 430.000000 0.068408
150.000000 430.000000 0.056577
160.000000 430.000000 0.037783
170.000000 430.000000 0.039742
180.000000 430.000000 0.054063
190.000000 430.000000 0.049720
200.000000 430.000000 0.042684
210.000000 430.000000 0.044264
220.000000 430.000000 0.053221
230.000000 430.000000 0.059188
240.000000 430.000000 0.055477
250.000000 430.000000 0.047600
260.000000 430.000000 0.046608
270.000000 430.000000 0.033836
280.000000 430.000000 0.031793
290.000000 430.000000 0.037076
300.000000 430.000000 0.031876
310.000000 430.000000 0.031744
320.000000 430.000000 0.028542
330.000000 430.000000 0.035246
340.000000 430.000000 0.037565
350.000000 430.000000 0.028849
360.000000 430.000000 0.030232
370.000000 430.000000 0.034411
380.000000 430.000000 0.050354
390.000000 430.000000 0.082526
400.000000 430.000000 0.085692
410.000000 430.000000 0.110558
420.000000 430.000000 0.200508
430.000000 430.000000 0.364016
440.000000 430.000000 0.587167
450.000000 430.000000 0.750334
460.000000 430.000000 0.859681
470.000000 430.000000 0.927189
480.000000 430.000000 0.963674
490.000000 430.000000 0.979035
500.000000 430.000000 0.979035
0.000000 440.000000 0.990903
10.000000 440.000000 0.990903
20.000000 440.000000 0.983602
30.000000 440.000000 0.965500
40.000000 440.000000 0.929533
50.000000 440.000000 0.866151
60.000000 440.000000 0.767641
70.000000 440.000000 0.628810
80.000000 440.000000 0.460858
90.000000 440.000000 0.266700
100.000000 440.000000 0.177508
110.000000 440.000000 0.146391
120.000000 440.000000 0.124301
130.000000 440.000000 0.105106
140.000000 440.000000 0.085701
150.000000 440.000000 0.057318
160.000000 440.000000 0.049184
170.000000 440.000000 0.063732
180.000000 440.000000 0.072226
190.000000 440.000000 0.061306
200.000000 440.000000 0.044550
210.000000 440.000000 0.034172
220.000000 440.000000 0.041922
230.000000 440.000000 0.050385
240.000000 440.000000 0.045869
250.000000 440.000000 0.036784
260.000000 440.000000 0.037676
270.000000 440.000000 0.031729
280.000000 440.000000 0.034334
290.000000 440.000000 0.044577
300.000000 440.000000 0.042368
310.000000 440.000000 0.040031
320.000000 440.000000 0.027106
330.000000 440.000000 0.027905
340.000000 440.000000 0.034481
350.000000 440.000000 0.039830
360.000000 440.000000 0.050715
370.000000 440.000000 0.050638
380.000000 440.000000 0.067271
390.000000 440.000000 0.122021
400.000000 440.000000 0.154744
410.000000 440.000000 0.200979
420.000000 440.000000 0.356967
430.000000 440.000000 0.580803
440.000000 440.000000 0.741127
450.000000 440.000000 0.849190
460.000000 440.000000 0.918772
470.000000 440.000000 0.959634
480.000000 440.000000 0.980761
490.000000 440.000000 0.989375
500.000000 440.000000 0.989375
0.000000 450.000000 0.995779
10.000000 450.000000 0.995779
20.000000 450.000000 0.992088
30.000000 450.000000 0.982644
40.000000 450.000000 0.963067
50.000000 450.000000 0.926647
60.000000 450.000000 0.865238
70.000000 450.000000 0.769952
80.000000 450.000000 0.631480
90.000000 450.000000 0.445076
100.000000 450.000000 0.323363
110.000000 450.000000 0.273739
120.000000 450.000000 0.223218
130.000000 450.000000 0.173399
140.000000 450.000000 0.131031
150.000000 450.000000 0.083539
160.000000 450.000000 0.077050
170.000000 450.000000 0.090536
180.000000 450.000000 0.085126
190.000000 450.000000 0.067496
200.000000 450.000000 0.043654
210.000000 450.000000 0.029515
220.000000 450.000000 0.035175
230.000000 450.000000 0.047428
240.000000 450.000000 0.040155
250.000000 450.000000 0.029210
260.000000 450.000000 0.031179
270.000000 450.000000 0.035897
280.000000 450.000000 0.043440
290.000000 450.000000 0.052575
300.000000 450.000000 0.055906
310.000000 450.000000 0.050972
320.000000 450.000000 0.038013
330.000000 450.000000 0.039106
340.000000 450.000000 0.048647
350.000000 450.000000 0.070216
360.000000 450.000000 0.095553
370.000000 450.000000 0.097018
380.000000 450.000000 0.111512
390.000000 450.000000 0.192769
400.000000 450.000000 0.293343
410.000000 450.000000 0.390704
420.000000 450.000000 0.579024
430.000000 450.000000 0.745224
440.000000 450.000000 0.848433
450.000000 450.000000 0.915074
460.000000 450.000000 0.956046
470.000000 450.000000 0.978992
480.000000 450.000000 0.990380
490.000000 450.000000 0.994890
500.000000 450.000000 0.994890
0.000000 460.000000 0.998122
10.000000 460.000000 0.998122
20.000000 460.000000 0.996352
30.000000 460.000000 0.991699
40.000000 460.000000 0.981708
50.000000 460.000000 0.962315
60.000000 460.000000 0.927834
70.000000 460.000000 0.871096
80.000000 460.000000 0.783733
90.000000 460.000000 0.661680
100.000000 460.000000 0.545908
110.000000 460.000000 0.452383
120.000000 460.000000 0.355181
130.000000 460.000000 0.266973
140.000000 460.000000 0.197370
150.000000 460.000000 0.143268
160.000000 460.000000 0.120116
170.000000 460.000000 0.105516
180.000000 460.000000 0.090419
190.000000 460.000000 0.067593
200.000000 460.000000 0.044853
210.000000 460.000000 0.035123
220.000000 460.000000 0.038165
230.000000 460.000000 0.050897
240.000000 460.000000 0.051822
250.000000 460.000000 0.035108
260.000000 460.000000 0.029114
270.000000 460.000000 0.034573
280.000000 460.000000 0.041346
290.000000 460.000000 0.052844
300.000000 460.000000 0.060045
310.000000 460.000000 0.060620
320.000000 460.000000 0.057176
330.000000 460.000000 0.062732
340.000000 460.000000 0.079407
350.000000 460.000000 0.116496
360.000000 460.000000 0.167339
370.000000 460.000000 0.199044
380.000000 460.000000 0.238749
390.000000 460.000000 0.364722
400.000000 460.000000 0.495866
410.000000 460.000000 0.635649
420.000000 460.000000 0.764365
430.000000 460.000000 0.857852
440.000000 460.000000 0.918191
450.000000 460.000000 0.955875
460.000000 460.000000 0.977980
470.000000 460.000000 0.989824
480.000000 460.000000 0.995494
490.000000 460.000000 0.997682
500.000000 460.000000 0.997682
0.000000 470.000000 0.999194
10.000000 470.000000 0.999194
20.000000 470.000000 0.998386
30.000000 470.000000 0.996217
40.000000 470.000000 0.991431
50.000000 470.000000 0.981832
60.000000 470.000000 0.964068
70.000000 470.000000 0.933451
80.000000 470.000000 0.884036
90.000000 470.000000 0.810851
100.000000 470.000000 0.719768
110.000000 470.000000 0.615468
120.000000 470.000000 0.496744
130.000000 470.000000 0.376956
140.000000 470.000000 0.257613
150.000000 470.000000 0.155881
160.000000 470.000000 0.125466
170.000000 470.000000 0.097420
180.000000 470.000000 0.089794
190.000000 470.000000 0.071526
200.000000 470.000000 0.054406
210.000000 470.000000 0.052268
220.000000 470.000000 0.052512
230.000000 470.000000 0.061521
240.000000 470.000000 0.062870
250.000000 470.000000 0.047398
260.000000 470.000000 0.036320
270.000000 470.000000 0.033810
280.000000 470.000000 0.035139
290.000000 470.000000 0.052071
300.000000 470.000000 0.066939
310.000000 470.000000 0.078062
320.000000 470.000000 0.084732
330.000000 470.000000 0.096492
340.000000 470.000000 0.116513
350.000000 470.000000 0.173299
360.000000 470.000000 0.274076
370.000000 470.000000 0.358767
380.000000 470.000000 0.454431
390.000000 470.000000 0.577300
400.000000 470.000000 0.690973
410.000000 470.000000 0.794392
420.000000 470.000000 0.873421
430.000000 470.000000 0.926198
440.000000 470.000000 0.959155
450.000000 470.000000 0.978801
460.000000 470.000000 0.989776
470.000000 470.000000 0.995414
480.000000 470.000000 0.998025
490.000000 470.000000 0.999010
500.000000 470.000000 0.999010
0.000000 480.000000 0.999656
10.000000 480.000000 0.999656
20.000000 480.000000 0.999295
30.000000 480.000000 0.998309
40.000000 480.000000 0.996081
50.000000 480.000000 0.991477
60.000000 480.000000 0.982608
70.000000 480.000000 0.966517
80.000000 480.000000 0.938880
90.000000 480.000000 0.894451
100.000000 480.000000 0.829524
110.000000 480.000000 0.741973
120.000000 480.000000 0.632150
130.000000 480.000000 0.505511
140.000000 480.000000 0.346238
150.000000 480.000000 0.203353
160.000000 480.000000 0.151979
170.000000 480.000000 0.114659
180.000000 480.000000 0.105911
190.000000 480.000000 0.093253
200.000000 480.000000 0.082606
210.000000 480.000000 0.082150
220.000000 480.000000 0.078896
230.000000 480.000000 0.075784
240.000000 480.000000 0.071679
250.000000 480.000000 0.066807
260.000000 480.000000 0.062115
270.000000 480.000000 0.053733
280.000000 480.000000 0.050766
290.000000 480.000000 0.065852
300.000000 480.000000 0.083333
310.000000 480.000000 0.103940
320.000000 480.000000 0.121849
330.000000 480.000000 0.143034
340.000000 480.000000 0.166549
350.000000 480.000000 0.243194
360.000000 480.000000 0.396128
370.000000 480.000000 0.519282
380.000000 480.000000 0.628056
390.000000 480.000000 0.733349
400.000000 480.000000 0.820024
410.000000 480.000000 0.887170
420.000000 480.000000 0.933629
430.000000 480.000000 0.962952
440.000000 480.000000 0.980388
450.000000 480.000000 0.990230
460.000000 480.000000 0.995450
470.000000 480.000000 0.998017
480.000000 480.000000 0.999168
490.000000 480.000000 0.999592
500.000000 480.000000 0.999592
0.000000 490.000000 0.999826
10.000000 490.000000 0.999826
20.000000 490.000000 0.999636
30.000000 490.000000 0.999110
40.000000 490.000000 0.997899
50.000000 490.000000 0.995322
60.000000 490.000000 0.990162
70.000000 490.000000 0.980321
80.000000 490.000000 0.962410
90.000000 490.000000 0.931657
100.000000 490.000000 0.882883
110.000000 490.000000 0.812130
120.000000 490.000000 0.718789
130.000000 490.000000 0.607253
140.000000 490.000000 0.480245
150.000000 490.000000 0.346995
160.000000 490.000000 0.273720
170.000000 490.000000 0.196670
180.000000 490.000000 0.164226
190.000000 490.000000 0.125614
200.000000 490.000000 0.105714
210.000000 490.000000 0.097763
220.000000 490.000000 0.089516
230.000000 490.000000 0.081945
240.000000 490.000000 0.077098
250.000000 490.000000 0.075748
260.000000 490.000000 0.076034
270.000000 490.000000 0.076270
280.000000 490.000000 0.078734
290.000000 490.000000 0.086315
300.000000 490.000000 0.103330
310.000000 490.000000 0.127944
320.000000 490.000000 0.155357
330.000000 490.000000 0.192487
340.000000 490.000000 0.241740
350.000000 490.000000 0.338750
360.000000 490.000000 0.495471
370.000000 490.000000 0.621004
380.000000 490.000000 0.724581
390.000000 490.000000 0.812738
400.000000 490.000000 0.880408
410.000000 490.000000 0.928423
420.000000 490.000000 0.959639
430.000000 490.000000 0.978434
440.000000 490.000000 0.989076
450.000000 490.000000 0.994775
460.000000 490.000000 0.997649
470.000000 490.000000 0.999004
480.000000 490.000000 0.999592
490.000000 490.000000 0.999804
500.000000 490.000000 0.999804
0.000000 500.000000 0.999826
10.000000 500.000000 0.999826
20.000000 500.000000 0.999636
30.000000 500.000000 0.999110
40.000000 500.000000 0.997899
50.000000 500.000000 0.995322
60.000000 500.000000 0.990162
70.000000 500.000000 0.980321
80.000000 500.000000 0.962410
90.000000 500.000000 0.931657
100.000000 500.000000 0.882883
110.000000 500.000000 0.812130
120.000000 500.000000 0.718789
130.000000 500.000000 0.607253
140.000000 500.000000 0.480245
150.000000 500.000000 0.346995
160.000000 500.000000 0.273720
170.000000 500.000000 0.196670
180.000000 500.000000 0.164226
190.000000 500.000000 0.125614
200.000000 500.000000 0.105714
210.000000 500.000000 0.097763
220.000000 500.000000 0.089516
230.000000 500.000000 0.081945
240.000000 500.000000 0.077098
250.000000 500.000000 0.075748
260.000000 500.000000 0.076034
270.000000 500.000000 0.076270
280.000000 500.000000 0.078734
290.000000 500.000000 0.086315
300.000000 500.000000 0.103330
310.000000 500.000000 0.127944
320.000000 500.000000 0.155357
330.000000 500.000000 0.192487
340.000000 500.000000 0.241740
350.000000 500.000000 0.338750
360.000000 500.000000 0.495471
370.000000 500.000000 0.621004
380.000000 500.000000 0.724581
390.000000 500.000000 0.812738
400.000000 500.000000 0.880408
410.000000 500.000000 0.928423
420.000000 500.000000 0.959639
430.000000 500.000000 0.978434
440.000000 500.000000 0.989076
450.000000 500.000000 0.994775
460.000000 500.000000 0.997649
470.000000 500.000000 0.999004
480.000000 500.000000 0.999592
490.000000 500.000000 0.999804
500.000000 500.000000 0.999804
