# 500.000000 500.000000
# 51 51
# 0 28 
0.000000 0.000000 1.000000
10.000000 0.000000 1.000000
20.000000 0.000000 0.999999
30.000000 0.000000 0.999995
40.000000 0.000000 0.999980
50.000000 0.000000 0.999928
60.000000 0.000000 0.999761
70.000000 0.000000 0.999286
80.000000 0.000000 0.998079
90.000000 0.000000 0.995290
100.000000 0.000000 0.988982
110.000000 0.000000 0.974373
120.000000 0.000000 0.943822
130.000000 0.000000 0.891736
140.000000 0.000000 0.829188
150.000000 0.000000 0.734503
160.000000 0.000000 0.546747
170.000000 0.000000 0.397841
180.000000 0.000000 0.272206
190.000000 0.000000 0.232270
200.000000 0.000000 0.247519
210.000000 0.000000 0.258301
220.000000 0.000000 0.269732
230.000000 0.000000 0.290006
240.000000 0.000000 0.483103
250.000000 0.000000 0.755403
260.000000 0.000000 0.828060
270.000000 0.000000 0.668933
280.000000 0.000000 0.358444
290.000000 0.000000 0.294091
300.000000 0.000000 0.312589
310.000000 0.000000 0.363403
320.000000 0.000000 0.382461
330.000000 0.000000 0.519179
340.000000 0.000000 0.590189
350.000000 0.000000 0.654391
360.000000 0.000000 0.740842
370.000000 0.000000 0.840795
380.000000 0.000000 0.905281
390.000000 0.000000 0.948079
400.000000 0.000000 0.976018
410.000000 0.000000 0.990528
420.000000 0.000000 0.996602
430.000000 0.000000 0.998845
440.000000 0.000000 0.999617
450.000000 0.000000 0.999876
460.000000 0.000000 0.999961
470.000000 0.000000 0.999989
480.000000 0.000000 0.999997
490.000000 0.000000 0.999999
500.000000 0.000000 0.999999
0.000000 10.000000 1.000000
10.000000 10.000000 1.000000
20.000000 10.000000 0.999999
30.000000 10.000000 0.999995
40.000000 10.000000 0.999980
50.000000 10.000000 0.999928
60.000000 10.000000 0.999761
70.000000 10.000000 0.999286
80.000000 10.000000 0.998079
90.000000 10.000000 0.995290
100.000000 10.000000 0.988982
110.000000 10.000000 0.974373
120.000000 10.000000 0.943822
130.000000 10.000000 0.891736
140.000000 10.000000 0.829188
150.000000 10.000000 0.734503
160.000000 10.000000 0.546747
170.000000 10.000000 0.397841
180.000000 10.000000 0.272206
190.000000 10.000000 0.232270
200.000000 10.000000 0.247519
210.000000 10.000000 0.258301
220.000000 10.000000 0.269732
230.000000 10.000000 0.290006
240.000000 10.000000 0.483103
250.000000 10.000000 0.755403
260.000000 10.000000 0.828060
270.000000 10.000000 0.668933
280.000000 10.000000 0.358444
290.000000 10.000000 0.294091
300.000000 10.000000 0.312589
310.000000 10.000000 0.363403
320.000000 10.000000 0.382461
330.000000 10.000000 0.519179
340.000000 10.000000 0.590189
350.000000 10.000000 0.654391
360.000000 10.000000 0.740842
370.000000 10.000000 0.840795
380.000000 10.000000 0.905281
390.000000 10.000000 0.948079
400.000000 10.000000 0.976018
410.000000 10.000000 0.990528
420.000000 10.000000 0.996602
430.000000 10.000000 0.998845
440.000000 10.000000 0.999617
450.000000 10.000000 0.999876
460.000000 10.000000 0.999961
470.000000 10.000000 0.999989
480.000000 10.000000 0.999997
490.000000 10.000000 0.999999
500.000000 10.000000 0.999999
0.000000 20.000000 0.999999
10.000000 20.000000 0.999999
20.000000 20.000000 0.999995
30.000000 20.000000 0.999982
40.000000 20.000000 0.999931
50.000000 20.000000 0.999754
60.000000 20.000000 0.999201
70.000000 20.000000 0.997646
80.000000 20.000000 0.993793
90.000000 20.000000 0.985417
100.000000 20.000000 0.968206
110.000000 20.000000 0.930388
120.000000 20.000000 0.854546
130.000000 20.000000 0.739317
140.000000 20.000000 0.648660
150.000000 20.000000 0.526306
160.000000 20.000000 0.377545
170.000000 20.000000 0.282218
180.000000 20.000000 0.220546
190.000000 20.000000 0.217053
200.000000 20.000000 0.203969
210.000000 20.000000 0.210230
220.000000 20.000000 0.226533
230.000000 20.000000 0.282671
240.000000 20.000000 0.440767
250.000000 20.000000 0.707703
260.000000 20.000000 0.818349
270.000000 20.000000 0.656656
280.000000 20.000000 0.370306
290.000000 20.000000 0.322233
300.000000 20.000000 0.286315
310.000000 20.000000 0.274323
320.000000 20.000000 0.287898
330.000000 20.000000 0.368542
340.000000 20.000000 0.437012
350.000000 20.000000 0.435845
360.000000 20.000000 0.496178
370.000000 20.000000 0.699419
380.000000 20.000000 0.812689
390.000000 20.000000 0.891143
400.000000 20.000000 0.948296
410.000000 20.000000 0.978735
420.000000 20.000000 0.991672
430.000000 20.000000 0.996849
440.000000 20.000000 0.998840
450.000000 20.000000 0.999588
460.000000 20.000000 0.999863
470.000000 20.000000 0.999958
480.000000 20.000000 0.999988
490.000000 20.000000 0.999996
500.000000 20.000000 0.999996
0.000000 30.000000 0.999994
10.000000 30.000000 0.999994
20.000000 30.000000 0.999981
30.000000 30.000000 0.999927
40.000000 30.000000 0.999731
50.000000 30.000000 0.999079
60.000000 30.000000 0.997089
70.000000 30.000000 0.991619
80.000000 30.000000 0.978400
90.000000 30.000000 0.951431
100.000000 30.000000 0.902701
110.000000 30.000000 0.806511
120.000000 30.000000 0.649789
130.000000 30.000000 0.492537
140.000000 30.000000 0.376554
150.000000 30.000000 0.315167
160.000000 30.000000 0.265916
170.000000 30.000000 0.219207
180.000000 30.000000 0.189543
190.000000 30.000000 0.185088
200.000000 30.000000 0.184489
210.000000 30.000000 0.202719
220.000000 30.000000 0.209116
230.000000 30.000000 0.275355
240.000000 30.000000 0.401544
250.000000 30.000000 0.661975
260.000000 30.000000 0.798434
270.000000 30.000000 0.628492
280.000000 30.000000 0.442776
290.000000 30.000000 0.483159
300.000000 30.000000 0.422441
310.000000 30.000000 0.298725
320.000000 30.000000 0.291706
330.000000 30.000000 0.334005
340.000000 30.000000 0.390012
350.000000 30.000000 0.351886
360.000000 30.000000 0.332820
370.000000 30.000000 0.458704
380.000000 30.000000 0.622933
390.000000 30.000000 0.757525
400.000000 30.000000 0.878151
410.000000 30.000000 0.946026
420.000000 30.000000 0.975907
430.000000 30.000000 0.989809
440.000000 30.000000 0.995907
450.000000 30.000000 0.998449
460.000000 30.000000 0.999461
470.000000 30.000000 0.999832
480.000000 30.000000 0.999953
490.000000 30.000000 0.999986
500.000000 30.000000 0.999986
0.000000 40.000000 0.999976
10.000000 40.000000 0.999976
20.000000 40.000000 0.999923
30.000000 40.000000 0.999719
40.000000 40.000000 0.999015
50.000000 40.000000 0.996783
60.000000 40.000000 0.990316
70.000000 40.000000 0.973309
80.000000 40.000000 0.933869
90.000000 40.000000 0.860221
100.000000 40.000000 0.747141
110.000000 40.000000 0.568995
120.000000 40.000000 0.398312
130.000000 40.000000 0.298969
140.000000 40.000000 0.242992
150.000000 40.000000 0.222034
160.000000 40.000000 0.206837
170.000000 40.000000 0.187740
180.000000 40.000000 0.177347
190.000000 40.000000 0.182718
200.000000 40.000000 0.189522
210.000000 40.000000 0.195566
220.000000 40.000000 0.209202
230.000000 40.000000 0.272134
240.000000 40.000000 0.424272
250.000000 40.000000 0.650725
260.000000 40.000000 0.735929
270.000000 40.000000 0.740936
280.000000 40.000000 0.643567
290.000000 40.000000 0.697489
300.000000 40.000000 0.594679
310.000000 40.000000 0.370518
320.000000 40.000000 0.410578
330.000000 40.000000 0.493231
340.000000 40.000000 0.512783
350.000000 40.000000 0.370091
360.000000 40.000000 0.296466
370.000000 40.000000 0.299883
380.000000 40.000000 0.395667
390.000000 40.000000 0.516061
400.000000 40.000000 0.726115
410.000000 40.000000 0.865372
420.000000 40.000000 0.930049
430.000000 40.000000 0.967831
440.000000 40.000000 0.986315
450.000000 40.000000 0.994571
460.000000 40.000000 0.998060
470.000000 40.000000 0.999388
480.000000 40.000000 0.999828
490.000000 40.000000 0.999949
500.000000 40.000000 0.999949
0.000000 50.000000 0.999906
10.000000 50.000000 0.999906
20.000000 50.000000 0.999708
30.000000 50.000000 0.998977
40.000000 50.000000 0.996613
50.000000 50.000000 0.989610
60.000000 50.000000 0.970870
70.000000 50.000000 0.925406
80.000000 50.000000 0.825324
90.000000 50.000000 0.667602
100.000000 50.000000 0.481005
110.000000 50.000000 0.350403
120.000000 50.000000 0.270564
130.000000 50.000000 0.226971
140.000000 50.000000 0.195282
150.000000 50.000000 0.186259
160.000000 50.000000 0.182830
170.000000 50.000000 0.177966
180.000000 50.000000 0.182964
190.000000 50.000000 0.198928
200.000000 50.000000 0.225366
210.000000 50.000000 0.238450
220.000000 50.000000 0.236723
230.000000 50.000000 0.266601
240.000000 50.000000 0.328067
250.000000 50.000000 0.422723
260.000000 50.000000 0.527719
270.000000 50.000000 0.713454
280.000000 50.000000 0.812508
290.000000 50.000000 0.821560
300.000000 50.000000 0.651489
310.000000 50.000000 0.435788
320.000000 50.000000 0.527533
330.000000 50.000000 0.716808
340.000000 50.000000 0.683017
350.000000 50.000000 0.463912
360.000000 50.000000 0.358098
370.000000 50.000000 0.268363
380.000000 50.000000 0.276579
390.000000 50.000000 0.362601
400.000000 50.000000 0.551759
410.000000 50.000000 0.703854
420.000000 50.000000 0.813000
430.000000 50.000000 0.907974
440.000000 50.000000 0.959228
450.000000 50.000000 0.983174
460.000000 50.000000 0.993847
470.000000 50.000000 0.998045
480.000000 50.000000 0.999453
490.000000 50.000000 0.999838
500.000000 50.000000 0.999838
0.000000 60.000000 0.999657
10.000000 60.000000 0.999657
20.000000 60.000000 0.998965
30.000000 60.000000 0.996534
40.000000 60.000000 0.989177
50.000000 60.000000 0.969121
60.000000 60.000000 0.920544
70.000000 60.000000 0.817978
80.000000 60.000000 0.610905
90.000000 60.000000 0.416509
100.000000 60.000000 0.321733
110.000000 60.000000 0.263630
120.000000 60.000000 0.226216
130.000000 60.000000 0.199356
140.000000 60.000000 0.180629
150.000000 60.000000 0.167905
160.000000 60.000000 0.169953
170.000000 60.000000 0.177583
180.000000 60.000000 0.194882
190.000000 60.000000 0.226744
200.000000 60.000000 0.272380
210.000000 60.000000 0.331989
220.000000 60.000000 0.303721
230.000000 60.000000 0.307317
240.000000 60.000000 0.297354
250.000000 60.000000 0.320212
260.000000 60.000000 0.410347
270.000000 60.000000 0.519796
280.000000 60.000000 0.700726
290.000000 60.000000 0.821333
300.000000 60.000000 0.702374
310.000000 60.000000 0.504303
320.000000 60.000000 0.570892
330.000000 60.000000 0.788644
340.000000 60.000000 0.804954
350.000000 60.000000 0.606748
360.000000 60.000000 0.385506
370.000000 60.000000 0.263720
380.000000 60.000000 0.236316
390.000000 60.000000 0.259770
400.000000 60.000000 0.347735
410.000000 60.000000 0.481937
420.000000 60.000000 0.596799
430.000000 60.000000 0.777808
440.000000 60.000000 0.897293
450.000000 60.000000 0.955713
460.000000 60.000000 0.983427
470.000000 60.000000 0.994700
480.000000 60.000000 0.998520
490.000000 60.000000 0.999565
500.000000 60.000000 0.999565
0.000000 70.000000 0.998862
10.000000 70.000000 0.998862
20.000000 70.000000 0.996662
30.000000 70.000000 0.989316
40.000000 70.000000 0.968762
50.000000 70.000000 0.917680
60.000000 70.000000 0.799113
70.000000 70.000000 0.622249
80.000000 70.000000 0.442403
90.000000 70.000000 0.298204
100.000000 70.000000 0.257543
110.000000 70.000000 0.241756
120.000000 70.000000 0.224346
130.000000 70.000000 0.215203
140.000000 70.000000 0.174326
150.000000 70.000000 0.161159
160.000000 70.000000 0.162001
170.000000 70.000000 0.173448
180.000000 70.000000 0.192638
190.000000 70.000000 0.226667
200.000000 70.000000 0.269350
210.000000 70.000000 0.311914
220.000000 70.000000 0.346574
230.000000 70.000000 0.402583
240.000000 70.000000 0.351911
250.000000 70.000000 0.283572
260.000000 70.000000 0.313201
270.000000 70.000000 0.367868
280.000000 70.000000 0.557672
290.000000 70.000000 0.683962
300.000000 70.000000 0.582729
310.000000 70.000000 0.484411
320.000000 70.000000 0.487686
330.000000 70.000000 0.697617
340.000000 70.000000 0.727901
350.000000 70.000000 0.573992
360.000000 70.000000 0.344781
370.000000 70.000000 0.271159
380.000000 70.000000 0.233974
390.000000 70.000000 0.228153
400.000000 70.000000 0.263008
410.000000 70.000000 0.328653
420.000000 70.000000 0.407597
430.000000 70.000000 0.603739
440.000000 70.000000 0.791560
450.000000 70.000000 0.905249
460.000000 70.000000 0.963685
470.000000 70.000000 0.988248
480.000000 70.000000 0.996694
490.000000 70.000000 0.999022
500.000000 70.000000 0.999022
0.000000 80.000000 0.996670
10.000000 80.000000 0.996670
20.000000 80.000000 0.990484
30.000000 80.000000 0.971056
40.000000 80.000000 0.922078
50.000000 80.000000 0.814907
60.000000 80.000000 0.581904
70.000000 80.000000 0.384090
80.000000 80.000000 0.285202
90.000000 80.000000 0.239823
100.000000 80.000000 0.247870
110.000000 80.000000 0.244660
120.000000 80.000000 0.224058
130.000000 80.000000 0.200482
140.000000 80.000000 0.172381
150.000000 80.000000 0.155912
160.000000 80.000000 0.157552
170.000000 80.000000 0.166836
180.000000 80.000000 0.177593
190.000000 80.000000 0.199926
200.000000 80.000000 0.223375
210.000000 80.000000 0.270066
220.000000 80.000000 0.348873
230.000000 80.000000 0.430925
240.000000 80.000000 0.335237
250.000000 80.000000 0.283354
260.000000 80.000000 0.326981
270.000000 80.000000 0.305989
280.000000 80.000000 0.401675
290.000000 80.000000 0.484827
300.000000 80.000000 0.404691
310.000000 80.000000 0.379191
320.000000 80.000000 0.366497
330.000000 80.000000 0.482562
340.000000 80.000000 0.508802
350.000000 80.000000 0.437356
360.000000 80.000000 0.300598
370.000000 80.000000 0.248123
380.000000 80.000000 0.225407
390.000000 80.000000 0.225784
400.000000 80.000000 0.221747
410.000000 80.000000 0.233039
420.000000 80.000000 0.282341
430.000000 80.000000 0.416847
440.000000 80.000000 0.641145
450.000000 80.000000 0.841815
460.000000 80.000000 0.937749
470.000000 80.000000 0.979109
480.000000 80.000000 0.993917
490.000000 80.000000 0.998138
500.000000 80.000000 0.998138
0.000000 90.000000 0.991581
10.000000 90.000000 0.991581
20.000000 90.000000 0.976660
30.000000 90.000000 0.933212
40.000000 90.000000 0.839503
50.000000 90.000000 0.679006
60.000000 90.000000 0.436727
70.000000 90.000000 0.281680
80.000000 90.000000 0.230766
90.000000 90.000000 0.223337
100.000000 90.000000 0.245354
110.000000 90.000000 0.258728
120.000000 90.000000 0.224707
130.000000 90.000000 0.189194
140.000000 90.000000 0.169382
150.000000 90.000000 0.161617
160.000000 90.000000 0.161112
170.000000 90.000000 0.167803
180.000000 90.000000 0.165622
190.000000 90.000000 0.174982
200.000000 90.000000 0.199319
210.000000 90.000000 0.251015
220.000000 90.000000 0.330276
230.000000 90.000000 0.373337
240.000000 90.000000 0.296796
250.000000 90.000000 0.255473
260.000000 90.000000 0.287513
270.000000 90.000000 0.267402
280.000000 90.000000 0.304363
290.000000 90.000000 0.349515
300.000000 90.000000 0.322424
310.000000 90.000000 0.314064
320.000000 90.000000 0.294919
330.000000 90.000000 0.347780
340.000000 90.000000 0.348722
350.000000 90.000000 0.338768
360.000000 90.000000 0.257947
370.000000 90.000000 0.232510
380.000000 90.000000 0.235369
390.000000 90.000000 0.261603
400.000000 90.000000 0.253401
410.000000 90.000000 0.220948
420.000000 90.000000 0.258515
430.000000 90.000000 0.342569
440.000000 90.000000 0.567382
450.000000 90.000000 0.801426
460.000000 90.000000 0.911197
470.000000 90.000000 0.966813
480.000000 90.000000 0.989650
490.000000 90.000000 0.996656
500.000000 90.000000 0.996656
0.000000 100.000000 0.981736
10.000000 100.000000 0.981736
20.000000 100.000000 0.951196
30.000000 100.000000 0.868783
40.000000 100.000000 0.719097
50.000000 100.000000 0.516898
60.000000 100.000000 0.308841
70.000000 100.000000 0.216725
80.000000 100.000000 0.194821
90.000000 100.000000 0.198971
100.000000 100.000000 0.224034
110.000000 100.000000 0.229922
120.000000 100.000000 0.210372
130.000000 100.000000 0.184043
140.000000 100.000000 0.171133
150.000000 100.000000 0.162824
160.000000 100.000000 0.162895
170.000000 100.000000 0.160111
180.000000 100.000000 0.156707
190.000000 100.000000 0.167989
200.000000 100.000000 0.188919
210.000000 100.000000 0.243646
220.000000 100.000000 0.306196
230.000000 100.000000 0.318500
240.000000 100.000000 0.268836
250.000000 100.000000 0.228295
260.000000 100.000000 0.242420
270.000000 100.000000 0.243348
280.000000 100.000000 0.251398
290.000000 100.000000 0.267069
300.000000 100.000000 0.282936
310.000000 100.000000 0.300890
320.000000 100.000000 0.293005
330.000000 100.000000 0.296640
340.000000 100.000000 0.297246
350.000000 100.000000 0.311364
360.000000 100.000000 0.260774
370.000000 100.000000 0.246744
380.000000 100.000000 0.250521
390.000000 100.000000 0.296769
400.000000 100.000000 0.257221
410.000000 100.000000 0.225698
420.000000 100.000000 0.259506
430.000000 100.000000 0.344286
440.000000 100.000000 0.571479
450.000000 100.000000 0.729310
460.000000 100.000000 0.840505
470.000000 100.000000 0.933625
480.000000 100.000000 0.979647
490.000000 100.000000 0.993535
500.000000 100.000000 0.993535
0.000000 110.000000 0.964914
10.000000 110.000000 0.964914
20.000000 110.000000 0.910598
30.000000 110.000000 0.773823
40.000000 110.000000 0.555725
50.000000 110.000000 0.324438
60.000000 110.000000 0.223468
70.000000 110.000000 0.183813
80.000000 110.000000 0.173002
90.000000 110.000000 0.175616
100.000000 110.000000 0.187834
110.000000 110.000000 0.194433
120.000000 110.000000 0.185041
130.000000 110.000000 0.174890
140.000000 110.000000 0.173282
150.000000 110.000000 0.173606
160.000000 110.000000 0.165790
170.000000 110.000000 0.159937
180.000000 110.000000 0.157283
190.000000 110.000000 0.160198
200.000000 110.000000 0.181316
210.000000 110.000000 0.220343
220.000000 110.000000 0.264578
230.000000 110.000000 0.283990
240.000000 110.000000 0.259487
250.000000 110.000000 0.217191
260.000000 110.000000 0.215069
270.000000 110.000000 0.220152
280.000000 110.000000 0.222309
290.000000 110.000000 0.224880
300.000000 110.000000 0.251151
310.000000 110.000000 0.336895
320.000000 110.000000 0.342399
330.000000 110.000000 0.320958
340.000000 110.000000 0.315050
350.000000 110.000000 0.326490
360.000000 110.000000 0.283595
370.000000 110.000000 0.260784
380.000000 110.000000 0.245489
390.000000 110.000000 0.253109
400.000000 110.000000 0.224681
410.000000 110.000000 0.214595
420.000000 110.000000 0.238687
430.000000 110.000000 0.287313
440.000000 110.000000 0.371609
450.000000 110.000000 0.471039
460.000000 110.000000 0.604718
470.000000 110.000000 0.825878
480.000000 110.000000 0.958081
490.000000 110.000000 0.988173
500.000000 110.000000 0.988173
0.000000 120.000000 0.936311
10.000000 120.000000 0.936311
20.000000 120.000000 0.847645
30.000000 120.000000 0.644662
40.000000 120.000000 0.393077
50.000000 120.000000 0.241998
60.000000 120.000000 0.191308
70.000000 120.000000 0.176298
80.000000 120.000000 0.169438
90.000000 120.000000 0.174847
100.000000 120.000000 0.186025
110.000000 120.000000 0.179469
120.000000 120.000000 0.173207
130.000000 120.000000 0.167829
140.000000 120.000000 0.176568
150.000000 120.000000 0.179514
160.000000 120.000000 0.165229
170.000000 120.000000 0.156207
180.000000 120.000000 0.154381
190.000000 120.000000 0.163216
200.000000 120.000000 0.191884
210.000000 120.000000 0.226287
220.000000 120.000000 0.268205
230.000000 120.000000 0.331253
240.000000 120.000000 0.306380
250.000000 120.000000 0.216899
260.000000 120.000000 0.194335
270.000000 120.000000 0.194367
280.000000 120.000000 0.192771
290.000000 120.000000 0.199475
300.000000 120.000000 0.215028
310.000000 120.000000 0.276178
320.000000 120.000000 0.279034
330.000000 120.000000 0.263615
340.000000 120.000000 0.293037
350.000000 120.000000 0.329112
360.000000 120.000000 0.296249
370.000000 120.000000 0.252768
380.000000 120.000000 0.218890
390.000000 120.000000 0.210835
400.000000 120.000000 0.191272
410.000000 120.000000 0.191219
420.000000 120.000000 0.208379
430.000000 120.000000 0.234190
440.000000 120.000000 0.272760
450.000000 120.000000 0.339220
460.000000 120.000000 0.466085
470.000000 120.000000 0.739130
480.000000 120.000000 0.940725
490.000000 120.000000 0.983678
500.000000 120.000000 0.983678
0.000000 130.000000 0.890921
10.000000 130.000000 0.890921
20.000000 130.000000 0.758974
30.000000 130.000000 0.513138
40.000000 130.000000 0.285458
50.000000 130.000000 0.207662
60.000000 130.000000 0.175563
70.000000 130.000000 0.175530
80.000000 130.000000 0.174590
90.000000 130.000000 0.175045
100.000000 130.000000 0.177700
110.000000 130.000000 0.170415
120.000000 130.000000 0.170306
130.000000 130.000000 0.168128
140.000000 130.000000 0.169932
150.000000 130.000000 0.170457
160.000000 130.000000 0.158147
170.000000 130.000000 0.154954
180.000000 130.000000 0.154086
190.000000 130.000000 0.164386
200.000000 130.000000 0.197875
210.000000 130.000000 0.257348
220.000000 130.000000 0.291771
230.000000 130.000000 0.323664
240.000000 130.000000 0.280147
250.000000 130.000000 0.207186
260.000000 130.000000 0.198965
270.000000 130.000000 0.187079
280.000000 130.000000 0.179178
290.000000 130.000000 0.192609
300.000000 130.000000 0.196093
310.000000 130.000000 0.211744
320.000000 130.000000 0.212656
330.000000 130.000000 0.214864
340.000000 130.000000 0.246702
350.000000 130.000000 0.291162
360.000000 130.000000 0.290072
370.000000 130.000000 0.253081
380.000000 130.000000 0.193723
390.000000 130.000000 0.185519
400.000000 130.000000 0.170885
410.000000 130.000000 0.177372
420.000000 130.000000 0.200164
430.000000 130.000000 0.214892
440.000000 130.000000 0.259145
450.000000 130.000000 0.314897
460.000000 130.000000 0.452799
470.000000 130.000000 0.774872
480.000000 130.000000 0.939660
490.000000 130.000000 0.981412
500.000000 130.000000 0.981412
0.000000 140.000000 0.826758
10.000000 140.000000 0.826758
20.000000 140.000000 0.627532
30.000000 140.000000 0.375136
40.000000 140.000000 0.232581
50.000000 140.000000 0.187171
60.000000 140.000000 0.164234
70.000000 140.000000 0.168606
80.000000 140.000000 0.166573
90.000000 140.000000 0.170097
100.000000 140.000000 0.169959
110.000000 140.000000 0.166571
120.000000 140.000000 0.171289
130.000000 140.000000 0.169362
140.000000 140.000000 0.163355
150.000000 140.000000 0.159861
160.000000 140.000000 0.150991
170.000000 140.000000 0.146621
180.000000 140.000000 0.149210
190.000000 140.000000 0.157408
200.000000 140.000000 0.192386
210.000000 140.000000 0.268222
220.000000 140.000000 0.277607
230.000000 140.000000 0.278333
240.000000 140.000000 0.227696
250.000000 140.000000 0.193787
260.000000 140.000000 0.184934
270.000000 140.000000 0.171070
280.000000 140.000000 0.166823
290.000000 140.000000 0.179160
300.000000 140.000000 0.189732
310.000000 140.000000 0.200190
320.000000 140.000000 0.196271
330.000000 140.000000 0.209834
340.000000 140.000000 0.232165
350.000000 140.000000 0.260552
360.000000 140.000000 0.249081
370.000000 140.000000 0.204980
380.000000 140.000000 0.176688
390.000000 140.000000 0.166972
400.000000 140.000000 0.163610
410.000000 140.000000 0.167419
420.000000 140.000000 0.180465
430.000000 140.000000 0.204121
440.000000 140.000000 0.241736
450.000000 140.000000 0.288124
460.000000 140.000000 0.432958
470.000000 140.000000 0.754128
480.000000 140.000000 0.931477
490.000000 140.000000 0.977900
500.000000 140.000000 0.977900
0.000000 150.000000 0.738489
10.000000 150.000000 0.738489
20.000000 150.000000 0.510268
30.000000 150.000000 0.297704
40.000000 150.000000 0.210270
50.000000 150.000000 0.180685
60.000000 150.000000 0.162239
70.000000 150.000000 0.154822
80.000000 150.000000 0.153790
90.000000 150.000000 0.158137
100.000000 150.000000 0.158676
110.000000 150.000000 0.167115
120.000000 150.000000 0.173451
130.000000 150.000000 0.165773
140.000000 150.000000 0.160512
150.000000 150.000000 0.151685
160.000000 150.000000 0.144712
170.000000 150.000000 0.143670
180.000000 150.000000 0.143209
190.000000 150.000000 0.149087
200.000000 150.000000 0.168076
210.000000 150.000000 0.196593
220.000000 150.000000 0.218245
230.000000 150.000000 0.227803
240.000000 150.000000 0.190594
250.000000 150.000000 0.173602
260.000000 150.000000 0.167858
270.000000 150.000000 0.166599
280.000000 150.000000 0.168379
290.000000 150.000000 0.170515
300.000000 150.000000 0.191498
310.000000 150.000000 0.202735
320.000000 150.000000 0.212403
330.000000 150.000000 0.219310
340.000000 150.000000 0.244364
350.000000 150.000000 0.264544
360.000000 150.000000 0.240464
370.000000 150.000000 0.199541
380.000000 150.000000 0.163053
390.000000 150.000000 0.162433
400.000000 150.000000 0.160297
410.000000 150.000000 0.169912
420.000000 150.000000 0.176424
430.000000 150.000000 0.198716
440.000000 150.000000 0.232673
450.000000 150.000000 0.278778
460.000000 150.000000 0.408001
470.000000 150.000000 0.706500
480.000000 150.000000 0.915479
490.000000 150.000000 0.972236
500.000000 150.000000 0.972236
0.000000 160.000000 0.616666
10.000000 160.000000 0.616666
20.000000 160.000000 0.383717
30.000000 160.000000 0.261257
40.000000 160.000000 0.202262
50.000000 160.000000 0.178114
60.000000 160.000000 0.165951
70.000000 160.000000 0.150994
80.000000 160.000000 0.148048
90.000000 160.000000 0.150124
100.000000 160.000000 0.156426
110.000000 160.000000 0.159810
120.000000 160.000000 0.170083
130.000000 160.000000 0.159251
140.000000 160.000000 0.153513
150.000000 160.000000 0.145132
160.000000 160.000000 0.140310
170.000000 160.000000 0.142345
180.000000 160.000000 0.138504
190.000000 160.000000 0.144393
200.000000 160.000000 0.150868
210.000000 160.000000 0.170332
220.000000 160.000000 0.186243
230.000000 160.000000 0.185644
240.000000 160.000000 0.171791
250.000000 160.000000 0.169851
260.000000 160.000000 0.165777
270.000000 160.000000 0.165881
280.000000 160.000000 0.162366
290.000000 160.000000 0.163835
300.000000 160.000000 0.175958
310.000000 160.000000 0.196977
320.000000 160.000000 0.217161
330.000000 160.000000 0.239746
340.000000 160.000000 0.229618
350.000000 160.000000 0.219044
360.000000 160.000000 0.198500
370.000000 160.000000 0.174180
380.000000 160.000000 0.160014
390.000000 160.000000 0.159399
400.000000 160.000000 0.163901
410.000000 160.000000 0.167732
420.000000 160.000000 0.181356
430.000000 160.000000 0.212706
440.000000 160.000000 0.253531
450.000000 160.000000 0.300195
460.000000 160.000000 0.399737
470.000000 160.000000 0.660891
480.000000 160.000000 0.881185
490.000000 160.000000 0.958324
500.000000 160.000000 0.958324
0.000000 170.000000 0.500928
10.000000 170.000000 0.500928
20.000000 170.000000 0.322706
30.000000 170.000000 0.233321
40.000000 170.000000 0.198541
50.000000 170.000000 0.176181
60.000000 170.000000 0.161861
70.000000 170.000000 0.154242
80.000000 170.000000 0.143290
90.000000 170.000000 0.141786
100.000000 170.000000 0.147063
110.000000 170.000000 0.155981
120.000000 170.000000 0.162854
130.000000 170.000000 0.160845
140.000000 170.000000 0.151636
150.000000 170.000000 0.145037
160.000000 170.000000 0.142078
170.000000 170.000000 0.139543
180.000000 170.000000 0.137677
190.000000 170.000000 0.139754
200.000000 170.000000 0.143997
210.000000 170.000000 0.157096
220.000000 170.000000 0.169294
230.000000 170.000000 0.170223
240.000000 170.000000 0.172772
250.000000 170.000000 0.172542
260.000000 170.000000 0.167561
270.000000 170.000000 0.164731
280.000000 170.000000 0.158077
290.000000 170.000000 0.159762
300.000000 170.000000 0.173516
310.000000 170.000000 0.191078
320.000000 170.000000 0.223821
330.000000 170.000000 0.231072
340.000000 170.000000 0.210982
350.000000 170.000000 0.193162
360.000000 170.000000 0.184620
370.000000 170.000000 0.182781
380.000000 170.000000 0.164687
390.000000 170.000000 0.169479
400.000000 170.000000 0.170499
410.000000 170.000000 0.180985
420.000000 170.000000 0.194177
430.000000 170.000000 0.230045
440.000000 170.000000 0.288367
450.000000 170.000000 0.311068
460.000000 170.000000 0.377319
470.000000 170.000000 0.535470
480.000000 170.000000 0.714670
490.000000 170.000000 0.901401
500.000000 170.000000 0.901401
0.000000 180.000000 0.367383
10.000000 180.000000 0.367383
20.000000 180.000000 0.272101
30.000000 180.000000 0.216316
40.000000 180.000000 0.188381
50.000000 180.000000 0.167958
60.000000 180.000000 0.161673
70.000000 180.000000 0.157937
80.000000 180.000000 0.157454
90.000000 180.000000 0.147239
100.000000 180.000000 0.147746
110.000000 180.000000 0.158217
120.000000 180.000000 0.163125
130.000000 180.000000 0.157984
140.000000 180.000000 0.149008
150.000000 180.000000 0.142038
160.000000 180.000000 0.141858
170.000000 180.000000 0.137329
180.000000 180.000000 0.137855
190.000000 180.000000 0.141938
200.000000 180.000000 0.147205
210.000000 180.000000 0.160792
220.000000 180.000000 0.163496
230.000000 180.000000 0.161985
240.000000 180.000000 0.161842
250.000000 180.000000 0.168672
260.000000 180.000000 0.167233
270.000000 180.000000 0.169366
280.000000 180.000000 0.159611
290.000000 180.000000 0.161147
300.000000 180.000000 0.173287
310.000000 180.000000 0.199686
320.000000 180.000000 0.229865
330.000000 180.000000 0.242673
340.000000 180.000000 0.203383
350.000000 180.000000 0.188679
360.000000 180.000000 0.175781
370.000000 180.000000 0.174503
380.000000 180.000000 0.173378
390.000000 180.000000 0.176192
400.000000 180.000000 0.181946
410.000000 180.000000 0.182523
420.000000 180.000000 0.195275
430.000000 180.000000 0.243830
440.000000 180.000000 0.309209
450.000000 180.000000 0.351306
460.000000 180.000000 0.393794
470.000000 180.000000 0.459691
480.000000 180.000000 0.603655
490.000000 180.000000 0.826220
500.000000 180.000000 0.826220
0.000000 190.000000 0.305275
10.000000 190.000000 0.305275
20.000000 190.000000 0.246839
30.000000 190.000000 0.207303
40.000000 190.000000 0.179672
50.000000 190.000000 0.165828
60.000000 190.000000 0.161507
70.000000 190.000000 0.160916
80.000000 190.000000 0.171754
90.000000 190.000000 0.160005
100.000000 190.000000 0.149426
110.000000 190.000000 0.154500
120.000000 190.000000 0.179575
130.000000 190.000000 0.158085
140.000000 190.000000 0.141502
150.000000 190.000000 0.140664
160.000000 190.000000 0.134942
170.000000 190.000000 0.136114
180.000000 190.000000 0.146689
190.000000 190.000000 0.150262
200.000000 190.000000 0.157835
210.000000 190.000000 0.155312
220.000000 190.000000 0.158497
230.000000 190.000000 0.156005
240.000000 190.000000 0.158365
250.000000 190.000000 0.165855
260.000000 190.000000 0.173266
270.000000 190.000000 0.168783
280.000000 190.000000 0.164144
290.000000 190.000000 0.173487
300.000000 190.000000 0.194243
310.000000 190.000000 0.226118
320.000000 190.000000 0.256270
330.000000 190.000000 0.261226
340.000000 190.000000 0.234388
350.000000 190.000000 0.206200
360.000000 190.000000 0.188377
370.000000 190.000000 0.187659
380.000000 190.000000 0.193200
390.000000 190.000000 0.196597
400.000000 190.000000 0.194005
410.000000 190.000000 0.192832
420.000000 190.000000 0.211517
430.000000 190.000000 0.244089
440.000000 190.000000 0.286880
450.000000 190.000000 0.314483
460.000000 190.000000 0.358009
470.000000 190.000000 0.414583
480.000000 190.000000 0.491698
490.000000 190.000000 0.692502
500.000000 190.000000 0.692502
0.000000 200.000000 0.260127
10.000000 200.000000 0.260127
20.000000 200.000000 0.218528
30.000000 200.000000 0.190696
40.000000 200.000000 0.176902
50.000000 200.000000 0.163587
60.000000 200.000000 0.167082
70.000000 200.000000 0.158986
80.000000 200.000000 0.156978
90.000000 200.000000 0.145204
100.000000 200.000000 0.143984
110.000000 200.000000 0.150040
120.000000 200.000000 0.154553
130.000000 200.000000 0.146278
140.000000 200.000000 0.139192
150.000000 200.000000 0.139838
160.000000 200.000000 0.140149
170.000000 200.000000 0.145941
180.000000 200.000000 0.157176
190.000000 200.000000 0.167227
200.000000 200.000000 0.169014
210.000000 200.000000 0.173262
220.000000 200.000000 0.167425
230.000000 200.000000 0.167578
240.000000 200.000000 0.163059
250.000000 200.000000 0.167248
260.000000 200.000000 0.166380
270.000000 200.000000 0.162184
280.000000 200.000000 0.168053
290.000000 200.000000 0.180084
300.000000 200.000000 0.204359
310.000000 200.000000 0.250481
320.000000 200.000000 0.310609
330.000000 200.000000 0.323746
340.000000 200.000000 0.273283
350.000000 200.000000 0.231190
360.000000 200.000000 0.211932
370.000000 200.000000 0.218880
380.000000 200.000000 0.237202
390.000000 200.000000 0.238015
400.000000 200.000000 0.229170
410.000000 200.000000 0.234179
420.000000 200.000000 0.258774
430.000000 200.000000 0.273761
440.000000 200.000000 0.268107
450.000000 200.000000 0.276150
460.000000 200.000000 0.325751
470.000000 200.000000 0.406629
480.000000 200.000000 0.408845
490.000000 200.000000 0.518456
500.000000 200.000000 0.518456
0.000000 210.000000 0.246185
10.000000 210.000000 0.246185
20.000000 210.000000 0.205116
30.000000 210.000000 0.180376
40.000000 210.000000 0.171445
50.000000 210.000000 0.168210
60.000000 210.000000 0.169235
70.000000 210.000000 0.165937
80.000000 210.000000 0.158407
90.000000 210.000000 0.147812
100.000000 210.000000 0.143797
110.000000 210.000000 0.147486
120.000000 210.000000 0.142390
130.000000 210.000000 0.139113
140.000000 210.000000 0.144775
150.000000 210.000000 0.136854
160.000000 210.000000 0.140436
170.000000 210.000000 0.148867
180.000000 210.000000 0.169233
190.000000 210.000000 0.182334
200.000000 210.000000 0.195411
210.000000 210.000000 0.199594
220.000000 210.000000 0.199322
230.000000 210.000000 0.170281
240.000000 210.000000 0.161175
250.000000 210.000000 0.161866
260.000000 210.000000 0.164065
270.000000 210.000000 0.164090
280.000000 210.000000 0.170963
290.000000 210.000000 0.180900
300.000000 210.000000 0.202463
310.000000 210.000000 0.250380
320.000000 210.000000 0.355142
330.000000 210.000000 0.395121
340.000000 210.000000 0.326317
350.000000 210.000000 0.272275
360.000000 210.000000 0.258516
370.000000 210.000000 0.267692
380.000000 210.000000 0.280981
390.000000 210.000000 0.310034
400.000000 210.000000 0.341710
410.000000 210.000000 0.334030
420.000000 210.000000 0.377042
430.000000 210.000000 0.415559
440.000000 210.000000 0.299143
450.000000 210.000000 0.278384
460.000000 210.000000 0.349024
470.000000 210.000000 0.454267
480.000000 210.000000 0.366854
490.000000 210.000000 0.349232
500.000000 210.000000 0.349232
0.000000 220.000000 0.221526
10.000000 220.000000 0.221526
20.000000 220.000000 0.191416
30.000000 220.000000 0.173458
40.000000 220.000000 0.167215
50.000000 220.000000 0.168325
60.000000 220.000000 0.173390
70.000000 220.000000 0.186283
80.000000 220.000000 0.174080
90.000000 220.000000 0.151007
100.000000 220.000000 0.144054
110.000000 220.000000 0.142387
120.000000 220.000000 0.142352
130.000000 220.000000 0.144645
140.000000 220.000000 0.139767
150.000000 220.000000 0.139692
160.000000 220.000000 0.146895
170.000000 220.000000 0.159352
180.000000 220.000000 0.167689
190.000000 220.000000 0.189579
200.000000 220.000000 0.192842
210.000000 220.000000 0.208161
220.000000 220.000000 0.199986
230.000000 220.000000 0.174319
240.000000 220.000000 0.157133
250.000000 220.000000 0.158998
260.000000 220.000000 0.163924
270.000000 220.000000 0.166131
280.000000 220.000000 0.167473
290.000000 220.000000 0.171340
300.000000 220.000000 0.190752
310.000000 220.000000 0.218307
320.000000 220.000000 0.282147
330.000000 220.000000 0.324836
340.000000 220.000000 0.323374
350.000000 220.000000 0.296743
360.000000 220.000000 0.289292
370.000000 220.000000 0.285036
380.000000 220.000000 0.291858
390.000000 220.000000 0.381035
400.000000 220.000000 0.509758
410.000000 220.000000 0.495133
420.000000 220.000000 0.457418
430.000000 220.000000 0.447795
440.000000 220.000000 0.301216
450.000000 220.000000 0.273862
460.000000 220.000000 0.357329
470.000000 220.000000 0.443926
480.000000 220.000000 0.356667
490.000000 220.000000 0.280466
500.000000 220.000000 0.280466
0.000000 230.000000 0.196646
10.000000 230.000000 0.196646
20.000000 230.000000 0.180745
30.000000 230.000000 0.170503
40.000000 230.000000 0.168455
50.000000 230.000000 0.167556
60.000000 230.000000 0.172369
70.000000 230.000000 0.185112
80.000000 230.000000 0.171343
90.000000 230.000000 0.157502
100.000000 230.000000 0.147918
110.000000 230.000000 0.149865
120.000000 230.000000 0.147249
130.000000 230.000000 0.142562
140.000000 230.000000 0.138374
150.000000 230.000000 0.138724
160.000000 230.000000 0.151227
170.000000 230.000000 0.149081
180.000000 230.000000 0.159571
190.000000 230.000000 0.165664
200.000000 230.000000 0.175649
210.000000 230.000000 0.187334
220.000000 230.000000 0.187835
230.000000 230.000000 0.168223
240.000000 230.000000 0.167458
250.000000 230.000000 0.155152
260.000000 230.000000 0.164224
270.000000 230.000000 0.177106
280.000000 230.000000 0.173561
290.000000 230.000000 0.172495
300.000000 230.000000 0.170015
310.000000 230.000000 0.182662
320.000000 230.000000 0.216279
330.000000 230.000000 0.253150
340.000000 230.000000 0.286995
350.000000 230.000000 0.316792
360.000000 230.000000 0.315383
370.000000 230.000000 0.284118
380.000000 230.000000 0.277465
390.000000 230.000000 0.307019
400.000000 230.000000 0.401849
410.000000 230.000000 0.387034
420.000000 230.000000 0.303723
430.000000 230.000000 0.294088
440.000000 230.000000 0.243321
450.000000 230.000000 0.252015
460.000000 230.000000 0.323120
470.000000 230.000000 0.351312
480.000000 230.000000 0.298542
490.000000 230.000000 0.250059
500.000000 230.000000 0.250059
0.000000 240.000000 0.182624
10.000000 240.000000 0.182624
20.000000 240.000000 0.174601
30.000000 240.000000 0.168468
40.000000 240.000000 0.167189
50.000000 240.000000 0.166108
60.000000 240.000000 0.167314
70.000000 240.000000 0.161105
80.000000 240.000000 0.158956
90.000000 240.000000 0.159276
100.000000 240.000000 0.164389
110.000000 240.000000 0.160978
120.000000 240.000000 0.161245
130.000000 240.000000 0.153920
140.000000 240.000000 0.144894
150.000000 240.000000 0.142217
160.000000 240.000000 0.139101
170.000000 240.000000 0.144222
180.000000 240.000000 0.150492
190.000000 240.000000 0.152263
200.000000 240.000000 0.153818
210.000000 240.000000 0.173120
220.000000 240.000000 0.167203
230.000000 240.000000 0.164079
240.000000 240.000000 0.158524
250.000000 240.000000 0.160153
260.000000 240.000000 0.177678
270.000000 240.000000 0.198064
280.000000 240.000000 0.183790
290.000000 240.000000 0.172272
300.000000 240.000000 0.168946
310.000000 240.000000 0.172407
320.000000 240.000000 0.198178
330.000000 240.000000 0.246222
340.000000 240.000000 0.320753
350.000000 240.000000 0.382714
360.000000 240.000000 0.388120
370.000000 240.000000 0.316508
380.000000 240.000000 0.266089
390.000000 240.000000 0.247825
400.000000 240.000000 0.256914
410.000000 240.000000 0.246477
420.000000 240.000000 0.220633
430.000000 240.000000 0.217869
440.000000 240.000000 0.215338
450.000000 240.000000 0.254868
460.000000 240.000000 0.308808
470.000000 240.000000 0.390446
480.000000 240.000000 0.323919
490.000000 240.000000 0.277707
500.000000 240.000000 0.277707
0.000000 250.000000 0.179549
10.000000 250.000000 0.179549
20.000000 250.000000 0.169103
30.000000 250.000000 0.161307
40.000000 250.000000 0.161804
50.000000 250.000000 0.153556
60.000000 250.000000 0.151121
70.000000 250.000000 0.153112
80.000000 250.000000 0.153440
90.000000 250.000000 0.158042
100.000000 250.000000 0.163680
110.000000 250.000000 0.191230
120.000000 250.000000 0.211719
130.000000 250.000000 0.176470
140.000000 250.000000 0.153640
150.000000 250.000000 0.143684
160.000000 250.000000 0.139502
170.000000 250.000000 0.138684
180.000000 250.000000 0.147980
190.000000 250.000000 0.145131
200.000000 250.000000 0.148467
210.000000 250.000000 0.146480
220.000000 250.000000 0.153311
230.000000 250.000000 0.157830
240.000000 250.000000 0.157444
250.000000 250.000000 0.163278
260.000000 250.000000 0.193859
270.000000 250.000000 0.222374
280.000000 250.000000 0.210458
290.000000 250.000000 0.187704
300.000000 250.000000 0.174488
310.000000 250.000000 0.176705
320.000000 250.000000 0.196013
330.000000 250.000000 0.250018
340.000000 250.000000 0.334448
350.000000 250.000000 0.446760
360.000000 250.000000 0.444240
370.000000 250.000000 0.361406
380.000000 250.000000 0.291578
390.000000 250.000000 0.240672
400.000000 250.000000 0.239031
410.000000 250.000000 0.215511
420.000000 250.000000 0.201470
430.000000 250.000000 0.205458
440.000000 250.000000 0.207094
450.000000 250.000000 0.265102
460.000000 250.000000 0.337370
470.000000 250.000000 0.498663
480.000000 250.000000 0.453853
490.000000 250.000000 0.391570
500.000000 250.000000 0.391570
0.000000 260.000000 0.187570
10.000000 260.000000 0.187570
20.000000 260.000000 0.173959
30.000000 260.000000 0.170390
40.000000 260.000000 0.163590
50.000000 260.000000 0.152175
60.000000 260.000000 0.149636
70.000000 260.000000 0.149112
80.000000 260.000000 0.155905
90.000000 260.000000 0.160522
100.000000 260.000000 0.181851
110.000000 260.000000 0.251449
120.000000 260.000000 0.330257
130.000000 260.000000 0.232259
140.000000 260.000000 0.166352
150.000000 260.000000 0.150729
160.000000 260.000000 0.140542
170.000000 260.000000 0.140885
180.000000 260.000000 0.137125
190.000000 260.000000 0.142821
200.000000 260.000000 0.139490
210.000000 260.000000 0.142856
220.000000 260.000000 0.150276
230.000000 260.000000 0.160609
240.000000 260.000000 0.156887
250.000000 260.000000 0.166047
260.000000 260.000000 0.184594
270.000000 260.000000 0.230933
280.000000 260.000000 0.235771
290.000000 260.000000 0.197832
300.000000 260.000000 0.174358
310.000000 260.000000 0.168336
320.000000 260.000000 0.188027
330.000000 260.000000 0.251975
340.000000 260.000000 0.327322
350.000000 260.000000 0.391824
360.000000 260.000000 0.374034
370.000000 260.000000 0.355511
380.000000 260.000000 0.339300
390.000000 260.000000 0.246897
400.000000 260.000000 0.241468
410.000000 260.000000 0.219715
420.000000 260.000000 0.201164
430.000000 260.000000 0.201862
440.000000 260.000000 0.226249
450.000000 260.000000 0.283205
460.000000 260.000000 0.397698
470.000000 260.000000 0.569460
480.000000 260.000000 0.633087
490.000000 260.000000 0.659447
500.000000 260.000000 0.659447
0.000000 270.000000 0.190229
10.000000 270.000000 0.190229
20.000000 270.000000 0.182665
30.000000 270.000000 0.196406
40.000000 270.000000 0.189777
50.000000 270.000000 0.165995
60.000000 270.000000 0.156271
70.000000 270.000000 0.149941
80.000000 270.000000 0.148641
90.000000 270.000000 0.159198
100.000000 270.000000 0.177762
110.000000 270.000000 0.231029
120.000000 270.000000 0.272247
130.000000 270.000000 0.207611
140.000000 270.000000 0.170768
150.000000 270.000000 0.156427
160.000000 270.000000 0.140132
170.000000 270.000000 0.138902
180.000000 270.000000 0.145231
190.000000 270.000000 0.147422
200.000000 270.000000 0.145634
210.000000 270.000000 0.146041
220.000000 270.000000 0.162443
230.000000 270.000000 0.162636
240.000000 270.000000 0.157602
250.000000 270.000000 0.158850
260.000000 270.000000 0.173634
270.000000 270.000000 0.199536
280.000000 270.000000 0.217499
290.000000 270.000000 0.188266
300.000000 270.000000 0.166275
310.000000 270.000000 0.164206
320.000000 270.000000 0.191177
330.000000 270.000000 0.269177
340.000000 270.000000 0.306634
350.000000 270.000000 0.319465
360.000000 270.000000 0.290034
370.000000 270.000000 0.263385
380.000000 270.000000 0.253400
390.000000 270.000000 0.244774
400.000000 270.000000 0.246039
410.000000 270.000000 0.257315
420.000000 270.000000 0.251108
430.000000 270.000000 0.241688
440.000000 270.000000 0.299853
450.000000 270.000000 0.326074
460.000000 270.000000 0.424195
470.000000 270.000000 0.451445
480.000000 270.000000 0.493827
490.000000 270.000000 0.664843
500.000000 270.000000 0.664843
0.000000 280.000000 0.223860
10.000000 280.000000 0.223860
20.000000 280.000000 0.214351
30.000000 280.000000 0.198227
40.000000 280.000000 0.183203
50.000000 280.000000 0.164511
60.000000 280.000000 0.167274
70.000000 280.000000 0.159971
80.000000 280.000000 0.150144
90.000000 280.000000 0.152451
100.000000 280.000000 0.161666
110.000000 280.000000 0.177717
120.000000 280.000000 0.189895
130.000000 280.000000 0.174622
140.000000 280.000000 0.168748
150.000000 280.000000 0.159182
160.000000 280.000000 0.150113
170.000000 280.000000 0.159765
180.000000 280.000000 0.168251
190.000000 280.000000 0.158430
200.000000 280.000000 0.157066
210.000000 280.000000 0.151535
220.000000 280.000000 0.148722
230.000000 280.000000 0.154861
240.000000 280.000000 0.153165
250.000000 280.000000 0.158433
260.000000 280.000000 0.175669
270.000000 280.000000 0.189441
280.000000 280.000000 0.182775
290.000000 280.000000 0.174641
300.000000 280.000000 0.164219
310.000000 280.000000 0.166878
320.000000 280.000000 0.177535
330.000000 280.000000 0.202781
340.000000 280.000000 0.233269
350.000000 280.000000 0.247645
360.000000 280.000000 0.232720
370.000000 280.000000 0.227767
380.000000 280.000000 0.226937
390.000000 280.000000 0.262841
400.000000 280.000000 0.278225
410.000000 280.000000 0.291012
420.000000 280.000000 0.309405
430.000000 280.000000 0.299225
440.000000 280.000000 0.332118
450.000000 280.000000 0.321376
460.000000 280.000000 0.317917
470.000000 280.000000 0.294252
480.000000 280.000000 0.344966
490.000000 280.000000 0.533189
500.000000 280.000000 0.533189
0.000000 290.000000 0.305295
10.000000 290.000000 0.305295
20.000000 290.000000 0.282758
30.000000 290.000000 0.244376
40.000000 290.000000 0.206083
50.000000 290.000000 0.182413
60.000000 290.000000 0.172808
70.000000 290.000000 0.171160
80.000000 290.000000 0.161752
90.000000 290.000000 0.158705
100.000000 290.000000 0.160122
110.000000 290.000000 0.168564
120.000000 290.000000 0.166547
130.000000 290.000000 0.165197
140.000000 290.000000 0.169703
150.000000 290.000000 0.177343
160.000000 290.000000 0.173066
170.000000 290.000000 0.159157
180.000000 290.000000 0.163245
190.000000 290.000000 0.172496
200.000000 290.000000 0.170953
210.000000 290.000000 0.157432
220.000000 290.000000 0.154837
230.000000 290.000000 0.156994
240.000000 290.000000 0.155587
250.000000 290.000000 0.163240
260.000000 290.000000 0.187063
270.000000 290.000000 0.194025
280.000000 290.000000 0.184731
290.000000 290.000000 0.173777
300.000000 290.000000 0.166614
310.000000 290.000000 0.163591
320.000000 290.000000 0.170675
330.000000 290.000000 0.185601
340.000000 290.000000 0.197661
350.000000 290.000000 0.209942
360.000000 290.000000 0.203397
370.000000 290.000000 0.208779
380.000000 290.000000 0.229642
390.000000 290.000000 0.299326
400.000000 290.000000 0.362433
410.000000 290.000000 0.346314
420.000000 290.000000 0.344560
430.000000 290.000000 0.397657
440.000000 290.000000 0.367987
450.000000 290.000000 0.313069
460.000000 290.000000 0.267201
470.000000 290.000000 0.229463
480.000000 290.000000 0.257164
490.000000 290.000000 0.321391
500.000000 290.000000 0.321391
0.000000 300.000000 0.381634
10.000000 300.000000 0.381634
20.000000 300.000000 0.349334
30.000000 300.000000 0.286380
40.000000 300.000000 0.228344
50.000000 300.000000 0.191749
60.000000 300.000000 0.187800
70.000000 300.000000 0.185311
80.000000 300.000000 0.177223
90.000000 300.000000 0.168007
100.000000 300.000000 0.164601
110.000000 300.000000 0.161880
120.000000 300.000000 0.156424
130.000000 300.000000 0.157330
140.000000 300.000000 0.174618
150.000000 300.000000 0.209469
160.000000 300.000000 0.182513
170.000000 300.000000 0.163899
180.000000 300.000000 0.162343
190.000000 300.000000 0.169760
200.000000 300.000000 0.162481
210.000000 300.000000 0.150846
220.000000 300.000000 0.151943
230.000000 300.000000 0.159663
240.000000 300.000000 0.161269
250.000000 300.000000 0.176390
260.000000 300.000000 0.197187
270.000000 300.000000 0.214901
280.000000 300.000000 0.196228
290.000000 300.000000 0.178777
300.000000 300.000000 0.176590
310.000000 300.000000 0.167833
320.000000 300.000000 0.168325
330.000000 300.000000 0.175449
340.000000 300.000000 0.190150
350.000000 300.000000 0.197813
360.000000 300.000000 0.208700
370.000000 300.000000 0.214012
380.000000 300.000000 0.262800
390.000000 300.000000 0.378850
400.000000 300.000000 0.516475
410.000000 300.000000 0.465158
420.000000 300.000000 0.430179
430.000000 300.000000 0.499187
440.000000 300.000000 0.369833
450.000000 300.000000 0.301706
460.000000 300.000000 0.278092
470.000000 300.000000 0.214441
480.000000 300.000000 0.207735
490.000000 300.000000 0.232874
500.000000 300.000000 0.232874
0.000000 310.000000 0.547991
10.000000 310.000000 0.547991
20.000000 310.000000 0.475289
30.000000 310.000000 0.348911
40.000000 310.000000 0.262663
50.000000 310.000000 0.203929
60.000000 310.000000 0.198968
70.000000 310.000000 0.201097
80.000000 310.000000 0.184256
90.000000 310.000000 0.169710
100.000000 310.000000 0.157140
110.000000 310.000000 0.150548
120.000000 310.000000 0.144969
130.000000 310.000000 0.151772
140.000000 310.000000 0.164332
150.000000 310.000000 0.190870
160.000000 310.000000 0.180535
170.000000 310.000000 0.168230
180.000000 310.000000 0.172584
190.000000 310.000000 0.161517
200.000000 310.000000 0.157422
210.000000 310.000000 0.147968
220.000000 310.000000 0.149073
230.000000 310.000000 0.153883
240.000000 310.000000 0.160359
250.000000 310.000000 0.180708
260.000000 310.000000 0.222732
270.000000 310.000000 0.250705
280.000000 310.000000 0.215265
290.000000 310.000000 0.189966
300.000000 310.000000 0.178413
310.000000 310.000000 0.175665
320.000000 310.000000 0.171985
330.000000 310.000000 0.187701
340.000000 310.000000 0.214574
350.000000 310.000000 0.229799
360.000000 310.000000 0.234699
370.000000 310.000000 0.243866
380.000000 310.000000 0.296042
390.000000 310.000000 0.398357
400.000000 310.000000 0.435277
410.000000 310.000000 0.383173
420.000000 310.000000 0.394071
430.000000 310.000000 0.411114
440.000000 310.000000 0.334652
450.000000 310.000000 0.257566
460.000000 310.000000 0.223965
470.000000 310.000000 0.206145
480.000000 310.000000 0.211817
490.000000 310.000000 0.267818
500.000000 310.000000 0.267818
0.000000 320.000000 0.829871
10.000000 320.000000 0.829871
20.000000 320.000000 0.654659
30.000000 320.000000 0.415013
40.000000 320.000000 0.294054
50.000000 320.000000 0.217232
60.000000 320.000000 0.207937
70.000000 320.000000 0.207417
80.000000 320.000000 0.188793
90.000000 320.000000 0.164694
100.000000 320.000000 0.149531
110.000000 320.000000 0.140933
120.000000 320.000000 0.144380
130.000000 320.000000 0.141524
140.000000 320.000000 0.151903
150.000000 320.000000 0.164851
160.000000 320.000000 0.168523
170.000000 320.000000 0.167987
180.000000 320.000000 0.172699
190.000000 320.000000 0.172620
200.000000 320.000000 0.155767
210.000000 320.000000 0.146555
220.000000 320.000000 0.154761
230.000000 320.000000 0.153886
240.000000 320.000000 0.168191
250.000000 320.000000 0.193253
260.000000 320.000000 0.269014
270.000000 320.000000 0.343397
280.000000 320.000000 0.250208
290.000000 320.000000 0.187623
300.000000 320.000000 0.177110
310.000000 320.000000 0.169189
320.000000 320.000000 0.182322
330.000000 320.000000 0.206790
340.000000 320.000000 0.254942
350.000000 320.000000 0.287226
360.000000 320.000000 0.320112
370.000000 320.000000 0.309127
380.000000 320.000000 0.407890
390.000000 320.000000 0.507836
400.000000 320.000000 0.379221
410.000000 320.000000 0.276796
420.000000 320.000000 0.276615
430.000000 320.000000 0.286333
440.000000 320.000000 0.262923
450.000000 320.000000 0.222275
460.000000 320.000000 0.205875
470.000000 320.000000 0.231699
480.000000 320.000000 0.261703
490.000000 320.000000 0.367083
500.000000 320.000000 0.367083
0.000000 330.000000 0.863128
10.000000 330.000000 0.863128
20.000000 330.000000 0.627124
30.000000 330.000000 0.419573
40.000000 330.000000 0.292868
50.000000 330.000000 0.219057
60.000000 330.000000 0.201755
70.000000 330.000000 0.195756
80.000000 330.000000 0.184062
90.000000 330.000000 0.158346
100.000000 330.000000 0.148220
110.000000 330.000000 0.146250
120.000000 330.000000 0.140588
130.000000 330.000000 0.141650
140.000000 330.000000 0.149498
150.000000 330.000000 0.158258
160.000000 330.000000 0.156952
170.000000 330.000000 0.168778
180.000000 330.000000 0.193889
190.000000 330.000000 0.186776
200.000000 330.000000 0.172058
210.000000 330.000000 0.154581
220.000000 330.000000 0.156076
230.000000 330.000000 0.157168
240.000000 330.000000 0.168431
250.000000 330.000000 0.176628
260.000000 330.000000 0.234047
270.000000 330.000000 0.309109
280.000000 330.000000 0.216669
290.000000 330.000000 0.173430
300.000000 330.000000 0.165609
310.000000 330.000000 0.168183
320.000000 330.000000 0.191601
330.000000 330.000000 0.237911
340.000000 330.000000 0.331996
350.000000 330.000000 0.378944
360.000000 330.000000 0.412386
370.000000 330.000000 0.396853
380.000000 330.000000 0.430414
390.000000 330.000000 0.514326
400.000000 330.000000 0.377949
410.000000 330.000000 0.260837
420.000000 330.000000 0.233592
430.000000 330.000000 0.238346
440.000000 330.000000 0.230086
450.000000 330.000000 0.214637
460.000000 330.000000 0.213705
470.000000 330.000000 0.236550
480.000000 330.000000 0.308677
490.000000 330.000000 0.479747
500.000000 330.000000 0.479747
0.000000 340.000000 0.860238
10.000000 340.000000 0.860238
20.000000 340.000000 0.661603
30.000000 340.000000 0.454413
40.000000 340.000000 0.318451
50.000000 340.000000 0.230304
60.000000 340.000000 0.194642
70.000000 340.000000 0.182102
80.000000 340.000000 0.177558
90.000000 340.000000 0.163642
100.000000 340.000000 0.151789
110.000000 340.000000 0.150717
120.000000 340.000000 0.147913
130.000000 340.000000 0.148712
140.000000 340.000000 0.151086
150.000000 340.000000 0.151494
160.000000 340.000000 0.158254
170.000000 340.000000 0.172510
180.000000 340.000000 0.187991
190.000000 340.000000 0.195042
200.000000 340.000000 0.191117
210.000000 340.000000 0.169903
220.000000 340.000000 0.153533
230.000000 340.000000 0.161362
240.000000 340.000000 0.159311
250.000000 340.000000 0.157451
260.000000 340.000000 0.172182
270.000000 340.000000 0.184211
280.000000 340.000000 0.174755
290.000000 340.000000 0.163367
300.000000 340.000000 0.168388
310.000000 340.000000 0.180703
320.000000 340.000000 0.207620
330.000000 340.000000 0.268420
340.000000 340.000000 0.364332
350.000000 340.000000 0.470228
360.000000 340.000000 0.595074
370.000000 340.000000 0.537291
380.000000 340.000000 0.408485
390.000000 340.000000 0.366201
400.000000 340.000000 0.318177
410.000000 340.000000 0.297775
420.000000 340.000000 0.242647
430.000000 340.000000 0.216500
440.000000 340.000000 0.221948
450.000000 340.000000 0.228001
460.000000 340.000000 0.255788
470.000000 340.000000 0.289579
480.000000 340.000000 0.344081
490.000000 340.000000 0.557906
500.000000 340.000000 0.557906
0.000000 350.000000 0.906026
10.000000 350.000000 0.906026
20.000000 350.000000 0.709559
30.000000 350.000000 0.465770
40.000000 350.000000 0.329092
50.000000 350.000000 0.238753
60.000000 350.000000 0.193429
70.000000 350.000000 0.183577
80.000000 350.000000 0.180913
90.000000 350.000000 0.167675
100.000000 350.000000 0.155385
110.000000 350.000000 0.159071
120.000000 350.000000 0.164230
130.000000 350.000000 0.158886
140.000000 350.000000 0.152720
150.000000 350.000000 0.157957
160.000000 350.000000 0.158578
170.000000 350.000000 0.175103
180.000000 350.000000 0.179475
190.000000 350.000000 0.183791
200.000000 350.000000 0.179098
210.000000 350.000000 0.167010
220.000000 350.000000 0.157161
230.000000 350.000000 0.158266
240.000000 350.000000 0.158119
250.000000 350.000000 0.152442
260.000000 350.000000 0.151587
270.000000 350.000000 0.153659
280.000000 350.000000 0.156227
290.000000 350.000000 0.168737
300.000000 350.000000 0.183796
310.000000 350.000000 0.191307
320.000000 350.000000 0.227572
330.000000 350.000000 0.306549
340.000000 350.000000 0.390491
350.000000 350.000000 0.474196
360.000000 350.000000 0.570987
370.000000 350.000000 0.572902
380.000000 350.000000 0.423745
390.000000 350.000000 0.328937
400.000000 350.000000 0.363960
410.000000 350.000000 0.460189
420.000000 350.000000 0.322867
430.000000 350.000000 0.223963
440.000000 350.000000 0.206494
450.000000 350.000000 0.225967
460.000000 350.000000 0.269688
470.000000 350.000000 0.362682
480.000000 350.000000 0.467377
490.000000 350.000000 0.637616
500.000000 350.000000 0.637616
0.000000 360.000000 0.914725
10.000000 360.000000 0.914725
20.000000 360.000000 0.746108
30.000000 360.000000 0.508176
40.000000 360.000000 0.323558
50.000000 360.000000 0.227152
60.000000 360.000000 0.193487
70.000000 360.000000 0.197842
80.000000 360.000000 0.206384
90.000000 360.000000 0.174399
100.000000 360.000000 0.163034
110.000000 360.000000 0.165341
120.000000 360.000000 0.163086
130.000000 360.000000 0.158719
140.000000 360.000000 0.152722
150.000000 360.000000 0.150932
160.000000 360.000000 0.156294
170.000000 360.000000 0.163019
180.000000 360.000000 0.165639
190.000000 360.000000 0.175378
200.000000 360.000000 0.165986
210.000000 360.000000 0.181189
220.000000 360.000000 0.166644
230.000000 360.000000 0.164837
240.000000 360.000000 0.168755
250.000000 360.000000 0.155102
260.000000 360.000000 0.151965
270.000000 360.000000 0.153345
280.000000 360.000000 0.165378
290.000000 360.000000 0.189114
300.000000 360.000000 0.206551
310.000000 360.000000 0.203757
320.000000 360.000000 0.212927
330.000000 360.000000 0.251715
340.000000 360.000000 0.324259
350.000000 360.000000 0.406700
360.000000 360.000000 0.492644
370.000000 360.000000 0.474115
380.000000 360.000000 0.356355
390.000000 360.000000 0.312961
400.000000 360.000000 0.386426
410.000000 360.000000 0.506820
420.000000 360.000000 0.371991
430.000000 360.000000 0.234210
440.000000 360.000000 0.211315
450.000000 360.000000 0.230847
460.000000 360.000000 0.288278
470.000000 360.000000 0.444643
480.000000 360.000000 0.629439
490.000000 360.000000 0.769832
500.000000 360.000000 0.769832
0.000000 370.000000 0.929898
10.000000 370.000000 0.929898
20.000000 370.000000 0.812365
30.000000 370.000000 0.572655
40.000000 370.000000 0.337696
50.000000 370.000000 0.238530
60.000000 370.000000 0.202087
70.000000 370.000000 0.199103
80.000000 370.000000 0.193083
90.000000 370.000000 0.170829
100.000000 370.000000 0.156976
110.000000 370.000000 0.158132
120.000000 370.000000 0.159425
130.000000 370.000000 0.156019
140.000000 370.000000 0.151468
150.000000 370.000000 0.152053
160.000000 370.000000 0.152849
170.000000 370.000000 0.156422
180.000000 370.000000 0.167475
190.000000 370.000000 0.175247
200.000000 370.000000 0.178496
210.000000 370.000000 0.176066
220.000000 370.000000 0.173315
230.000000 370.000000 0.169657
240.000000 370.000000 0.167328
250.000000 370.000000 0.160781
260.000000 370.000000 0.154359
270.000000 370.000000 0.158428
280.000000 370.000000 0.176128
290.000000 370.000000 0.199495
300.000000 370.000000 0.222947
310.000000 370.000000 0.225561
320.000000 370.000000 0.220622
330.000000 370.000000 0.236451
340.000000 370.000000 0.280330
350.000000 370.000000 0.326323
360.000000 370.000000 0.353069
370.000000 370.000000 0.330982
380.000000 370.000000 0.277680
390.000000 370.000000 0.275878
400.000000 370.000000 0.298726
410.000000 370.000000 0.333198
420.000000 370.000000 0.278203
430.000000 370.000000 0.226543
440.000000 370.000000 0.232786
450.000000 370.000000 0.262329
460.000000 370.000000 0.336787
470.000000 370.000000 0.547281
480.000000 370.000000 0.778519
490.000000 370.000000 0.881381
500.000000 370.000000 0.881381
0.000000 380.000000 0.955761
10.000000 380.000000 0.955761
20.000000 380.000000 0.881901
30.000000 380.000000 0.688872
40.000000 380.000000 0.464080
50.000000 380.000000 0.296320
60.000000 380.000000 0.245170
70.000000 380.000000 0.235378
80.000000 380.000000 0.206565
90.000000 380.000000 0.178937
100.000000 380.000000 0.163069
110.000000 380.000000 0.159947
120.000000 380.000000 0.158533
130.000000 380.000000 0.162804
140.000000 380.000000 0.163127
150.000000 380.000000 0.156942
160.000000 380.000000 0.158072
170.000000 380.000000 0.155641
180.000000 380.000000 0.162481
190.000000 380.000000 0.178696
200.000000 380.000000 0.178705
210.000000 380.000000 0.170341
220.000000 380.000000 0.161821
230.000000 380.000000 0.161327
240.000000 380.000000 0.163247
250.000000 380.000000 0.158559
260.000000 380.000000 0.155982
270.000000 380.000000 0.162452
280.000000 380.000000 0.180363
290.000000 380.000000 0.206403
300.000000 380.000000 0.249397
310.000000 380.000000 0.255244
320.000000 380.000000 0.233721
330.000000 380.000000 0.229483
340.000000 380.000000 0.253179
350.000000 380.000000 0.260492
360.000000 380.000000 0.249204
370.000000 380.000000 0.235510
380.000000 380.000000 0.209290
390.000000 380.000000 0.207901
400.000000 380.000000 0.238115
410.000000 380.000000 0.238065
420.000000 380.000000 0.224440
430.000000 380.000000 0.222859
440.000000 380.000000 0.265186
450.000000 380.000000 0.348761
460.000000 380.000000 0.463383
470.000000 380.000000 0.655516
480.000000 380.000000 0.864370
490.000000 380.000000 0.939916
500.000000 380.000000 0.939916
0.000000 390.000000 0.978300
10.000000 390.000000 0.978300
20.000000 390.000000 0.941474
30.000000 390.000000 0.830145
40.000000 390.000000 0.630875
50.000000 390.000000 0.410258
60.000000 390.000000 0.344083
70.000000 390.000000 0.296079
80.000000 390.000000 0.252340
90.000000 390.000000 0.211837
100.000000 390.000000 0.177708
110.000000 390.000000 0.167691
120.000000 390.000000 0.158977
130.000000 390.000000 0.178325
140.000000 390.000000 0.168678
150.000000 390.000000 0.155030
160.000000 390.000000 0.158416
170.000000 390.000000 0.158723
180.000000 390.000000 0.162853
190.000000 390.000000 0.174290
200.000000 390.000000 0.173673
210.000000 390.000000 0.160641
220.000000 390.000000 0.151214
230.000000 390.000000 0.153518
240.000000 390.000000 0.159555
250.000000 390.000000 0.155891
260.000000 390.000000 0.161875
270.000000 390.000000 0.167029
280.000000 390.000000 0.175186
290.000000 390.000000 0.207956
300.000000 390.000000 0.242114
310.000000 390.000000 0.262364
320.000000 390.000000 0.242413
330.000000 390.000000 0.240590
340.000000 390.000000 0.234533
350.000000 390.000000 0.227491
360.000000 390.000000 0.209201
370.000000 390.000000 0.189476
380.000000 390.000000 0.178236
390.000000 390.000000 0.181020
400.000000 390.000000 0.200391
410.000000 390.000000 0.213924
420.000000 390.000000 0.218137
430.000000 390.000000 0.238618
440.000000 390.000000 0.286741
450.000000 390.000000 0.398192
460.000000 390.000000 0.604351
470.000000 390.000000 0.830334
480.000000 390.000000 0.936462
490.000000 390.000000 0.973340
500.000000 390.000000 0.973340
0.000000 400.000000 0.990882
10.000000 400.000000 0.990882
20.000000 400.000000 0.974717
30.000000 400.000000 0.920416
40.000000 400.000000 0.775305
50.000000 400.000000 0.566122
60.000000 400.000000 0.420479
70.000000 400.000000 0.362043
80.000000 400.000000 0.331758
90.000000 400.000000 0.257610
100.000000 400.000000 0.196144
110.000000 400.000000 0.168692
120.000000 400.000000 0.161783
130.000000 400.000000 0.160518
140.000000 400.000000 0.160423
150.000000 400.000000 0.160900
160.000000 400.000000 0.156902
170.000000 400.000000 0.156841
180.000000 400.000000 0.160823
190.000000 400.000000 0.162181
200.000000 400.000000 0.165867
210.000000 400.000000 0.152202
220.000000 400.000000 0.150056
230.000000 400.000000 0.153970
240.000000 400.000000 0.159011
250.000000 400.000000 0.167741
260.000000 400.000000 0.166527
270.000000 400.000000 0.171579
280.000000 400.000000 0.183428
290.000000 400.000000 0.214614
300.000000 400.000000 0.256744
310.000000 400.000000 0.259924
320.000000 400.000000 0.236177
330.000000 400.000000 0.215189
340.000000 400.000000 0.204181
350.000000 400.000000 0.195355
360.000000 400.000000 0.175792
370.000000 400.000000 0.165403
380.000000 400.000000 0.165118
390.000000 400.000000 0.167013
400.000000 400.000000 0.182470
410.000000 400.000000 0.194188
420.000000 400.000000 0.206341
430.000000 400.000000 0.250041
440.000000 400.000000 0.351267
450.000000 400.000000 0.525712
460.000000 400.000000 0.755940
470.000000 400.000000 0.921110
480.000000 400.000000 0.973454
490.000000 400.000000 0.989491
500.000000 400.000000 0.989491
0.000000 410.000000 0.996568
10.000000 410.000000 0.996568
20.000000 410.000000 0.990139
30.000000 410.000000 0.967739
40.000000 410.000000 0.901239
50.000000 410.000000 0.738028
60.000000 410.000000 0.563307
70.000000 410.000000 0.482088
80.000000 410.000000 0.399431
90.000000 410.000000 0.281046
100.000000 410.000000 0.206012
110.000000 410.000000 0.176967
120.000000 410.000000 0.165996
130.000000 410.000000 0.163783
140.000000 410.000000 0.173314
150.000000 410.000000 0.178678
160.000000 410.000000 0.171976
170.000000 410.000000 0.166705
180.000000 410.000000 0.168485
190.000000 410.000000 0.168137
200.000000 410.000000 0.159795
210.000000 410.000000 0.154787
220.000000 410.000000 0.152554
230.000000 410.000000 0.158775
240.000000 410.000000 0.175001
250.000000 410.000000 0.177546
260.000000 410.000000 0.176534
270.000000 410.000000 0.187170
280.000000 410.000000 0.188890
290.000000 410.000000 0.205659
300.000000 410.000000 0.243726
310.000000 410.000000 0.253710
320.000000 410.000000 0.236343
330.000000 410.000000 0.206052
340.000000 410.000000 0.178988
350.000000 410.000000 0.170133
360.000000 410.000000 0.157661
370.000000 410.000000 0.159161
380.000000 410.000000 0.158260
390.000000 410.000000 0.164621
400.000000 410.000000 0.180210
410.000000 410.000000 0.197680
420.000000 410.000000 0.218875
430.000000 410.000000 0.305768
440.000000 410.000000 0.521688
450.000000 410.000000 0.771574
460.000000 410.000000 0.906911
470.000000 410.000000 0.968750
480.000000 410.000000 0.989936
490.000000 410.000000 0.996229
500.000000 410.000000 0.996229
0.000000 420.000000 0.998842
10.000000 420.000000 0.998842
20.000000 420.000000 0.996577
30.000000 420.000000 0.988624
40.000000 420.000000 0.964795
50.000000 420.000000 0.899564
60.000000 420.000000 0.775539
70.000000 420.000000 0.597177
80.000000 420.000000 0.419406
90.000000 420.000000 0.289210
100.000000 420.000000 0.217913
110.000000 420.000000 0.190057
120.000000 420.000000 0.182565
130.000000 420.000000 0.183614
140.000000 420.000000 0.214074
150.000000 420.000000 0.229319
160.000000 420.000000 0.199122
170.000000 420.000000 0.178730
180.000000 420.000000 0.177096
190.000000 420.000000 0.176028
200.000000 420.000000 0.170287
210.000000 420.000000 0.159259
220.000000 420.000000 0.163682
230.000000 420.000000 0.160765
240.000000 420.000000 0.175408
250.000000 420.000000 0.178599
260.000000 420.000000 0.170516
270.000000 420.000000 0.174272
280.000000 420.000000 0.187743
290.000000 420.000000 0.197318
300.000000 420.000000 0.225644
310.000000 420.000000 0.228095
320.000000 420.000000 0.201775
330.000000 420.000000 0.182402
340.000000 420.000000 0.168592
350.000000 420.000000 0.160728
360.000000 420.000000 0.157150
370.000000 420.000000 0.159619
380.000000 420.000000 0.167888
390.000000 420.000000 0.185166
400.000000 420.000000 0.196568
410.000000 420.000000 0.224483
420.000000 420.000000 0.267998
430.000000 420.000000 0.427470
440.000000 420.000000 0.679793
450.000000 420.000000 0.868802
460.000000 420.000000 0.955610
470.000000 420.000000 0.986616
480.000000 420.000000 0.996119
490.000000 420.000000 0.998682
500.000000 420.000000 0.998682
0.000000 430.000000 0.999637
10.000000 430.000000 0.999637
20.000000 430.000000 0.998881
30.000000 430.000000 0.996133
40.000000 430.000000 0.987594
50.000000 430.000000 0.963732
60.000000 430.000000 0.904805
70.000000 430.000000 0.762714
80.000000 430.000000 0.554271
90.000000 430.000000 0.366883
100.000000 430.000000 0.271239
110.000000 430.000000 0.227593
120.000000 430.000000 0.198158
130.000000 430.000000 0.202236
140.000000 430.000000 0.267413
150.000000 430.000000 0.319804
160.000000 430.000000 0.241398
170.000000 430.000000 0.194249
180.000000 430.000000 0.190424
190.000000 430.000000 0.184815
200.000000 430.000000 0.174604
210.000000 430.000000 0.169608
220.000000 430.000000 0.162251
230.000000 430.000000 0.166654
240.000000 430.000000 0.180882
250.000000 430.000000 0.179545
260.000000 430.000000 0.169639
270.000000 430.000000 0.171038
280.000000 430.000000 0.181797
290.000000 430.000000 0.187989
300.000000 430.000000 0.199134
310.000000 430.000000 0.195669
320.000000 430.000000 0.174869
330.000000 430.000000 0.167527
340.000000 430.000000 0.161738
350.000000 430.000000 0.160758
360.000000 430.000000 0.161624
370.000000 430.000000 0.165549
380.000000 430.000000 0.182104
390.000000 430.000000 0.199627
400.000000 430.000000 0.241594
410.000000 430.000000 0.300912
420.000000 430.000000 0.377951
430.000000 430.000000 0.620022
440.000000 430.000000 0.820696
450.000000 430.000000 0.934059
460.000000 430.000000 0.979660
470.000000 430.000000 0.994356
480.000000 430.000000 0.998509
490.000000 430.000000 0.999543
500.000000 430.000000 0.999543
0.000000 440.000000 0.999886
10.000000 440.000000 0.999886
20.000000 440.000000 0.999619
30.000000 440.000000 0.998563
40.000000 440.000000 0.994875
50.000000 440.000000 0.983026
60.000000 440.000000 0.948387
70.000000 440.000000 0.861208
80.000000 440.000000 0.706831
90.000000 440.000000 0.506508
100.000000 440.000000 0.395266
110.000000 440.000000 0.307434
120.000000 440.000000 0.234351
130.000000 440.000000 0.219672
140.000000 440.000000 0.309827
150.000000 440.000000 0.388271
160.000000 440.000000 0.259375
170.000000 440.000000 0.216022
180.000000 440.000000 0.217231
190.000000 440.000000 0.210335
200.000000 440.000000 0.188914
210.000000 440.000000 0.176232
220.000000 440.000000 0.172716
230.000000 440.000000 0.167461
240.000000 440.000000 0.169666
250.000000 440.000000 0.181002
260.000000 440.000000 0.177584
270.000000 440.000000 0.172089
280.000000 440.000000 0.183317
290.000000 440.000000 0.186407
300.000000 440.000000 0.189708
310.000000 440.000000 0.184721
320.000000 440.000000 0.171236
330.000000 440.000000 0.166637
340.000000 440.000000 0.170205
350.000000 440.000000 0.175333
360.000000 440.000000 0.174278
370.000000 440.000000 0.184897
380.000000 440.000000 0.222586
390.000000 440.000000 0.257633
400.000000 440.000000 0.332160
410.000000 440.000000 0.455703
420.000000 440.000000 0.580234
430.000000 440.000000 0.807723
440.000000 440.000000 0.924623
450.000000 440.000000 0.974078
460.000000 440.000000 0.992228
470.000000 440.000000 0.997902
480.000000 440.000000 0.999470
490.000000 440.000000 0.999848
500.000000 440.000000 0.999848
0.000000 450.000000 0.999963
10.000000 450.000000 0.999963
20.000000 450.000000 0.999865
30.000000 450.000000 0.999446
40.000000 450.000000 0.997879
50.000000 450.000000 0.992580
60.000000 450.000000 0.976905
70.000000 450.000000 0.938884
80.000000 450.000000 0.871126
90.000000 450.000000 0.752301
100.000000 450.000000 0.644142
110.000000 450.000000 0.452781
120.000000 450.000000 0.296682
130.000000 450.000000 0.235222
140.000000 450.000000 0.271545
150.000000 450.000000 0.336049
160.000000 450.000000 0.257455
170.000000 450.000000 0.255214
180.000000 450.000000 0.277259
190.000000 450.000000 0.235817
200.000000 450.000000 0.204827
210.000000 450.000000 0.192579
220.000000 450.000000 0.188918
230.000000 450.000000 0.175770
240.000000 450.000000 0.165826
250.000000 450.000000 0.177282
260.000000 450.000000 0.179317
270.000000 450.000000 0.173662
280.000000 450.000000 0.185019
290.000000 450.000000 0.184997
300.000000 450.000000 0.186330
310.000000 450.000000 0.186763
320.000000 450.000000 0.170202
330.000000 450.000000 0.167749
340.000000 450.000000 0.184147
350.000000 450.000000 0.210372
360.000000 450.000000 0.211671
370.000000 450.000000 0.234026
380.000000 450.000000 0.298176
390.000000 450.000000 0.370349
400.000000 450.000000 0.530250
410.000000 450.000000 0.708320
420.000000 450.000000 0.850334
430.000000 450.000000 0.935795
440.000000 450.000000 0.975395
450.000000 450.000000 0.991641
460.000000 450.000000 0.997490
470.000000 450.000000 0.999323
480.000000 450.000000 0.999831
490.000000 450.000000 0.999953
500.000000 450.000000 0.999953
0.000000 460.000000 0.999988
10.000000 460.000000 0.999988
20.000000 460.000000 0.999953
30.000000 460.000000 0.999802
40.000000 460.000000 0.999223
50.000000 460.000000 0.997280
60.000000 460.000000 0.991720
70.000000 460.000000 0.978922
80.000000 460.000000 0.956779
90.000000 460.000000 0.922909
100.000000 460.000000 0.849391
110.000000 460.000000 0.638916
120.000000 460.000000 0.441081
130.000000 460.000000 0.305035
140.000000 460.000000 0.255432
150.000000 460.000000 0.254926
160.000000 460.000000 0.244077
170.000000 460.000000 0.296958
180.000000 460.000000 0.375481
190.000000 460.000000 0.258643
200.000000 460.000000 0.215934
210.000000 460.000000 0.204862
220.000000 460.000000 0.190230
230.000000 460.000000 0.174845
240.000000 460.000000 0.167254
250.000000 460.000000 0.172806
260.000000 460.000000 0.169168
270.000000 460.000000 0.174906
280.000000 460.000000 0.184429
290.000000 460.000000 0.188890
300.000000 460.000000 0.189341
310.000000 460.000000 0.185944
320.000000 460.000000 0.180628
330.000000 460.000000 0.191578
340.000000 460.000000 0.227194
350.000000 460.000000 0.318354
360.000000 460.000000 0.302610
370.000000 460.000000 0.356355
380.000000 460.000000 0.525557
390.000000 460.000000 0.619068
400.000000 460.000000 0.779461
410.000000 460.000000 0.888624
420.000000 460.000000 0.951829
430.000000 460.000000 0.980909
440.000000 460.000000 0.992946
450.000000 460.000000 0.997632
460.000000 460.000000 0.999287
470.000000 460.000000 0.999807
480.000000 460.000000 0.999952
490.000000 460.000000 0.999987
500.000000 460.000000 0.999987
0.000000 470.000000 0.999996
10.000000 470.000000 0.999996
20.000000 470.000000 0.999985
30.000000 470.000000 0.999937
40.000000 470.000000 0.999755
50.000000 470.000000 0.999153
60.000000 470.000000 0.997481
70.000000 470.000000 0.993695
80.000000 470.000000 0.986640
90.000000 470.000000 0.972651
100.000000 470.000000 0.932865
110.000000 470.000000 0.822394
120.000000 470.000000 0.664132
130.000000 470.000000 0.508809
140.000000 470.000000 0.386637
150.000000 470.000000 0.326145
160.000000 470.000000 0.288386
170.000000 470.000000 0.322596
180.000000 470.000000 0.373553
190.000000 470.000000 0.248808
200.000000 470.000000 0.226645
210.000000 470.000000 0.209426
220.000000 470.000000 0.193669
230.000000 470.000000 0.172617
240.000000 470.000000 0.169102
250.000000 470.000000 0.177779
260.000000 470.000000 0.181567
270.000000 470.000000 0.179673
280.000000 470.000000 0.194863
290.000000 470.000000 0.190875
300.000000 470.000000 0.183448
310.000000 470.000000 0.191024
320.000000 470.000000 0.197742
330.000000 470.000000 0.228222
340.000000 470.000000 0.271380
350.000000 470.000000 0.396032
360.000000 470.000000 0.469379
370.000000 470.000000 0.555824
380.000000 470.000000 0.725251
390.000000 470.000000 0.837680
400.000000 470.000000 0.917118
410.000000 470.000000 0.963385
420.000000 470.000000 0.985694
430.000000 470.000000 0.994719
440.000000 470.000000 0.998136
450.000000 470.000000 0.999388
460.000000 470.000000 0.999817
470.000000 470.000000 0.999950
480.000000 470.000000 0.999988
490.000000 470.000000 0.999997
500.000000 470.000000 0.999997
0.000000 480.000000 0.999999
10.000000 480.000000 0.999999
20.000000 480.000000 0.999996
30.000000 480.000000 0.999982
40.000000 480.000000 0.999932
50.000000 480.000000 0.999767
60.000000 480.000000 0.999313
70.000000 480.000000 0.998248
80.000000 480.000000 0.995941
90.000000 480.000000 0.990187
100.000000 480.000000 0.973194
110.000000 480.000000 0.929291
120.000000 480.000000 0.853076
130.000000 480.000000 0.749381
140.000000 480.000000 0.653213
150.000000 480.000000 0.521170
160.000000 480.000000 0.380187
170.000000 480.000000 0.356750
180.000000 480.000000 0.344236
190.000000 480.000000 0.233372
200.000000 480.000000 0.211506
210.000000 480.000000 0.209926
220.000000 480.000000 0.189711
230.000000 480.000000 0.174772
240.000000 480.000000 0.172551
250.000000 480.000000 0.186559
260.000000 480.000000 0.188839
270.000000 480.000000 0.181997
280.000000 480.000000 0.197500
290.000000 480.000000 0.202666
300.000000 480.000000 0.202939
310.000000 480.000000 0.211613
320.000000 480.000000 0.253446
330.000000 480.000000 0.336619
340.000000 480.000000 0.394308
350.000000 480.000000 0.526589
360.000000 480.000000 0.690709
370.000000 480.000000 0.771492
380.000000 480.000000 0.862352
390.000000 480.000000 0.931208
400.000000 480.000000 0.970015
410.000000 480.000000 0.988410
420.000000 480.000000 0.995886
430.000000 480.000000 0.998593
440.000000 480.000000 0.999531
450.000000 480.000000 0.999851
460.000000 480.000000 0.999956
470.000000 480.000000 0.999988
480.000000 480.000000 0.999997
490.000000 480.000000 0.999999
500.000000 480.000000 0.999999
0.000000 490.000000 1.000000
10.000000 490.000000 1.000000
20.000000 490.000000 0.999999
30.000000 490.000000 0.999995
40.000000 490.000000 0.999980
50.000000 490.000000 0.999931
60.000000 490.000000 0.999794
70.000000 490.000000 0.999445
80.000000 490.000000 0.998544
90.000000 490.000000 0.995960
100.000000 490.000000 0.988429
110.000000 490.000000 0.970086
120.000000 490.000000 0.936797
130.000000 490.000000 0.888299
140.000000 490.000000 0.826613
150.000000 490.000000 0.727961
160.000000 490.000000 0.576701
170.000000 490.000000 0.497571
180.000000 490.000000 0.382805
190.000000 490.000000 0.274790
200.000000 490.000000 0.245565
210.000000 490.000000 0.227210
220.000000 490.000000 0.203764
230.000000 490.000000 0.182160
240.000000 490.000000 0.174312
250.000000 490.000000 0.179662
260.000000 490.000000 0.183834
270.000000 490.000000 0.188934
280.000000 490.000000 0.212570
290.000000 490.000000 0.234315
300.000000 490.000000 0.262884
310.000000 490.000000 0.280098
320.000000 490.000000 0.355314
330.000000 490.000000 0.481361
340.000000 490.000000 0.611913
350.000000 490.000000 0.725923
360.000000 490.000000 0.812513
370.000000 490.000000 0.870699
380.000000 490.000000 0.927113
390.000000 490.000000 0.967008
400.000000 490.000000 0.987245
410.000000 490.000000 0.995605
420.000000 490.000000 0.998589
430.000000 490.000000 0.999560
440.000000 490.000000 0.999864
450.000000 490.000000 0.999959
460.000000 490.000000 0.999988
470.000000 490.000000 0.999997
480.000000 490.000000 0.999999
490.000000 490.000000 1.000000
500.000000 490.000000 1.000000
0.000000 500.000000 1.000000
10.000000 500.000000 1.000000
20.000000 500.000000 0.999999
30.000000 500.000000 0.999995
40.000000 500.000000 0.999980
50.000000 500.000000 0.999931
60.000000 500.000000 0.999794
70.000000 500.000000 0.999445
80.000000 500.000000 0.998544
90.000000 500.000000 0.995960
100.000000 500.000000 0.988429
110.000000 500.000000 0.970086
120.000000 500.000000 0.936797
130.000000 500.000000 0.888299
140.000000 500.000000 0.826613
150.000000 500.000000 0.727961
160.000000 500.000000 0.576701
170.000000 500.000000 0.497571
180.000000 500.000000 0.382805
190.000000 500.000000 0.274790
200.000000 500.000000 0.245565
210.000000 500.000000 0.227210
220.000000 500.000000 0.203764
230.000000 500.000000 0.182160
240.000000 500.000000 0.174312
250.000000 500.000000 0.179662
260.000000 500.000000 0.183834
270.000000 500.000000 0.188934
280.000000 500.000000 0.212570
290.000000 500.000000 0.234315
300.000000 500.000000 0.262884
310.000000 500.000000 0.280098
320.000000 500.000000 0.355314
330.000000 500.000000 0.481361
340.000000 500.000000 0.611913
350.000000 500.000000 0.725923
360.000000 500.000000 0.812513
370.000000 500.000000 0.870699
380.000000 500.000000 0.927113
390.000000 500.000000 0.967008
400.000000 500.000000 0.987245
410.000000 500.000000 0.995605
420.000000 500.000000 0.998589
430.000000 500.000000 0.999560
440.000000 500.000000 0.999864
450.000000 500.000000 0.999959
460.000000 500.000000 0.999988
470.000000 500.000000 0.999997
480.000000 500.000000 0.999999
490.000000 500.000000 1.000000
500.000000 500.000000 1.000000
