# 500.000000 500.000000
# 51 51
# 0 86 
0.000000 0.000000 0.998743
10.000000 0.000000 0.998743
20.000000 0.000000 0.997875
30.000000 0.000000 0.995744
40.000000 0.000000 0.991499
50.000000 0.000000 0.983734
60.000000 0.000000 0.970406
70.000000 0.000000 0.948826
80.000000 0.000000 0.915749
90.000000 0.000000 0.867705
100.000000 0.000000 0.801911
110.000000 0.000000 0.717948
120.000000 0.000000 0.617504
130.000000 0.000000 0.500041
140.000000 0.000000 0.374491
150.000000 0.000000 0.276526
160.000000 0.000000 0.211914
170.000000 0.000000 0.160854
180.000000 0.000000 0.121946
190.000000 0.000000 0.099439
200.000000 0.000000 0.090971
210.000000 0.000000 0.086546
220.000000 0.000000 0.076859
230.000000 0.000000 0.059801
240.000000 0.000000 0.040333
250.000000 0.000000 0.050397
260.000000 0.000000 0.091504
270.000000 0.000000 0.108453
280.000000 0.000000 0.104505
290.000000 0.000000 0.092082
300.000000 0.000000 0.082495
310.000000 0.000000 0.082929
320.000000 0.000000 0.102974
330.000000 0.000000 0.151836
340.000000 0.000000 0.219202
350.000000 0.000000 0.303379
360.000000 0.000000 0.394425
370.000000 0.000000 0.491851
380.000000 0.000000 0.594612
390.000000 0.000000 0.695179
400.000000 0.000000 0.784142
410.000000 0.000000 0.855593
420.000000 0.000000 0.908370
430.000000 0.000000 0.944626
440.000000 0.000000 0.968018
450.000000 0.000000 0.982324
460.000000 0.000000 0.990654
470.000000 0.000000 0.995251
480.000000 0.000000 0.997594
490.000000 0.000000 0.998563
500.000000 0.000000 0.998563
0.000000 10.000000 0.998743
10.000000 10.000000 0.998743
20.000000 10.000000 0.997875
30.000000 10.000000 0.995744
40.000000 10.000000 0.991499
50.000000 10.000000 0.983734
60.000000 10.000000 0.970406
70.000000 10.000000 0.948826
80.000000 10.000000 0.915749
90.000000 10.000000 0.867705
100.000000 10.000000 0.801911
110.000000 10.000000 0.717948
120.000000 10.000000 0.617504
130.000000 10.000000 0.500041
140.000000 10.000000 0.374491
150.000000 10.000000 0.276526
160.000000 10.000000 0.211914
170.000000 10.000000 0.160854
180.000000 10.000000 0.121946
190.000000 10.000000 0.099439
200.000000 10.000000 0.090971
210.000000 10.000000 0.086546
220.000000 10.000000 0.076859
230.000000 10.000000 0.059801
240.000000 10.000000 0.040333
250.000000 10.000000 0.050397
260.000000 10.000000 0.091504
270.000000 10.000000 0.108453
280.000000 10.000000 0.104505
290.000000 10.000000 0.092082
300.000000 10.000000 0.082495
310.000000 10.000000 0.082929
320.000000 10.000000 0.102974
330.000000 10.000000 0.151836
340.000000 10.000000 0.219202
350.000000 10.000000 0.303379
360.000000 10.000000 0.394425
370.000000 10.000000 0.491851
380.000000 10.000000 0.594612
390.000000 10.000000 0.695179
400.000000 10.000000 0.784142
410.000000 10.000000 0.855593
420.000000 10.000000 0.908370
430.000000 10.000000 0.944626
440.000000 10.000000 0.968018
450.000000 10.000000 0.982324
460.000000 10.000000 0.990654
470.000000 10.000000 0.995251
480.000000 10.000000 0.997594
490.000000 10.000000 0.998563
500.000000 10.000000 0.998563
0.000000 20.000000 0.997814
10.000000 20.000000 0.997814
20.000000 20.000000 0.996405
30.000000 20.000000 0.993023
40.000000 20.000000 0.986486
50.000000 20.000000 0.974940
60.000000 20.000000 0.955876
70.000000 20.000000 0.926253
80.000000 20.000000 0.882737
90.000000 20.000000 0.822071
100.000000 20.000000 0.742096
110.000000 20.000000 0.645198
120.000000 20.000000 0.537322
130.000000 20.000000 0.404165
140.000000 20.000000 0.256947
150.000000 20.000000 0.194501
160.000000 20.000000 0.164441
170.000000 20.000000 0.134771
180.000000 20.000000 0.108100
190.000000 20.000000 0.092079
200.000000 20.000000 0.085675
210.000000 20.000000 0.080313
220.000000 20.000000 0.066364
230.000000 20.000000 0.042342
240.000000 20.000000 0.032576
250.000000 20.000000 0.040356
260.000000 20.000000 0.069304
270.000000 20.000000 0.081280
280.000000 20.000000 0.086853
290.000000 20.000000 0.081606
300.000000 20.000000 0.070992
310.000000 20.000000 0.060485
320.000000 20.000000 0.060213
330.000000 20.000000 0.097083
340.000000 20.000000 0.152499
350.000000 20.000000 0.231980
360.000000 20.000000 0.316281
370.000000 20.000000 0.409778
380.000000 20.000000 0.515759
390.000000 20.000000 0.624524
400.000000 20.000000 0.725162
410.000000 20.000000 0.809636
420.000000 20.000000 0.874939
430.000000 20.000000 0.921853
440.000000 20.000000 0.953405
450.000000 20.000000 0.973471
460.000000 20.000000 0.985593
470.000000 20.000000 0.992505
480.000000 20.000000 0.996124
490.000000 20.000000 0.997646
500.000000 20.000000 0.997646
0.000000 30.000000 0.995512
10.000000 30.000000 0.995512
20.000000 30.000000 0.992844
30.000000 30.000000 0.986599
40.000000 30.000000 0.974964
50.000000 30.000000 0.955299
60.000000 30.000000 0.924385
70.000000 30.000000 0.878834
80.000000 30.000000 0.815570
90.000000 30.000000 0.731957
100.000000 30.000000 0.625258
110.000000 30.000000 0.504167
120.000000 30.000000 0.397617
130.000000 30.000000 0.262612
140.000000 30.000000 0.139112
150.000000 30.000000 0.109263
160.000000 30.000000 0.109750
170.000000 30.000000 0.098937
180.000000 30.000000 0.086623
190.000000 30.000000 0.078933
200.000000 30.000000 0.075174
210.000000 30.000000 0.069740
220.000000 30.000000 0.055121
230.000000 30.000000 0.033637
240.000000 30.000000 0.029112
250.000000 30.000000 0.031589
260.000000 30.000000 0.039912
270.000000 30.000000 0.044307
280.000000 30.000000 0.056648
290.000000 30.000000 0.065639
300.000000 30.000000 0.053476
310.000000 30.000000 0.040243
320.000000 30.000000 0.042058
330.000000 30.000000 0.061523
340.000000 30.000000 0.089176
350.000000 30.000000 0.137363
360.000000 30.000000 0.185815
370.000000 30.000000 0.267395
380.000000 30.000000 0.380918
390.000000 30.000000 0.499497
400.000000 30.000000 0.615524
410.000000 30.000000 0.719806
420.000000 30.000000 0.806753
430.000000 30.000000 0.873829
440.000000 30.000000 0.921745
450.000000 30.000000 0.953858
460.000000 30.000000 0.974172
470.000000 30.000000 0.986213
480.000000 30.000000 0.992707
490.000000 30.000000 0.995493
500.000000 30.000000 0.995493
0.000000 40.000000 0.990886
10.000000 40.000000 0.990886
20.000000 40.000000 0.985895
30.000000 40.000000 0.974519
40.000000 40.000000 0.954131
50.000000 40.000000 0.921268
60.000000 40.000000 0.872268
70.000000 40.000000 0.803999
80.000000 40.000000 0.714839
90.000000 40.000000 0.604180
100.000000 40.000000 0.457002
110.000000 40.000000 0.286221
120.000000 40.000000 0.227359
130.000000 40.000000 0.174451
140.000000 40.000000 0.090152
150.000000 40.000000 0.056247
160.000000 40.000000 0.060494
170.000000 40.000000 0.063472
180.000000 40.000000 0.063366
190.000000 40.000000 0.062623
200.000000 40.000000 0.060298
210.000000 40.000000 0.056086
220.000000 40.000000 0.049611
230.000000 40.000000 0.041564
240.000000 40.000000 0.043387
250.000000 40.000000 0.042640
260.000000 40.000000 0.044254
270.000000 40.000000 0.037264
280.000000 40.000000 0.043931
290.000000 40.000000 0.053829
300.000000 40.000000 0.042387
310.000000 40.000000 0.036382
320.000000 40.000000 0.050345
330.000000 40.000000 0.062013
340.000000 40.000000 0.068321
350.000000 40.000000 0.082090
360.000000 40.000000 0.089137
370.000000 40.000000 0.135897
380.000000 40.000000 0.236091
390.000000 40.000000 0.352548
400.000000 40.000000 0.475433
410.000000 40.000000 0.595342
420.000000 40.000000 0.705560
430.000000 40.000000 0.798468
440.000000 40.000000 0.869675
450.000000 40.000000 0.920354
460.000000 40.000000 0.954075
470.000000 40.000000 0.974870
480.000000 40.000000 0.986415
490.000000 40.000000 0.991459
500.000000 40.000000 0.991459
0.000000 50.000000 0.982387
10.000000 50.000000 0.982387
20.000000 50.000000 0.973545
30.000000 50.000000 0.953947
40.000000 50.000000 0.920284
50.000000 50.000000 0.868835
60.000000 50.000000 0.796512
70.000000 50.000000 0.701297
80.000000 50.000000 0.585382
90.000000 50.000000 0.461844
100.000000 50.000000 0.310063
110.000000 50.000000 0.161976
120.000000 50.000000 0.121996
130.000000 50.000000 0.105080
140.000000 50.000000 0.061551
150.000000 50.000000 0.035766
160.000000 50.000000 0.036586
170.000000 50.000000 0.040751
180.000000 50.000000 0.045743
190.000000 50.000000 0.047840
200.000000 50.000000 0.043652
210.000000 50.000000 0.038022
220.000000 50.000000 0.035095
230.000000 50.000000 0.035515
240.000000 50.000000 0.049956
250.000000 50.000000 0.058272
260.000000 50.000000 0.056897
270.000000 50.000000 0.042426
280.000000 50.000000 0.036866
290.000000 50.000000 0.045790
300.000000 50.000000 0.047853
310.000000 50.000000 0.047582
320.000000 50.000000 0.056032
330.000000 50.000000 0.053224
340.000000 50.000000 0.056629
350.000000 50.000000 0.061734
360.000000 50.000000 0.059739
370.000000 50.000000 0.080314
380.000000 50.000000 0.134326
390.000000 50.000000 0.223841
400.000000 50.000000 0.335882
410.000000 50.000000 0.457638
420.000000 50.000000 0.582703
430.000000 50.000000 0.698855
440.000000 50.000000 0.795327
450.000000 50.000000 0.869641
460.000000 50.000000 0.922381
470.000000 50.000000 0.956401
480.000000 50.000000 0.975878
490.000000 50.000000 0.984552
500.000000 50.000000 0.984552
0.000000 60.000000 0.967831
10.000000 60.000000 0.967831
20.000000 60.000000 0.953095
30.000000 60.000000 0.921374
40.000000 60.000000 0.869321
50.000000 60.000000 0.794454
60.000000 60.000000 0.696442
70.000000 60.000000 0.573639
80.000000 60.000000 0.430264
90.000000 60.000000 0.319656
100.000000 60.000000 0.229132
110.000000 60.000000 0.136727
120.000000 60.000000 0.093878
130.000000 60.000000 0.068355
140.000000 60.000000 0.047850
150.000000 60.000000 0.037572
160.000000 60.000000 0.034056
170.000000 60.000000 0.034203
180.000000 60.000000 0.038716
190.000000 60.000000 0.039722
200.000000 60.000000 0.033822
210.000000 60.000000 0.027281
220.000000 60.000000 0.023669
230.000000 60.000000 0.027008
240.000000 60.000000 0.046862
250.000000 60.000000 0.062882
260.000000 60.000000 0.063715
270.000000 60.000000 0.049049
280.000000 60.000000 0.032269
290.000000 60.000000 0.037439
300.000000 60.000000 0.048773
310.000000 60.000000 0.050645
320.000000 60.000000 0.045003
330.000000 60.000000 0.032642
340.000000 60.000000 0.034194
350.000000 60.000000 0.042063
360.000000 60.000000 0.048162
370.000000 60.000000 0.057765
380.000000 60.000000 0.085696
390.000000 60.000000 0.144985
400.000000 60.000000 0.230089
410.000000 60.000000 0.337077
420.000000 60.000000 0.459875
430.000000 60.000000 0.584463
440.000000 60.000000 0.698025
450.000000 60.000000 0.797775
460.000000 60.000000 0.875444
470.000000 60.000000 0.928096
480.000000 60.000000 0.959204
490.000000 60.000000 0.973335
500.000000 60.000000 0.973335
0.000000 70.000000 0.944475
10.000000 70.000000 0.944475
20.000000 70.000000 0.921338
30.000000 70.000000 0.872900
40.000000 70.000000 0.796836
50.000000 70.000000 0.694526
60.000000 70.000000 0.575114
70.000000 70.000000 0.432277
80.000000 70.000000 0.244292
90.000000 70.000000 0.170663
100.000000 70.000000 0.148918
110.000000 70.000000 0.104402
120.000000 70.000000 0.071383
130.000000 70.000000 0.052186
140.000000 70.000000 0.042744
150.000000 70.000000 0.038136
160.000000 70.000000 0.029264
170.000000 70.000000 0.027916
180.000000 70.000000 0.032697
190.000000 70.000000 0.033932
200.000000 70.000000 0.030630
210.000000 70.000000 0.026582
220.000000 70.000000 0.027191
230.000000 70.000000 0.032469
240.000000 70.000000 0.049660
250.000000 70.000000 0.063241
260.000000 70.000000 0.066321
270.000000 70.000000 0.054153
280.000000 70.000000 0.032450
290.000000 70.000000 0.031653
300.000000 70.000000 0.042586
310.000000 70.000000 0.041991
320.000000 70.000000 0.034841
330.000000 70.000000 0.024876
340.000000 70.000000 0.021878
350.000000 70.000000 0.024017
360.000000 70.000000 0.032841
370.000000 70.000000 0.043623
380.000000 70.000000 0.064691
390.000000 70.000000 0.104485
400.000000 70.000000 0.166103
410.000000 70.000000 0.250533
420.000000 70.000000 0.352583
430.000000 70.000000 0.459552
440.000000 70.000000 0.567438
450.000000 70.000000 0.694747
460.000000 70.000000 0.807417
470.000000 70.000000 0.886141
480.000000 70.000000 0.933735
490.000000 70.000000 0.955747
500.000000 70.000000 0.955747
0.000000 80.000000 0.909304
10.000000 80.000000 0.909304
20.000000 80.000000 0.874995
30.000000 80.000000 0.804689
40.000000 80.000000 0.697001
50.000000 80.000000 0.558320
60.000000 80.000000 0.434261
70.000000 80.000000 0.313276
80.000000 80.000000 0.159542
90.000000 80.000000 0.107113
100.000000 80.000000 0.102529
110.000000 80.000000 0.079837
120.000000 80.000000 0.060789
130.000000 80.000000 0.051008
140.000000 80.000000 0.046211
150.000000 80.000000 0.039887
160.000000 80.000000 0.024539
170.000000 80.000000 0.020222
180.000000 80.000000 0.020115
190.000000 80.000000 0.021738
200.000000 80.000000 0.022038
210.000000 80.000000 0.022468
220.000000 80.000000 0.030549
230.000000 80.000000 0.037625
240.000000 80.000000 0.045936
250.000000 80.000000 0.056924
260.000000 80.000000 0.063597
270.000000 80.000000 0.057894
280.000000 80.000000 0.041701
290.000000 80.000000 0.030978
300.000000 80.000000 0.029728
310.000000 80.000000 0.029556
320.000000 80.000000 0.024417
330.000000 80.000000 0.017854
340.000000 80.000000 0.017329
350.000000 80.000000 0.022284
360.000000 80.000000 0.029090
370.000000 80.000000 0.037877
380.000000 80.000000 0.056240
390.000000 80.000000 0.085185
400.000000 80.000000 0.130056
410.000000 80.000000 0.190483
420.000000 80.000000 0.257850
430.000000 80.000000 0.310044
440.000000 80.000000 0.358222
450.000000 80.000000 0.534843
460.000000 80.000000 0.710575
470.000000 80.000000 0.825841
480.000000 80.000000 0.896036
490.000000 80.000000 0.929053
500.000000 80.000000 0.929053
0.000000 90.000000 0.859595
10.000000 90.000000 0.859595
20.000000 90.000000 0.811745
30.000000 90.000000 0.714953
40.000000 90.000000 0.561956
50.000000 90.000000 0.343362
60.000000 90.000000 0.253754
70.000000 90.000000 0.216277
80.000000 90.000000 0.147120
90.000000 90.000000 0.104407
100.000000 90.000000 0.084125
110.000000 90.000000 0.068031
120.000000 90.000000 0.058695
130.000000 90.000000 0.055006
140.000000 90.000000 0.052311
150.000000 90.000000 0.046545
160.000000 90.000000 0.034521
170.000000 90.000000 0.027942
180.000000 90.000000 0.021881
190.000000 90.000000 0.020834
200.000000 90.000000 0.017533
210.000000 90.000000 0.018433
220.000000 90.000000 0.030529
230.000000 90.000000 0.035612
240.000000 90.000000 0.033727
250.000000 90.000000 0.042525
260.000000 90.000000 0.054543
270.000000 90.000000 0.051865
280.000000 90.000000 0.039255
290.000000 90.000000 0.023863
300.000000 90.000000 0.019274
310.000000 90.000000 0.017739
320.000000 90.000000 0.016370
330.000000 90.000000 0.016743
340.000000 90.000000 0.020331
350.000000 90.000000 0.030334
360.000000 90.000000 0.035308
370.000000 90.000000 0.041493
380.000000 90.000000 0.052679
390.000000 90.000000 0.069409
400.000000 90.000000 0.102497
410.000000 90.000000 0.145272
420.000000 90.000000 0.181582
430.000000 90.000000 0.185202
440.000000 90.000000 0.207560
450.000000 90.000000 0.369992
460.000000 90.000000 0.593894
470.000000 90.000000 0.745021
480.000000 90.000000 0.842817
490.000000 90.000000 0.890333
500.000000 90.000000 0.890333
0.000000 100.000000 0.793543
10.000000 100.000000 0.793543
20.000000 100.000000 0.731752
30.000000 100.000000 0.611623
40.000000 100.000000 0.434278
50.000000 100.000000 0.219155
60.000000 100.000000 0.149870
70.000000 100.000000 0.146107
80.000000 100.000000 0.116826
90.000000 100.000000 0.088728
100.000000 100.000000 0.068154
110.000000 100.000000 0.057003
120.000000 100.000000 0.055301
130.000000 100.000000 0.057139
140.000000 100.000000 0.057534
150.000000 100.000000 0.054253
160.000000 100.000000 0.047864
170.000000 100.000000 0.042404
180.000000 100.000000 0.037723
190.000000 100.000000 0.033324
200.000000 100.000000 0.024879
210.000000 100.000000 0.019422
220.000000 100.000000 0.028763
230.000000 100.000000 0.038286
240.000000 100.000000 0.035073
250.000000 100.000000 0.040226
260.000000 100.000000 0.047906
270.000000 100.000000 0.043356
280.000000 100.000000 0.033226
290.000000 100.000000 0.025373
300.000000 100.000000 0.023162
310.000000 100.000000 0.020794
320.000000 100.000000 0.020433
330.000000 100.000000 0.023757
340.000000 100.000000 0.027665
350.000000 100.000000 0.035719
360.000000 100.000000 0.041144
370.000000 100.000000 0.044510
380.000000 100.000000 0.044756
390.000000 100.000000 0.046585
400.000000 100.000000 0.072113
410.000000 100.000000 0.111347
420.000000 100.000000 0.137727
430.000000 100.000000 0.150993
440.000000 100.000000 0.180021
450.000000 100.000000 0.306657
460.000000 100.000000 0.471315
470.000000 100.000000 0.639444
480.000000 100.000000 0.770996
490.000000 100.000000 0.837273
500.000000 100.000000 0.837273
0.000000 110.000000 0.709834
10.000000 110.000000 0.709834
20.000000 110.000000 0.634443
30.000000 110.000000 0.495312
40.000000 110.000000 0.337941
50.000000 110.000000 0.199164
60.000000 110.000000 0.134344
70.000000 110.000000 0.111524
80.000000 110.000000 0.091261
90.000000 110.000000 0.070622
100.000000 110.000000 0.051036
110.000000 110.000000 0.044616
120.000000 110.000000 0.049841
130.000000 110.000000 0.056752
140.000000 110.000000 0.060925
150.000000 110.000000 0.060632
160.000000 110.000000 0.057068
170.000000 110.000000 0.052845
180.000000 110.000000 0.048837
190.000000 110.000000 0.044095
200.000000 110.000000 0.035302
210.000000 110.000000 0.025869
220.000000 110.000000 0.033402
230.000000 110.000000 0.047570
240.000000 110.000000 0.049742
250.000000 110.000000 0.049609
260.000000 110.000000 0.047526
270.000000 110.000000 0.040106
280.000000 110.000000 0.031800
290.000000 110.000000 0.028692
300.000000 110.000000 0.029557
310.000000 110.000000 0.030582
320.000000 110.000000 0.031188
330.000000 110.000000 0.031160
340.000000 110.000000 0.032951
350.000000 110.000000 0.037667
360.000000 110.000000 0.040496
370.000000 110.000000 0.043017
380.000000 110.000000 0.042006
390.000000 110.000000 0.041795
400.000000 110.000000 0.061007
410.000000 110.000000 0.089720
420.000000 110.000000 0.108918
430.000000 110.000000 0.125018
440.000000 110.000000 0.154030
450.000000 110.000000 0.201812
460.000000 110.000000 0.272780
470.000000 110.000000 0.478909
480.000000 110.000000 0.677591
490.000000 110.000000 0.769067
500.000000 110.000000 0.769067
0.000000 120.000000 0.608163
10.000000 120.000000 0.608163
20.000000 120.000000 0.516751
30.000000 120.000000 0.330405
40.000000 120.000000 0.185549
50.000000 120.000000 0.135977
60.000000 120.000000 0.103278
70.000000 120.000000 0.085086
80.000000 120.000000 0.071100
90.000000 120.000000 0.053566
100.000000 120.000000 0.031172
110.000000 120.000000 0.029912
120.000000 120.000000 0.044838
130.000000 120.000000 0.055715
140.000000 120.000000 0.062534
150.000000 120.000000 0.064499
160.000000 120.000000 0.062796
170.000000 120.000000 0.059732
180.000000 120.000000 0.056693
190.000000 120.000000 0.053461
200.000000 120.000000 0.048837
210.000000 120.000000 0.043960
220.000000 120.000000 0.046824
230.000000 120.000000 0.052533
240.000000 120.000000 0.053885
250.000000 120.000000 0.051066
260.000000 120.000000 0.045295
270.000000 120.000000 0.037030
280.000000 120.000000 0.030322
290.000000 120.000000 0.028024
300.000000 120.000000 0.030029
310.000000 120.000000 0.033713
320.000000 120.000000 0.037196
330.000000 120.000000 0.038780
340.000000 120.000000 0.038323
350.000000 120.000000 0.034501
360.000000 120.000000 0.027797
370.000000 120.000000 0.032610
380.000000 120.000000 0.039264
390.000000 120.000000 0.047486
400.000000 120.000000 0.060833
410.000000 120.000000 0.075598
420.000000 120.000000 0.087318
430.000000 120.000000 0.099689
440.000000 120.000000 0.119647
450.000000 120.000000 0.141243
460.000000 120.000000 0.190172
470.000000 120.000000 0.377243
480.000000 120.000000 0.586707
490.000000 120.000000 0.690136
500.000000 120.000000 0.690136
0.000000 130.000000 0.496273
10.000000 130.000000 0.496273
20.000000 130.000000 0.403762
30.000000 130.000000 0.229635
40.000000 130.000000 0.116081
50.000000 130.000000 0.088004
60.000000 130.000000 0.071769
70.000000 130.000000 0.062973
80.000000 130.000000 0.055796
90.000000 130.000000 0.044593
100.000000 130.000000 0.028893
110.000000 130.000000 0.030381
120.000000 130.000000 0.045177
130.000000 130.000000 0.055861
140.000000 130.000000 0.062586
150.000000 130.000000 0.065054
160.000000 130.000000 0.064317
170.000000 130.000000 0.062204
180.000000 130.000000 0.060048
190.000000 130.000000 0.058035
200.000000 130.000000 0.055242
210.000000 130.000000 0.050985
220.000000 130.000000 0.046529
230.000000 130.000000 0.045605
240.000000 130.000000 0.046791
250.000000 130.000000 0.044381
260.000000 130.000000 0.038931
270.000000 130.000000 0.030916
280.000000 130.000000 0.024431
290.000000 130.000000 0.018952
300.000000 130.000000 0.021733
310.000000 130.000000 0.028582
320.000000 130.000000 0.036440
330.000000 130.000000 0.042770
340.000000 130.000000 0.042286
350.000000 130.000000 0.034460
360.000000 130.000000 0.023974
370.000000 130.000000 0.024533
380.000000 130.000000 0.029965
390.000000 130.000000 0.042335
400.000000 130.000000 0.054115
410.000000 130.000000 0.062378
420.000000 130.000000 0.070551
430.000000 130.000000 0.081917
440.000000 130.000000 0.102134
450.000000 130.000000 0.139214
460.000000 130.000000 0.209836
470.000000 130.000000 0.352674
480.000000 130.000000 0.503162
490.000000 130.000000 0.599313
500.000000 130.000000 0.599313
0.000000 140.000000 0.380481
10.000000 140.000000 0.380481
20.000000 140.000000 0.298042
30.000000 140.000000 0.192975
40.000000 140.000000 0.112898
50.000000 140.000000 0.075109
60.000000 140.000000 0.056585
70.000000 140.000000 0.050356
80.000000 140.000000 0.046385
90.000000 140.000000 0.041211
100.000000 140.000000 0.037551
110.000000 140.000000 0.040976
120.000000 140.000000 0.049462
130.000000 140.000000 0.056702
140.000000 140.000000 0.061069
150.000000 140.000000 0.062446
160.000000 140.000000 0.061650
170.000000 140.000000 0.059748
180.000000 140.000000 0.057710
190.000000 140.000000 0.056390
200.000000 140.000000 0.054601
210.000000 140.000000 0.049301
220.000000 140.000000 0.038770
230.000000 140.000000 0.034201
240.000000 140.000000 0.036684
250.000000 140.000000 0.036642
260.000000 140.000000 0.033877
270.000000 140.000000 0.028141
280.000000 140.000000 0.022403
290.000000 140.000000 0.015877
300.000000 140.000000 0.016499
310.000000 140.000000 0.019677
320.000000 140.000000 0.028867
330.000000 140.000000 0.043018
340.000000 140.000000 0.046176
350.000000 140.000000 0.043627
360.000000 140.000000 0.037192
370.000000 140.000000 0.033060
380.000000 140.000000 0.032345
390.000000 140.000000 0.040790
400.000000 140.000000 0.046957
410.000000 140.000000 0.050264
420.000000 140.000000 0.056938
430.000000 140.000000 0.068758
440.000000 140.000000 0.088210
450.000000 140.000000 0.124507
460.000000 140.000000 0.188281
470.000000 140.000000 0.286223
480.000000 140.000000 0.395968
490.000000 140.000000 0.486908
500.000000 140.000000 0.486908
0.000000 150.000000 0.255916
10.000000 150.000000 0.255916
20.000000 150.000000 0.158656
30.000000 150.000000 0.112945
40.000000 150.000000 0.088768
50.000000 150.000000 0.064695
60.000000 150.000000 0.050696
70.000000 150.000000 0.045300
80.000000 150.000000 0.041706
90.000000 150.000000 0.038852
100.000000 150.000000 0.040098
110.000000 150.000000 0.045711
120.000000 150.000000 0.052166
130.000000 150.000000 0.056553
140.000000 150.000000 0.058409
150.000000 150.000000 0.058110
160.000000 150.000000 0.056171
170.000000 150.000000 0.052829
180.000000 150.000000 0.048936
190.000000 150.000000 0.048580
200.000000 150.000000 0.050348
210.000000 150.000000 0.048336
220.000000 150.000000 0.040439
230.000000 150.000000 0.035573
240.000000 150.000000 0.035919
250.000000 150.000000 0.034728
260.000000 150.000000 0.032355
270.000000 150.000000 0.028848
280.000000 150.000000 0.026093
290.000000 150.000000 0.023597
300.000000 150.000000 0.023853
310.000000 150.000000 0.023828
320.000000 150.000000 0.031835
330.000000 150.000000 0.042369
340.000000 150.000000 0.047028
350.000000 150.000000 0.049309
360.000000 150.000000 0.047908
370.000000 150.000000 0.044682
380.000000 150.000000 0.042291
390.000000 150.000000 0.042710
400.000000 150.000000 0.041363
410.000000 150.000000 0.039818
420.000000 150.000000 0.045849
430.000000 150.000000 0.059832
440.000000 150.000000 0.077848
450.000000 150.000000 0.106600
460.000000 150.000000 0.150768
470.000000 150.000000 0.203967
480.000000 150.000000 0.254206
490.000000 150.000000 0.348752
500.000000 150.000000 0.348752
0.000000 160.000000 0.173608
10.000000 160.000000 0.173608
20.000000 160.000000 0.100792
30.000000 160.000000 0.075045
40.000000 160.000000 0.068588
50.000000 160.000000 0.054629
60.000000 160.000000 0.045280
70.000000 160.000000 0.042004
80.000000 160.000000 0.040135
90.000000 160.000000 0.039258
100.000000 160.000000 0.042284
110.000000 160.000000 0.047931
120.000000 160.000000 0.052397
130.000000 160.000000 0.054808
140.000000 160.000000 0.055277
150.000000 160.000000 0.053479
160.000000 160.000000 0.049252
170.000000 160.000000 0.041911
180.000000 160.000000 0.030926
190.000000 160.000000 0.033226
200.000000 160.000000 0.045031
210.000000 160.000000 0.050109
220.000000 160.000000 0.049238
230.000000 160.000000 0.045857
240.000000 160.000000 0.041621
250.000000 160.000000 0.035841
260.000000 160.000000 0.030509
270.000000 160.000000 0.027128
280.000000 160.000000 0.026296
290.000000 160.000000 0.026570
300.000000 160.000000 0.027255
310.000000 160.000000 0.031636
320.000000 160.000000 0.037089
330.000000 160.000000 0.038391
340.000000 160.000000 0.042683
350.000000 160.000000 0.049349
360.000000 160.000000 0.050788
370.000000 160.000000 0.047901
380.000000 160.000000 0.043906
390.000000 160.000000 0.040469
400.000000 160.000000 0.035335
410.000000 160.000000 0.027544
420.000000 160.000000 0.032879
430.000000 160.000000 0.054974
440.000000 160.000000 0.073267
450.000000 160.000000 0.093949
460.000000 160.000000 0.118489
470.000000 160.000000 0.131500
480.000000 160.000000 0.144405
490.000000 160.000000 0.214693
500.000000 160.000000 0.214693
0.000000 170.000000 0.131408
10.000000 170.000000 0.131408
20.000000 170.000000 0.098385
30.000000 170.000000 0.074404
40.000000 170.000000 0.059398
50.000000 170.000000 0.045891
60.000000 170.000000 0.038276
70.000000 170.000000 0.038255
80.000000 170.000000 0.040064
90.000000 170.000000 0.041856
100.000000 170.000000 0.045026
110.000000 170.000000 0.048014
120.000000 170.000000 0.048309
130.000000 170.000000 0.049673
140.000000 170.000000 0.051024
150.000000 170.000000 0.048432
160.000000 170.000000 0.041528
170.000000 170.000000 0.031093
180.000000 170.000000 0.020442
190.000000 170.000000 0.025111
200.000000 170.000000 0.042522
210.000000 170.000000 0.052450
220.000000 170.000000 0.055643
230.000000 170.000000 0.052747
240.000000 170.000000 0.045118
250.000000 170.000000 0.035444
260.000000 170.000000 0.028344
270.000000 170.000000 0.025460
280.000000 170.000000 0.025100
290.000000 170.000000 0.024130
300.000000 170.000000 0.020416
310.000000 170.000000 0.026659
320.000000 170.000000 0.036974
330.000000 170.000000 0.036382
340.000000 170.000000 0.040149
350.000000 170.000000 0.048064
360.000000 170.000000 0.050016
370.000000 170.000000 0.046677
380.000000 170.000000 0.041444
390.000000 170.000000 0.036420
400.000000 170.000000 0.030760
410.000000 170.000000 0.022501
420.000000 170.000000 0.028426
430.000000 170.000000 0.053662
440.000000 170.000000 0.071787
450.000000 170.000000 0.086346
460.000000 170.000000 0.101779
470.000000 170.000000 0.115299
480.000000 170.000000 0.130086
490.000000 170.000000 0.185825
500.000000 170.000000 0.185825
0.000000 180.000000 0.091339
10.000000 180.000000 0.091339
20.000000 180.000000 0.078446
30.000000 180.000000 0.064650
40.000000 180.000000 0.052243
50.000000 180.000000 0.038104
60.000000 180.000000 0.031147
70.000000 180.000000 0.036015
80.000000 180.000000 0.041599
90.000000 180.000000 0.045438
100.000000 180.000000 0.047465
110.000000 180.000000 0.044778
120.000000 180.000000 0.034880
130.000000 180.000000 0.037493
140.000000 180.000000 0.044561
150.000000 180.000000 0.041773
160.000000 180.000000 0.032801
170.000000 180.000000 0.024255
180.000000 180.000000 0.021666
190.000000 180.000000 0.029585
200.000000 180.000000 0.043586
210.000000 180.000000 0.054079
220.000000 180.000000 0.058281
230.000000 180.000000 0.054933
240.000000 180.000000 0.045217
250.000000 180.000000 0.033847
260.000000 180.000000 0.027591
270.000000 180.000000 0.026940
280.000000 180.000000 0.027849
290.000000 180.000000 0.027610
300.000000 180.000000 0.024631
310.000000 180.000000 0.031812
320.000000 180.000000 0.042266
330.000000 180.000000 0.042802
340.000000 180.000000 0.045314
350.000000 180.000000 0.050309
360.000000 180.000000 0.051300
370.000000 180.000000 0.047924
380.000000 180.000000 0.042219
390.000000 180.000000 0.036317
400.000000 180.000000 0.031651
410.000000 180.000000 0.029797
420.000000 180.000000 0.037550
430.000000 180.000000 0.055671
440.000000 180.000000 0.069591
450.000000 180.000000 0.078042
460.000000 180.000000 0.088030
470.000000 180.000000 0.106144
480.000000 180.000000 0.134046
490.000000 180.000000 0.167819
500.000000 180.000000 0.167819
0.000000 190.000000 0.058809
10.000000 190.000000 0.058809
20.000000 190.000000 0.056634
30.000000 190.000000 0.053125
40.000000 190.000000 0.046761
50.000000 190.000000 0.030406
60.000000 190.000000 0.024917
70.000000 190.000000 0.036493
80.000000 190.000000 0.045978
90.000000 190.000000 0.050750
100.000000 190.000000 0.051159
110.000000 190.000000 0.043415
120.000000 190.000000 0.028907
130.000000 190.000000 0.030631
140.000000 190.000000 0.039629
150.000000 190.000000 0.034122
160.000000 190.000000 0.023979
170.000000 190.000000 0.020915
180.000000 190.000000 0.024145
190.000000 190.000000 0.032654
200.000000 190.000000 0.043564
210.000000 190.000000 0.052811
220.000000 190.000000 0.056931
230.000000 190.000000 0.053501
240.000000 190.000000 0.043135
250.000000 190.000000 0.031460
260.000000 190.000000 0.026982
270.000000 190.000000 0.029129
280.000000 190.000000 0.032183
290.000000 190.000000 0.034704
300.000000 190.000000 0.037726
310.000000 190.000000 0.043259
320.000000 190.000000 0.047508
330.000000 190.000000 0.047545
340.000000 190.000000 0.049146
350.000000 190.000000 0.053224
360.000000 190.000000 0.055213
370.000000 190.000000 0.053081
380.000000 190.000000 0.047518
390.000000 190.000000 0.040751
400.000000 190.000000 0.035671
410.000000 190.000000 0.034767
420.000000 190.000000 0.040446
430.000000 190.000000 0.054043
440.000000 190.000000 0.065248
450.000000 190.000000 0.068006
460.000000 190.000000 0.072335
470.000000 190.000000 0.088695
480.000000 190.000000 0.115564
490.000000 190.000000 0.139912
500.000000 190.000000 0.139912
0.000000 200.000000 0.028388
10.000000 200.000000 0.028388
20.000000 200.000000 0.035308
30.000000 200.000000 0.040979
40.000000 200.000000 0.044562
50.000000 200.000000 0.037162
60.000000 200.000000 0.034087
70.000000 200.000000 0.045697
80.000000 200.000000 0.053732
90.000000 200.000000 0.057213
100.000000 200.000000 0.056467
110.000000 200.000000 0.050794
120.000000 200.000000 0.040138
130.000000 200.000000 0.039469
140.000000 200.000000 0.040477
150.000000 200.000000 0.032048
160.000000 200.000000 0.022863
170.000000 200.000000 0.022772
180.000000 200.000000 0.026541
190.000000 200.000000 0.032303
200.000000 200.000000 0.039399
210.000000 200.000000 0.047111
220.000000 200.000000 0.052065
230.000000 200.000000 0.049862
240.000000 200.000000 0.039890
250.000000 200.000000 0.026992
260.000000 200.000000 0.024261
270.000000 200.000000 0.029397
280.000000 200.000000 0.033889
290.000000 200.000000 0.036934
300.000000 200.000000 0.040156
310.000000 200.000000 0.043393
320.000000 200.000000 0.044452
330.000000 200.000000 0.044282
340.000000 200.000000 0.047353
350.000000 200.000000 0.054033
360.000000 200.000000 0.058987
370.000000 200.000000 0.058512
380.000000 200.000000 0.052996
390.000000 200.000000 0.045467
400.000000 200.000000 0.039360
410.000000 200.000000 0.035574
420.000000 200.000000 0.033027
430.000000 200.000000 0.045386
440.000000 200.000000 0.060759
450.000000 200.000000 0.060277
460.000000 200.000000 0.058446
470.000000 200.000000 0.067009
480.000000 200.000000 0.092027
490.000000 200.000000 0.114854
500.000000 200.000000 0.114854
0.000000 210.000000 0.022363
10.000000 210.000000 0.022363
20.000000 210.000000 0.024080
30.000000 210.000000 0.029566
40.000000 210.000000 0.043267
50.000000 210.000000 0.048761
60.000000 210.000000 0.050594
70.000000 210.000000 0.055741
80.000000 210.000000 0.060018
90.000000 210.000000 0.060738
100.000000 210.000000 0.057915
110.000000 210.000000 0.052772
120.000000 210.000000 0.047104
130.000000 210.000000 0.044328
140.000000 210.000000 0.041305
150.000000 210.000000 0.033891
160.000000 210.000000 0.028099
170.000000 210.000000 0.027778
180.000000 210.000000 0.027648
190.000000 210.000000 0.028410
200.000000 210.000000 0.029056
210.000000 210.000000 0.036615
220.000000 210.000000 0.045753
230.000000 210.000000 0.045756
240.000000 210.000000 0.035418
250.000000 210.000000 0.019193
260.000000 210.000000 0.017895
270.000000 210.000000 0.027993
280.000000 210.000000 0.034132
290.000000 210.000000 0.036607
300.000000 210.000000 0.037435
310.000000 210.000000 0.037300
320.000000 210.000000 0.036336
330.000000 210.000000 0.038414
340.000000 210.000000 0.045707
350.000000 210.000000 0.055202
360.000000 210.000000 0.061474
370.000000 210.000000 0.060978
380.000000 210.000000 0.054850
390.000000 210.000000 0.046986
400.000000 210.000000 0.041155
410.000000 210.000000 0.036378
420.000000 210.000000 0.030366
430.000000 210.000000 0.041570
440.000000 210.000000 0.060940
450.000000 210.000000 0.059537
460.000000 210.000000 0.049571
470.000000 210.000000 0.042783
480.000000 210.000000 0.063195
490.000000 210.000000 0.094039
500.000000 210.000000 0.094039
0.000000 220.000000 0.037445
10.000000 220.000000 0.037445
20.000000 220.000000 0.031085
30.000000 220.000000 0.031993
40.000000 220.000000 0.044470
50.000000 220.000000 0.051171
60.000000 220.000000 0.053131
70.000000 220.000000 0.056981
80.000000 220.000000 0.059923
90.000000 220.000000 0.058365
100.000000 220.000000 0.052997
110.000000 220.000000 0.047096
120.000000 220.000000 0.043261
130.000000 220.000000 0.040947
140.000000 220.000000 0.036260
150.000000 220.000000 0.025620
160.000000 220.000000 0.024904
170.000000 220.000000 0.029916
180.000000 220.000000 0.029140
190.000000 220.000000 0.026156
200.000000 220.000000 0.022354
210.000000 220.000000 0.029184
220.000000 220.000000 0.042156
230.000000 220.000000 0.043356
240.000000 220.000000 0.034382
250.000000 220.000000 0.019322
260.000000 220.000000 0.017323
270.000000 220.000000 0.027320
280.000000 220.000000 0.034998
290.000000 220.000000 0.037084
300.000000 220.000000 0.035249
310.000000 220.000000 0.032664
320.000000 220.000000 0.032505
330.000000 220.000000 0.038518
340.000000 220.000000 0.049300
350.000000 220.000000 0.058555
360.000000 220.000000 0.062203
370.000000 220.000000 0.058717
380.000000 220.000000 0.051002
390.000000 220.000000 0.043416
400.000000 220.000000 0.040535
410.000000 220.000000 0.042194
420.000000 220.000000 0.042664
430.000000 220.000000 0.052492
440.000000 220.000000 0.063254
450.000000 220.000000 0.062511
460.000000 220.000000 0.054271
470.000000 220.000000 0.045532
480.000000 220.000000 0.061141
490.000000 220.000000 0.083973
500.000000 220.000000 0.083973
0.000000 230.000000 0.049326
10.000000 230.000000 0.049326
20.000000 230.000000 0.044494
30.000000 230.000000 0.043275
40.000000 230.000000 0.049003
50.000000 230.000000 0.052268
60.000000 230.000000 0.052180
70.000000 230.000000 0.054718
80.000000 230.000000 0.056394
90.000000 230.000000 0.052510
100.000000 230.000000 0.044287
110.000000 230.000000 0.037014
120.000000 230.000000 0.034864
130.000000 230.000000 0.034736
140.000000 230.000000 0.031261
150.000000 230.000000 0.021846
160.000000 230.000000 0.024137
170.000000 230.000000 0.034314
180.000000 230.000000 0.035734
190.000000 230.000000 0.034024
200.000000 230.000000 0.031146
210.000000 230.000000 0.036691
220.000000 230.000000 0.044051
230.000000 230.000000 0.042404
240.000000 230.000000 0.033738
250.000000 230.000000 0.022308
260.000000 230.000000 0.018942
270.000000 230.000000 0.026752
280.000000 230.000000 0.035803
290.000000 230.000000 0.038066
300.000000 230.000000 0.034917
310.000000 230.000000 0.032010
320.000000 230.000000 0.034900
330.000000 230.000000 0.044399
340.000000 230.000000 0.055092
350.000000 230.000000 0.060898
360.000000 230.000000 0.059304
370.000000 230.000000 0.050942
380.000000 230.000000 0.041507
390.000000 230.000000 0.034854
400.000000 230.000000 0.035434
410.000000 230.000000 0.041783
420.000000 230.000000 0.045244
430.000000 230.000000 0.049417
440.000000 230.000000 0.056641
450.000000 230.000000 0.061259
460.000000 230.000000 0.062890
470.000000 230.000000 0.064732
480.000000 230.000000 0.072952
490.000000 230.000000 0.081469
500.000000 230.000000 0.081469
0.000000 240.000000 0.057031
10.000000 240.000000 0.057031
20.000000 240.000000 0.054456
30.000000 240.000000 0.054078
40.000000 240.000000 0.058009
50.000000 240.000000 0.060047
60.000000 240.000000 0.058587
70.000000 240.000000 0.058120
80.000000 240.000000 0.055892
90.000000 240.000000 0.048557
100.000000 240.000000 0.036622
110.000000 240.000000 0.026225
120.000000 240.000000 0.026932
130.000000 240.000000 0.030849
140.000000 240.000000 0.033172
150.000000 240.000000 0.032074
160.000000 240.000000 0.036409
170.000000 240.000000 0.043369
180.000000 240.000000 0.045699
190.000000 240.000000 0.045950
200.000000 240.000000 0.046255
210.000000 240.000000 0.048091
220.000000 240.000000 0.047581
230.000000 240.000000 0.041417
240.000000 240.000000 0.032554
250.000000 240.000000 0.024696
260.000000 240.000000 0.022661
270.000000 240.000000 0.029413
280.000000 240.000000 0.037185
290.000000 240.000000 0.039109
300.000000 240.000000 0.035468
310.000000 240.000000 0.032275
320.000000 240.000000 0.036527
330.000000 240.000000 0.047847
340.000000 240.000000 0.057676
350.000000 240.000000 0.059906
360.000000 240.000000 0.053151
370.000000 240.000000 0.039222
380.000000 240.000000 0.029149
390.000000 240.000000 0.023610
400.000000 240.000000 0.027791
410.000000 240.000000 0.039053
420.000000 240.000000 0.041233
430.000000 240.000000 0.041577
440.000000 240.000000 0.048087
450.000000 240.000000 0.056997
460.000000 240.000000 0.063571
470.000000 240.000000 0.067022
480.000000 240.000000 0.072536
490.000000 240.000000 0.078369
500.000000 240.000000 0.078369
0.000000 250.000000 0.061919
10.000000 250.000000 0.061919
20.000000 250.000000 0.062272
30.000000 250.000000 0.064526
40.000000 250.000000 0.068712
50.000000 250.000000 0.070920
60.000000 250.000000 0.069188
70.000000 250.000000 0.065362
80.000000 250.000000 0.058806
90.000000 250.000000 0.048143
100.000000 250.000000 0.030833
110.000000 250.000000 0.017868
120.000000 250.000000 0.019985
130.000000 250.000000 0.028902
140.000000 250.000000 0.035662
150.000000 250.000000 0.041044
160.000000 250.000000 0.046942
170.000000 250.000000 0.052486
180.000000 250.000000 0.055453
190.000000 250.000000 0.056658
200.000000 250.000000 0.057199
210.000000 250.000000 0.056164
220.000000 250.000000 0.050741
230.000000 250.000000 0.041180
240.000000 250.000000 0.032686
250.000000 250.000000 0.027622
260.000000 250.000000 0.026298
270.000000 250.000000 0.030230
280.000000 250.000000 0.037159
290.000000 250.000000 0.039739
300.000000 250.000000 0.036148
310.000000 250.000000 0.031536
320.000000 250.000000 0.033590
330.000000 250.000000 0.044574
340.000000 250.000000 0.054767
350.000000 250.000000 0.055728
360.000000 250.000000 0.045697
370.000000 250.000000 0.025492
380.000000 250.000000 0.017094
390.000000 250.000000 0.016376
400.000000 250.000000 0.023100
410.000000 250.000000 0.039257
420.000000 250.000000 0.044034
430.000000 250.000000 0.043832
440.000000 250.000000 0.048126
450.000000 250.000000 0.055422
460.000000 250.000000 0.059590
470.000000 250.000000 0.055897
480.000000 250.000000 0.059749
490.000000 250.000000 0.070784
500.000000 250.000000 0.070784
0.000000 260.000000 0.062471
10.000000 260.000000 0.062471
20.000000 260.000000 0.064628
30.000000 260.000000 0.069150
40.000000 260.000000 0.074286
50.000000 260.000000 0.077190
60.000000 260.000000 0.075836
70.000000 260.000000 0.070517
80.000000 260.000000 0.062113
90.000000 260.000000 0.051137
100.000000 260.000000 0.035145
110.000000 260.000000 0.018073
120.000000 260.000000 0.018286
130.000000 260.000000 0.028495
140.000000 260.000000 0.037160
150.000000 260.000000 0.045198
160.000000 260.000000 0.052714
170.000000 260.000000 0.058962
180.000000 260.000000 0.062786
190.000000 260.000000 0.064528
200.000000 260.000000 0.064925
210.000000 260.000000 0.062707
220.000000 260.000000 0.055558
230.000000 260.000000 0.044819
240.000000 260.000000 0.035955
250.000000 260.000000 0.029478
260.000000 260.000000 0.022583
270.000000 260.000000 0.021365
280.000000 260.000000 0.032386
290.000000 260.000000 0.039686
300.000000 260.000000 0.037475
310.000000 260.000000 0.031043
320.000000 260.000000 0.028419
330.000000 260.000000 0.035326
340.000000 260.000000 0.046319
350.000000 260.000000 0.049787
360.000000 260.000000 0.041199
370.000000 260.000000 0.024774
380.000000 260.000000 0.018548
390.000000 260.000000 0.021366
400.000000 260.000000 0.029054
410.000000 260.000000 0.042816
420.000000 260.000000 0.051012
430.000000 260.000000 0.052207
440.000000 260.000000 0.053074
450.000000 260.000000 0.055894
460.000000 260.000000 0.054630
470.000000 260.000000 0.038707
480.000000 260.000000 0.038882
490.000000 260.000000 0.056056
500.000000 260.000000 0.056056
0.000000 270.000000 0.059498
10.000000 270.000000 0.059498
20.000000 270.000000 0.061760
30.000000 270.000000 0.067149
40.000000 270.000000 0.072964
50.000000 270.000000 0.076684
60.000000 270.000000 0.076009
70.000000 270.000000 0.070473
80.000000 270.000000 0.061942
90.000000 270.000000 0.052611
100.000000 270.000000 0.039910
110.000000 270.000000 0.020396
120.000000 270.000000 0.016916
130.000000 270.000000 0.027952
140.000000 270.000000 0.037648
150.000000 270.000000 0.046638
160.000000 270.000000 0.055036
170.000000 270.000000 0.062025
180.000000 270.000000 0.066351
190.000000 270.000000 0.068182
200.000000 270.000000 0.068607
210.000000 270.000000 0.066916
220.000000 270.000000 0.061035
230.000000 270.000000 0.051370
240.000000 270.000000 0.041216
250.000000 270.000000 0.030433
260.000000 270.000000 0.018878
270.000000 270.000000 0.018058
280.000000 270.000000 0.030748
290.000000 270.000000 0.040393
300.000000 270.000000 0.039789
310.000000 270.000000 0.033159
320.000000 270.000000 0.025566
330.000000 270.000000 0.022468
340.000000 270.000000 0.031730
350.000000 270.000000 0.043274
360.000000 270.000000 0.039123
370.000000 270.000000 0.028874
380.000000 270.000000 0.023139
390.000000 270.000000 0.025977
400.000000 270.000000 0.034739
410.000000 270.000000 0.047426
420.000000 270.000000 0.056633
430.000000 270.000000 0.057487
440.000000 270.000000 0.054946
450.000000 270.000000 0.054315
460.000000 270.000000 0.052836
470.000000 270.000000 0.040310
480.000000 270.000000 0.032555
490.000000 270.000000 0.034383
500.000000 270.000000 0.034383
0.000000 280.000000 0.060154
10.000000 280.000000 0.060154
20.000000 280.000000 0.060442
30.000000 280.000000 0.063582
40.000000 280.000000 0.067774
50.000000 280.000000 0.070995
60.000000 280.000000 0.070003
70.000000 280.000000 0.063554
80.000000 280.000000 0.054794
90.000000 280.000000 0.048738
100.000000 280.000000 0.041610
110.000000 280.000000 0.026111
120.000000 280.000000 0.018630
130.000000 280.000000 0.027116
140.000000 280.000000 0.038472
150.000000 280.000000 0.047599
160.000000 280.000000 0.055715
170.000000 280.000000 0.062275
180.000000 280.000000 0.065888
190.000000 280.000000 0.066710
200.000000 280.000000 0.066507
210.000000 280.000000 0.065433
220.000000 280.000000 0.061634
230.000000 280.000000 0.054162
240.000000 280.000000 0.043508
250.000000 280.000000 0.028099
260.000000 280.000000 0.017472
270.000000 280.000000 0.021534
280.000000 280.000000 0.034481
290.000000 280.000000 0.041262
300.000000 280.000000 0.040798
310.000000 280.000000 0.034759
320.000000 280.000000 0.025255
330.000000 280.000000 0.018769
340.000000 280.000000 0.026997
350.000000 280.000000 0.041289
360.000000 280.000000 0.040230
370.000000 280.000000 0.029562
380.000000 280.000000 0.019069
390.000000 280.000000 0.023211
400.000000 280.000000 0.036867
410.000000 280.000000 0.050215
420.000000 280.000000 0.057745
430.000000 280.000000 0.055431
440.000000 280.000000 0.048350
450.000000 280.000000 0.044685
460.000000 280.000000 0.045303
470.000000 280.000000 0.044330
480.000000 280.000000 0.038274
490.000000 280.000000 0.034247
500.000000 280.000000 0.034247
0.000000 290.000000 0.075504
10.000000 290.000000 0.075504
20.000000 290.000000 0.070519
30.000000 290.000000 0.065878
40.000000 290.000000 0.063972
50.000000 290.000000 0.063862
60.000000 290.000000 0.060370
70.000000 290.000000 0.051222
80.000000 290.000000 0.041458
90.000000 290.000000 0.040718
100.000000 290.000000 0.041714
110.000000 290.000000 0.032576
120.000000 290.000000 0.024278
130.000000 290.000000 0.030455
140.000000 290.000000 0.041486
150.000000 290.000000 0.049254
160.000000 290.000000 0.055734
170.000000 290.000000 0.060506
180.000000 290.000000 0.062219
190.000000 290.000000 0.061083
200.000000 290.000000 0.059393
210.000000 290.000000 0.058040
220.000000 290.000000 0.055696
230.000000 290.000000 0.050969
240.000000 290.000000 0.043153
250.000000 290.000000 0.031681
260.000000 290.000000 0.022943
270.000000 290.000000 0.027893
280.000000 290.000000 0.036534
290.000000 290.000000 0.040550
300.000000 290.000000 0.039606
310.000000 290.000000 0.034273
320.000000 290.000000 0.025573
330.000000 290.000000 0.023509
340.000000 290.000000 0.033651
350.000000 290.000000 0.044982
360.000000 290.000000 0.046347
370.000000 290.000000 0.036794
380.000000 290.000000 0.023987
390.000000 290.000000 0.025935
400.000000 290.000000 0.037710
410.000000 290.000000 0.049247
420.000000 290.000000 0.055333
430.000000 290.000000 0.050323
440.000000 290.000000 0.040048
450.000000 290.000000 0.033723
460.000000 290.000000 0.029339
470.000000 290.000000 0.033025
480.000000 290.000000 0.044220
490.000000 290.000000 0.050367
500.000000 290.000000 0.050367
0.000000 300.000000 0.104657
10.000000 300.000000 0.104657
20.000000 300.000000 0.091175
30.000000 300.000000 0.074611
40.000000 300.000000 0.063977
50.000000 300.000000 0.059212
60.000000 300.000000 0.053249
70.000000 300.000000 0.044475
80.000000 300.000000 0.037967
90.000000 300.000000 0.041081
100.000000 300.000000 0.046697
110.000000 300.000000 0.044908
120.000000 300.000000 0.039796
130.000000 300.000000 0.041965
140.000000 300.000000 0.045990
150.000000 300.000000 0.049890
160.000000 300.000000 0.053900
170.000000 300.000000 0.056668
180.000000 300.000000 0.056772
190.000000 300.000000 0.054384
200.000000 300.000000 0.051605
210.000000 300.000000 0.049304
220.000000 300.000000 0.046893
230.000000 300.000000 0.043880
240.000000 300.000000 0.040492
250.000000 300.000000 0.036472
260.000000 300.000000 0.034132
270.000000 300.000000 0.036262
280.000000 300.000000 0.039646
290.000000 300.000000 0.040988
300.000000 300.000000 0.039982
310.000000 300.000000 0.036475
320.000000 300.000000 0.030123
330.000000 300.000000 0.029477
340.000000 300.000000 0.039532
350.000000 300.000000 0.051633
360.000000 300.000000 0.056151
370.000000 300.000000 0.050986
380.000000 300.000000 0.041474
390.000000 300.000000 0.036179
400.000000 300.000000 0.036037
410.000000 300.000000 0.039416
420.000000 300.000000 0.048696
430.000000 300.000000 0.044886
440.000000 300.000000 0.034581
450.000000 300.000000 0.028723
460.000000 300.000000 0.021908
470.000000 300.000000 0.023319
480.000000 300.000000 0.035975
490.000000 300.000000 0.049584
500.000000 300.000000 0.049584
0.000000 310.000000 0.138628
10.000000 310.000000 0.138628
20.000000 310.000000 0.115510
30.000000 310.000000 0.087564
40.000000 310.000000 0.069177
50.000000 310.000000 0.060381
60.000000 310.000000 0.053565
70.000000 310.000000 0.047961
80.000000 310.000000 0.046651
90.000000 310.000000 0.050168
100.000000 310.000000 0.053467
110.000000 310.000000 0.052217
120.000000 310.000000 0.048575
130.000000 310.000000 0.046725
140.000000 310.000000 0.045392
150.000000 310.000000 0.045343
160.000000 310.000000 0.047968
170.000000 310.000000 0.050165
180.000000 310.000000 0.050322
190.000000 310.000000 0.048890
200.000000 310.000000 0.046990
210.000000 310.000000 0.044035
220.000000 310.000000 0.039513
230.000000 310.000000 0.034978
240.000000 310.000000 0.035577
250.000000 310.000000 0.038504
260.000000 310.000000 0.041080
270.000000 310.000000 0.043611
280.000000 310.000000 0.044965
290.000000 310.000000 0.044832
300.000000 310.000000 0.044427
310.000000 310.000000 0.043308
320.000000 310.000000 0.040048
330.000000 310.000000 0.039877
340.000000 310.000000 0.048541
350.000000 310.000000 0.060719
360.000000 310.000000 0.065979
370.000000 310.000000 0.061889
380.000000 310.000000 0.053387
390.000000 310.000000 0.045384
400.000000 310.000000 0.034557
410.000000 310.000000 0.029907
420.000000 310.000000 0.038138
430.000000 310.000000 0.039039
440.000000 310.000000 0.032909
450.000000 310.000000 0.031884
460.000000 310.000000 0.030450
470.000000 310.000000 0.026374
480.000000 310.000000 0.030383
490.000000 310.000000 0.046950
500.000000 310.000000 0.046950
0.000000 320.000000 0.175717
10.000000 320.000000 0.175717
20.000000 320.000000 0.143396
30.000000 320.000000 0.106070
40.000000 320.000000 0.080781
50.000000 320.000000 0.067217
60.000000 320.000000 0.058689
70.000000 320.000000 0.053924
80.000000 320.000000 0.053934
90.000000 320.000000 0.055918
100.000000 320.000000 0.056005
110.000000 320.000000 0.052733
120.000000 320.000000 0.048260
130.000000 320.000000 0.044146
140.000000 320.000000 0.038127
150.000000 320.000000 0.034591
160.000000 320.000000 0.038308
170.000000 320.000000 0.041690
180.000000 320.000000 0.042741
190.000000 320.000000 0.043603
200.000000 320.000000 0.044547
210.000000 320.000000 0.041995
220.000000 320.000000 0.033809
230.000000 320.000000 0.024102
240.000000 320.000000 0.027885
250.000000 320.000000 0.039417
260.000000 320.000000 0.046813
270.000000 320.000000 0.051175
280.000000 320.000000 0.052568
290.000000 320.000000 0.052319
300.000000 320.000000 0.052767
310.000000 320.000000 0.053044
320.000000 320.000000 0.051047
330.000000 320.000000 0.051340
340.000000 320.000000 0.059376
350.000000 320.000000 0.069602
360.000000 320.000000 0.072385
370.000000 320.000000 0.067031
380.000000 320.000000 0.060093
390.000000 320.000000 0.054970
400.000000 320.000000 0.046859
410.000000 320.000000 0.036981
420.000000 320.000000 0.037031
430.000000 320.000000 0.035992
440.000000 320.000000 0.034509
450.000000 320.000000 0.038211
460.000000 320.000000 0.042678
470.000000 320.000000 0.043680
480.000000 320.000000 0.048917
490.000000 320.000000 0.067534
500.000000 320.000000 0.067534
0.000000 330.000000 0.220527
10.000000 330.000000 0.220527
20.000000 330.000000 0.178532
30.000000 330.000000 0.130788
40.000000 330.000000 0.096794
50.000000 330.000000 0.075928
60.000000 330.000000 0.062308
70.000000 330.000000 0.055073
80.000000 330.000000 0.054621
90.000000 330.000000 0.055875
100.000000 330.000000 0.054407
110.000000 330.000000 0.049913
120.000000 330.000000 0.045256
130.000000 330.000000 0.041159
140.000000 330.000000 0.034227
150.000000 330.000000 0.030107
160.000000 330.000000 0.033524
170.000000 330.000000 0.036323
180.000000 330.000000 0.036610
190.000000 330.000000 0.038814
200.000000 330.000000 0.042891
210.000000 330.000000 0.042548
220.000000 330.000000 0.035547
230.000000 330.000000 0.026182
240.000000 330.000000 0.030248
250.000000 330.000000 0.042704
260.000000 330.000000 0.052020
270.000000 330.000000 0.058152
280.000000 330.000000 0.061068
290.000000 330.000000 0.062130
300.000000 330.000000 0.063664
310.000000 330.000000 0.064694
320.000000 330.000000 0.063229
330.000000 330.000000 0.063179
340.000000 330.000000 0.068608
350.000000 330.000000 0.074197
360.000000 330.000000 0.072838
370.000000 330.000000 0.065491
380.000000 330.000000 0.060135
390.000000 330.000000 0.059480
400.000000 330.000000 0.060012
410.000000 330.000000 0.054986
420.000000 330.000000 0.048446
430.000000 330.000000 0.045337
440.000000 330.000000 0.044649
450.000000 330.000000 0.049263
460.000000 330.000000 0.057868
470.000000 330.000000 0.071568
480.000000 330.000000 0.091239
490.000000 330.000000 0.109959
500.000000 330.000000 0.109959
0.000000 340.000000 0.280053
10.000000 340.000000 0.280053
20.000000 340.000000 0.228165
30.000000 340.000000 0.167000
40.000000 340.000000 0.120399
50.000000 340.000000 0.089001
60.000000 340.000000 0.066872
70.000000 340.000000 0.054440
80.000000 340.000000 0.052669
90.000000 340.000000 0.054009
100.000000 340.000000 0.052789
110.000000 340.000000 0.049243
120.000000 340.000000 0.046220
130.000000 340.000000 0.044319
140.000000 340.000000 0.040973
150.000000 340.000000 0.038059
160.000000 340.000000 0.038822
170.000000 340.000000 0.038115
180.000000 340.000000 0.036361
190.000000 340.000000 0.038163
200.000000 340.000000 0.042952
210.000000 340.000000 0.044279
220.000000 340.000000 0.041780
230.000000 340.000000 0.039064
240.000000 340.000000 0.041803
250.000000 340.000000 0.049612
260.000000 340.000000 0.057809
270.000000 340.000000 0.064391
280.000000 340.000000 0.068843
290.000000 340.000000 0.071448
300.000000 340.000000 0.073464
310.000000 340.000000 0.074352
320.000000 340.000000 0.073100
330.000000 340.000000 0.071897
340.000000 340.000000 0.072658
350.000000 340.000000 0.073070
360.000000 340.000000 0.069959
370.000000 340.000000 0.063272
380.000000 340.000000 0.059115
390.000000 340.000000 0.061144
400.000000 340.000000 0.069377
410.000000 340.000000 0.074340
420.000000 340.000000 0.071751
430.000000 340.000000 0.067087
440.000000 340.000000 0.064511
450.000000 340.000000 0.068389
460.000000 340.000000 0.081189
470.000000 340.000000 0.107210
480.000000 340.000000 0.143777
490.000000 340.000000 0.173572
500.000000 340.000000 0.173572
0.000000 350.000000 0.361155
10.000000 350.000000 0.361155
20.000000 350.000000 0.299977
30.000000 350.000000 0.222216
40.000000 350.000000 0.158107
50.000000 350.000000 0.113228
60.000000 350.000000 0.081855
70.000000 350.000000 0.063045
80.000000 350.000000 0.056835
90.000000 350.000000 0.055556
100.000000 350.000000 0.053912
110.000000 350.000000 0.052112
120.000000 350.000000 0.051497
130.000000 350.000000 0.051468
140.000000 350.000000 0.050287
150.000000 350.000000 0.048021
160.000000 350.000000 0.045510
170.000000 350.000000 0.041585
180.000000 350.000000 0.037713
190.000000 350.000000 0.038475
200.000000 350.000000 0.042819
210.000000 350.000000 0.044647
220.000000 350.000000 0.045097
230.000000 350.000000 0.047014
240.000000 350.000000 0.051473
250.000000 350.000000 0.057883
260.000000 350.000000 0.064231
270.000000 350.000000 0.069702
280.000000 350.000000 0.073951
290.000000 350.000000 0.076200
300.000000 350.000000 0.076518
310.000000 350.000000 0.075033
320.000000 350.000000 0.072382
330.000000 350.000000 0.069515
340.000000 350.000000 0.066103
350.000000 350.000000 0.063994
360.000000 350.000000 0.064301
370.000000 350.000000 0.063054
380.000000 350.000000 0.061643
390.000000 350.000000 0.065905
400.000000 350.000000 0.079316
410.000000 350.000000 0.090166
420.000000 350.000000 0.091545
430.000000 350.000000 0.088337
440.000000 350.000000 0.088242
450.000000 350.000000 0.097517
460.000000 350.000000 0.120890
470.000000 350.000000 0.163857
480.000000 350.000000 0.220739
490.000000 350.000000 0.264979
500.000000 350.000000 0.264979
0.000000 360.000000 0.457304
10.000000 360.000000 0.457304
20.000000 360.000000 0.388490
30.000000 360.000000 0.292669
40.000000 360.000000 0.207417
50.000000 360.000000 0.147234
60.000000 360.000000 0.107205
70.000000 360.000000 0.081672
80.000000 360.000000 0.067859
90.000000 360.000000 0.060984
100.000000 360.000000 0.057784
110.000000 360.000000 0.057422
120.000000 360.000000 0.058823
130.000000 360.000000 0.059694
140.000000 360.000000 0.058414
150.000000 360.000000 0.054749
160.000000 360.000000 0.049013
170.000000 360.000000 0.041507
180.000000 360.000000 0.033855
190.000000 360.000000 0.033796
200.000000 360.000000 0.039985
210.000000 360.000000 0.043045
220.000000 360.000000 0.045558
230.000000 360.000000 0.050693
240.000000 360.000000 0.057252
250.000000 360.000000 0.063415
260.000000 360.000000 0.068560
270.000000 360.000000 0.072594
280.000000 360.000000 0.074886
290.000000 360.000000 0.074156
300.000000 360.000000 0.070013
310.000000 360.000000 0.063479
320.000000 360.000000 0.058324
330.000000 360.000000 0.055826
340.000000 360.000000 0.050999
350.000000 360.000000 0.048694
360.000000 360.000000 0.053870
370.000000 360.000000 0.058163
380.000000 360.000000 0.058069
390.000000 360.000000 0.064191
400.000000 360.000000 0.083508
410.000000 360.000000 0.098271
420.000000 360.000000 0.103021
430.000000 360.000000 0.104381
440.000000 360.000000 0.112743
450.000000 360.000000 0.135931
460.000000 360.000000 0.178959
470.000000 360.000000 0.244699
480.000000 360.000000 0.322490
490.000000 360.000000 0.379333
500.000000 360.000000 0.379333
0.000000 370.000000 0.558578
10.000000 370.000000 0.558578
20.000000 370.000000 0.483304
30.000000 370.000000 0.368809
40.000000 370.000000 0.260551
50.000000 370.000000 0.184246
60.000000 370.000000 0.134664
70.000000 370.000000 0.101179
80.000000 370.000000 0.078895
90.000000 370.000000 0.066395
100.000000 370.000000 0.062466
110.000000 370.000000 0.063731
120.000000 370.000000 0.066354
130.000000 370.000000 0.067064
140.000000 370.000000 0.064458
150.000000 370.000000 0.058556
160.000000 370.000000 0.050086
170.000000 370.000000 0.040279
180.000000 370.000000 0.030690
190.000000 370.000000 0.030472
200.000000 370.000000 0.037824
210.000000 370.000000 0.041665
220.000000 370.000000 0.045420
230.000000 370.000000 0.051915
240.000000 370.000000 0.058701
250.000000 370.000000 0.064058
260.000000 370.000000 0.068501
270.000000 370.000000 0.071440
280.000000 370.000000 0.071083
290.000000 370.000000 0.065810
300.000000 370.000000 0.055041
310.000000 370.000000 0.039707
320.000000 370.000000 0.031335
330.000000 370.000000 0.037644
340.000000 370.000000 0.040003
350.000000 370.000000 0.040274
360.000000 370.000000 0.046407
370.000000 370.000000 0.050976
380.000000 370.000000 0.046822
390.000000 370.000000 0.051968
400.000000 370.000000 0.077817
410.000000 370.000000 0.097114
420.000000 370.000000 0.104900
430.000000 370.000000 0.112345
440.000000 370.000000 0.133616
450.000000 370.000000 0.177564
460.000000 370.000000 0.247241
470.000000 370.000000 0.339803
480.000000 370.000000 0.436979
490.000000 370.000000 0.502291
500.000000 370.000000 0.502291
0.000000 380.000000 0.654646
10.000000 380.000000 0.654646
20.000000 380.000000 0.576076
30.000000 380.000000 0.448096
40.000000 380.000000 0.320919
50.000000 380.000000 0.228849
60.000000 380.000000 0.166389
70.000000 380.000000 0.120857
80.000000 380.000000 0.087694
90.000000 380.000000 0.069303
100.000000 380.000000 0.065563
110.000000 380.000000 0.068678
120.000000 380.000000 0.071730
130.000000 380.000000 0.071380
140.000000 380.000000 0.066959
150.000000 380.000000 0.058932
160.000000 380.000000 0.048760
170.000000 380.000000 0.039264
180.000000 380.000000 0.032475
190.000000 380.000000 0.033182
200.000000 380.000000 0.038949
210.000000 380.000000 0.042529
220.000000 380.000000 0.047098
230.000000 380.000000 0.053524
240.000000 380.000000 0.058498
250.000000 380.000000 0.061836
260.000000 380.000000 0.065300
270.000000 380.000000 0.067298
280.000000 380.000000 0.064525
290.000000 380.000000 0.054896
300.000000 380.000000 0.037344
310.000000 380.000000 0.022694
320.000000 380.000000 0.018788
330.000000 380.000000 0.027479
340.000000 380.000000 0.036719
350.000000 380.000000 0.039429
360.000000 380.000000 0.043817
370.000000 380.000000 0.048746
380.000000 380.000000 0.048131
390.000000 380.000000 0.054231
400.000000 380.000000 0.076936
410.000000 380.000000 0.092660
420.000000 380.000000 0.100001
430.000000 380.000000 0.112643
440.000000 380.000000 0.149757
450.000000 380.000000 0.220369
460.000000 380.000000 0.320791
470.000000 380.000000 0.439457
480.000000 380.000000 0.550766
490.000000 380.000000 0.619476
500.000000 380.000000 0.619476
0.000000 390.000000 0.743098
10.000000 390.000000 0.743098
20.000000 390.000000 0.670117
30.000000 390.000000 0.544281
40.000000 390.000000 0.408318
50.000000 390.000000 0.297122
60.000000 390.000000 0.211546
70.000000 390.000000 0.145381
80.000000 390.000000 0.098274
90.000000 390.000000 0.073514
100.000000 390.000000 0.068817
110.000000 390.000000 0.072143
120.000000 390.000000 0.074181
130.000000 390.000000 0.071972
140.000000 390.000000 0.065653
150.000000 390.000000 0.055910
160.000000 390.000000 0.044538
170.000000 390.000000 0.035680
180.000000 390.000000 0.031706
190.000000 390.000000 0.034168
200.000000 390.000000 0.040343
210.000000 390.000000 0.045480
220.000000 390.000000 0.051047
230.000000 390.000000 0.056239
240.000000 390.000000 0.058253
250.000000 390.000000 0.059087
260.000000 390.000000 0.061607
270.000000 390.000000 0.062935
280.000000 390.000000 0.058736
290.000000 390.000000 0.047105
300.000000 390.000000 0.026861
310.000000 390.000000 0.018027
320.000000 390.000000 0.016345
330.000000 390.000000 0.021970
340.000000 390.000000 0.035640
350.000000 390.000000 0.038970
360.000000 390.000000 0.041377
370.000000 390.000000 0.048026
380.000000 390.000000 0.055570
390.000000 390.000000 0.065082
400.000000 390.000000 0.078547
410.000000 390.000000 0.088287
420.000000 390.000000 0.094581
430.000000 390.000000 0.111796
440.000000 390.000000 0.166800
450.000000 390.000000 0.269900
460.000000 390.000000 0.401886
470.000000 390.000000 0.540122
480.000000 390.000000 0.656202
490.000000 390.000000 0.722420
500.000000 390.000000 0.722420
0.000000 400.000000 0.820887
10.000000 400.000000 0.820887
20.000000 400.000000 0.761500
30.000000 400.000000 0.652755
40.000000 400.000000 0.519565
50.000000 400.000000 0.388195
60.000000 400.000000 0.270267
70.000000 400.000000 0.174528
80.000000 400.000000 0.114213
90.000000 400.000000 0.084378
100.000000 400.000000 0.076300
110.000000 400.000000 0.076434
120.000000 400.000000 0.075434
130.000000 400.000000 0.070816
140.000000 400.000000 0.063005
150.000000 400.000000 0.052512
160.000000 400.000000 0.040872
170.000000 400.000000 0.032474
180.000000 400.000000 0.029701
190.000000 400.000000 0.033229
200.000000 400.000000 0.040927
210.000000 400.000000 0.048464
220.000000 400.000000 0.054667
230.000000 400.000000 0.057527
240.000000 400.000000 0.055429
250.000000 400.000000 0.053572
260.000000 400.000000 0.056690
270.000000 400.000000 0.058694
280.000000 400.000000 0.054987
290.000000 400.000000 0.045307
300.000000 400.000000 0.032259
310.000000 400.000000 0.026062
320.000000 400.000000 0.023050
330.000000 400.000000 0.026305
340.000000 400.000000 0.037419
350.000000 400.000000 0.038787
360.000000 400.000000 0.039333
370.000000 400.000000 0.045969
380.000000 400.000000 0.056206
390.000000 400.000000 0.066757
400.000000 400.000000 0.077718
410.000000 400.000000 0.088389
420.000000 400.000000 0.099385
430.000000 400.000000 0.121574
440.000000 400.000000 0.192272
450.000000 400.000000 0.333615
460.000000 400.000000 0.493667
470.000000 400.000000 0.639442
480.000000 400.000000 0.749064
490.000000 400.000000 0.807276
500.000000 400.000000 0.807276
0.000000 410.000000 0.882455
10.000000 410.000000 0.882455
20.000000 410.000000 0.837800
30.000000 410.000000 0.750518
40.000000 410.000000 0.629032
50.000000 410.000000 0.486307
60.000000 410.000000 0.332770
70.000000 410.000000 0.194957
80.000000 410.000000 0.124543
90.000000 410.000000 0.094378
100.000000 410.000000 0.084409
110.000000 410.000000 0.081758
120.000000 410.000000 0.077750
130.000000 410.000000 0.071016
140.000000 410.000000 0.062141
150.000000 410.000000 0.051438
160.000000 410.000000 0.040383
170.000000 410.000000 0.033176
180.000000 410.000000 0.031372
190.000000 410.000000 0.034410
200.000000 410.000000 0.041194
210.000000 410.000000 0.048920
220.000000 410.000000 0.054700
230.000000 410.000000 0.054660
240.000000 410.000000 0.045530
250.000000 410.000000 0.039121
260.000000 410.000000 0.047394
270.000000 410.000000 0.052188
280.000000 410.000000 0.050725
290.000000 410.000000 0.044847
300.000000 410.000000 0.038436
310.000000 410.000000 0.035231
320.000000 410.000000 0.034009
330.000000 410.000000 0.036192
340.000000 410.000000 0.039737
350.000000 410.000000 0.038786
360.000000 410.000000 0.038702
370.000000 410.000000 0.044855
380.000000 410.000000 0.055204
390.000000 410.000000 0.067097
400.000000 410.000000 0.080295
410.000000 410.000000 0.098219
420.000000 410.000000 0.119638
430.000000 410.000000 0.135680
440.000000 410.000000 0.204919
450.000000 410.000000 0.404433
460.000000 410.000000 0.593091
470.000000 410.000000 0.733180
480.000000 410.000000 0.826616
490.000000 410.000000 0.873072
500.000000 410.000000 0.873072
0.000000 420.000000 0.927058
10.000000 420.000000 0.927058
20.000000 420.000000 0.895492
30.000000 420.000000 0.830031
40.000000 420.000000 0.728718
50.000000 420.000000 0.590228
60.000000 420.000000 0.407433
70.000000 420.000000 0.209381
80.000000 420.000000 0.123503
90.000000 420.000000 0.095201
100.000000 420.000000 0.091154
110.000000 420.000000 0.091664
120.000000 420.000000 0.085656
130.000000 420.000000 0.076353
140.000000 420.000000 0.065089
150.000000 420.000000 0.052441
160.000000 420.000000 0.041552
170.000000 420.000000 0.036899
180.000000 420.000000 0.037263
190.000000 420.000000 0.039038
200.000000 420.000000 0.042361
210.000000 420.000000 0.047451
220.000000 420.000000 0.051967
230.000000 420.000000 0.050303
240.000000 420.000000 0.035319
250.000000 420.000000 0.027501
260.000000 420.000000 0.036306
270.000000 420.000000 0.041913
280.000000 420.000000 0.042003
290.000000 420.000000 0.040520
300.000000 420.000000 0.037122
310.000000 420.000000 0.035105
320.000000 420.000000 0.034248
330.000000 420.000000 0.036128
340.000000 420.000000 0.037679
350.000000 420.000000 0.034178
360.000000 420.000000 0.034104
370.000000 420.000000 0.041485
380.000000 420.000000 0.054304
390.000000 420.000000 0.073748
400.000000 420.000000 0.095774
410.000000 420.000000 0.128648
420.000000 420.000000 0.174302
430.000000 420.000000 0.210836
440.000000 420.000000 0.295571
450.000000 420.000000 0.516280
460.000000 420.000000 0.697783
470.000000 420.000000 0.815291
480.000000 420.000000 0.886884
490.000000 420.000000 0.920697
500.000000 420.000000 0.920697
0.000000 430.000000 0.957204
10.000000 430.000000 0.957204
20.000000 430.000000 0.936395
30.000000 430.000000 0.891283
40.000000 430.000000 0.816384
50.000000 430.000000 0.705351
60.000000 430.000000 0.548722
70.000000 430.000000 0.340960
80.000000 430.000000 0.201969
90.000000 430.000000 0.126423
100.000000 430.000000 0.116238
110.000000 430.000000 0.121649
120.000000 430.000000 0.109586
130.000000 430.000000 0.093213
140.000000 430.000000 0.074349
150.000000 430.000000 0.054828
160.000000 430.000000 0.044045
170.000000 430.000000 0.043685
180.000000 430.000000 0.046576
190.000000 430.000000 0.046140
200.000000 430.000000 0.044037
210.000000 430.000000 0.044372
220.000000 430.000000 0.047614
230.000000 430.000000 0.047622
240.000000 430.000000 0.038335
250.000000 430.000000 0.030403
260.000000 430.000000 0.033483
270.000000 430.000000 0.028082
280.000000 430.000000 0.027482
290.000000 430.000000 0.034298
300.000000 430.000000 0.034200
310.000000 430.000000 0.032373
320.000000 430.000000 0.029035
330.000000 430.000000 0.031017
340.000000 430.000000 0.034418
350.000000 430.000000 0.026592
360.000000 430.000000 0.026034
370.000000 430.000000 0.033169
380.000000 430.000000 0.051302
390.000000 430.000000 0.094605
400.000000 430.000000 0.137215
410.000000 430.000000 0.194834
420.000000 430.000000 0.280318
430.000000 430.000000 0.387170
440.000000 430.000000 0.515787
450.000000 430.000000 0.673146
460.000000 430.000000 0.797681
470.000000 430.000000 0.880828
480.000000 430.000000 0.930204
490.000000 430.000000 0.952867
500.000000 430.000000 0.952867
0.000000 440.000000 0.976235
10.000000 440.000000 0.976235
20.000000 440.000000 0.963446
30.000000 440.000000 0.934789
40.000000 440.000000 0.884898
50.000000 440.000000 0.807447
60.000000 440.000000 0.696547
70.000000 440.000000 0.553119
80.000000 440.000000 0.401901
90.000000 440.000000 0.261017
100.000000 440.000000 0.221274
110.000000 440.000000 0.195691
120.000000 440.000000 0.163521
130.000000 440.000000 0.130331
140.000000 440.000000 0.092800
150.000000 440.000000 0.054425
160.000000 440.000000 0.047696
170.000000 440.000000 0.055619
180.000000 440.000000 0.058462
190.000000 440.000000 0.053464
200.000000 440.000000 0.044403
210.000000 440.000000 0.039161
220.000000 440.000000 0.041508
230.000000 440.000000 0.043128
240.000000 440.000000 0.036665
250.000000 440.000000 0.030351
260.000000 440.000000 0.030505
270.000000 440.000000 0.023019
280.000000 440.000000 0.023836
290.000000 440.000000 0.035207
300.000000 440.000000 0.037521
310.000000 440.000000 0.034111
320.000000 440.000000 0.023888
330.000000 440.000000 0.026739
340.000000 440.000000 0.040475
350.000000 440.000000 0.040202
360.000000 440.000000 0.042849
370.000000 440.000000 0.045179
380.000000 440.000000 0.065676
390.000000 440.000000 0.138626
400.000000 440.000000 0.214045
410.000000 440.000000 0.300764
420.000000 440.000000 0.414314
430.000000 440.000000 0.545352
440.000000 440.000000 0.674262
450.000000 440.000000 0.788152
460.000000 440.000000 0.872395
470.000000 440.000000 0.927338
480.000000 440.000000 0.959058
490.000000 440.000000 0.973278
500.000000 440.000000 0.973278
0.000000 450.000000 0.987462
10.000000 450.000000 0.987462
20.000000 450.000000 0.980079
30.000000 450.000000 0.963067
40.000000 450.000000 0.932246
50.000000 450.000000 0.882232
60.000000 450.000000 0.807748
70.000000 450.000000 0.706863
80.000000 450.000000 0.587711
90.000000 450.000000 0.467072
100.000000 450.000000 0.378732
110.000000 450.000000 0.311290
120.000000 450.000000 0.251724
130.000000 450.000000 0.193781
140.000000 450.000000 0.128228
150.000000 450.000000 0.069109
160.000000 450.000000 0.060423
170.000000 450.000000 0.072434
180.000000 450.000000 0.070951
190.000000 450.000000 0.060340
200.000000 450.000000 0.045580
210.000000 450.000000 0.036788
220.000000 450.000000 0.038256
230.000000 450.000000 0.039821
240.000000 450.000000 0.028390
250.000000 450.000000 0.021637
260.000000 450.000000 0.027361
270.000000 450.000000 0.030089
280.000000 450.000000 0.034712
290.000000 450.000000 0.043368
300.000000 450.000000 0.046970
310.000000 450.000000 0.045250
320.000000 450.000000 0.036574
330.000000 450.000000 0.042493
340.000000 450.000000 0.063847
350.000000 450.000000 0.082229
360.000000 450.000000 0.098332
370.000000 450.000000 0.096474
380.000000 450.000000 0.105654
390.000000 450.000000 0.200760
400.000000 450.000000 0.328425
410.000000 450.000000 0.441693
420.000000 450.000000 0.563431
430.000000 450.000000 0.684934
440.000000 450.000000 0.789166
450.000000 450.000000 0.868883
460.000000 450.000000 0.923698
470.000000 450.000000 0.957982
480.000000 450.000000 0.977149
490.000000 450.000000 0.985549
500.000000 450.000000 0.985549
0.000000 460.000000 0.993683
10.000000 460.000000 0.993683
20.000000 460.000000 0.989651
30.000000 460.000000 0.980128
40.000000 460.000000 0.962244
50.000000 460.000000 0.931939
60.000000 460.000000 0.884578
70.000000 460.000000 0.816508
80.000000 460.000000 0.728507
90.000000 460.000000 0.629001
100.000000 460.000000 0.534420
110.000000 460.000000 0.447655
120.000000 460.000000 0.364003
130.000000 460.000000 0.281372
140.000000 460.000000 0.199961
150.000000 460.000000 0.126220
160.000000 460.000000 0.101121
170.000000 460.000000 0.092686
180.000000 460.000000 0.082622
190.000000 460.000000 0.068769
200.000000 460.000000 0.053628
210.000000 460.000000 0.044506
220.000000 460.000000 0.044682
230.000000 460.000000 0.045231
240.000000 460.000000 0.034500
250.000000 460.000000 0.025417
260.000000 460.000000 0.028885
270.000000 460.000000 0.034447
280.000000 460.000000 0.041230
290.000000 460.000000 0.050131
300.000000 460.000000 0.057508
310.000000 460.000000 0.062104
320.000000 460.000000 0.065852
330.000000 460.000000 0.077533
340.000000 460.000000 0.101415
350.000000 460.000000 0.135997
360.000000 460.000000 0.173690
370.000000 460.000000 0.189048
380.000000 460.000000 0.202899
390.000000 460.000000 0.324720
400.000000 460.000000 0.477850
410.000000 460.000000 0.596384
420.000000 460.000000 0.704490
430.000000 460.000000 0.798744
440.000000 460.000000 0.871896
450.000000 460.000000 0.923419
460.000000 460.000000 0.956896
470.000000 460.000000 0.976998
480.000000 460.000000 0.987889
490.000000 460.000000 0.992559
500.000000 460.000000 0.992559
0.000000 470.000000 0.996932
10.000000 470.000000 0.996932
20.000000 470.000000 0.994829
30.000000 470.000000 0.989749
40.000000 470.000000 0.979897
50.000000 470.000000 0.962527
60.000000 470.000000 0.934088
70.000000 470.000000 0.890846
80.000000 470.000000 0.830568
90.000000 470.000000 0.754962
100.000000 470.000000 0.670034
110.000000 470.000000 0.578496
120.000000 470.000000 0.479744
130.000000 470.000000 0.374836
140.000000 470.000000 0.269384
150.000000 470.000000 0.182244
160.000000 470.000000 0.134398
170.000000 470.000000 0.109422
180.000000 470.000000 0.094125
190.000000 470.000000 0.080303
200.000000 470.000000 0.067642
210.000000 470.000000 0.060038
220.000000 470.000000 0.058136
230.000000 470.000000 0.057081
240.000000 470.000000 0.050706
250.000000 470.000000 0.040505
260.000000 470.000000 0.036770
270.000000 470.000000 0.040062
280.000000 470.000000 0.046602
290.000000 470.000000 0.057407
300.000000 470.000000 0.069454
310.000000 470.000000 0.080961
320.000000 470.000000 0.093635
330.000000 470.000000 0.113534
340.000000 470.000000 0.147889
350.000000 470.000000 0.202604
360.000000 470.000000 0.273011
370.000000 470.000000 0.343932
380.000000 470.000000 0.419578
390.000000 470.000000 0.524637
400.000000 470.000000 0.635487
410.000000 470.000000 0.732535
420.000000 470.000000 0.814866
430.000000 470.000000 0.879877
440.000000 470.000000 0.926621
450.000000 470.000000 0.957654
460.000000 470.000000 0.976904
470.000000 470.000000 0.988035
480.000000 470.000000 0.993885
490.000000 470.000000 0.996341
500.000000 470.000000 0.996341
0.000000 480.000000 0.998506
10.000000 480.000000 0.998506
20.000000 480.000000 0.997414
30.000000 480.000000 0.994722
40.000000 480.000000 0.989340
50.000000 480.000000 0.979488
60.000000 480.000000 0.962612
70.000000 480.000000 0.935507
80.000000 480.000000 0.894964
90.000000 480.000000 0.839037
100.000000 480.000000 0.767724
110.000000 480.000000 0.681035
120.000000 480.000000 0.578690
130.000000 480.000000 0.461734
140.000000 480.000000 0.337208
150.000000 480.000000 0.231689
160.000000 480.000000 0.168106
170.000000 480.000000 0.131893
180.000000 480.000000 0.111650
190.000000 480.000000 0.096653
200.000000 480.000000 0.084501
210.000000 480.000000 0.076772
220.000000 480.000000 0.072513
230.000000 480.000000 0.069198
240.000000 480.000000 0.063903
250.000000 480.000000 0.056251
260.000000 480.000000 0.051776
270.000000 480.000000 0.052515
280.000000 480.000000 0.057432
290.000000 480.000000 0.068641
300.000000 480.000000 0.083767
310.000000 480.000000 0.101044
320.000000 480.000000 0.121523
330.000000 480.000000 0.150443
340.000000 480.000000 0.196661
350.000000 480.000000 0.269612
360.000000 480.000000 0.365317
370.000000 480.000000 0.465385
380.000000 480.000000 0.563271
390.000000 480.000000 0.661104
400.000000 480.000000 0.751224
410.000000 480.000000 0.826821
420.000000 480.000000 0.886157
430.000000 480.000000 0.929372
440.000000 480.000000 0.958507
450.000000 480.000000 0.976878
460.000000 480.000000 0.987785
470.000000 480.000000 0.993857
480.000000 480.000000 0.996950
490.000000 480.000000 0.998221
500.000000 480.000000 0.998221
0.000000 490.000000 0.999133
10.000000 490.000000 0.999133
20.000000 490.000000 0.998466
30.000000 490.000000 0.996794
40.000000 490.000000 0.993365
50.000000 490.000000 0.986889
60.000000 490.000000 0.975370
70.000000 490.000000 0.956025
80.000000 490.000000 0.925477
90.000000 490.000000 0.880436
100.000000 490.000000 0.818466
110.000000 490.000000 0.738025
120.000000 490.000000 0.638658
130.000000 490.000000 0.521624
140.000000 490.000000 0.393964
150.000000 490.000000 0.280470
160.000000 490.000000 0.206422
170.000000 490.000000 0.159329
180.000000 490.000000 0.131648
190.000000 490.000000 0.111979
200.000000 490.000000 0.097338
210.000000 490.000000 0.087835
220.000000 490.000000 0.081518
230.000000 490.000000 0.076585
240.000000 490.000000 0.071799
250.000000 490.000000 0.066911
260.000000 490.000000 0.063881
270.000000 490.000000 0.063997
280.000000 490.000000 0.068273
290.000000 490.000000 0.078918
300.000000 490.000000 0.095033
310.000000 490.000000 0.115523
320.000000 490.000000 0.141186
330.000000 490.000000 0.176923
340.000000 490.000000 0.231820
350.000000 490.000000 0.315677
360.000000 490.000000 0.423725
370.000000 490.000000 0.534978
380.000000 490.000000 0.638405
390.000000 490.000000 0.731527
400.000000 490.000000 0.810754
410.000000 490.000000 0.873632
420.000000 490.000000 0.920170
430.000000 490.000000 0.952223
440.000000 490.000000 0.972839
450.000000 490.000000 0.985321
460.000000 490.000000 0.992463
470.000000 490.000000 0.996309
480.000000 490.000000 0.998214
490.000000 490.000000 0.998981
500.000000 490.000000 0.998981
0.000000 500.000000 0.999133
10.000000 500.000000 0.999133
20.000000 500.000000 0.998466
30.000000 500.000000 0.996794
40.000000 500.000000 0.993365
50.000000 500.000000 0.986889
60.000000 500.000000 0.975370
70.000000 500.000000 0.956025
80.000000 500.000000 0.925477
90.000000 500.000000 0.880436
100.000000 500.000000 0.818466
110.000000 500.000000 0.738025
120.000000 500.000000 0.638658
130.000000 500.000000 0.521624
140.000000 500.000000 0.393964
150.000000 500.000000 0.280470
160.000000 500.000000 0.206422
170.000000 500.000000 0.159329
180.000000 500.000000 0.131648
190.000000 500.000000 0.111979
200.000000 500.000000 0.097338
210.000000 500.000000 0.087835
220.000000 500.000000 0.081518
230.000000 500.000000 0.076585
240.000000 500.000000 0.071799
250.000000 500.000000 0.066911
260.000000 500.000000 0.063881
270.000000 500.000000 0.063997
280.000000 500.000000 0.068273
290.000000 500.000000 0.078918
300.000000 500.000000 0.095033
310.000000 500.000000 0.115523
320.000000 500.000000 0.141186
330.000000 500.000000 0.176923
340.000000 500.000000 0.231820
350.000000 500.000000 0.315677
360.000000 500.000000 0.423725
370.000000 500.000000 0.534978
380.000000 500.000000 0.638405
390.000000 500.000000 0.731527
400.000000 500.000000 0.810754
410.000000 500.000000 0.873632
420.000000 500.000000 0.920170
430.000000 500.000000 0.952223
440.000000 500.000000 0.972839
450.000000 500.000000 0.985321
460.000000 500.000000 0.992463
470.000000 500.000000 0.996309
480.000000 500.000000 0.998214
490.000000 500.000000 0.998981
500.000000 500.000000 0.998981
