# 500.000000 500.000000
# 51 51
# 0 1 
0.000000 0.000000 1.000000
10.000000 0.000000 1.000000
20.000000 0.000000 1.000000
30.000000 0.000000 1.000000
40.000000 0.000000 1.000000
50.000000 0.000000 1.000000
60.000000 0.000000 1.000000
70.000000 0.000000 1.000000
80.000000 0.000000 1.000000
90.000000 0.000000 1.000000
100.000000 0.000000 0.999999
110.000000 0.000000 0.999994
120.000000 0.000000 0.999953
130.000000 0.000000 0.999808
140.000000 0.000000 0.999098
150.000000 0.000000 0.998945
160.000000 0.000000 0.996961
170.000000 0.000000 0.955730
180.000000 0.000000 0.924409
190.000000 0.000000 0.884681
200.000000 0.000000 0.912245
210.000000 0.000000 0.949831
220.000000 0.000000 0.896274
230.000000 0.000000 0.906458
240.000000 0.000000 0.994142
250.000000 0.000000 0.999637
260.000000 0.000000 0.999418
270.000000 0.000000 0.991692
280.000000 0.000000 0.911599
290.000000 0.000000 0.883028
300.000000 0.000000 0.907531
310.000000 0.000000 0.963173
320.000000 0.000000 0.978535
330.000000 0.000000 0.991795
340.000000 0.000000 0.988819
350.000000 0.000000 0.994464
360.000000 0.000000 0.995104
370.000000 0.000000 0.999196
380.000000 0.000000 0.999682
390.000000 0.000000 0.999875
400.000000 0.000000 0.999983
410.000000 0.000000 0.999998
420.000000 0.000000 1.000000
430.000000 0.000000 1.000000
440.000000 0.000000 1.000000
450.000000 0.000000 1.000000
460.000000 0.000000 1.000000
470.000000 0.000000 1.000000
480.000000 0.000000 1.000000
490.000000 0.000000 1.000000
500.000000 0.000000 1.000000
0.000000 10.000000 1.000000
10.000000 10.000000 1.000000
20.000000 10.000000 1.000000
30.000000 10.000000 1.000000
40.000000 10.000000 1.000000
50.000000 10.000000 1.000000
60.000000 10.000000 1.000000
70.000000 10.000000 1.000000
80.000000 10.000000 1.000000
90.000000 10.000000 1.000000
100.000000 10.000000 0.999999
110.000000 10.000000 0.999994
120.000000 10.000000 0.999953
130.000000 10.000000 0.999808
140.000000 10.000000 0.999098
150.000000 10.000000 0.998945
160.000000 10.000000 0.996961
170.000000 10.000000 0.955730
180.000000 10.000000 0.924409
190.000000 10.000000 0.884681
200.000000 10.000000 0.912245
210.000000 10.000000 0.949831
220.000000 10.000000 0.896274
230.000000 10.000000 0.906458
240.000000 10.000000 0.994142
250.000000 10.000000 0.999637
260.000000 10.000000 0.999418
270.000000 10.000000 0.991692
280.000000 10.000000 0.911599
290.000000 10.000000 0.883028
300.000000 10.000000 0.907531
310.000000 10.000000 0.963173
320.000000 10.000000 0.978535
330.000000 10.000000 0.991795
340.000000 10.000000 0.988819
350.000000 10.000000 0.994464
360.000000 10.000000 0.995104
370.000000 10.000000 0.999196
380.000000 10.000000 0.999682
390.000000 10.000000 0.999875
400.000000 10.000000 0.999983
410.000000 10.000000 0.999998
420.000000 10.000000 1.000000
430.000000 10.000000 1.000000
440.000000 10.000000 1.000000
450.000000 10.000000 1.000000
460.000000 10.000000 1.000000
470.000000 10.000000 1.000000
480.000000 10.000000 1.000000
490.000000 10.000000 1.000000
500.000000 10.000000 1.000000
0.000000 20.000000 1.000000
10.000000 20.000000 1.000000
20.000000 20.000000 1.000000
30.000000 20.000000 1.000000
40.000000 20.000000 1.000000
50.000000 20.000000 1.000000
60.000000 20.000000 1.000000
70.000000 20.000000 1.000000
80.000000 20.000000 0.999999
90.000000 20.000000 0.999996
100.000000 20.000000 0.999989
110.000000 20.000000 0.999923
120.000000 20.000000 0.999282
130.000000 20.000000 0.997305
140.000000 20.000000 0.985423
150.000000 20.000000 0.985224
160.000000 20.000000 0.992646
170.000000 20.000000 0.901836
180.000000 20.000000 0.882568
190.000000 20.000000 0.884282
200.000000 20.000000 0.883775
210.000000 20.000000 0.884094
220.000000 20.000000 0.882519
230.000000 20.000000 0.920572
240.000000 20.000000 0.994923
250.000000 20.000000 0.999592
260.000000 20.000000 0.997864
270.000000 20.000000 0.963582
280.000000 20.000000 0.889327
290.000000 20.000000 0.886666
300.000000 20.000000 0.886748
310.000000 20.000000 0.889646
320.000000 20.000000 0.890368
330.000000 20.000000 0.908291
340.000000 20.000000 0.899555
350.000000 20.000000 0.921568
360.000000 20.000000 0.923476
370.000000 20.000000 0.990468
380.000000 20.000000 0.994948
390.000000 20.000000 0.997964
400.000000 20.000000 0.999797
410.000000 20.000000 0.999984
420.000000 20.000000 0.999999
430.000000 20.000000 1.000000
440.000000 20.000000 1.000000
450.000000 20.000000 1.000000
460.000000 20.000000 1.000000
470.000000 20.000000 1.000000
480.000000 20.000000 1.000000
490.000000 20.000000 1.000000
500.000000 20.000000 1.000000
0.000000 30.000000 1.000000
10.000000 30.000000 1.000000
20.000000 30.000000 1.000000
30.000000 30.000000 1.000000
40.000000 30.000000 1.000000
50.000000 30.000000 1.000000
60.000000 30.000000 1.000000
70.000000 30.000000 0.999999
80.000000 30.000000 0.999990
90.000000 30.000000 0.999928
100.000000 30.000000 0.999840
110.000000 30.000000 0.999176
120.000000 30.000000 0.989290
130.000000 30.000000 0.966314
140.000000 30.000000 0.907755
150.000000 30.000000 0.908417
160.000000 30.000000 0.983703
170.000000 30.000000 0.908763
180.000000 30.000000 0.882599
190.000000 30.000000 0.880645
200.000000 30.000000 0.881098
210.000000 30.000000 0.878186
220.000000 30.000000 0.878329
230.000000 30.000000 0.911968
240.000000 30.000000 0.994248
250.000000 30.000000 0.999477
260.000000 30.000000 0.999018
270.000000 30.000000 0.984895
280.000000 30.000000 0.933462
290.000000 30.000000 0.958864
300.000000 30.000000 0.961732
310.000000 30.000000 0.919555
320.000000 30.000000 0.897731
330.000000 30.000000 0.921724
340.000000 30.000000 0.906503
350.000000 30.000000 0.904819
360.000000 30.000000 0.891599
370.000000 30.000000 0.956522
380.000000 30.000000 0.921671
390.000000 30.000000 0.968407
400.000000 30.000000 0.998048
410.000000 30.000000 0.999879
420.000000 30.000000 0.999986
430.000000 30.000000 0.999998
440.000000 30.000000 1.000000
450.000000 30.000000 1.000000
460.000000 30.000000 1.000000
470.000000 30.000000 1.000000
480.000000 30.000000 1.000000
490.000000 30.000000 1.000000
500.000000 30.000000 1.000000
0.000000 40.000000 1.000000
10.000000 40.000000 1.000000
20.000000 40.000000 1.000000
30.000000 40.000000 1.000000
40.000000 40.000000 1.000000
50.000000 40.000000 1.000000
60.000000 40.000000 0.999999
70.000000 40.000000 0.999988
80.000000 40.000000 0.999863
90.000000 40.000000 0.998729
100.000000 40.000000 0.997721
110.000000 40.000000 0.995343
120.000000 40.000000 0.933554
130.000000 40.000000 0.888459
140.000000 40.000000 0.894994
150.000000 40.000000 0.890443
160.000000 40.000000 0.914754
170.000000 40.000000 0.881473
180.000000 40.000000 0.881300
190.000000 40.000000 0.881370
200.000000 40.000000 0.882172
210.000000 40.000000 0.880142
220.000000 40.000000 0.880800
230.000000 40.000000 0.929945
240.000000 40.000000 0.990133
250.000000 40.000000 0.996777
260.000000 40.000000 0.999563
270.000000 40.000000 0.998901
280.000000 40.000000 0.995975
290.000000 40.000000 0.996221
300.000000 40.000000 0.977053
310.000000 40.000000 0.893803
320.000000 40.000000 0.917989
330.000000 40.000000 0.990434
340.000000 40.000000 0.992350
350.000000 40.000000 0.967028
360.000000 40.000000 0.885398
370.000000 40.000000 0.889592
380.000000 40.000000 0.886660
390.000000 40.000000 0.946322
400.000000 40.000000 0.996558
410.000000 40.000000 0.999560
420.000000 40.000000 0.999836
430.000000 40.000000 0.999977
440.000000 40.000000 0.999996
450.000000 40.000000 0.999999
460.000000 40.000000 1.000000
470.000000 40.000000 1.000000
480.000000 40.000000 1.000000
490.000000 40.000000 1.000000
500.000000 40.000000 1.000000
0.000000 50.000000 1.000000
10.000000 50.000000 1.000000
20.000000 50.000000 1.000000
30.000000 50.000000 1.000000
40.000000 50.000000 1.000000
50.000000 50.000000 0.999999
60.000000 50.000000 0.999991
70.000000 50.000000 0.999886
80.000000 50.000000 0.998566
90.000000 50.000000 0.979276
100.000000 50.000000 0.964704
110.000000 50.000000 0.985599
120.000000 50.000000 0.915412
130.000000 50.000000 0.883033
140.000000 50.000000 0.898216
150.000000 50.000000 0.888902
160.000000 50.000000 0.880408
170.000000 50.000000 0.880364
180.000000 50.000000 0.883373
190.000000 50.000000 0.886116
200.000000 50.000000 0.915828
210.000000 50.000000 0.919296
220.000000 50.000000 0.884937
230.000000 50.000000 0.896551
240.000000 50.000000 0.902822
250.000000 50.000000 0.952264
260.000000 50.000000 0.996616
270.000000 50.000000 0.999082
280.000000 50.000000 0.999602
290.000000 50.000000 0.999288
300.000000 50.000000 0.990932
310.000000 50.000000 0.937676
320.000000 50.000000 0.957183
330.000000 50.000000 0.997020
340.000000 50.000000 0.998525
350.000000 50.000000 0.983051
360.000000 50.000000 0.912699
370.000000 50.000000 0.890072
380.000000 50.000000 0.887518
390.000000 50.000000 0.971382
400.000000 50.000000 0.993952
410.000000 50.000000 0.995043
420.000000 50.000000 0.997211
430.000000 50.000000 0.999689
440.000000 50.000000 0.999943
450.000000 50.000000 0.999992
460.000000 50.000000 0.999999
470.000000 50.000000 1.000000
480.000000 50.000000 1.000000
490.000000 50.000000 1.000000
500.000000 50.000000 1.000000
0.000000 60.000000 1.000000
10.000000 60.000000 1.000000
20.000000 60.000000 1.000000
30.000000 60.000000 1.000000
40.000000 60.000000 0.999999
50.000000 60.000000 0.999993
60.000000 60.000000 0.999917
70.000000 60.000000 0.999170
80.000000 60.000000 0.994552
90.000000 60.000000 0.921093
100.000000 60.000000 0.892293
110.000000 60.000000 0.941690
120.000000 60.000000 0.888824
130.000000 60.000000 0.886706
140.000000 60.000000 0.881854
150.000000 60.000000 0.881515
160.000000 60.000000 0.880780
170.000000 60.000000 0.879520
180.000000 60.000000 0.906707
190.000000 60.000000 0.952353
200.000000 60.000000 0.982364
210.000000 60.000000 0.983873
220.000000 60.000000 0.941745
230.000000 60.000000 0.936922
240.000000 60.000000 0.892530
250.000000 60.000000 0.921442
260.000000 60.000000 0.987588
270.000000 60.000000 0.987503
280.000000 60.000000 0.997762
290.000000 60.000000 0.999696
300.000000 60.000000 0.998971
310.000000 60.000000 0.994581
320.000000 60.000000 0.996795
330.000000 60.000000 0.999630
340.000000 60.000000 0.999775
350.000000 60.000000 0.997688
360.000000 60.000000 0.978554
370.000000 60.000000 0.903856
380.000000 60.000000 0.885202
390.000000 60.000000 0.899167
400.000000 60.000000 0.927137
410.000000 60.000000 0.920605
420.000000 60.000000 0.955189
430.000000 60.000000 0.996721
440.000000 60.000000 0.999169
450.000000 60.000000 0.999887
460.000000 60.000000 0.999989
470.000000 60.000000 0.999999
480.000000 60.000000 1.000000
490.000000 60.000000 1.000000
500.000000 60.000000 1.000000
0.000000 70.000000 1.000000
10.000000 70.000000 1.000000
20.000000 70.000000 1.000000
30.000000 70.000000 0.999999
40.000000 70.000000 0.999991
50.000000 70.000000 0.999928
60.000000 70.000000 0.999149
70.000000 70.000000 0.989847
80.000000 70.000000 0.983442
90.000000 70.000000 0.916557
100.000000 70.000000 0.909964
110.000000 70.000000 0.979908
120.000000 70.000000 0.940487
130.000000 70.000000 0.936814
140.000000 70.000000 0.885998
150.000000 70.000000 0.880924
160.000000 70.000000 0.877438
170.000000 70.000000 0.880517
180.000000 70.000000 0.930323
190.000000 70.000000 0.984250
200.000000 70.000000 0.936766
210.000000 70.000000 0.928766
220.000000 70.000000 0.989963
230.000000 70.000000 0.992043
240.000000 70.000000 0.933488
250.000000 70.000000 0.886796
260.000000 70.000000 0.903068
270.000000 70.000000 0.897315
280.000000 70.000000 0.972457
290.000000 70.000000 0.997890
300.000000 70.000000 0.995169
310.000000 70.000000 0.969819
320.000000 70.000000 0.990509
330.000000 70.000000 0.999031
340.000000 70.000000 0.999586
350.000000 70.000000 0.995523
360.000000 70.000000 0.930274
370.000000 70.000000 0.887419
380.000000 70.000000 0.938591
390.000000 70.000000 0.891984
400.000000 70.000000 0.892614
410.000000 70.000000 0.888294
420.000000 70.000000 0.927490
430.000000 70.000000 0.986502
440.000000 70.000000 0.987829
450.000000 70.000000 0.998588
460.000000 70.000000 0.999889
470.000000 70.000000 0.999993
480.000000 70.000000 1.000000
490.000000 70.000000 1.000000
500.000000 70.000000 1.000000
0.000000 80.000000 1.000000
10.000000 80.000000 1.000000
20.000000 80.000000 0.999999
30.000000 80.000000 0.999986
40.000000 80.000000 0.999878
50.000000 80.000000 0.999382
60.000000 80.000000 0.994097
70.000000 80.000000 0.911786
80.000000 80.000000 0.892798
90.000000 80.000000 0.884781
100.000000 80.000000 0.911179
110.000000 80.000000 0.982076
120.000000 80.000000 0.910320
130.000000 80.000000 0.893694
140.000000 80.000000 0.882882
150.000000 80.000000 0.882685
160.000000 80.000000 0.880185
170.000000 80.000000 0.879755
180.000000 80.000000 0.885569
190.000000 80.000000 0.899828
200.000000 80.000000 0.885605
210.000000 80.000000 0.899416
220.000000 80.000000 0.988301
230.000000 80.000000 0.996106
240.000000 80.000000 0.952570
250.000000 80.000000 0.888763
260.000000 80.000000 0.923052
270.000000 80.000000 0.888336
280.000000 80.000000 0.948198
290.000000 80.000000 0.993798
300.000000 80.000000 0.961679
310.000000 80.000000 0.894517
320.000000 80.000000 0.939472
330.000000 80.000000 0.991718
340.000000 80.000000 0.997416
350.000000 80.000000 0.992265
360.000000 80.000000 0.956560
370.000000 80.000000 0.898657
380.000000 80.000000 0.904795
390.000000 80.000000 0.904830
400.000000 80.000000 0.885664
410.000000 80.000000 0.893985
420.000000 80.000000 0.895049
430.000000 80.000000 0.906931
440.000000 80.000000 0.903590
450.000000 80.000000 0.986346
460.000000 80.000000 0.999216
470.000000 80.000000 0.999958
480.000000 80.000000 0.999998
490.000000 80.000000 1.000000
500.000000 80.000000 1.000000
0.000000 90.000000 0.999999
10.000000 90.000000 0.999999
20.000000 90.000000 0.999987
30.000000 90.000000 0.999824
40.000000 90.000000 0.998174
50.000000 90.000000 0.993928
60.000000 90.000000 0.984127
70.000000 90.000000 0.898966
80.000000 90.000000 0.886558
90.000000 90.000000 0.887805
100.000000 90.000000 0.952105
110.000000 90.000000 0.982361
120.000000 90.000000 0.903529
130.000000 90.000000 0.890646
140.000000 90.000000 0.882765
150.000000 90.000000 0.883671
160.000000 90.000000 0.880496
170.000000 90.000000 0.880106
180.000000 90.000000 0.885645
190.000000 90.000000 0.884100
200.000000 90.000000 0.889986
210.000000 90.000000 0.933257
220.000000 90.000000 0.995046
230.000000 90.000000 0.995444
240.000000 90.000000 0.932416
250.000000 90.000000 0.888012
260.000000 90.000000 0.950191
270.000000 90.000000 0.907198
280.000000 90.000000 0.896292
290.000000 90.000000 0.980310
300.000000 90.000000 0.974818
310.000000 90.000000 0.922357
320.000000 90.000000 0.893817
330.000000 90.000000 0.916682
340.000000 90.000000 0.968205
350.000000 90.000000 0.912345
360.000000 90.000000 0.943770
370.000000 90.000000 0.917398
380.000000 90.000000 0.887955
390.000000 90.000000 0.907994
400.000000 90.000000 0.885456
410.000000 90.000000 0.883147
420.000000 90.000000 0.897770
430.000000 90.000000 0.921250
440.000000 90.000000 0.920139
450.000000 90.000000 0.990197
460.000000 90.000000 0.999344
470.000000 90.000000 0.999957
480.000000 90.000000 0.999997
490.000000 90.000000 1.000000
500.000000 90.000000 1.000000
0.000000 100.000000 0.999995
10.000000 100.000000 0.999995
20.000000 100.000000 0.999907
30.000000 100.000000 0.998334
40.000000 100.000000 0.972752
50.000000 100.000000 0.909069
60.000000 100.000000 0.904389
70.000000 100.000000 0.882569
80.000000 100.000000 0.881813
90.000000 100.000000 0.881374
100.000000 100.000000 0.932539
110.000000 100.000000 0.979669
120.000000 100.000000 0.960209
130.000000 100.000000 0.945019
140.000000 100.000000 0.885698
150.000000 100.000000 0.886514
160.000000 100.000000 0.883384
170.000000 100.000000 0.886534
180.000000 100.000000 0.893760
190.000000 100.000000 0.905201
200.000000 100.000000 0.882783
210.000000 100.000000 0.914931
220.000000 100.000000 0.992435
230.000000 100.000000 0.994034
240.000000 100.000000 0.959385
250.000000 100.000000 0.897855
260.000000 100.000000 0.916921
270.000000 100.000000 0.940758
280.000000 100.000000 0.935583
290.000000 100.000000 0.932731
300.000000 100.000000 0.937909
310.000000 100.000000 0.987117
320.000000 100.000000 0.920634
330.000000 100.000000 0.916211
340.000000 100.000000 0.960576
350.000000 100.000000 0.894888
360.000000 100.000000 0.890858
370.000000 100.000000 0.886322
380.000000 100.000000 0.937368
390.000000 100.000000 0.984176
400.000000 100.000000 0.917404
410.000000 100.000000 0.887117
420.000000 100.000000 0.963634
430.000000 100.000000 0.990930
440.000000 100.000000 0.991784
450.000000 100.000000 0.994058
460.000000 100.000000 0.998223
470.000000 100.000000 0.999829
480.000000 100.000000 0.999988
490.000000 100.000000 0.999999
500.000000 100.000000 0.999999
0.000000 110.000000 0.999988
10.000000 110.000000 0.999988
20.000000 110.000000 0.999815
30.000000 110.000000 0.997030
40.000000 110.000000 0.955911
50.000000 110.000000 0.883525
60.000000 110.000000 0.881669
70.000000 110.000000 0.881254
80.000000 110.000000 0.880927
90.000000 110.000000 0.881574
100.000000 110.000000 0.884472
110.000000 110.000000 0.894650
120.000000 110.000000 0.886191
130.000000 110.000000 0.898213
140.000000 110.000000 0.883114
150.000000 110.000000 0.893506
160.000000 110.000000 0.901811
170.000000 110.000000 0.928592
180.000000 110.000000 0.895900
190.000000 110.000000 0.882476
200.000000 110.000000 0.880071
210.000000 110.000000 0.913650
220.000000 110.000000 0.959544
230.000000 110.000000 0.945029
240.000000 110.000000 0.896571
250.000000 110.000000 0.887567
260.000000 110.000000 0.888057
270.000000 110.000000 0.961554
280.000000 110.000000 0.955494
290.000000 110.000000 0.890368
300.000000 110.000000 0.901576
310.000000 110.000000 0.989580
320.000000 110.000000 0.990094
330.000000 110.000000 0.962834
340.000000 110.000000 0.957697
350.000000 110.000000 0.981895
360.000000 110.000000 0.958289
370.000000 110.000000 0.918892
380.000000 110.000000 0.971546
390.000000 110.000000 0.969647
400.000000 110.000000 0.942032
410.000000 110.000000 0.888366
420.000000 110.000000 0.957026
430.000000 110.000000 0.959505
440.000000 110.000000 0.947434
450.000000 110.000000 0.913474
460.000000 110.000000 0.974341
470.000000 110.000000 0.998446
480.000000 110.000000 0.999915
490.000000 110.000000 0.999995
500.000000 110.000000 0.999995
0.000000 120.000000 0.999956
10.000000 120.000000 0.999956
20.000000 120.000000 0.999376
30.000000 120.000000 0.991671
40.000000 120.000000 0.907634
50.000000 120.000000 0.884048
60.000000 120.000000 0.881307
70.000000 120.000000 0.882268
80.000000 120.000000 0.883220
90.000000 120.000000 0.914318
100.000000 120.000000 0.906862
110.000000 120.000000 0.881862
120.000000 120.000000 0.880976
130.000000 120.000000 0.882428
140.000000 120.000000 0.899225
150.000000 120.000000 0.951655
160.000000 120.000000 0.936139
170.000000 120.000000 0.885833
180.000000 120.000000 0.881418
190.000000 120.000000 0.882336
200.000000 120.000000 0.880560
210.000000 120.000000 0.889581
220.000000 120.000000 0.889011
230.000000 120.000000 0.892140
240.000000 120.000000 0.892883
250.000000 120.000000 0.924631
260.000000 120.000000 0.889789
270.000000 120.000000 0.909838
280.000000 120.000000 0.886814
290.000000 120.000000 0.884095
300.000000 120.000000 0.883747
310.000000 120.000000 0.933733
320.000000 120.000000 0.948625
330.000000 120.000000 0.898324
340.000000 120.000000 0.894000
350.000000 120.000000 0.985226
360.000000 120.000000 0.990156
370.000000 120.000000 0.924552
380.000000 120.000000 0.917124
390.000000 120.000000 0.890028
400.000000 120.000000 0.890602
410.000000 120.000000 0.881916
420.000000 120.000000 0.889498
430.000000 120.000000 0.886325
440.000000 120.000000 0.893188
450.000000 120.000000 0.891736
460.000000 120.000000 0.965094
470.000000 120.000000 0.997882
480.000000 120.000000 0.999884
490.000000 120.000000 0.999994
500.000000 120.000000 0.999994
0.000000 130.000000 0.999756
10.000000 130.000000 0.999756
20.000000 130.000000 0.996283
30.000000 130.000000 0.947553
40.000000 130.000000 0.893592
50.000000 130.000000 0.888219
60.000000 130.000000 0.880287
70.000000 130.000000 0.881305
80.000000 130.000000 0.887519
90.000000 130.000000 0.969543
100.000000 130.000000 0.939629
110.000000 130.000000 0.884028
120.000000 130.000000 0.886227
130.000000 130.000000 0.885193
140.000000 130.000000 0.930946
150.000000 130.000000 0.917814
160.000000 130.000000 0.883517
170.000000 130.000000 0.880226
180.000000 130.000000 0.880627
190.000000 130.000000 0.883737
200.000000 130.000000 0.936223
210.000000 130.000000 0.974303
220.000000 130.000000 0.934486
230.000000 130.000000 0.952934
240.000000 130.000000 0.913154
250.000000 130.000000 0.886955
260.000000 130.000000 0.884166
270.000000 130.000000 0.883519
280.000000 130.000000 0.882520
290.000000 130.000000 0.913344
300.000000 130.000000 0.883114
310.000000 130.000000 0.897832
320.000000 130.000000 0.885244
330.000000 130.000000 0.883442
340.000000 130.000000 0.900937
350.000000 130.000000 0.988726
360.000000 130.000000 0.984539
370.000000 130.000000 0.894032
380.000000 130.000000 0.881598
390.000000 130.000000 0.888007
400.000000 130.000000 0.883747
410.000000 130.000000 0.885957
420.000000 130.000000 0.910999
430.000000 130.000000 0.895563
440.000000 130.000000 0.954440
450.000000 130.000000 0.934837
460.000000 130.000000 0.976109
470.000000 130.000000 0.998370
480.000000 130.000000 0.999902
490.000000 130.000000 0.999994
500.000000 130.000000 0.999994
0.000000 140.000000 0.999152
10.000000 140.000000 0.999152
20.000000 140.000000 0.986219
30.000000 140.000000 0.893537
40.000000 140.000000 0.901831
50.000000 140.000000 0.914009
60.000000 140.000000 0.879039
70.000000 140.000000 0.878543
80.000000 140.000000 0.883387
90.000000 140.000000 0.922184
100.000000 140.000000 0.938643
110.000000 140.000000 0.886400
120.000000 140.000000 0.944137
130.000000 140.000000 0.915212
140.000000 140.000000 0.882912
150.000000 140.000000 0.883955
160.000000 140.000000 0.881957
170.000000 140.000000 0.878914
180.000000 140.000000 0.883023
190.000000 140.000000 0.888473
200.000000 140.000000 0.914226
210.000000 140.000000 0.966156
220.000000 140.000000 0.980028
230.000000 140.000000 0.988100
240.000000 140.000000 0.910003
250.000000 140.000000 0.885101
260.000000 140.000000 0.901714
270.000000 140.000000 0.886646
280.000000 140.000000 0.881078
290.000000 140.000000 0.885402
300.000000 140.000000 0.894676
310.000000 140.000000 0.955401
320.000000 140.000000 0.887156
330.000000 140.000000 0.884551
340.000000 140.000000 0.890051
350.000000 140.000000 0.971838
360.000000 140.000000 0.940150
370.000000 140.000000 0.884239
380.000000 140.000000 0.881028
390.000000 140.000000 0.881580
400.000000 140.000000 0.881391
410.000000 140.000000 0.885601
420.000000 140.000000 0.882452
430.000000 140.000000 0.896110
440.000000 140.000000 0.930967
450.000000 140.000000 0.890785
460.000000 140.000000 0.934352
470.000000 140.000000 0.996066
480.000000 140.000000 0.999786
490.000000 140.000000 0.999988
500.000000 140.000000 0.999988
0.000000 150.000000 0.998986
10.000000 150.000000 0.998986
20.000000 150.000000 0.984911
30.000000 150.000000 0.897659
40.000000 150.000000 0.902809
50.000000 150.000000 0.883785
60.000000 150.000000 0.878886
70.000000 150.000000 0.880281
80.000000 150.000000 0.885870
90.000000 150.000000 0.883379
100.000000 150.000000 0.891859
110.000000 150.000000 0.884043
120.000000 150.000000 0.895859
130.000000 150.000000 0.883106
140.000000 150.000000 0.881671
150.000000 150.000000 0.882483
160.000000 150.000000 0.881769
170.000000 150.000000 0.891308
180.000000 150.000000 0.886120
190.000000 150.000000 0.882672
200.000000 150.000000 0.882770
210.000000 150.000000 0.886941
220.000000 150.000000 0.917884
230.000000 150.000000 0.957748
240.000000 150.000000 0.886093
250.000000 150.000000 0.879701
260.000000 150.000000 0.884207
270.000000 150.000000 0.915824
280.000000 150.000000 0.883496
290.000000 150.000000 0.889524
300.000000 150.000000 0.920838
310.000000 150.000000 0.934508
320.000000 150.000000 0.887274
330.000000 150.000000 0.910317
340.000000 150.000000 0.950678
350.000000 150.000000 0.987039
360.000000 150.000000 0.926433
370.000000 150.000000 0.883242
380.000000 150.000000 0.882226
390.000000 150.000000 0.882586
400.000000 150.000000 0.879478
410.000000 150.000000 0.912768
420.000000 150.000000 0.883779
430.000000 150.000000 0.882419
440.000000 150.000000 0.885234
450.000000 150.000000 0.921349
460.000000 150.000000 0.967990
470.000000 150.000000 0.997360
480.000000 150.000000 0.999821
490.000000 150.000000 0.999988
500.000000 150.000000 0.999988
0.000000 160.000000 0.997789
10.000000 160.000000 0.997789
20.000000 160.000000 0.967336
30.000000 160.000000 0.887163
40.000000 160.000000 0.897061
50.000000 160.000000 0.892377
60.000000 160.000000 0.880163
70.000000 160.000000 0.878822
80.000000 160.000000 0.881069
90.000000 160.000000 0.880970
100.000000 160.000000 0.879430
110.000000 160.000000 0.920041
120.000000 160.000000 0.928326
130.000000 160.000000 0.883353
140.000000 160.000000 0.880096
150.000000 160.000000 0.884031
160.000000 160.000000 0.894214
170.000000 160.000000 0.888305
180.000000 160.000000 0.881229
190.000000 160.000000 0.883462
200.000000 160.000000 0.879296
210.000000 160.000000 0.882564
220.000000 160.000000 0.917074
230.000000 160.000000 0.943783
240.000000 160.000000 0.885284
250.000000 160.000000 0.884406
260.000000 160.000000 0.898913
270.000000 160.000000 0.945503
280.000000 160.000000 0.883608
290.000000 160.000000 0.899325
300.000000 160.000000 0.917920
310.000000 160.000000 0.885741
320.000000 160.000000 0.922941
330.000000 160.000000 0.969744
340.000000 160.000000 0.943207
350.000000 160.000000 0.934423
360.000000 160.000000 0.887357
370.000000 160.000000 0.886091
380.000000 160.000000 0.880672
390.000000 160.000000 0.881688
400.000000 160.000000 0.883424
410.000000 160.000000 0.902495
420.000000 160.000000 0.884154
430.000000 160.000000 0.911939
440.000000 160.000000 0.921838
450.000000 160.000000 0.917568
460.000000 160.000000 0.908997
470.000000 160.000000 0.987342
480.000000 160.000000 0.999268
490.000000 160.000000 0.999958
500.000000 160.000000 0.999958
0.000000 170.000000 0.995348
10.000000 170.000000 0.995348
20.000000 170.000000 0.973503
30.000000 170.000000 0.892470
40.000000 170.000000 0.938550
50.000000 170.000000 0.941124
60.000000 170.000000 0.884046
70.000000 170.000000 0.880041
80.000000 170.000000 0.877970
90.000000 170.000000 0.878662
100.000000 170.000000 0.880339
110.000000 170.000000 0.902714
120.000000 170.000000 0.920758
130.000000 170.000000 0.882801
140.000000 170.000000 0.883520
150.000000 170.000000 0.895734
160.000000 170.000000 0.893578
170.000000 170.000000 0.879630
180.000000 170.000000 0.881986
190.000000 170.000000 0.885533
200.000000 170.000000 0.882188
210.000000 170.000000 0.882942
220.000000 170.000000 0.885950
230.000000 170.000000 0.887890
240.000000 170.000000 0.882339
250.000000 170.000000 0.889640
260.000000 170.000000 0.886986
270.000000 170.000000 0.887866
280.000000 170.000000 0.883212
290.000000 170.000000 0.878400
300.000000 170.000000 0.891546
310.000000 170.000000 0.890015
320.000000 170.000000 0.933954
330.000000 170.000000 0.970551
340.000000 170.000000 0.889406
350.000000 170.000000 0.884955
360.000000 170.000000 0.882141
370.000000 170.000000 0.892000
380.000000 170.000000 0.879226
390.000000 170.000000 0.877851
400.000000 170.000000 0.904206
410.000000 170.000000 0.961373
420.000000 170.000000 0.897570
430.000000 170.000000 0.909056
440.000000 170.000000 0.982679
450.000000 170.000000 0.930715
460.000000 170.000000 0.912989
470.000000 170.000000 0.988365
480.000000 170.000000 0.999317
490.000000 170.000000 0.999948
500.000000 170.000000 0.999948
0.000000 180.000000 0.948495
10.000000 180.000000 0.948495
20.000000 180.000000 0.909495
30.000000 180.000000 0.886101
40.000000 180.000000 0.887224
50.000000 180.000000 0.884643
60.000000 180.000000 0.904525
70.000000 180.000000 0.877604
80.000000 180.000000 0.878852
90.000000 180.000000 0.879462
100.000000 180.000000 0.882435
110.000000 180.000000 0.883342
120.000000 180.000000 0.901230
130.000000 180.000000 0.882314
140.000000 180.000000 0.884460
150.000000 180.000000 0.881758
160.000000 180.000000 0.887203
170.000000 180.000000 0.891995
180.000000 180.000000 0.888717
190.000000 180.000000 0.886970
200.000000 180.000000 0.883815
210.000000 180.000000 0.895692
220.000000 180.000000 0.928005
230.000000 180.000000 0.913471
240.000000 180.000000 0.899162
250.000000 180.000000 0.897773
260.000000 180.000000 0.905517
270.000000 180.000000 0.909102
280.000000 180.000000 0.881683
290.000000 180.000000 0.879672
300.000000 180.000000 0.899873
310.000000 180.000000 0.895066
320.000000 180.000000 0.891340
330.000000 180.000000 0.952406
340.000000 180.000000 0.889794
350.000000 180.000000 0.879325
360.000000 180.000000 0.881216
370.000000 180.000000 0.882500
380.000000 180.000000 0.878500
390.000000 180.000000 0.877794
400.000000 180.000000 0.882045
410.000000 180.000000 0.886496
420.000000 180.000000 0.883998
430.000000 180.000000 0.903685
440.000000 180.000000 0.989417
450.000000 180.000000 0.992502
460.000000 180.000000 0.990459
470.000000 180.000000 0.998136
480.000000 180.000000 0.999716
490.000000 180.000000 0.999710
500.000000 180.000000 0.999710
0.000000 190.000000 0.909356
10.000000 190.000000 0.909356
20.000000 190.000000 0.890294
30.000000 190.000000 0.950958
40.000000 190.000000 0.917340
50.000000 190.000000 0.884907
60.000000 190.000000 0.897089
70.000000 190.000000 0.887882
80.000000 190.000000 0.881296
90.000000 190.000000 0.880129
100.000000 190.000000 0.880236
110.000000 190.000000 0.894344
120.000000 190.000000 0.951259
130.000000 190.000000 0.885755
140.000000 190.000000 0.880771
150.000000 190.000000 0.882325
160.000000 190.000000 0.878115
170.000000 190.000000 0.878185
180.000000 190.000000 0.885857
190.000000 190.000000 0.909189
200.000000 190.000000 0.884310
210.000000 190.000000 0.887777
220.000000 190.000000 0.891694
230.000000 190.000000 0.882996
240.000000 190.000000 0.886361
250.000000 190.000000 0.898876
260.000000 190.000000 0.895961
270.000000 190.000000 0.930600
280.000000 190.000000 0.883382
290.000000 190.000000 0.885254
300.000000 190.000000 0.886246
310.000000 190.000000 0.912139
320.000000 190.000000 0.949757
330.000000 190.000000 0.945527
340.000000 190.000000 0.888200
350.000000 190.000000 0.882103
360.000000 190.000000 0.896339
370.000000 190.000000 0.938171
380.000000 190.000000 0.902069
390.000000 190.000000 0.884254
400.000000 190.000000 0.887374
410.000000 190.000000 0.884595
420.000000 190.000000 0.880490
430.000000 190.000000 0.910239
440.000000 190.000000 0.990099
450.000000 190.000000 0.954529
460.000000 190.000000 0.927257
470.000000 190.000000 0.986564
480.000000 190.000000 0.997151
490.000000 190.000000 0.994901
500.000000 190.000000 0.994901
0.000000 200.000000 0.967736
10.000000 200.000000 0.967736
20.000000 200.000000 0.888217
30.000000 200.000000 0.898400
40.000000 200.000000 0.883587
50.000000 200.000000 0.884055
60.000000 200.000000 0.884667
70.000000 200.000000 0.909002
80.000000 200.000000 0.887238
90.000000 200.000000 0.878556
100.000000 200.000000 0.878176
110.000000 200.000000 0.890032
120.000000 200.000000 0.950925
130.000000 200.000000 0.897704
140.000000 200.000000 0.879440
150.000000 200.000000 0.880420
160.000000 200.000000 0.879859
170.000000 200.000000 0.880465
180.000000 200.000000 0.884251
190.000000 200.000000 0.890060
200.000000 200.000000 0.883673
210.000000 200.000000 0.891652
220.000000 200.000000 0.890657
230.000000 200.000000 0.882382
240.000000 200.000000 0.923202
250.000000 200.000000 0.954310
260.000000 200.000000 0.887820
270.000000 200.000000 0.890537
280.000000 200.000000 0.883176
290.000000 200.000000 0.934065
300.000000 200.000000 0.938330
310.000000 200.000000 0.973449
320.000000 200.000000 0.994449
330.000000 200.000000 0.989438
340.000000 200.000000 0.955706
350.000000 200.000000 0.894405
360.000000 200.000000 0.887081
370.000000 200.000000 0.887651
380.000000 200.000000 0.892241
390.000000 200.000000 0.930060
400.000000 200.000000 0.886711
410.000000 200.000000 0.896394
420.000000 200.000000 0.915315
430.000000 200.000000 0.929944
440.000000 200.000000 0.967831
450.000000 200.000000 0.905322
460.000000 200.000000 0.895444
470.000000 200.000000 0.972105
480.000000 200.000000 0.966795
490.000000 200.000000 0.917151
500.000000 200.000000 0.917151
0.000000 210.000000 0.982747
10.000000 210.000000 0.982747
20.000000 210.000000 0.889854
30.000000 210.000000 0.883583
40.000000 210.000000 0.885407
50.000000 210.000000 0.927417
60.000000 210.000000 0.914291
70.000000 210.000000 0.884095
80.000000 210.000000 0.890067
90.000000 210.000000 0.885963
100.000000 210.000000 0.881569
110.000000 210.000000 0.887280
120.000000 210.000000 0.886828
130.000000 210.000000 0.884326
140.000000 210.000000 0.880801
150.000000 210.000000 0.883370
160.000000 210.000000 0.882802
170.000000 210.000000 0.884283
180.000000 210.000000 0.940740
190.000000 210.000000 0.963568
200.000000 210.000000 0.922010
210.000000 210.000000 0.966510
220.000000 210.000000 0.958896
230.000000 210.000000 0.886560
240.000000 210.000000 0.887010
250.000000 210.000000 0.884743
260.000000 210.000000 0.882106
270.000000 210.000000 0.878791
280.000000 210.000000 0.882288
290.000000 210.000000 0.921613
300.000000 210.000000 0.952709
310.000000 210.000000 0.933413
320.000000 210.000000 0.986471
330.000000 210.000000 0.996430
340.000000 210.000000 0.991607
350.000000 210.000000 0.957195
360.000000 210.000000 0.953093
370.000000 210.000000 0.937179
380.000000 210.000000 0.948228
390.000000 210.000000 0.989695
400.000000 210.000000 0.942838
410.000000 210.000000 0.945320
420.000000 210.000000 0.989431
430.000000 210.000000 0.989521
440.000000 210.000000 0.905850
450.000000 210.000000 0.891024
460.000000 210.000000 0.965553
470.000000 210.000000 0.993489
480.000000 210.000000 0.947936
490.000000 210.000000 0.886408
500.000000 210.000000 0.886408
0.000000 220.000000 0.939753
10.000000 220.000000 0.939753
20.000000 220.000000 0.882175
30.000000 220.000000 0.885161
40.000000 220.000000 0.884534
50.000000 220.000000 0.885056
60.000000 220.000000 0.882692
70.000000 220.000000 0.906972
80.000000 220.000000 0.888875
90.000000 220.000000 0.889191
100.000000 220.000000 0.882592
110.000000 220.000000 0.881874
120.000000 220.000000 0.883618
130.000000 220.000000 0.881687
140.000000 220.000000 0.917559
150.000000 220.000000 0.883561
160.000000 220.000000 0.902771
170.000000 220.000000 0.906534
180.000000 220.000000 0.889886
190.000000 220.000000 0.933374
200.000000 220.000000 0.941881
210.000000 220.000000 0.990949
220.000000 220.000000 0.990719
230.000000 220.000000 0.899813
240.000000 220.000000 0.882075
250.000000 220.000000 0.882168
260.000000 220.000000 0.881568
270.000000 220.000000 0.881471
280.000000 220.000000 0.896913
290.000000 220.000000 0.881915
300.000000 220.000000 0.886707
310.000000 220.000000 0.885095
320.000000 220.000000 0.937329
330.000000 220.000000 0.966512
340.000000 220.000000 0.940143
350.000000 220.000000 0.981261
360.000000 220.000000 0.992499
370.000000 220.000000 0.938240
380.000000 220.000000 0.938336
390.000000 220.000000 0.994193
400.000000 220.000000 0.994893
410.000000 220.000000 0.983192
420.000000 220.000000 0.960651
430.000000 220.000000 0.987234
440.000000 220.000000 0.926056
450.000000 220.000000 0.903043
460.000000 220.000000 0.988925
470.000000 220.000000 0.996933
480.000000 220.000000 0.976811
490.000000 220.000000 0.888869
500.000000 220.000000 0.888869
0.000000 230.000000 0.897598
10.000000 230.000000 0.897598
20.000000 230.000000 0.884458
30.000000 230.000000 0.924450
40.000000 230.000000 0.947336
50.000000 230.000000 0.904920
60.000000 230.000000 0.914890
70.000000 230.000000 0.946210
80.000000 230.000000 0.884743
90.000000 230.000000 0.891530
100.000000 230.000000 0.899972
110.000000 230.000000 0.879018
120.000000 230.000000 0.875118
130.000000 230.000000 0.881407
140.000000 230.000000 0.888913
150.000000 230.000000 0.880104
160.000000 230.000000 0.878393
170.000000 230.000000 0.890172
180.000000 230.000000 0.908600
190.000000 230.000000 0.897667
200.000000 230.000000 0.889252
210.000000 230.000000 0.966426
220.000000 230.000000 0.982808
230.000000 230.000000 0.894419
240.000000 230.000000 0.888440
250.000000 230.000000 0.882846
260.000000 230.000000 0.892696
270.000000 230.000000 0.900879
280.000000 230.000000 0.892878
290.000000 230.000000 0.887126
300.000000 230.000000 0.884759
310.000000 230.000000 0.884005
320.000000 230.000000 0.884258
330.000000 230.000000 0.890512
340.000000 230.000000 0.891701
350.000000 230.000000 0.954692
360.000000 230.000000 0.991697
370.000000 230.000000 0.907264
380.000000 230.000000 0.896293
390.000000 230.000000 0.971299
400.000000 230.000000 0.986766
410.000000 230.000000 0.933303
420.000000 230.000000 0.891899
430.000000 230.000000 0.939588
440.000000 230.000000 0.910225
450.000000 230.000000 0.887712
460.000000 230.000000 0.966212
470.000000 230.000000 0.982998
480.000000 230.000000 0.931166
490.000000 230.000000 0.879898
500.000000 230.000000 0.879898
0.000000 240.000000 0.883540
10.000000 240.000000 0.883540
20.000000 240.000000 0.883964
30.000000 240.000000 0.888960
40.000000 240.000000 0.940222
50.000000 240.000000 0.884835
60.000000 240.000000 0.884061
70.000000 240.000000 0.885445
80.000000 240.000000 0.905570
90.000000 240.000000 0.893046
100.000000 240.000000 0.880266
110.000000 240.000000 0.894435
120.000000 240.000000 0.881349
130.000000 240.000000 0.918361
140.000000 240.000000 0.885305
150.000000 240.000000 0.880879
160.000000 240.000000 0.880526
170.000000 240.000000 0.894086
180.000000 240.000000 0.940925
190.000000 240.000000 0.895474
200.000000 240.000000 0.886138
210.000000 240.000000 0.891113
220.000000 240.000000 0.900859
230.000000 240.000000 0.884062
240.000000 240.000000 0.942616
250.000000 240.000000 0.895244
260.000000 240.000000 0.929506
270.000000 240.000000 0.916529
280.000000 240.000000 0.886409
290.000000 240.000000 0.918799
300.000000 240.000000 0.882380
310.000000 240.000000 0.879944
320.000000 240.000000 0.886751
330.000000 240.000000 0.954382
340.000000 240.000000 0.955083
350.000000 240.000000 0.989741
360.000000 240.000000 0.997617
370.000000 240.000000 0.974691
380.000000 240.000000 0.901467
390.000000 240.000000 0.891936
400.000000 240.000000 0.900844
410.000000 240.000000 0.886036
420.000000 240.000000 0.908525
430.000000 240.000000 0.882883
440.000000 240.000000 0.882012
450.000000 240.000000 0.884503
460.000000 240.000000 0.956215
470.000000 240.000000 0.950446
480.000000 240.000000 0.890266
490.000000 240.000000 0.883602
500.000000 240.000000 0.883602
0.000000 250.000000 0.905798
10.000000 250.000000 0.905798
20.000000 250.000000 0.901493
30.000000 250.000000 0.883223
40.000000 250.000000 0.883204
50.000000 250.000000 0.878893
60.000000 250.000000 0.882306
70.000000 250.000000 0.882977
80.000000 250.000000 0.907873
90.000000 250.000000 0.915829
100.000000 250.000000 0.895954
110.000000 250.000000 0.945465
120.000000 250.000000 0.913846
130.000000 250.000000 0.883785
140.000000 250.000000 0.886769
150.000000 250.000000 0.882209
160.000000 250.000000 0.881113
170.000000 250.000000 0.881175
180.000000 250.000000 0.883888
190.000000 250.000000 0.880809
200.000000 250.000000 0.877916
210.000000 250.000000 0.879260
220.000000 250.000000 0.881414
230.000000 250.000000 0.896216
240.000000 250.000000 0.944964
250.000000 250.000000 0.886919
260.000000 250.000000 0.910384
270.000000 250.000000 0.972801
280.000000 250.000000 0.923196
290.000000 250.000000 0.888231
300.000000 250.000000 0.911643
310.000000 250.000000 0.896096
320.000000 250.000000 0.886453
330.000000 250.000000 0.972750
340.000000 250.000000 0.995757
350.000000 250.000000 0.999180
360.000000 250.000000 0.999479
370.000000 250.000000 0.995176
380.000000 250.000000 0.943180
390.000000 250.000000 0.889304
400.000000 250.000000 0.887355
410.000000 250.000000 0.888755
420.000000 250.000000 0.897568
430.000000 250.000000 0.881031
440.000000 250.000000 0.878235
450.000000 250.000000 0.884662
460.000000 250.000000 0.929018
470.000000 250.000000 0.982468
480.000000 250.000000 0.947295
490.000000 250.000000 0.946732
500.000000 250.000000 0.946732
0.000000 260.000000 0.881587
10.000000 260.000000 0.881587
20.000000 260.000000 0.882169
30.000000 260.000000 0.890979
40.000000 260.000000 0.888239
50.000000 260.000000 0.880559
60.000000 260.000000 0.880687
70.000000 260.000000 0.885681
80.000000 260.000000 0.882706
90.000000 260.000000 0.883065
100.000000 260.000000 0.886928
110.000000 260.000000 0.968158
120.000000 260.000000 0.978285
130.000000 260.000000 0.896201
140.000000 260.000000 0.899007
150.000000 260.000000 0.883513
160.000000 260.000000 0.893875
170.000000 260.000000 0.880692
180.000000 260.000000 0.879784
190.000000 260.000000 0.875810
200.000000 260.000000 0.877915
210.000000 260.000000 0.880128
220.000000 260.000000 0.881182
230.000000 260.000000 0.889468
240.000000 260.000000 0.886228
250.000000 260.000000 0.883774
260.000000 260.000000 0.902909
270.000000 260.000000 0.978886
280.000000 260.000000 0.968849
290.000000 260.000000 0.918043
300.000000 260.000000 0.893030
310.000000 260.000000 0.885332
320.000000 260.000000 0.884175
330.000000 260.000000 0.942889
340.000000 260.000000 0.996109
350.000000 260.000000 0.999432
360.000000 260.000000 0.997647
370.000000 260.000000 0.995009
380.000000 260.000000 0.972772
390.000000 260.000000 0.890590
400.000000 260.000000 0.905449
410.000000 260.000000 0.945220
420.000000 260.000000 0.885276
430.000000 260.000000 0.884204
440.000000 260.000000 0.884656
450.000000 260.000000 0.928039
460.000000 260.000000 0.978670
470.000000 260.000000 0.994520
480.000000 260.000000 0.992865
490.000000 260.000000 0.996105
500.000000 260.000000 0.996105
0.000000 270.000000 0.877667
10.000000 270.000000 0.877667
20.000000 270.000000 0.883571
30.000000 270.000000 0.896212
40.000000 270.000000 0.896652
50.000000 270.000000 0.879879
60.000000 270.000000 0.881194
70.000000 270.000000 0.892293
80.000000 270.000000 0.891151
90.000000 270.000000 0.877188
100.000000 270.000000 0.888202
110.000000 270.000000 0.925668
120.000000 270.000000 0.939801
130.000000 270.000000 0.884482
140.000000 270.000000 0.877301
150.000000 270.000000 0.881104
160.000000 270.000000 0.876654
170.000000 270.000000 0.875358
180.000000 270.000000 0.879099
190.000000 270.000000 0.879622
200.000000 270.000000 0.884162
210.000000 270.000000 0.881459
220.000000 270.000000 0.888512
230.000000 270.000000 0.904476
240.000000 270.000000 0.889010
250.000000 270.000000 0.893441
260.000000 270.000000 0.885381
270.000000 270.000000 0.903917
280.000000 270.000000 0.924403
290.000000 270.000000 0.946194
300.000000 270.000000 0.886622
310.000000 270.000000 0.883810
320.000000 270.000000 0.881327
330.000000 270.000000 0.907661
340.000000 270.000000 0.991045
350.000000 270.000000 0.995774
360.000000 270.000000 0.963160
370.000000 270.000000 0.942829
380.000000 270.000000 0.894760
390.000000 270.000000 0.910804
400.000000 270.000000 0.957671
410.000000 270.000000 0.980684
420.000000 270.000000 0.895786
430.000000 270.000000 0.887713
440.000000 270.000000 0.928351
450.000000 270.000000 0.980405
460.000000 270.000000 0.989788
470.000000 270.000000 0.946333
480.000000 270.000000 0.934558
490.000000 270.000000 0.993133
500.000000 270.000000 0.993133
0.000000 280.000000 0.884115
10.000000 280.000000 0.884115
20.000000 280.000000 0.901920
30.000000 280.000000 0.888435
40.000000 280.000000 0.915098
50.000000 280.000000 0.883566
60.000000 280.000000 0.885077
70.000000 280.000000 0.884518
80.000000 280.000000 0.886805
90.000000 280.000000 0.879339
100.000000 280.000000 0.889844
110.000000 280.000000 0.887460
120.000000 280.000000 0.900188
130.000000 280.000000 0.890252
140.000000 280.000000 0.954060
150.000000 280.000000 0.901629
160.000000 280.000000 0.883336
170.000000 280.000000 0.879128
180.000000 280.000000 0.886221
190.000000 280.000000 0.884494
200.000000 280.000000 0.882737
210.000000 280.000000 0.884676
220.000000 280.000000 0.881585
230.000000 280.000000 0.882373
240.000000 280.000000 0.894790
250.000000 280.000000 0.890237
260.000000 280.000000 0.918567
270.000000 280.000000 0.902065
280.000000 280.000000 0.884437
290.000000 280.000000 0.883781
300.000000 280.000000 0.885051
310.000000 280.000000 0.882655
320.000000 280.000000 0.881094
330.000000 280.000000 0.882797
340.000000 280.000000 0.940326
350.000000 280.000000 0.969146
360.000000 280.000000 0.890696
370.000000 280.000000 0.886217
380.000000 280.000000 0.888111
390.000000 280.000000 0.952977
400.000000 280.000000 0.951686
410.000000 280.000000 0.901377
420.000000 280.000000 0.892749
430.000000 280.000000 0.920438
440.000000 280.000000 0.989010
450.000000 280.000000 0.960019
460.000000 280.000000 0.911583
470.000000 280.000000 0.890423
480.000000 280.000000 0.895091
490.000000 280.000000 0.982604
500.000000 280.000000 0.982604
0.000000 290.000000 0.905427
10.000000 290.000000 0.905427
20.000000 290.000000 0.982163
30.000000 290.000000 0.963029
40.000000 290.000000 0.945857
50.000000 290.000000 0.885457
60.000000 290.000000 0.908920
70.000000 290.000000 0.896876
80.000000 290.000000 0.884065
90.000000 290.000000 0.883620
100.000000 290.000000 0.889332
110.000000 290.000000 0.947608
120.000000 290.000000 0.890033
130.000000 290.000000 0.890053
140.000000 290.000000 0.906238
150.000000 290.000000 0.899553
160.000000 290.000000 0.884280
170.000000 290.000000 0.882479
180.000000 290.000000 0.910966
190.000000 290.000000 0.939654
200.000000 290.000000 0.949422
210.000000 290.000000 0.925725
220.000000 290.000000 0.879526
230.000000 290.000000 0.880718
240.000000 290.000000 0.878138
250.000000 290.000000 0.877919
260.000000 290.000000 0.936972
270.000000 290.000000 0.954310
280.000000 290.000000 0.884577
290.000000 290.000000 0.899604
300.000000 290.000000 0.941935
310.000000 290.000000 0.910813
320.000000 290.000000 0.884641
330.000000 290.000000 0.882224
340.000000 290.000000 0.912765
350.000000 290.000000 0.961295
360.000000 290.000000 0.888133
370.000000 290.000000 0.881200
380.000000 290.000000 0.889706
390.000000 290.000000 0.970887
400.000000 290.000000 0.950111
410.000000 290.000000 0.899902
420.000000 290.000000 0.962254
430.000000 290.000000 0.993078
440.000000 290.000000 0.995135
450.000000 290.000000 0.945854
460.000000 290.000000 0.890161
470.000000 290.000000 0.882022
480.000000 290.000000 0.901020
490.000000 290.000000 0.922814
500.000000 290.000000 0.922814
0.000000 300.000000 0.939895
10.000000 300.000000 0.939895
20.000000 300.000000 0.992643
30.000000 300.000000 0.948498
40.000000 300.000000 0.887183
50.000000 300.000000 0.881023
60.000000 300.000000 0.902524
70.000000 300.000000 0.934345
80.000000 300.000000 0.933543
90.000000 300.000000 0.919756
100.000000 300.000000 0.890781
110.000000 300.000000 0.934916
120.000000 300.000000 0.881972
130.000000 300.000000 0.904575
140.000000 300.000000 0.887776
150.000000 300.000000 0.933890
160.000000 300.000000 0.925746
170.000000 300.000000 0.883795
180.000000 300.000000 0.891952
190.000000 300.000000 0.892208
200.000000 300.000000 0.927876
210.000000 300.000000 0.896673
220.000000 300.000000 0.880519
230.000000 300.000000 0.882405
240.000000 300.000000 0.882789
250.000000 300.000000 0.875433
260.000000 300.000000 0.904014
270.000000 300.000000 0.964444
280.000000 300.000000 0.892753
290.000000 300.000000 0.924667
300.000000 300.000000 0.925926
310.000000 300.000000 0.908291
320.000000 300.000000 0.883683
330.000000 300.000000 0.885863
340.000000 300.000000 0.884421
350.000000 300.000000 0.892511
360.000000 300.000000 0.884316
370.000000 300.000000 0.884353
380.000000 300.000000 0.900722
390.000000 300.000000 0.983403
400.000000 300.000000 0.991119
410.000000 300.000000 0.985169
420.000000 300.000000 0.996504
430.000000 300.000000 0.998152
440.000000 300.000000 0.983321
450.000000 300.000000 0.969327
460.000000 300.000000 0.956741
470.000000 300.000000 0.888577
480.000000 300.000000 0.880898
490.000000 300.000000 0.880999
500.000000 300.000000 0.880999
0.000000 310.000000 0.996273
10.000000 310.000000 0.996273
20.000000 310.000000 0.997321
30.000000 310.000000 0.962501
40.000000 310.000000 0.891183
50.000000 310.000000 0.883149
60.000000 310.000000 0.890790
70.000000 310.000000 0.963750
80.000000 310.000000 0.934944
90.000000 310.000000 0.909226
100.000000 310.000000 0.881505
110.000000 310.000000 0.881006
120.000000 310.000000 0.877744
130.000000 310.000000 0.884544
140.000000 310.000000 0.892508
150.000000 310.000000 0.973918
160.000000 310.000000 0.948152
170.000000 310.000000 0.889242
180.000000 310.000000 0.920651
190.000000 310.000000 0.885538
200.000000 310.000000 0.881780
210.000000 310.000000 0.880588
220.000000 310.000000 0.881791
230.000000 310.000000 0.889477
240.000000 310.000000 0.932414
250.000000 310.000000 0.895522
260.000000 310.000000 0.924198
270.000000 310.000000 0.986545
280.000000 310.000000 0.905318
290.000000 310.000000 0.884656
300.000000 310.000000 0.885111
310.000000 310.000000 0.898423
320.000000 310.000000 0.907835
330.000000 310.000000 0.884610
340.000000 310.000000 0.910531
350.000000 310.000000 0.955999
360.000000 310.000000 0.935610
370.000000 310.000000 0.886114
380.000000 310.000000 0.907537
390.000000 310.000000 0.988004
400.000000 310.000000 0.922121
410.000000 310.000000 0.923373
420.000000 310.000000 0.989536
430.000000 310.000000 0.991941
440.000000 310.000000 0.918135
450.000000 310.000000 0.890710
460.000000 310.000000 0.890727
470.000000 310.000000 0.878420
480.000000 310.000000 0.877550
490.000000 310.000000 0.892025
500.000000 310.000000 0.892025
0.000000 320.000000 0.999772
10.000000 320.000000 0.999772
20.000000 320.000000 0.999447
30.000000 320.000000 0.992209
40.000000 320.000000 0.902778
50.000000 320.000000 0.888570
60.000000 320.000000 0.957621
70.000000 320.000000 0.988719
80.000000 320.000000 0.906658
90.000000 320.000000 0.880116
100.000000 320.000000 0.878225
110.000000 320.000000 0.882637
120.000000 320.000000 0.881187
130.000000 320.000000 0.887072
140.000000 320.000000 0.878909
150.000000 320.000000 0.900378
160.000000 320.000000 0.894951
170.000000 320.000000 0.885015
180.000000 320.000000 0.933082
190.000000 320.000000 0.887596
200.000000 320.000000 0.883537
210.000000 320.000000 0.881761
220.000000 320.000000 0.880888
230.000000 320.000000 0.894493
240.000000 320.000000 0.916356
250.000000 320.000000 0.887411
260.000000 320.000000 0.956702
270.000000 320.000000 0.987533
280.000000 320.000000 0.925578
290.000000 320.000000 0.891082
300.000000 320.000000 0.917737
310.000000 320.000000 0.892418
320.000000 320.000000 0.910488
330.000000 320.000000 0.887074
340.000000 320.000000 0.957462
350.000000 320.000000 0.994737
360.000000 320.000000 0.991877
370.000000 320.000000 0.940487
380.000000 320.000000 0.949126
390.000000 320.000000 0.988073
400.000000 320.000000 0.904790
410.000000 320.000000 0.885654
420.000000 320.000000 0.901782
430.000000 320.000000 0.949757
440.000000 320.000000 0.944324
450.000000 320.000000 0.888712
460.000000 320.000000 0.885925
470.000000 320.000000 0.884475
480.000000 320.000000 0.886867
490.000000 320.000000 0.931894
500.000000 320.000000 0.931894
0.000000 330.000000 0.999978
10.000000 330.000000 0.999978
20.000000 330.000000 0.999791
30.000000 330.000000 0.996477
40.000000 330.000000 0.945051
50.000000 330.000000 0.895892
60.000000 330.000000 0.915533
70.000000 330.000000 0.968293
80.000000 330.000000 0.896455
90.000000 330.000000 0.879146
100.000000 330.000000 0.879849
110.000000 330.000000 0.879152
120.000000 330.000000 0.878791
130.000000 330.000000 0.878718
140.000000 330.000000 0.882967
150.000000 330.000000 0.882231
160.000000 330.000000 0.882793
170.000000 330.000000 0.895225
180.000000 330.000000 0.971738
190.000000 330.000000 0.924732
200.000000 330.000000 0.920133
210.000000 330.000000 0.885013
220.000000 330.000000 0.883775
230.000000 330.000000 0.882805
240.000000 330.000000 0.908292
250.000000 330.000000 0.889009
260.000000 330.000000 0.939622
270.000000 330.000000 0.906765
280.000000 330.000000 0.897049
290.000000 330.000000 0.882122
300.000000 330.000000 0.884829
310.000000 330.000000 0.882119
320.000000 330.000000 0.889786
330.000000 330.000000 0.899309
340.000000 330.000000 0.989342
350.000000 330.000000 0.999109
360.000000 330.000000 0.999344
370.000000 330.000000 0.996336
380.000000 330.000000 0.995713
390.000000 330.000000 0.989323
400.000000 330.000000 0.904481
410.000000 330.000000 0.882628
420.000000 330.000000 0.886440
430.000000 330.000000 0.940066
440.000000 330.000000 0.958261
450.000000 330.000000 0.894205
460.000000 330.000000 0.885400
470.000000 330.000000 0.883992
480.000000 330.000000 0.899697
490.000000 330.000000 0.989287
500.000000 330.000000 0.989287
0.000000 340.000000 0.999995
10.000000 340.000000 0.999995
20.000000 340.000000 0.999941
30.000000 340.000000 0.999216
40.000000 340.000000 0.991057
50.000000 340.000000 0.920115
60.000000 340.000000 0.883854
70.000000 340.000000 0.913482
80.000000 340.000000 0.883259
90.000000 340.000000 0.885520
100.000000 340.000000 0.878302
110.000000 340.000000 0.879332
120.000000 340.000000 0.882607
130.000000 340.000000 0.903637
140.000000 340.000000 0.886762
150.000000 340.000000 0.880160
160.000000 340.000000 0.884777
170.000000 340.000000 0.883014
180.000000 340.000000 0.920374
190.000000 340.000000 0.956279
200.000000 340.000000 0.966139
210.000000 340.000000 0.912601
220.000000 340.000000 0.880199
230.000000 340.000000 0.882412
240.000000 340.000000 0.905326
250.000000 340.000000 0.883919
260.000000 340.000000 0.893149
270.000000 340.000000 0.882962
280.000000 340.000000 0.883988
290.000000 340.000000 0.883739
300.000000 340.000000 0.879758
310.000000 340.000000 0.904060
320.000000 340.000000 0.908314
330.000000 340.000000 0.906732
340.000000 340.000000 0.990785
350.000000 340.000000 0.999419
360.000000 340.000000 0.999863
370.000000 340.000000 0.998921
380.000000 340.000000 0.987404
390.000000 340.000000 0.965067
400.000000 340.000000 0.917381
410.000000 340.000000 0.904821
420.000000 340.000000 0.888270
430.000000 340.000000 0.898781
440.000000 340.000000 0.886739
450.000000 340.000000 0.904228
460.000000 340.000000 0.954975
470.000000 340.000000 0.923813
480.000000 340.000000 0.905006
490.000000 340.000000 0.986894
500.000000 340.000000 0.986894
0.000000 350.000000 0.999983
10.000000 350.000000 0.999983
20.000000 350.000000 0.999759
30.000000 350.000000 0.997037
40.000000 350.000000 0.975034
50.000000 350.000000 0.896106
60.000000 350.000000 0.881422
70.000000 350.000000 0.885270
80.000000 350.000000 0.923393
90.000000 350.000000 0.913988
100.000000 350.000000 0.879511
110.000000 350.000000 0.878689
120.000000 350.000000 0.917692
130.000000 350.000000 0.946806
140.000000 350.000000 0.897477
150.000000 350.000000 0.880497
160.000000 350.000000 0.934495
170.000000 350.000000 0.934620
180.000000 350.000000 0.886826
190.000000 350.000000 0.890336
200.000000 350.000000 0.886493
210.000000 350.000000 0.891276
220.000000 350.000000 0.882208
230.000000 350.000000 0.881175
240.000000 350.000000 0.883090
250.000000 350.000000 0.904203
260.000000 350.000000 0.887603
270.000000 350.000000 0.883863
280.000000 350.000000 0.885707
290.000000 350.000000 0.884479
300.000000 350.000000 0.899835
310.000000 350.000000 0.899890
320.000000 350.000000 0.968024
330.000000 350.000000 0.957633
340.000000 350.000000 0.991923
350.000000 350.000000 0.999285
360.000000 350.000000 0.999525
370.000000 350.000000 0.996029
380.000000 350.000000 0.934729
390.000000 350.000000 0.895036
400.000000 350.000000 0.965791
410.000000 350.000000 0.978752
420.000000 350.000000 0.910357
430.000000 350.000000 0.886627
440.000000 350.000000 0.882488
450.000000 350.000000 0.891444
460.000000 350.000000 0.943336
470.000000 350.000000 0.920259
480.000000 350.000000 0.893851
490.000000 350.000000 0.973387
500.000000 350.000000 0.973387
0.000000 360.000000 0.999896
10.000000 360.000000 0.999896
20.000000 360.000000 0.998244
30.000000 360.000000 0.971808
40.000000 360.000000 0.915429
50.000000 360.000000 0.882725
60.000000 360.000000 0.906613
70.000000 360.000000 0.897711
80.000000 360.000000 0.918240
90.000000 360.000000 0.905144
100.000000 360.000000 0.877427
110.000000 360.000000 0.882752
120.000000 360.000000 0.912417
130.000000 360.000000 0.896776
140.000000 360.000000 0.881397
150.000000 360.000000 0.880900
160.000000 360.000000 0.892695
170.000000 360.000000 0.897613
180.000000 360.000000 0.901077
190.000000 360.000000 0.929183
200.000000 360.000000 0.892777
210.000000 360.000000 0.941113
220.000000 360.000000 0.887748
230.000000 360.000000 0.898231
240.000000 360.000000 0.911304
250.000000 360.000000 0.883425
260.000000 360.000000 0.877618
270.000000 360.000000 0.889884
280.000000 360.000000 0.904362
290.000000 360.000000 0.912436
300.000000 360.000000 0.949618
310.000000 360.000000 0.888117
320.000000 360.000000 0.893445
330.000000 360.000000 0.889296
340.000000 360.000000 0.952342
350.000000 360.000000 0.995301
360.000000 360.000000 0.995444
370.000000 360.000000 0.995979
380.000000 360.000000 0.960475
390.000000 360.000000 0.923504
400.000000 360.000000 0.981116
410.000000 360.000000 0.996166
420.000000 360.000000 0.979450
430.000000 360.000000 0.890267
440.000000 360.000000 0.887617
450.000000 360.000000 0.887988
460.000000 360.000000 0.915794
470.000000 360.000000 0.977165
480.000000 360.000000 0.968473
490.000000 360.000000 0.996581
500.000000 360.000000 0.996581
0.000000 370.000000 0.999806
10.000000 370.000000 0.999806
20.000000 370.000000 0.996537
30.000000 370.000000 0.941217
40.000000 370.000000 0.889495
50.000000 370.000000 0.884423
60.000000 370.000000 0.885382
70.000000 370.000000 0.884827
80.000000 370.000000 0.881653
90.000000 370.000000 0.878491
100.000000 370.000000 0.881435
110.000000 370.000000 0.900324
120.000000 370.000000 0.880696
130.000000 370.000000 0.882191
140.000000 370.000000 0.882351
150.000000 370.000000 0.880316
160.000000 370.000000 0.881302
170.000000 370.000000 0.881842
180.000000 370.000000 0.902247
190.000000 370.000000 0.895857
200.000000 370.000000 0.893977
210.000000 370.000000 0.969469
220.000000 370.000000 0.901925
230.000000 370.000000 0.923627
240.000000 370.000000 0.953974
250.000000 370.000000 0.887847
260.000000 370.000000 0.882510
270.000000 370.000000 0.881409
280.000000 370.000000 0.884350
290.000000 370.000000 0.899120
300.000000 370.000000 0.972822
310.000000 370.000000 0.928910
320.000000 370.000000 0.922839
330.000000 370.000000 0.891329
340.000000 370.000000 0.970580
350.000000 370.000000 0.967946
360.000000 370.000000 0.927550
370.000000 370.000000 0.974718
380.000000 370.000000 0.981499
390.000000 370.000000 0.921791
400.000000 370.000000 0.941792
410.000000 370.000000 0.987981
420.000000 370.000000 0.942449
430.000000 370.000000 0.891793
440.000000 370.000000 0.952847
450.000000 370.000000 0.920537
460.000000 370.000000 0.902375
470.000000 370.000000 0.981055
480.000000 370.000000 0.997124
490.000000 370.000000 0.999661
500.000000 370.000000 0.999661
0.000000 380.000000 0.999942
10.000000 380.000000 0.999942
20.000000 380.000000 0.999089
30.000000 380.000000 0.986668
40.000000 380.000000 0.957328
50.000000 380.000000 0.936910
60.000000 380.000000 0.890260
70.000000 380.000000 0.950606
80.000000 380.000000 0.900577
90.000000 380.000000 0.880442
100.000000 380.000000 0.881629
110.000000 380.000000 0.882519
120.000000 380.000000 0.889548
130.000000 380.000000 0.891902
140.000000 380.000000 0.884172
150.000000 380.000000 0.884723
160.000000 380.000000 0.881198
170.000000 380.000000 0.884423
180.000000 380.000000 0.883163
190.000000 380.000000 0.902451
200.000000 380.000000 0.894008
210.000000 380.000000 0.910186
220.000000 380.000000 0.890058
230.000000 380.000000 0.892546
240.000000 380.000000 0.929116
250.000000 380.000000 0.884263
260.000000 380.000000 0.897628
270.000000 380.000000 0.886419
280.000000 380.000000 0.914337
290.000000 380.000000 0.890562
300.000000 380.000000 0.952032
310.000000 380.000000 0.988152
320.000000 380.000000 0.914976
330.000000 380.000000 0.889122
340.000000 380.000000 0.972901
350.000000 380.000000 0.940953
360.000000 380.000000 0.887029
370.000000 380.000000 0.897018
380.000000 380.000000 0.895175
390.000000 380.000000 0.881649
400.000000 380.000000 0.887790
410.000000 380.000000 0.905978
420.000000 380.000000 0.892308
430.000000 380.000000 0.887210
440.000000 380.000000 0.968988
450.000000 380.000000 0.930762
460.000000 380.000000 0.899854
470.000000 380.000000 0.978131
480.000000 380.000000 0.998633
490.000000 380.000000 0.999910
500.000000 380.000000 0.999910
0.000000 390.000000 0.999992
10.000000 390.000000 0.999992
20.000000 390.000000 0.999904
30.000000 390.000000 0.998991
40.000000 390.000000 0.994661
50.000000 390.000000 0.949529
60.000000 390.000000 0.890310
70.000000 390.000000 0.945801
80.000000 390.000000 0.941601
90.000000 390.000000 0.892315
100.000000 390.000000 0.884565
110.000000 390.000000 0.924648
120.000000 390.000000 0.907714
130.000000 390.000000 0.889751
140.000000 390.000000 0.896589
150.000000 390.000000 0.893660
160.000000 390.000000 0.889164
170.000000 390.000000 0.900849
180.000000 390.000000 0.888059
190.000000 390.000000 0.940485
200.000000 390.000000 0.912860
210.000000 390.000000 0.880581
220.000000 390.000000 0.881493
230.000000 390.000000 0.882860
240.000000 390.000000 0.883932
250.000000 390.000000 0.882951
260.000000 390.000000 0.903397
270.000000 390.000000 0.883063
280.000000 390.000000 0.883795
290.000000 390.000000 0.884207
300.000000 390.000000 0.939020
310.000000 390.000000 0.992121
320.000000 390.000000 0.936262
330.000000 390.000000 0.898170
340.000000 390.000000 0.981299
350.000000 390.000000 0.966562
360.000000 390.000000 0.889283
370.000000 390.000000 0.887318
380.000000 390.000000 0.885190
390.000000 390.000000 0.881380
400.000000 390.000000 0.886003
410.000000 390.000000 0.885689
420.000000 390.000000 0.933056
430.000000 390.000000 0.888029
440.000000 390.000000 0.919702
450.000000 390.000000 0.988979
460.000000 390.000000 0.987722
470.000000 390.000000 0.998113
480.000000 390.000000 0.999835
490.000000 390.000000 0.999987
500.000000 390.000000 0.999987
0.000000 400.000000 0.999999
10.000000 400.000000 0.999999
20.000000 400.000000 0.999989
30.000000 400.000000 0.999861
40.000000 400.000000 0.998262
50.000000 400.000000 0.973874
60.000000 400.000000 0.928333
70.000000 400.000000 0.973304
80.000000 400.000000 0.991325
90.000000 400.000000 0.935399
100.000000 400.000000 0.884985
110.000000 400.000000 0.907306
120.000000 400.000000 0.896966
130.000000 400.000000 0.883395
140.000000 400.000000 0.883919
150.000000 400.000000 0.880499
160.000000 400.000000 0.879553
170.000000 400.000000 0.881768
180.000000 400.000000 0.883220
190.000000 400.000000 0.891521
200.000000 400.000000 0.885512
210.000000 400.000000 0.876762
220.000000 400.000000 0.880036
230.000000 400.000000 0.879631
240.000000 400.000000 0.882615
250.000000 400.000000 0.889315
260.000000 400.000000 0.886470
270.000000 400.000000 0.927846
280.000000 400.000000 0.882315
290.000000 400.000000 0.898273
300.000000 400.000000 0.988504
310.000000 400.000000 0.994169
320.000000 400.000000 0.920429
330.000000 400.000000 0.884978
340.000000 400.000000 0.902443
350.000000 400.000000 0.895790
360.000000 400.000000 0.881817
370.000000 400.000000 0.889878
380.000000 400.000000 0.895194
390.000000 400.000000 0.879650
400.000000 400.000000 0.883284
410.000000 400.000000 0.884452
420.000000 400.000000 0.936892
430.000000 400.000000 0.889525
440.000000 400.000000 0.929863
450.000000 400.000000 0.995342
460.000000 400.000000 0.999087
470.000000 400.000000 0.999859
480.000000 400.000000 0.999985
490.000000 400.000000 0.999999
500.000000 400.000000 0.999999
0.000000 410.000000 1.000000
10.000000 410.000000 1.000000
20.000000 410.000000 0.999999
30.000000 410.000000 0.999985
40.000000 410.000000 0.999826
50.000000 410.000000 0.998316
60.000000 410.000000 0.995725
70.000000 410.000000 0.997804
80.000000 410.000000 0.993584
90.000000 410.000000 0.938685
100.000000 410.000000 0.883957
110.000000 410.000000 0.882119
120.000000 410.000000 0.887680
130.000000 410.000000 0.883619
140.000000 410.000000 0.884350
150.000000 410.000000 0.883123
160.000000 410.000000 0.883140
170.000000 410.000000 0.880005
180.000000 410.000000 0.897079
190.000000 410.000000 0.929979
200.000000 410.000000 0.880608
210.000000 410.000000 0.889865
220.000000 410.000000 0.880353
230.000000 410.000000 0.883329
240.000000 410.000000 0.901168
250.000000 410.000000 0.946479
260.000000 410.000000 0.918167
270.000000 410.000000 0.960509
280.000000 410.000000 0.891899
290.000000 410.000000 0.924215
300.000000 410.000000 0.993334
310.000000 410.000000 0.992623
320.000000 410.000000 0.934229
330.000000 410.000000 0.891852
340.000000 410.000000 0.896724
350.000000 410.000000 0.877992
360.000000 410.000000 0.876114
370.000000 410.000000 0.880327
380.000000 410.000000 0.882244
390.000000 410.000000 0.887088
400.000000 410.000000 0.885161
410.000000 410.000000 0.881065
420.000000 410.000000 0.887213
430.000000 410.000000 0.889311
440.000000 410.000000 0.972146
450.000000 410.000000 0.998206
460.000000 410.000000 0.999863
470.000000 410.000000 0.999987
480.000000 410.000000 0.999999
490.000000 410.000000 1.000000
500.000000 410.000000 1.000000
0.000000 420.000000 1.000000
10.000000 420.000000 1.000000
20.000000 420.000000 1.000000
30.000000 420.000000 0.999999
40.000000 420.000000 0.999986
50.000000 420.000000 0.999891
60.000000 420.000000 0.999559
70.000000 420.000000 0.996572
80.000000 420.000000 0.956020
90.000000 420.000000 0.899309
100.000000 420.000000 0.881308
110.000000 420.000000 0.884180
120.000000 420.000000 0.912064
130.000000 420.000000 0.890292
140.000000 420.000000 0.928789
150.000000 420.000000 0.915180
160.000000 420.000000 0.914238
170.000000 420.000000 0.882768
180.000000 420.000000 0.928655
190.000000 420.000000 0.925939
200.000000 420.000000 0.883419
210.000000 420.000000 0.877276
220.000000 420.000000 0.876462
230.000000 420.000000 0.879465
240.000000 420.000000 0.917462
250.000000 420.000000 0.916496
260.000000 420.000000 0.884563
270.000000 420.000000 0.887746
280.000000 420.000000 0.886708
290.000000 420.000000 0.945724
300.000000 420.000000 0.973239
310.000000 420.000000 0.944598
320.000000 420.000000 0.897809
330.000000 420.000000 0.881605
340.000000 420.000000 0.889095
350.000000 420.000000 0.885270
360.000000 420.000000 0.884792
370.000000 420.000000 0.908219
380.000000 420.000000 0.895123
390.000000 420.000000 0.879819
400.000000 420.000000 0.883634
410.000000 420.000000 0.884274
420.000000 420.000000 0.897906
430.000000 420.000000 0.931766
440.000000 420.000000 0.989929
450.000000 420.000000 0.999373
460.000000 420.000000 0.999962
470.000000 420.000000 0.999998
480.000000 420.000000 1.000000
490.000000 420.000000 1.000000
500.000000 420.000000 1.000000
0.000000 430.000000 1.000000
10.000000 430.000000 1.000000
20.000000 430.000000 1.000000
30.000000 430.000000 1.000000
40.000000 430.000000 0.999997
50.000000 430.000000 0.999950
60.000000 430.000000 0.999116
70.000000 430.000000 0.984490
80.000000 430.000000 0.896112
90.000000 430.000000 0.903249
100.000000 430.000000 0.941032
110.000000 430.000000 0.887550
120.000000 430.000000 0.883283
130.000000 430.000000 0.884799
140.000000 430.000000 0.940298
150.000000 430.000000 0.985436
160.000000 430.000000 0.919396
170.000000 430.000000 0.886476
180.000000 430.000000 0.900125
190.000000 430.000000 0.883265
200.000000 430.000000 0.898050
210.000000 430.000000 0.882751
220.000000 430.000000 0.880530
230.000000 430.000000 0.883257
240.000000 430.000000 0.905377
250.000000 430.000000 0.890954
260.000000 430.000000 0.881057
270.000000 430.000000 0.884222
280.000000 430.000000 0.905649
290.000000 430.000000 0.885204
300.000000 430.000000 0.889623
310.000000 430.000000 0.884837
320.000000 430.000000 0.881884
330.000000 430.000000 0.882410
340.000000 430.000000 0.885154
350.000000 430.000000 0.882893
360.000000 430.000000 0.883470
370.000000 430.000000 0.887466
380.000000 430.000000 0.881652
390.000000 430.000000 0.881575
400.000000 430.000000 0.883131
410.000000 430.000000 0.903198
420.000000 430.000000 0.950018
430.000000 430.000000 0.993315
440.000000 430.000000 0.999120
450.000000 430.000000 0.999926
460.000000 430.000000 0.999995
470.000000 430.000000 1.000000
480.000000 430.000000 1.000000
490.000000 430.000000 1.000000
500.000000 430.000000 1.000000
0.000000 440.000000 1.000000
10.000000 440.000000 1.000000
20.000000 440.000000 1.000000
30.000000 440.000000 1.000000
40.000000 440.000000 0.999999
50.000000 440.000000 0.999987
60.000000 440.000000 0.999773
70.000000 440.000000 0.996454
80.000000 440.000000 0.952555
90.000000 440.000000 0.962529
100.000000 440.000000 0.991033
110.000000 440.000000 0.951821
120.000000 440.000000 0.895624
130.000000 440.000000 0.895253
140.000000 440.000000 0.939542
150.000000 440.000000 0.964945
160.000000 440.000000 0.907497
170.000000 440.000000 0.904288
180.000000 440.000000 0.911875
190.000000 440.000000 0.914998
200.000000 440.000000 0.950691
210.000000 440.000000 0.887222
220.000000 440.000000 0.911827
230.000000 440.000000 0.913400
240.000000 440.000000 0.894109
250.000000 440.000000 0.879404
260.000000 440.000000 0.878837
270.000000 440.000000 0.882640
280.000000 440.000000 0.948797
290.000000 440.000000 0.901604
300.000000 440.000000 0.915550
310.000000 440.000000 0.892851
320.000000 440.000000 0.882260
330.000000 440.000000 0.880589
340.000000 440.000000 0.881346
350.000000 440.000000 0.876197
360.000000 440.000000 0.876280
370.000000 440.000000 0.910293
380.000000 440.000000 0.884712
390.000000 440.000000 0.889748
400.000000 440.000000 0.902258
410.000000 440.000000 0.979139
420.000000 440.000000 0.996033
430.000000 440.000000 0.999454
440.000000 440.000000 0.999930
450.000000 440.000000 0.999993
460.000000 440.000000 0.999999
470.000000 440.000000 1.000000
480.000000 440.000000 1.000000
490.000000 440.000000 1.000000
500.000000 440.000000 1.000000
0.000000 450.000000 1.000000
10.000000 450.000000 1.000000
20.000000 450.000000 1.000000
30.000000 450.000000 1.000000
40.000000 450.000000 1.000000
50.000000 450.000000 0.999998
60.000000 450.000000 0.999973
70.000000 450.000000 0.999674
80.000000 450.000000 0.997190
90.000000 450.000000 0.997686
100.000000 450.000000 0.998536
110.000000 450.000000 0.983824
120.000000 450.000000 0.899294
130.000000 450.000000 0.881566
140.000000 450.000000 0.884427
150.000000 450.000000 0.886305
160.000000 450.000000 0.884678
170.000000 450.000000 0.929707
180.000000 450.000000 0.987835
190.000000 450.000000 0.986095
200.000000 450.000000 0.929808
210.000000 450.000000 0.894809
220.000000 450.000000 0.969161
230.000000 450.000000 0.927871
240.000000 450.000000 0.882394
250.000000 450.000000 0.882213
260.000000 450.000000 0.879095
270.000000 450.000000 0.880972
280.000000 450.000000 0.891932
290.000000 450.000000 0.888809
300.000000 450.000000 0.883994
310.000000 450.000000 0.881626
320.000000 450.000000 0.883615
330.000000 450.000000 0.882159
340.000000 450.000000 0.886340
350.000000 450.000000 0.893802
360.000000 450.000000 0.880467
370.000000 450.000000 0.887097
380.000000 450.000000 0.890065
390.000000 450.000000 0.934397
400.000000 450.000000 0.987296
410.000000 450.000000 0.998158
420.000000 450.000000 0.999704
430.000000 450.000000 0.999959
440.000000 450.000000 0.999995
450.000000 450.000000 0.999999
460.000000 450.000000 1.000000
470.000000 450.000000 1.000000
480.000000 450.000000 1.000000
490.000000 450.000000 1.000000
500.000000 450.000000 1.000000
0.000000 460.000000 1.000000
10.000000 460.000000 1.000000
20.000000 460.000000 1.000000
30.000000 460.000000 1.000000
40.000000 460.000000 1.000000
50.000000 460.000000 1.000000
60.000000 460.000000 0.999998
70.000000 460.000000 0.999977
80.000000 460.000000 0.999849
90.000000 460.000000 0.999860
100.000000 460.000000 0.999693
110.000000 460.000000 0.995617
120.000000 460.000000 0.939743
130.000000 460.000000 0.882525
140.000000 460.000000 0.893423
150.000000 460.000000 0.883173
160.000000 460.000000 0.882811
170.000000 460.000000 0.904146
180.000000 460.000000 0.953731
190.000000 460.000000 0.918396
200.000000 460.000000 0.893441
210.000000 460.000000 0.888870
220.000000 460.000000 0.893579
230.000000 460.000000 0.888747
240.000000 460.000000 0.885075
250.000000 460.000000 0.918165
260.000000 460.000000 0.884934
270.000000 460.000000 0.883630
280.000000 460.000000 0.915099
290.000000 460.000000 0.938906
300.000000 460.000000 0.893369
310.000000 460.000000 0.887542
320.000000 460.000000 0.918992
330.000000 460.000000 0.881065
340.000000 460.000000 0.904906
350.000000 460.000000 0.958698
360.000000 460.000000 0.895635
370.000000 460.000000 0.929606
380.000000 460.000000 0.975919
390.000000 460.000000 0.992413
400.000000 460.000000 0.998883
410.000000 460.000000 0.999850
420.000000 460.000000 0.999978
430.000000 460.000000 0.999997
440.000000 460.000000 1.000000
450.000000 460.000000 1.000000
460.000000 460.000000 1.000000
470.000000 460.000000 1.000000
480.000000 460.000000 1.000000
490.000000 460.000000 1.000000
500.000000 460.000000 1.000000
0.000000 470.000000 1.000000
10.000000 470.000000 1.000000
20.000000 470.000000 1.000000
30.000000 470.000000 1.000000
40.000000 470.000000 1.000000
50.000000 470.000000 1.000000
60.000000 470.000000 1.000000
70.000000 470.000000 0.999999
80.000000 470.000000 0.999992
90.000000 470.000000 0.999986
100.000000 470.000000 0.999861
110.000000 470.000000 0.997580
120.000000 470.000000 0.961032
130.000000 470.000000 0.911894
140.000000 470.000000 0.932597
150.000000 470.000000 0.888542
160.000000 470.000000 0.893507
170.000000 470.000000 0.885801
180.000000 470.000000 0.895905
190.000000 470.000000 0.883854
200.000000 470.000000 0.913550
210.000000 470.000000 0.962500
220.000000 470.000000 0.891404
230.000000 470.000000 0.889227
240.000000 470.000000 0.883693
250.000000 470.000000 0.927766
260.000000 470.000000 0.902097
270.000000 470.000000 0.885623
280.000000 470.000000 0.954462
290.000000 470.000000 0.925733
300.000000 470.000000 0.889499
310.000000 470.000000 0.884134
320.000000 470.000000 0.883105
330.000000 470.000000 0.883855
340.000000 470.000000 0.884891
350.000000 470.000000 0.892872
360.000000 470.000000 0.886921
370.000000 470.000000 0.929112
380.000000 470.000000 0.994532
390.000000 470.000000 0.999292
400.000000 470.000000 0.999908
410.000000 470.000000 0.999988
420.000000 470.000000 0.999998
430.000000 470.000000 1.000000
440.000000 470.000000 1.000000
450.000000 470.000000 1.000000
460.000000 470.000000 1.000000
470.000000 470.000000 1.000000
480.000000 470.000000 1.000000
490.000000 470.000000 1.000000
500.000000 470.000000 1.000000
0.000000 480.000000 1.000000
10.000000 480.000000 1.000000
20.000000 480.000000 1.000000
30.000000 480.000000 1.000000
40.000000 480.000000 1.000000
50.000000 480.000000 1.000000
60.000000 480.000000 1.000000
70.000000 480.000000 1.000000
80.000000 480.000000 1.000000
90.000000 480.000000 0.999998
100.000000 480.000000 0.999981
110.000000 480.000000 0.999750
120.000000 480.000000 0.997523
130.000000 480.000000 0.994543
140.000000 480.000000 0.993446
150.000000 480.000000 0.969795
160.000000 480.000000 0.979771
170.000000 480.000000 0.934774
180.000000 480.000000 0.882794
190.000000 480.000000 0.882613
200.000000 480.000000 0.882254
210.000000 480.000000 0.902707
220.000000 480.000000 0.886355
230.000000 480.000000 0.912405
240.000000 480.000000 0.884595
250.000000 480.000000 0.885824
260.000000 480.000000 0.881553
270.000000 480.000000 0.882319
280.000000 480.000000 0.899579
290.000000 480.000000 0.887773
300.000000 480.000000 0.885971
310.000000 480.000000 0.882168
320.000000 480.000000 0.894415
330.000000 480.000000 0.929906
340.000000 480.000000 0.935076
350.000000 480.000000 0.948927
360.000000 480.000000 0.932505
370.000000 480.000000 0.965616
380.000000 480.000000 0.997783
390.000000 480.000000 0.999851
400.000000 480.000000 0.999988
410.000000 480.000000 0.999999
420.000000 480.000000 1.000000
430.000000 480.000000 1.000000
440.000000 480.000000 1.000000
450.000000 480.000000 1.000000
460.000000 480.000000 1.000000
470.000000 480.000000 1.000000
480.000000 480.000000 1.000000
490.000000 480.000000 1.000000
500.000000 480.000000 1.000000
0.000000 490.000000 1.000000
10.000000 490.000000 1.000000
20.000000 490.000000 1.000000
30.000000 490.000000 1.000000
40.000000 490.000000 1.000000
50.000000 490.000000 1.000000
60.000000 490.000000 1.000000
70.000000 490.000000 1.000000
80.000000 490.000000 1.000000
90.000000 490.000000 1.000000
100.000000 490.000000 0.999998
110.000000 490.000000 0.999980
120.000000 490.000000 0.999851
130.000000 490.000000 0.999677
140.000000 490.000000 0.999530
150.000000 490.000000 0.998095
160.000000 490.000000 0.997530
170.000000 490.000000 0.978376
180.000000 490.000000 0.910552
190.000000 490.000000 0.925229
200.000000 490.000000 0.908491
210.000000 490.000000 0.927586
220.000000 490.000000 0.903673
230.000000 490.000000 0.891323
240.000000 490.000000 0.881739
250.000000 490.000000 0.892451
260.000000 490.000000 0.902817
270.000000 490.000000 0.888931
280.000000 490.000000 0.903742
290.000000 490.000000 0.952780
300.000000 490.000000 0.937300
310.000000 490.000000 0.895103
320.000000 490.000000 0.959284
330.000000 490.000000 0.993272
340.000000 490.000000 0.995621
350.000000 490.000000 0.996541
360.000000 490.000000 0.995688
370.000000 490.000000 0.997735
380.000000 490.000000 0.999761
390.000000 490.000000 0.999981
400.000000 490.000000 0.999998
410.000000 490.000000 1.000000
420.000000 490.000000 1.000000
430.000000 490.000000 1.000000
440.000000 490.000000 1.000000
450.000000 490.000000 1.000000
460.000000 490.000000 1.000000
470.000000 490.000000 1.000000
480.000000 490.000000 1.000000
490.000000 490.000000 1.000000
500.000000 490.000000 1.000000
0.000000 500.000000 1.000000
10.000000 500.000000 1.000000
20.000000 500.000000 1.000000
30.000000 500.000000 1.000000
40.000000 500.000000 1.000000
50.000000 500.000000 1.000000
60.000000 500.000000 1.000000
70.000000 500.000000 1.000000
80.000000 500.000000 1.000000
90.000000 500.000000 1.000000
100.000000 500.000000 0.999998
110.000000 500.000000 0.999980
120.000000 500.000000 0.999851
130.000000 500.000000 0.999677
140.000000 500.000000 0.999530
150.000000 500.000000 0.998095
160.000000 500.000000 0.997530
170.000000 500.000000 0.978376
180.000000 500.000000 0.910552
190.000000 500.000000 0.925229
200.000000 500.000000 0.908491
210.000000 500.000000 0.927586
220.000000 500.000000 0.903673
230.000000 500.000000 0.891323
240.000000 500.000000 0.881739
250.000000 500.000000 0.892451
260.000000 500.000000 0.902817
270.000000 500.000000 0.888931
280.000000 500.000000 0.903742
290.000000 500.000000 0.952780
300.000000 500.000000 0.937300
310.000000 500.000000 0.895103
320.000000 500.000000 0.959284
330.000000 500.000000 0.993272
340.000000 500.000000 0.995621
350.000000 500.000000 0.996541
360.000000 500.000000 0.995688
370.000000 500.000000 0.997735
380.000000 500.000000 0.999761
390.000000 500.000000 0.999981
400.000000 500.000000 0.999998
410.000000 500.000000 1.000000
420.000000 500.000000 1.000000
430.000000 500.000000 1.000000
440.000000 500.000000 1.000000
450.000000 500.000000 1.000000
460.000000 500.000000 1.000000
470.000000 500.000000 1.000000
480.000000 500.000000 1.000000
490.000000 500.000000 1.000000
500.000000 500.000000 1.000000
