# 500.000000 500.000000
# 51 51
# 0 90 
0.000000 0.000000 0.998365
10.000000 0.000000 0.998365
20.000000 0.000000 0.997311
30.000000 0.000000 0.994766
40.000000 0.000000 0.989802
50.000000 0.000000 0.980925
60.000000 0.000000 0.966013
70.000000 0.000000 0.942345
80.000000 0.000000 0.906738
90.000000 0.000000 0.855939
100.000000 0.000000 0.787569
110.000000 0.000000 0.701615
120.000000 0.000000 0.599649
130.000000 0.000000 0.480722
140.000000 0.000000 0.358082
150.000000 0.000000 0.267569
160.000000 0.000000 0.206120
170.000000 0.000000 0.158354
180.000000 0.000000 0.122193
190.000000 0.000000 0.100392
200.000000 0.000000 0.090632
210.000000 0.000000 0.084460
220.000000 0.000000 0.073676
230.000000 0.000000 0.056813
240.000000 0.000000 0.043201
250.000000 0.000000 0.052719
260.000000 0.000000 0.084120
270.000000 0.000000 0.100539
280.000000 0.000000 0.099752
290.000000 0.000000 0.090379
300.000000 0.000000 0.081951
310.000000 0.000000 0.082003
320.000000 0.000000 0.099411
330.000000 0.000000 0.145698
340.000000 0.000000 0.211178
350.000000 0.000000 0.292471
360.000000 0.000000 0.381855
370.000000 0.000000 0.478266
380.000000 0.000000 0.580186
390.000000 0.000000 0.680442
400.000000 0.000000 0.770269
410.000000 0.000000 0.843695
420.000000 0.000000 0.899030
430.000000 0.000000 0.937858
440.000000 0.000000 0.963450
450.000000 0.000000 0.979425
460.000000 0.000000 0.988910
470.000000 0.000000 0.994245
480.000000 0.000000 0.997012
490.000000 0.000000 0.998170
500.000000 0.000000 0.998170
0.000000 10.000000 0.998365
10.000000 10.000000 0.998365
20.000000 10.000000 0.997311
30.000000 10.000000 0.994766
40.000000 10.000000 0.989802
50.000000 10.000000 0.980925
60.000000 10.000000 0.966013
70.000000 10.000000 0.942345
80.000000 10.000000 0.906738
90.000000 10.000000 0.855939
100.000000 10.000000 0.787569
110.000000 10.000000 0.701615
120.000000 10.000000 0.599649
130.000000 10.000000 0.480722
140.000000 10.000000 0.358082
150.000000 10.000000 0.267569
160.000000 10.000000 0.206120
170.000000 10.000000 0.158354
180.000000 10.000000 0.122193
190.000000 10.000000 0.100392
200.000000 10.000000 0.090632
210.000000 10.000000 0.084460
220.000000 10.000000 0.073676
230.000000 10.000000 0.056813
240.000000 10.000000 0.043201
250.000000 10.000000 0.052719
260.000000 10.000000 0.084120
270.000000 10.000000 0.100539
280.000000 10.000000 0.099752
290.000000 10.000000 0.090379
300.000000 10.000000 0.081951
310.000000 10.000000 0.082003
320.000000 10.000000 0.099411
330.000000 10.000000 0.145698
340.000000 10.000000 0.211178
350.000000 10.000000 0.292471
360.000000 10.000000 0.381855
370.000000 10.000000 0.478266
380.000000 10.000000 0.580186
390.000000 10.000000 0.680442
400.000000 10.000000 0.770269
410.000000 10.000000 0.843695
420.000000 10.000000 0.899030
430.000000 10.000000 0.937858
440.000000 10.000000 0.963450
450.000000 10.000000 0.979425
460.000000 10.000000 0.988910
470.000000 10.000000 0.994245
480.000000 10.000000 0.997012
490.000000 10.000000 0.998170
500.000000 10.000000 0.998170
0.000000 20.000000 0.997240
10.000000 20.000000 0.997240
20.000000 20.000000 0.995582
30.000000 20.000000 0.991661
40.000000 20.000000 0.984238
50.000000 20.000000 0.971410
60.000000 20.000000 0.950656
70.000000 20.000000 0.918991
80.000000 20.000000 0.873219
90.000000 20.000000 0.810329
100.000000 20.000000 0.728538
110.000000 20.000000 0.630589
120.000000 20.000000 0.521213
130.000000 20.000000 0.380948
140.000000 20.000000 0.238895
150.000000 20.000000 0.190430
160.000000 20.000000 0.162601
170.000000 20.000000 0.133600
180.000000 20.000000 0.108485
190.000000 20.000000 0.092614
200.000000 20.000000 0.084900
210.000000 20.000000 0.078026
220.000000 20.000000 0.063173
230.000000 20.000000 0.039346
240.000000 20.000000 0.032118
250.000000 20.000000 0.039015
260.000000 20.000000 0.062917
270.000000 20.000000 0.078170
280.000000 20.000000 0.083286
290.000000 20.000000 0.079489
300.000000 20.000000 0.069674
310.000000 20.000000 0.058510
320.000000 20.000000 0.057464
330.000000 20.000000 0.095342
340.000000 20.000000 0.155596
350.000000 20.000000 0.229082
360.000000 20.000000 0.309863
370.000000 20.000000 0.401979
380.000000 20.000000 0.506328
390.000000 20.000000 0.613390
400.000000 20.000000 0.713210
410.000000 20.000000 0.798245
420.000000 20.000000 0.865200
430.000000 20.000000 0.914288
440.000000 20.000000 0.948002
450.000000 20.000000 0.969874
460.000000 20.000000 0.983335
470.000000 20.000000 0.991150
480.000000 20.000000 0.995309
490.000000 20.000000 0.997081
500.000000 20.000000 0.997081
0.000000 30.000000 0.994504
10.000000 30.000000 0.994504
20.000000 30.000000 0.991462
30.000000 30.000000 0.984450
40.000000 30.000000 0.971650
50.000000 30.000000 0.950473
60.000000 30.000000 0.917828
70.000000 30.000000 0.870526
80.000000 30.000000 0.805713
90.000000 30.000000 0.720861
100.000000 30.000000 0.613387
110.000000 30.000000 0.492855
120.000000 30.000000 0.386488
130.000000 30.000000 0.248074
140.000000 30.000000 0.132494
150.000000 30.000000 0.107285
160.000000 30.000000 0.108690
170.000000 30.000000 0.098775
180.000000 30.000000 0.087080
190.000000 30.000000 0.079030
200.000000 30.000000 0.074144
210.000000 30.000000 0.067648
220.000000 30.000000 0.052732
230.000000 30.000000 0.031601
240.000000 30.000000 0.026970
250.000000 30.000000 0.028966
260.000000 30.000000 0.039067
270.000000 30.000000 0.049152
280.000000 30.000000 0.058433
290.000000 30.000000 0.063092
300.000000 30.000000 0.051072
310.000000 30.000000 0.037891
320.000000 30.000000 0.040284
330.000000 30.000000 0.063559
340.000000 30.000000 0.098247
350.000000 30.000000 0.144175
360.000000 30.000000 0.196184
370.000000 30.000000 0.274615
380.000000 30.000000 0.380670
390.000000 30.000000 0.495265
400.000000 30.000000 0.608146
410.000000 30.000000 0.710671
420.000000 30.000000 0.797343
430.000000 30.000000 0.865404
440.000000 30.000000 0.915050
450.000000 30.000000 0.949019
460.000000 30.000000 0.970926
470.000000 30.000000 0.984150
480.000000 30.000000 0.991402
490.000000 30.000000 0.994553
500.000000 30.000000 0.994553
0.000000 40.000000 0.989128
10.000000 40.000000 0.989128
20.000000 40.000000 0.983596
30.000000 40.000000 0.971174
40.000000 40.000000 0.949346
50.000000 40.000000 0.914876
60.000000 40.000000 0.864415
70.000000 40.000000 0.795163
80.000000 40.000000 0.705775
90.000000 40.000000 0.595026
100.000000 40.000000 0.448660
110.000000 40.000000 0.281139
120.000000 40.000000 0.223953
130.000000 40.000000 0.169756
140.000000 40.000000 0.087970
150.000000 40.000000 0.055188
160.000000 40.000000 0.060235
170.000000 40.000000 0.064926
180.000000 40.000000 0.064258
190.000000 40.000000 0.062665
200.000000 40.000000 0.059739
210.000000 40.000000 0.054995
220.000000 40.000000 0.047765
230.000000 40.000000 0.039511
240.000000 40.000000 0.040781
250.000000 40.000000 0.040037
260.000000 40.000000 0.043123
270.000000 40.000000 0.041057
280.000000 40.000000 0.045490
290.000000 40.000000 0.051234
300.000000 40.000000 0.039776
310.000000 40.000000 0.033639
320.000000 40.000000 0.046741
330.000000 40.000000 0.059926
340.000000 40.000000 0.071208
350.000000 40.000000 0.087829
360.000000 40.000000 0.106090
370.000000 40.000000 0.155898
380.000000 40.000000 0.246772
390.000000 40.000000 0.357158
400.000000 40.000000 0.475206
410.000000 40.000000 0.591430
420.000000 40.000000 0.698788
430.000000 40.000000 0.790336
440.000000 40.000000 0.861920
450.000000 40.000000 0.914027
460.000000 40.000000 0.949448
470.000000 40.000000 0.971725
480.000000 40.000000 0.984313
490.000000 40.000000 0.989886
500.000000 40.000000 0.989886
0.000000 50.000000 0.979478
10.000000 50.000000 0.979478
20.000000 50.000000 0.969921
30.000000 50.000000 0.949035
40.000000 50.000000 0.913814
50.000000 50.000000 0.860996
60.000000 50.000000 0.787966
70.000000 50.000000 0.693140
80.000000 50.000000 0.579292
90.000000 50.000000 0.456693
100.000000 50.000000 0.304316
110.000000 50.000000 0.158497
120.000000 50.000000 0.121087
130.000000 50.000000 0.105801
140.000000 50.000000 0.062669
150.000000 50.000000 0.036448
160.000000 50.000000 0.038026
170.000000 50.000000 0.043267
180.000000 50.000000 0.046972
190.000000 50.000000 0.048008
200.000000 50.000000 0.044471
210.000000 50.000000 0.039328
220.000000 50.000000 0.034232
230.000000 50.000000 0.033167
240.000000 50.000000 0.046501
250.000000 50.000000 0.054649
260.000000 50.000000 0.053992
270.000000 50.000000 0.043871
280.000000 50.000000 0.039065
290.000000 50.000000 0.044457
300.000000 50.000000 0.045249
310.000000 50.000000 0.044075
320.000000 50.000000 0.051129
330.000000 50.000000 0.048723
340.000000 50.000000 0.053722
350.000000 50.000000 0.061551
360.000000 50.000000 0.067234
370.000000 50.000000 0.092608
380.000000 50.000000 0.149143
390.000000 50.000000 0.236049
400.000000 50.000000 0.343493
410.000000 50.000000 0.461043
420.000000 50.000000 0.581032
430.000000 50.000000 0.692745
440.000000 50.000000 0.787202
450.000000 50.000000 0.861791
460.000000 50.000000 0.916030
470.000000 50.000000 0.951765
480.000000 50.000000 0.972598
490.000000 50.000000 0.982000
500.000000 50.000000 0.982000
0.000000 60.000000 0.963298
10.000000 60.000000 0.963298
20.000000 60.000000 0.947724
30.000000 60.000000 0.914613
40.000000 60.000000 0.861153
50.000000 60.000000 0.785561
60.000000 60.000000 0.688063
70.000000 60.000000 0.567179
80.000000 60.000000 0.428925
90.000000 60.000000 0.320601
100.000000 60.000000 0.228277
110.000000 60.000000 0.135174
120.000000 60.000000 0.095584
130.000000 60.000000 0.072345
140.000000 60.000000 0.050893
150.000000 60.000000 0.038563
160.000000 60.000000 0.034362
170.000000 60.000000 0.034876
180.000000 60.000000 0.038368
190.000000 60.000000 0.039058
200.000000 60.000000 0.034653
210.000000 60.000000 0.029101
220.000000 60.000000 0.023822
230.000000 60.000000 0.025731
240.000000 60.000000 0.044216
250.000000 60.000000 0.059399
260.000000 60.000000 0.060312
270.000000 60.000000 0.047694
280.000000 60.000000 0.031713
290.000000 60.000000 0.035140
300.000000 60.000000 0.045757
310.000000 60.000000 0.047245
320.000000 60.000000 0.041505
330.000000 60.000000 0.029475
340.000000 60.000000 0.031002
350.000000 60.000000 0.039318
360.000000 60.000000 0.048749
370.000000 60.000000 0.063321
380.000000 60.000000 0.096173
390.000000 60.000000 0.156431
400.000000 60.000000 0.241029
410.000000 60.000000 0.345318
420.000000 60.000000 0.462475
430.000000 60.000000 0.580413
440.000000 60.000000 0.689460
450.000000 60.000000 0.787999
460.000000 60.000000 0.866865
470.000000 60.000000 0.921451
480.000000 60.000000 0.954257
490.000000 60.000000 0.969344
500.000000 60.000000 0.969344
0.000000 70.000000 0.937825
10.000000 70.000000 0.937825
20.000000 70.000000 0.913839
30.000000 70.000000 0.864100
40.000000 70.000000 0.786928
50.000000 70.000000 0.684694
60.000000 70.000000 0.566952
70.000000 70.000000 0.423281
80.000000 70.000000 0.237039
90.000000 70.000000 0.169436
100.000000 70.000000 0.150522
110.000000 70.000000 0.107396
120.000000 70.000000 0.075581
130.000000 70.000000 0.056301
140.000000 70.000000 0.045004
150.000000 70.000000 0.037726
160.000000 70.000000 0.027684
170.000000 70.000000 0.026639
180.000000 70.000000 0.031032
190.000000 70.000000 0.032139
200.000000 70.000000 0.029665
210.000000 70.000000 0.026719
220.000000 70.000000 0.027111
230.000000 70.000000 0.031775
240.000000 70.000000 0.047679
250.000000 70.000000 0.060177
260.000000 70.000000 0.062672
270.000000 70.000000 0.050850
280.000000 70.000000 0.030249
290.000000 70.000000 0.029120
300.000000 70.000000 0.039476
310.000000 70.000000 0.039906
320.000000 70.000000 0.033491
330.000000 70.000000 0.022803
340.000000 70.000000 0.019645
350.000000 70.000000 0.022347
360.000000 70.000000 0.032909
370.000000 70.000000 0.047153
380.000000 70.000000 0.070651
390.000000 70.000000 0.112342
400.000000 70.000000 0.174980
410.000000 70.000000 0.257998
420.000000 70.000000 0.355264
430.000000 70.000000 0.455042
440.000000 70.000000 0.556762
450.000000 70.000000 0.681714
460.000000 70.000000 0.795840
470.000000 70.000000 0.876878
480.000000 70.000000 0.926543
490.000000 70.000000 0.949751
500.000000 70.000000 0.949751
0.000000 80.000000 0.900112
10.000000 80.000000 0.900112
20.000000 80.000000 0.865115
30.000000 80.000000 0.793711
40.000000 80.000000 0.684665
50.000000 80.000000 0.546762
60.000000 80.000000 0.427250
70.000000 80.000000 0.307041
80.000000 80.000000 0.156557
90.000000 80.000000 0.108164
100.000000 80.000000 0.104323
110.000000 80.000000 0.082655
120.000000 80.000000 0.063821
130.000000 80.000000 0.052899
140.000000 80.000000 0.046535
150.000000 80.000000 0.038549
160.000000 80.000000 0.023300
170.000000 80.000000 0.019494
180.000000 80.000000 0.019107
190.000000 80.000000 0.020031
200.000000 80.000000 0.020433
210.000000 80.000000 0.021450
220.000000 80.000000 0.029710
230.000000 80.000000 0.036665
240.000000 80.000000 0.045092
250.000000 80.000000 0.054965
260.000000 80.000000 0.060353
270.000000 80.000000 0.054439
280.000000 80.000000 0.039208
290.000000 80.000000 0.028650
300.000000 80.000000 0.027199
310.000000 80.000000 0.027805
320.000000 80.000000 0.023499
330.000000 80.000000 0.016401
340.000000 80.000000 0.015628
350.000000 80.000000 0.021382
360.000000 80.000000 0.030298
370.000000 80.000000 0.040938
380.000000 80.000000 0.059291
390.000000 80.000000 0.089063
400.000000 80.000000 0.134580
410.000000 80.000000 0.194315
420.000000 80.000000 0.258235
430.000000 80.000000 0.303183
440.000000 80.000000 0.344284
450.000000 80.000000 0.516889
460.000000 80.000000 0.695963
470.000000 80.000000 0.813694
480.000000 80.000000 0.886106
490.000000 80.000000 0.920460
500.000000 80.000000 0.920460
0.000000 90.000000 0.847634
10.000000 90.000000 0.847634
20.000000 90.000000 0.799524
30.000000 90.000000 0.701851
40.000000 90.000000 0.545029
50.000000 90.000000 0.329492
60.000000 90.000000 0.249841
70.000000 90.000000 0.214974
80.000000 90.000000 0.147153
90.000000 90.000000 0.105601
100.000000 90.000000 0.085434
110.000000 90.000000 0.069505
120.000000 90.000000 0.059641
130.000000 90.000000 0.055030
140.000000 90.000000 0.051689
150.000000 90.000000 0.045607
160.000000 90.000000 0.033807
170.000000 90.000000 0.027577
180.000000 90.000000 0.021024
190.000000 90.000000 0.019326
200.000000 90.000000 0.016451
210.000000 90.000000 0.017375
220.000000 90.000000 0.029116
230.000000 90.000000 0.035343
240.000000 90.000000 0.037064
250.000000 90.000000 0.044559
260.000000 90.000000 0.052677
270.000000 90.000000 0.049757
280.000000 90.000000 0.038048
290.000000 90.000000 0.022701
300.000000 90.000000 0.017758
310.000000 90.000000 0.016349
320.000000 90.000000 0.015404
330.000000 90.000000 0.016082
340.000000 90.000000 0.019299
350.000000 90.000000 0.029129
360.000000 90.000000 0.035358
370.000000 90.000000 0.042269
380.000000 90.000000 0.053439
390.000000 90.000000 0.071638
400.000000 90.000000 0.104434
410.000000 90.000000 0.146382
420.000000 90.000000 0.181591
430.000000 90.000000 0.183801
440.000000 90.000000 0.202269
450.000000 90.000000 0.359408
460.000000 90.000000 0.579733
470.000000 90.000000 0.730679
480.000000 90.000000 0.829940
490.000000 90.000000 0.878636
500.000000 90.000000 0.878636
0.000000 100.000000 0.778882
10.000000 100.000000 0.778882
20.000000 100.000000 0.717746
30.000000 100.000000 0.598455
40.000000 100.000000 0.420368
50.000000 100.000000 0.211305
60.000000 100.000000 0.150402
70.000000 100.000000 0.147529
80.000000 100.000000 0.117846
90.000000 100.000000 0.089695
100.000000 100.000000 0.069529
110.000000 100.000000 0.058370
120.000000 100.000000 0.055656
130.000000 100.000000 0.056548
140.000000 100.000000 0.056585
150.000000 100.000000 0.053404
160.000000 100.000000 0.047220
170.000000 100.000000 0.041788
180.000000 100.000000 0.036811
190.000000 100.000000 0.032180
200.000000 100.000000 0.023929
210.000000 100.000000 0.018277
220.000000 100.000000 0.027064
230.000000 100.000000 0.037393
240.000000 100.000000 0.037982
250.000000 100.000000 0.042219
260.000000 100.000000 0.047062
270.000000 100.000000 0.043123
280.000000 100.000000 0.034024
290.000000 100.000000 0.025398
300.000000 100.000000 0.022083
310.000000 100.000000 0.019661
320.000000 100.000000 0.019617
330.000000 100.000000 0.023775
340.000000 100.000000 0.027771
350.000000 100.000000 0.034653
360.000000 100.000000 0.039734
370.000000 100.000000 0.043458
380.000000 100.000000 0.046130
390.000000 100.000000 0.052870
400.000000 100.000000 0.077209
410.000000 100.000000 0.111850
420.000000 100.000000 0.138206
430.000000 100.000000 0.152659
440.000000 100.000000 0.180966
450.000000 100.000000 0.301284
460.000000 100.000000 0.458289
470.000000 100.000000 0.622817
480.000000 100.000000 0.754905
490.000000 100.000000 0.822021
500.000000 100.000000 0.822021
0.000000 110.000000 0.692785
10.000000 110.000000 0.692785
20.000000 110.000000 0.619002
30.000000 110.000000 0.482745
40.000000 110.000000 0.330539
50.000000 110.000000 0.196881
60.000000 110.000000 0.136272
70.000000 110.000000 0.113348
80.000000 110.000000 0.092184
90.000000 110.000000 0.071010
100.000000 110.000000 0.051565
110.000000 110.000000 0.045757
120.000000 110.000000 0.050201
130.000000 110.000000 0.056176
140.000000 110.000000 0.059840
150.000000 110.000000 0.059584
160.000000 110.000000 0.056275
170.000000 110.000000 0.052180
180.000000 110.000000 0.048055
190.000000 110.000000 0.043077
200.000000 110.000000 0.034240
210.000000 110.000000 0.024835
220.000000 110.000000 0.031835
230.000000 110.000000 0.044953
240.000000 110.000000 0.047843
250.000000 110.000000 0.048136
260.000000 110.000000 0.046327
270.000000 110.000000 0.039940
280.000000 110.000000 0.032492
290.000000 110.000000 0.028612
300.000000 110.000000 0.028533
310.000000 110.000000 0.029319
320.000000 110.000000 0.030231
330.000000 110.000000 0.031269
340.000000 110.000000 0.033170
350.000000 110.000000 0.036438
360.000000 110.000000 0.038427
370.000000 110.000000 0.041080
380.000000 110.000000 0.042392
390.000000 110.000000 0.046312
400.000000 110.000000 0.064324
410.000000 110.000000 0.089840
420.000000 110.000000 0.109747
430.000000 110.000000 0.127253
440.000000 110.000000 0.155542
450.000000 110.000000 0.198199
460.000000 110.000000 0.260752
470.000000 110.000000 0.459029
480.000000 110.000000 0.658566
490.000000 110.000000 0.750217
500.000000 110.000000 0.750217
0.000000 120.000000 0.589763
10.000000 120.000000 0.589763
20.000000 120.000000 0.500301
30.000000 120.000000 0.315088
40.000000 120.000000 0.181351
50.000000 120.000000 0.137390
60.000000 120.000000 0.105774
70.000000 120.000000 0.086705
80.000000 120.000000 0.071435
90.000000 120.000000 0.052640
100.000000 120.000000 0.030828
110.000000 120.000000 0.030574
120.000000 120.000000 0.045038
130.000000 120.000000 0.055183
140.000000 120.000000 0.061414
150.000000 120.000000 0.063273
160.000000 120.000000 0.061783
170.000000 120.000000 0.058896
180.000000 120.000000 0.055795
190.000000 120.000000 0.052316
200.000000 120.000000 0.047501
210.000000 120.000000 0.042643
220.000000 120.000000 0.044893
230.000000 120.000000 0.049883
240.000000 120.000000 0.051340
250.000000 120.000000 0.049191
260.000000 120.000000 0.044173
270.000000 120.000000 0.036797
280.000000 120.000000 0.030345
290.000000 120.000000 0.027351
300.000000 120.000000 0.028772
310.000000 120.000000 0.032245
320.000000 120.000000 0.035696
330.000000 120.000000 0.037735
340.000000 120.000000 0.037434
350.000000 120.000000 0.033099
360.000000 120.000000 0.026035
370.000000 120.000000 0.030778
380.000000 120.000000 0.038704
390.000000 120.000000 0.047120
400.000000 120.000000 0.060381
410.000000 120.000000 0.075400
420.000000 120.000000 0.088369
430.000000 120.000000 0.102309
440.000000 120.000000 0.122715
450.000000 120.000000 0.142709
460.000000 120.000000 0.186842
470.000000 120.000000 0.366096
480.000000 120.000000 0.568994
490.000000 120.000000 0.669271
500.000000 120.000000 0.669271
0.000000 130.000000 0.478786
10.000000 130.000000 0.478786
20.000000 130.000000 0.389933
30.000000 130.000000 0.219105
40.000000 130.000000 0.114821
50.000000 130.000000 0.091852
60.000000 130.000000 0.075729
70.000000 130.000000 0.065010
80.000000 130.000000 0.056245
90.000000 130.000000 0.044120
100.000000 130.000000 0.028696
110.000000 130.000000 0.030890
120.000000 130.000000 0.045126
130.000000 130.000000 0.055264
140.000000 130.000000 0.061562
150.000000 130.000000 0.063930
160.000000 130.000000 0.063308
170.000000 130.000000 0.061276
180.000000 130.000000 0.059013
190.000000 130.000000 0.056759
200.000000 130.000000 0.053741
210.000000 130.000000 0.049537
220.000000 130.000000 0.045911
230.000000 130.000000 0.045196
240.000000 130.000000 0.045756
250.000000 130.000000 0.043645
260.000000 130.000000 0.038686
270.000000 130.000000 0.031561
280.000000 130.000000 0.024869
290.000000 130.000000 0.018300
300.000000 130.000000 0.020443
310.000000 130.000000 0.027796
320.000000 130.000000 0.034990
330.000000 130.000000 0.040968
340.000000 130.000000 0.040923
350.000000 130.000000 0.033443
360.000000 130.000000 0.023236
370.000000 130.000000 0.025168
380.000000 130.000000 0.032522
390.000000 130.000000 0.042876
400.000000 130.000000 0.053635
410.000000 130.000000 0.062612
420.000000 130.000000 0.071767
430.000000 130.000000 0.084396
440.000000 130.000000 0.105736
450.000000 130.000000 0.142716
460.000000 130.000000 0.211531
470.000000 130.000000 0.346291
480.000000 130.000000 0.488822
490.000000 130.000000 0.578247
500.000000 130.000000 0.578247
0.000000 140.000000 0.363999
10.000000 140.000000 0.363999
20.000000 140.000000 0.287415
30.000000 140.000000 0.188074
40.000000 140.000000 0.113573
50.000000 140.000000 0.078652
60.000000 140.000000 0.060193
70.000000 140.000000 0.052176
80.000000 140.000000 0.047109
90.000000 140.000000 0.041653
100.000000 140.000000 0.037736
110.000000 140.000000 0.040871
120.000000 140.000000 0.048974
130.000000 140.000000 0.056005
140.000000 140.000000 0.060306
150.000000 140.000000 0.061706
160.000000 140.000000 0.060899
170.000000 140.000000 0.058880
180.000000 140.000000 0.056656
190.000000 140.000000 0.055185
200.000000 140.000000 0.053362
210.000000 140.000000 0.048665
220.000000 140.000000 0.040949
230.000000 140.000000 0.037091
240.000000 140.000000 0.037803
250.000000 140.000000 0.037096
260.000000 140.000000 0.033996
270.000000 140.000000 0.028644
280.000000 140.000000 0.022658
290.000000 140.000000 0.015448
300.000000 140.000000 0.016170
310.000000 140.000000 0.021378
320.000000 140.000000 0.029939
330.000000 140.000000 0.041193
340.000000 140.000000 0.044600
350.000000 140.000000 0.042304
360.000000 140.000000 0.036506
370.000000 140.000000 0.033921
380.000000 140.000000 0.034677
390.000000 140.000000 0.041103
400.000000 140.000000 0.046840
410.000000 140.000000 0.051086
420.000000 140.000000 0.058331
430.000000 140.000000 0.070981
440.000000 140.000000 0.091818
450.000000 140.000000 0.128650
460.000000 140.000000 0.191079
470.000000 140.000000 0.284377
480.000000 140.000000 0.385176
490.000000 140.000000 0.465825
500.000000 140.000000 0.465825
0.000000 150.000000 0.238714
10.000000 150.000000 0.238714
20.000000 150.000000 0.150261
30.000000 150.000000 0.111365
40.000000 150.000000 0.089406
50.000000 150.000000 0.066580
60.000000 150.000000 0.052428
70.000000 150.000000 0.046127
80.000000 150.000000 0.042444
90.000000 150.000000 0.039936
100.000000 150.000000 0.040719
110.000000 150.000000 0.045433
120.000000 150.000000 0.051382
130.000000 150.000000 0.055790
140.000000 150.000000 0.057863
150.000000 150.000000 0.057667
160.000000 150.000000 0.055590
170.000000 150.000000 0.051988
180.000000 150.000000 0.047913
190.000000 150.000000 0.047581
200.000000 150.000000 0.049456
210.000000 150.000000 0.047869
220.000000 150.000000 0.041968
230.000000 150.000000 0.037727
240.000000 150.000000 0.036792
250.000000 150.000000 0.035047
260.000000 150.000000 0.032219
270.000000 150.000000 0.028665
280.000000 150.000000 0.025619
290.000000 150.000000 0.022728
300.000000 150.000000 0.022871
310.000000 150.000000 0.024591
320.000000 150.000000 0.031884
330.000000 150.000000 0.040990
340.000000 150.000000 0.045748
350.000000 150.000000 0.047710
360.000000 150.000000 0.046307
370.000000 150.000000 0.043543
380.000000 150.000000 0.041592
390.000000 150.000000 0.041886
400.000000 150.000000 0.041262
410.000000 150.000000 0.040685
420.000000 150.000000 0.046870
430.000000 150.000000 0.061331
440.000000 150.000000 0.080699
450.000000 150.000000 0.110071
460.000000 150.000000 0.152966
470.000000 150.000000 0.201899
480.000000 150.000000 0.241446
490.000000 150.000000 0.322548
500.000000 150.000000 0.322548
0.000000 160.000000 0.161188
10.000000 160.000000 0.161188
20.000000 160.000000 0.095396
30.000000 160.000000 0.074762
40.000000 160.000000 0.069191
50.000000 160.000000 0.055744
60.000000 160.000000 0.046204
70.000000 160.000000 0.042360
80.000000 160.000000 0.040643
90.000000 160.000000 0.040221
100.000000 160.000000 0.042754
110.000000 160.000000 0.047355
120.000000 160.000000 0.051290
130.000000 160.000000 0.053828
140.000000 160.000000 0.054587
150.000000 160.000000 0.052887
160.000000 160.000000 0.048539
170.000000 160.000000 0.041062
180.000000 160.000000 0.030024
190.000000 160.000000 0.032449
200.000000 160.000000 0.044262
210.000000 160.000000 0.049161
220.000000 160.000000 0.048489
230.000000 160.000000 0.045272
240.000000 160.000000 0.041094
250.000000 160.000000 0.035734
260.000000 160.000000 0.030799
270.000000 160.000000 0.027528
280.000000 160.000000 0.026220
290.000000 160.000000 0.025698
300.000000 160.000000 0.025471
310.000000 160.000000 0.029442
320.000000 160.000000 0.035667
330.000000 160.000000 0.038955
340.000000 160.000000 0.043199
350.000000 160.000000 0.048306
360.000000 160.000000 0.049446
370.000000 160.000000 0.046953
380.000000 160.000000 0.043325
390.000000 160.000000 0.039945
400.000000 160.000000 0.035182
410.000000 160.000000 0.027632
420.000000 160.000000 0.032327
430.000000 160.000000 0.054779
440.000000 160.000000 0.074245
450.000000 160.000000 0.095498
460.000000 160.000000 0.119203
470.000000 160.000000 0.129951
480.000000 160.000000 0.135628
490.000000 160.000000 0.193363
500.000000 160.000000 0.193363
0.000000 170.000000 0.125695
10.000000 170.000000 0.125695
20.000000 170.000000 0.095332
30.000000 170.000000 0.074032
40.000000 170.000000 0.059948
50.000000 170.000000 0.046997
60.000000 170.000000 0.039488
70.000000 170.000000 0.038876
80.000000 170.000000 0.040404
90.000000 170.000000 0.042243
100.000000 170.000000 0.044894
110.000000 170.000000 0.046954
120.000000 170.000000 0.046876
130.000000 170.000000 0.048416
140.000000 170.000000 0.049892
150.000000 170.000000 0.047403
160.000000 170.000000 0.040831
170.000000 170.000000 0.031012
180.000000 170.000000 0.020388
190.000000 170.000000 0.024885
200.000000 170.000000 0.041770
210.000000 170.000000 0.051104
220.000000 170.000000 0.053940
230.000000 170.000000 0.051161
240.000000 170.000000 0.044224
250.000000 170.000000 0.035660
260.000000 170.000000 0.029240
270.000000 170.000000 0.026350
280.000000 170.000000 0.025570
290.000000 170.000000 0.023890
300.000000 170.000000 0.019336
310.000000 170.000000 0.024753
320.000000 170.000000 0.036016
330.000000 170.000000 0.038078
340.000000 170.000000 0.041798
350.000000 170.000000 0.047726
360.000000 170.000000 0.049444
370.000000 170.000000 0.046678
380.000000 170.000000 0.041924
390.000000 170.000000 0.036948
400.000000 170.000000 0.031257
410.000000 170.000000 0.022850
420.000000 170.000000 0.027882
430.000000 170.000000 0.052499
440.000000 170.000000 0.071143
450.000000 170.000000 0.086462
460.000000 170.000000 0.102013
470.000000 170.000000 0.114716
480.000000 170.000000 0.125339
490.000000 170.000000 0.171578
500.000000 170.000000 0.171578
0.000000 180.000000 0.090019
10.000000 180.000000 0.090019
20.000000 180.000000 0.077711
30.000000 180.000000 0.064463
40.000000 180.000000 0.052190
50.000000 180.000000 0.038290
60.000000 180.000000 0.031924
70.000000 180.000000 0.036593
80.000000 180.000000 0.041784
90.000000 180.000000 0.045367
100.000000 180.000000 0.046784
110.000000 180.000000 0.043181
120.000000 180.000000 0.033462
130.000000 180.000000 0.036482
140.000000 180.000000 0.043138
150.000000 180.000000 0.040705
160.000000 180.000000 0.033005
170.000000 180.000000 0.025690
180.000000 180.000000 0.022739
190.000000 180.000000 0.029695
200.000000 180.000000 0.042740
210.000000 180.000000 0.052446
220.000000 180.000000 0.056260
230.000000 180.000000 0.053199
240.000000 180.000000 0.044533
250.000000 180.000000 0.034485
260.000000 180.000000 0.028532
270.000000 180.000000 0.027374
280.000000 180.000000 0.027915
290.000000 180.000000 0.027336
300.000000 180.000000 0.023859
310.000000 180.000000 0.030080
320.000000 180.000000 0.040630
330.000000 180.000000 0.042780
340.000000 180.000000 0.045515
350.000000 180.000000 0.049796
360.000000 180.000000 0.050945
370.000000 180.000000 0.048101
380.000000 180.000000 0.042878
390.000000 180.000000 0.037245
400.000000 180.000000 0.032618
410.000000 180.000000 0.030458
420.000000 180.000000 0.037266
430.000000 180.000000 0.054332
440.000000 180.000000 0.068359
450.000000 180.000000 0.078057
460.000000 180.000000 0.089003
470.000000 180.000000 0.106169
480.000000 180.000000 0.130792
490.000000 180.000000 0.159929
500.000000 180.000000 0.159929
0.000000 190.000000 0.058631
10.000000 190.000000 0.058631
20.000000 190.000000 0.056441
30.000000 190.000000 0.052564
40.000000 190.000000 0.045648
50.000000 190.000000 0.029305
60.000000 190.000000 0.024696
70.000000 190.000000 0.036742
80.000000 190.000000 0.045704
90.000000 190.000000 0.050113
100.000000 190.000000 0.049943
110.000000 190.000000 0.041466
120.000000 190.000000 0.027632
130.000000 190.000000 0.029707
140.000000 190.000000 0.038230
150.000000 190.000000 0.034250
160.000000 190.000000 0.026191
170.000000 190.000000 0.022832
180.000000 190.000000 0.025050
190.000000 190.000000 0.032501
200.000000 190.000000 0.042553
210.000000 190.000000 0.051137
220.000000 190.000000 0.054984
230.000000 190.000000 0.051892
240.000000 190.000000 0.042629
250.000000 190.000000 0.032162
260.000000 190.000000 0.027693
270.000000 190.000000 0.029027
280.000000 190.000000 0.031680
290.000000 190.000000 0.033939
300.000000 190.000000 0.036329
310.000000 190.000000 0.041144
320.000000 190.000000 0.045472
330.000000 190.000000 0.046541
340.000000 190.000000 0.048673
350.000000 190.000000 0.052531
360.000000 190.000000 0.054451
370.000000 190.000000 0.052512
380.000000 190.000000 0.047347
390.000000 190.000000 0.041087
400.000000 190.000000 0.036295
410.000000 190.000000 0.035132
420.000000 190.000000 0.039934
430.000000 190.000000 0.052378
440.000000 190.000000 0.063828
450.000000 190.000000 0.068612
460.000000 190.000000 0.074457
470.000000 190.000000 0.089557
480.000000 190.000000 0.113890
490.000000 190.000000 0.135823
500.000000 190.000000 0.135823
0.000000 200.000000 0.027991
10.000000 200.000000 0.027991
20.000000 200.000000 0.035681
30.000000 200.000000 0.040932
40.000000 200.000000 0.042977
50.000000 200.000000 0.035167
60.000000 200.000000 0.033116
70.000000 200.000000 0.044937
80.000000 200.000000 0.052646
90.000000 200.000000 0.055909
100.000000 200.000000 0.054880
110.000000 200.000000 0.048892
120.000000 200.000000 0.038464
130.000000 200.000000 0.038055
140.000000 200.000000 0.038951
150.000000 200.000000 0.032400
160.000000 200.000000 0.025066
170.000000 200.000000 0.023988
180.000000 200.000000 0.026801
190.000000 200.000000 0.032007
200.000000 200.000000 0.038640
210.000000 200.000000 0.045905
220.000000 200.000000 0.050517
230.000000 200.000000 0.048377
240.000000 200.000000 0.039061
250.000000 200.000000 0.026913
260.000000 200.000000 0.024479
270.000000 200.000000 0.029034
280.000000 200.000000 0.033366
290.000000 200.000000 0.036433
300.000000 200.000000 0.039234
310.000000 200.000000 0.042024
320.000000 200.000000 0.043491
330.000000 200.000000 0.044385
340.000000 200.000000 0.047856
350.000000 200.000000 0.053729
360.000000 200.000000 0.057826
370.000000 200.000000 0.057143
380.000000 200.000000 0.052033
390.000000 200.000000 0.045154
400.000000 200.000000 0.039416
410.000000 200.000000 0.035536
420.000000 200.000000 0.032037
430.000000 200.000000 0.042791
440.000000 200.000000 0.058830
450.000000 200.000000 0.060987
460.000000 200.000000 0.060722
470.000000 200.000000 0.067389
480.000000 200.000000 0.089657
490.000000 200.000000 0.111424
500.000000 200.000000 0.111424
0.000000 210.000000 0.021698
10.000000 210.000000 0.021698
20.000000 210.000000 0.026510
30.000000 210.000000 0.032695
40.000000 210.000000 0.042506
50.000000 210.000000 0.046705
60.000000 210.000000 0.048851
70.000000 210.000000 0.054122
80.000000 210.000000 0.058306
90.000000 210.000000 0.059079
100.000000 210.000000 0.056378
110.000000 210.000000 0.051313
120.000000 210.000000 0.045686
130.000000 210.000000 0.042811
140.000000 210.000000 0.039553
150.000000 210.000000 0.032593
160.000000 210.000000 0.027708
170.000000 210.000000 0.027486
180.000000 210.000000 0.027876
190.000000 210.000000 0.028874
200.000000 210.000000 0.030743
210.000000 210.000000 0.037405
220.000000 210.000000 0.044692
230.000000 210.000000 0.044202
240.000000 210.000000 0.033737
250.000000 210.000000 0.018642
260.000000 210.000000 0.017910
270.000000 210.000000 0.027492
280.000000 210.000000 0.033571
290.000000 210.000000 0.036356
300.000000 210.000000 0.037312
310.000000 210.000000 0.037442
320.000000 210.000000 0.037488
330.000000 210.000000 0.040141
340.000000 210.000000 0.046807
350.000000 210.000000 0.054922
360.000000 210.000000 0.059992
370.000000 210.000000 0.059205
380.000000 210.000000 0.053571
390.000000 210.000000 0.046443
400.000000 210.000000 0.040898
410.000000 210.000000 0.035915
420.000000 210.000000 0.028765
430.000000 210.000000 0.038232
440.000000 210.000000 0.057825
450.000000 210.000000 0.058659
460.000000 210.000000 0.050605
470.000000 210.000000 0.042193
480.000000 210.000000 0.060024
490.000000 210.000000 0.090460
500.000000 210.000000 0.090460
0.000000 220.000000 0.035922
10.000000 220.000000 0.035922
20.000000 220.000000 0.033130
30.000000 220.000000 0.035051
40.000000 220.000000 0.044317
50.000000 220.000000 0.050241
60.000000 220.000000 0.052759
70.000000 220.000000 0.056210
80.000000 220.000000 0.058588
90.000000 220.000000 0.057106
100.000000 220.000000 0.052206
110.000000 220.000000 0.046621
120.000000 220.000000 0.042677
130.000000 220.000000 0.039995
140.000000 220.000000 0.034936
150.000000 220.000000 0.024485
160.000000 220.000000 0.023982
170.000000 220.000000 0.029355
180.000000 220.000000 0.029609
190.000000 220.000000 0.027783
200.000000 220.000000 0.026328
210.000000 220.000000 0.032214
220.000000 220.000000 0.041332
230.000000 220.000000 0.041856
240.000000 220.000000 0.033010
250.000000 220.000000 0.019153
260.000000 220.000000 0.018041
270.000000 220.000000 0.027040
280.000000 220.000000 0.034094
290.000000 220.000000 0.036506
300.000000 220.000000 0.035435
310.000000 220.000000 0.033747
320.000000 220.000000 0.034455
330.000000 220.000000 0.040135
340.000000 220.000000 0.049406
350.000000 220.000000 0.057409
360.000000 220.000000 0.060359
370.000000 220.000000 0.057044
380.000000 220.000000 0.050051
390.000000 220.000000 0.043299
400.000000 220.000000 0.040436
410.000000 220.000000 0.040961
420.000000 220.000000 0.040414
430.000000 220.000000 0.048892
440.000000 220.000000 0.059917
450.000000 220.000000 0.060573
460.000000 220.000000 0.053816
470.000000 220.000000 0.044523
480.000000 220.000000 0.058399
490.000000 220.000000 0.081158
500.000000 220.000000 0.081158
0.000000 230.000000 0.047889
10.000000 230.000000 0.047889
20.000000 230.000000 0.044662
30.000000 230.000000 0.044430
40.000000 230.000000 0.049370
50.000000 230.000000 0.052745
60.000000 230.000000 0.053544
70.000000 230.000000 0.055355
80.000000 230.000000 0.055962
90.000000 230.000000 0.052066
100.000000 230.000000 0.044496
110.000000 230.000000 0.037608
120.000000 230.000000 0.035191
130.000000 230.000000 0.034498
140.000000 230.000000 0.030522
150.000000 230.000000 0.021124
160.000000 230.000000 0.023377
170.000000 230.000000 0.033628
180.000000 230.000000 0.035765
190.000000 230.000000 0.034701
200.000000 230.000000 0.033426
210.000000 230.000000 0.037693
220.000000 230.000000 0.042968
230.000000 230.000000 0.041239
240.000000 230.000000 0.033244
250.000000 230.000000 0.023435
260.000000 230.000000 0.020909
270.000000 230.000000 0.027356
280.000000 230.000000 0.034833
290.000000 230.000000 0.037201
300.000000 230.000000 0.035100
310.000000 230.000000 0.033123
320.000000 230.000000 0.035910
330.000000 230.000000 0.044246
340.000000 230.000000 0.053738
350.000000 230.000000 0.059026
360.000000 230.000000 0.057540
370.000000 230.000000 0.049978
380.000000 230.000000 0.041373
390.000000 230.000000 0.035425
400.000000 230.000000 0.035748
410.000000 230.000000 0.040899
420.000000 230.000000 0.044268
430.000000 230.000000 0.048944
440.000000 230.000000 0.055803
450.000000 230.000000 0.060165
460.000000 230.000000 0.061531
470.000000 230.000000 0.062874
480.000000 230.000000 0.070745
490.000000 230.000000 0.079594
500.000000 230.000000 0.079594
0.000000 240.000000 0.056098
10.000000 240.000000 0.056098
20.000000 240.000000 0.054391
30.000000 240.000000 0.054599
40.000000 240.000000 0.057954
50.000000 240.000000 0.059975
60.000000 240.000000 0.059280
70.000000 240.000000 0.058399
80.000000 240.000000 0.055593
90.000000 240.000000 0.048324
100.000000 240.000000 0.036764
110.000000 240.000000 0.026654
120.000000 240.000000 0.027330
130.000000 240.000000 0.030854
140.000000 240.000000 0.032664
150.000000 240.000000 0.031365
160.000000 240.000000 0.035574
170.000000 240.000000 0.042560
180.000000 240.000000 0.045267
190.000000 240.000000 0.045742
200.000000 240.000000 0.045964
210.000000 240.000000 0.047277
220.000000 240.000000 0.046604
230.000000 240.000000 0.041086
240.000000 240.000000 0.032948
250.000000 240.000000 0.025766
260.000000 240.000000 0.023964
270.000000 240.000000 0.029281
280.000000 240.000000 0.035974
290.000000 240.000000 0.038098
300.000000 240.000000 0.035550
310.000000 240.000000 0.033308
320.000000 240.000000 0.036990
330.000000 240.000000 0.046574
340.000000 240.000000 0.055436
350.000000 240.000000 0.057731
360.000000 240.000000 0.051617
370.000000 240.000000 0.038708
380.000000 240.000000 0.028955
390.000000 240.000000 0.023575
400.000000 240.000000 0.027161
410.000000 240.000000 0.038113
420.000000 240.000000 0.041875
430.000000 240.000000 0.043882
440.000000 240.000000 0.049681
450.000000 240.000000 0.056950
460.000000 240.000000 0.062190
470.000000 240.000000 0.065009
480.000000 240.000000 0.070309
490.000000 240.000000 0.076303
500.000000 240.000000 0.076303
0.000000 250.000000 0.061220
10.000000 250.000000 0.061220
20.000000 250.000000 0.061674
30.000000 250.000000 0.063854
40.000000 250.000000 0.067519
50.000000 250.000000 0.069506
60.000000 250.000000 0.068155
70.000000 250.000000 0.064519
80.000000 250.000000 0.058102
90.000000 250.000000 0.047511
100.000000 250.000000 0.030212
110.000000 250.000000 0.017728
120.000000 250.000000 0.020087
130.000000 250.000000 0.028783
140.000000 250.000000 0.035227
150.000000 250.000000 0.040291
160.000000 250.000000 0.046025
170.000000 250.000000 0.051542
180.000000 250.000000 0.054675
190.000000 250.000000 0.055983
200.000000 250.000000 0.056335
210.000000 250.000000 0.055141
220.000000 250.000000 0.050276
230.000000 250.000000 0.041864
240.000000 250.000000 0.033685
250.000000 250.000000 0.028087
260.000000 250.000000 0.026025
270.000000 250.000000 0.029135
280.000000 250.000000 0.035592
290.000000 250.000000 0.038536
300.000000 250.000000 0.036055
310.000000 250.000000 0.032644
320.000000 250.000000 0.034608
330.000000 250.000000 0.043497
340.000000 250.000000 0.052273
350.000000 250.000000 0.053457
360.000000 250.000000 0.044368
370.000000 250.000000 0.025140
380.000000 250.000000 0.016631
390.000000 250.000000 0.015679
400.000000 250.000000 0.021937
410.000000 250.000000 0.037995
420.000000 250.000000 0.043904
430.000000 250.000000 0.045392
440.000000 250.000000 0.049337
450.000000 250.000000 0.055167
460.000000 250.000000 0.058037
470.000000 250.000000 0.054141
480.000000 250.000000 0.057247
490.000000 250.000000 0.067483
500.000000 250.000000 0.067483
0.000000 260.000000 0.062279
10.000000 260.000000 0.062279
20.000000 260.000000 0.064192
30.000000 260.000000 0.068166
40.000000 260.000000 0.072723
50.000000 260.000000 0.075275
60.000000 260.000000 0.074005
70.000000 260.000000 0.069024
80.000000 260.000000 0.060964
90.000000 260.000000 0.049945
100.000000 260.000000 0.033892
110.000000 260.000000 0.018717
120.000000 260.000000 0.019309
130.000000 260.000000 0.028344
140.000000 260.000000 0.036851
150.000000 260.000000 0.044617
160.000000 260.000000 0.051867
170.000000 260.000000 0.057917
180.000000 260.000000 0.061724
190.000000 260.000000 0.063493
200.000000 260.000000 0.063715
210.000000 260.000000 0.061428
220.000000 260.000000 0.054976
230.000000 260.000000 0.045411
240.000000 260.000000 0.036564
250.000000 260.000000 0.029264
260.000000 260.000000 0.021742
270.000000 260.000000 0.020193
280.000000 260.000000 0.030694
290.000000 260.000000 0.038163
300.000000 260.000000 0.036918
310.000000 260.000000 0.032015
320.000000 260.000000 0.030116
330.000000 260.000000 0.035219
340.000000 260.000000 0.044063
350.000000 260.000000 0.047591
360.000000 260.000000 0.040157
370.000000 260.000000 0.024538
380.000000 260.000000 0.017916
390.000000 260.000000 0.020709
400.000000 260.000000 0.028492
410.000000 260.000000 0.041899
420.000000 260.000000 0.049660
430.000000 260.000000 0.051631
440.000000 260.000000 0.052805
450.000000 260.000000 0.054792
460.000000 260.000000 0.052573
470.000000 260.000000 0.036670
480.000000 260.000000 0.035786
490.000000 260.000000 0.051412
500.000000 260.000000 0.051412
0.000000 270.000000 0.060581
10.000000 270.000000 0.060581
20.000000 270.000000 0.062576
30.000000 270.000000 0.067007
40.000000 270.000000 0.071945
50.000000 270.000000 0.075004
60.000000 270.000000 0.074072
70.000000 270.000000 0.068744
80.000000 270.000000 0.060570
90.000000 270.000000 0.051130
100.000000 270.000000 0.038573
110.000000 270.000000 0.023108
120.000000 270.000000 0.019701
130.000000 270.000000 0.028079
140.000000 270.000000 0.037567
150.000000 270.000000 0.046391
160.000000 270.000000 0.054445
170.000000 270.000000 0.061036
180.000000 270.000000 0.065182
190.000000 270.000000 0.066990
200.000000 270.000000 0.067194
210.000000 270.000000 0.065215
220.000000 270.000000 0.059559
230.000000 270.000000 0.050587
240.000000 270.000000 0.040580
250.000000 270.000000 0.029591
260.000000 270.000000 0.018122
270.000000 270.000000 0.017158
280.000000 270.000000 0.029254
290.000000 270.000000 0.038655
300.000000 270.000000 0.038558
310.000000 270.000000 0.032952
320.000000 270.000000 0.026334
330.000000 270.000000 0.022131
340.000000 270.000000 0.029848
350.000000 270.000000 0.041351
360.000000 270.000000 0.038447
370.000000 270.000000 0.028931
380.000000 270.000000 0.022996
390.000000 270.000000 0.025717
400.000000 270.000000 0.034593
410.000000 270.000000 0.046358
420.000000 270.000000 0.054490
430.000000 270.000000 0.055717
440.000000 270.000000 0.053846
450.000000 270.000000 0.052810
460.000000 270.000000 0.050034
470.000000 270.000000 0.037094
480.000000 270.000000 0.029256
490.000000 270.000000 0.030871
500.000000 270.000000 0.030871
0.000000 280.000000 0.062631
10.000000 280.000000 0.062631
20.000000 280.000000 0.062741
30.000000 280.000000 0.064764
40.000000 280.000000 0.067840
50.000000 280.000000 0.070023
60.000000 280.000000 0.068496
70.000000 280.000000 0.062358
80.000000 280.000000 0.054317
90.000000 280.000000 0.047937
100.000000 280.000000 0.040268
110.000000 280.000000 0.027688
120.000000 280.000000 0.021885
130.000000 280.000000 0.028447
140.000000 280.000000 0.038547
150.000000 280.000000 0.047470
160.000000 280.000000 0.055250
170.000000 280.000000 0.061373
180.000000 280.000000 0.064823
190.000000 280.000000 0.065761
200.000000 280.000000 0.065443
210.000000 280.000000 0.063946
220.000000 280.000000 0.059909
230.000000 280.000000 0.052607
240.000000 280.000000 0.042246
250.000000 280.000000 0.027237
260.000000 280.000000 0.016929
270.000000 280.000000 0.020805
280.000000 280.000000 0.033139
290.000000 280.000000 0.039740
300.000000 280.000000 0.039490
310.000000 280.000000 0.033959
320.000000 280.000000 0.025495
330.000000 280.000000 0.018727
340.000000 280.000000 0.025740
350.000000 280.000000 0.039647
360.000000 280.000000 0.039371
370.000000 280.000000 0.029821
380.000000 280.000000 0.019980
390.000000 280.000000 0.023615
400.000000 280.000000 0.036467
410.000000 280.000000 0.048507
420.000000 280.000000 0.055422
430.000000 280.000000 0.054040
440.000000 280.000000 0.048456
450.000000 280.000000 0.044882
460.000000 280.000000 0.043514
470.000000 280.000000 0.040878
480.000000 280.000000 0.034346
490.000000 280.000000 0.030062
500.000000 280.000000 0.030062
0.000000 290.000000 0.076973
10.000000 290.000000 0.076973
20.000000 290.000000 0.072349
30.000000 290.000000 0.067503
40.000000 290.000000 0.064963
50.000000 290.000000 0.063794
60.000000 290.000000 0.059995
70.000000 290.000000 0.052119
80.000000 290.000000 0.044244
90.000000 290.000000 0.042233
100.000000 290.000000 0.041100
110.000000 290.000000 0.033694
120.000000 290.000000 0.027842
130.000000 290.000000 0.032419
140.000000 290.000000 0.041332
150.000000 290.000000 0.048815
160.000000 290.000000 0.055063
170.000000 290.000000 0.059593
180.000000 290.000000 0.061400
190.000000 290.000000 0.060728
200.000000 290.000000 0.059238
210.000000 290.000000 0.057575
220.000000 290.000000 0.054767
230.000000 290.000000 0.049777
240.000000 290.000000 0.042118
250.000000 290.000000 0.031112
260.000000 290.000000 0.022766
270.000000 290.000000 0.027546
280.000000 290.000000 0.035892
290.000000 290.000000 0.039866
300.000000 290.000000 0.039106
310.000000 290.000000 0.034255
320.000000 290.000000 0.027243
330.000000 290.000000 0.025293
340.000000 290.000000 0.033571
350.000000 290.000000 0.043785
360.000000 290.000000 0.045098
370.000000 290.000000 0.036497
380.000000 290.000000 0.024920
390.000000 290.000000 0.026555
400.000000 290.000000 0.037109
410.000000 290.000000 0.046833
420.000000 290.000000 0.052666
430.000000 290.000000 0.049273
440.000000 290.000000 0.041014
450.000000 290.000000 0.034851
460.000000 290.000000 0.028889
470.000000 290.000000 0.031041
480.000000 290.000000 0.040735
490.000000 290.000000 0.045674
500.000000 290.000000 0.045674
0.000000 300.000000 0.103340
10.000000 300.000000 0.103340
20.000000 300.000000 0.091426
30.000000 300.000000 0.076398
40.000000 300.000000 0.065887
50.000000 300.000000 0.060134
60.000000 300.000000 0.054133
70.000000 300.000000 0.046557
80.000000 300.000000 0.041288
90.000000 300.000000 0.042775
100.000000 300.000000 0.045871
110.000000 300.000000 0.043779
120.000000 300.000000 0.039921
130.000000 300.000000 0.041373
140.000000 300.000000 0.045134
150.000000 300.000000 0.049034
160.000000 300.000000 0.052979
170.000000 300.000000 0.055747
180.000000 300.000000 0.056162
190.000000 300.000000 0.054445
200.000000 300.000000 0.052105
210.000000 300.000000 0.049754
220.000000 300.000000 0.046958
230.000000 300.000000 0.043535
240.000000 300.000000 0.040010
250.000000 300.000000 0.036230
260.000000 300.000000 0.034106
270.000000 300.000000 0.036245
280.000000 300.000000 0.039634
290.000000 300.000000 0.041127
300.000000 300.000000 0.040223
310.000000 300.000000 0.036889
320.000000 300.000000 0.031950
330.000000 300.000000 0.031873
340.000000 300.000000 0.040361
350.000000 300.000000 0.050719
360.000000 300.000000 0.054477
370.000000 300.000000 0.049686
380.000000 300.000000 0.041184
390.000000 300.000000 0.036596
400.000000 300.000000 0.035553
410.000000 300.000000 0.036819
420.000000 300.000000 0.045409
430.000000 300.000000 0.043716
440.000000 300.000000 0.035783
450.000000 300.000000 0.029702
460.000000 300.000000 0.021355
470.000000 300.000000 0.022097
480.000000 300.000000 0.034285
490.000000 300.000000 0.046698
500.000000 300.000000 0.046698
0.000000 310.000000 0.135405
10.000000 310.000000 0.135405
20.000000 310.000000 0.115334
30.000000 310.000000 0.090063
40.000000 310.000000 0.071899
50.000000 310.000000 0.061846
60.000000 310.000000 0.054655
70.000000 310.000000 0.049139
80.000000 310.000000 0.047367
90.000000 310.000000 0.049707
100.000000 310.000000 0.052030
110.000000 310.000000 0.050691
120.000000 310.000000 0.047422
130.000000 310.000000 0.045635
140.000000 310.000000 0.044603
150.000000 310.000000 0.044888
160.000000 310.000000 0.047350
170.000000 310.000000 0.049517
180.000000 310.000000 0.049896
190.000000 310.000000 0.048853
200.000000 310.000000 0.047158
210.000000 310.000000 0.044294
220.000000 310.000000 0.039903
230.000000 310.000000 0.035728
240.000000 310.000000 0.035763
250.000000 310.000000 0.038289
260.000000 310.000000 0.040841
270.000000 310.000000 0.043433
280.000000 310.000000 0.045082
290.000000 310.000000 0.045353
300.000000 310.000000 0.044935
310.000000 310.000000 0.043551
320.000000 310.000000 0.040931
330.000000 310.000000 0.041553
340.000000 310.000000 0.049312
350.000000 310.000000 0.059478
360.000000 310.000000 0.063804
370.000000 310.000000 0.060140
380.000000 310.000000 0.052515
390.000000 310.000000 0.044855
400.000000 310.000000 0.033617
410.000000 310.000000 0.027943
420.000000 310.000000 0.035473
430.000000 310.000000 0.038463
440.000000 310.000000 0.034239
450.000000 310.000000 0.032425
460.000000 310.000000 0.029430
470.000000 310.000000 0.025296
480.000000 310.000000 0.029308
490.000000 310.000000 0.045306
500.000000 310.000000 0.045306
0.000000 320.000000 0.171703
10.000000 320.000000 0.171703
20.000000 320.000000 0.143687
30.000000 320.000000 0.109176
40.000000 320.000000 0.083711
50.000000 320.000000 0.068683
60.000000 320.000000 0.059319
70.000000 320.000000 0.054100
80.000000 320.000000 0.053326
90.000000 320.000000 0.054704
100.000000 320.000000 0.054738
110.000000 320.000000 0.051921
120.000000 320.000000 0.047838
130.000000 320.000000 0.043870
140.000000 320.000000 0.039116
150.000000 320.000000 0.036641
160.000000 320.000000 0.039144
170.000000 320.000000 0.041893
180.000000 320.000000 0.042991
190.000000 320.000000 0.043735
200.000000 320.000000 0.044169
210.000000 320.000000 0.041634
220.000000 320.000000 0.034931
230.000000 320.000000 0.028084
240.000000 320.000000 0.030680
250.000000 320.000000 0.039395
260.000000 320.000000 0.046262
270.000000 320.000000 0.050605
280.000000 320.000000 0.052436
290.000000 320.000000 0.052748
300.000000 320.000000 0.053112
310.000000 320.000000 0.053033
320.000000 320.000000 0.051632
330.000000 320.000000 0.052555
340.000000 320.000000 0.059378
350.000000 320.000000 0.067668
360.000000 320.000000 0.070034
370.000000 320.000000 0.065590
380.000000 320.000000 0.059231
390.000000 320.000000 0.053686
400.000000 320.000000 0.045182
410.000000 320.000000 0.036147
420.000000 320.000000 0.037911
430.000000 320.000000 0.037903
440.000000 320.000000 0.036799
450.000000 320.000000 0.039330
460.000000 320.000000 0.042798
470.000000 320.000000 0.043349
480.000000 320.000000 0.048253
490.000000 320.000000 0.066648
500.000000 320.000000 0.066648
0.000000 330.000000 0.216109
10.000000 330.000000 0.216109
20.000000 330.000000 0.179777
30.000000 330.000000 0.135073
40.000000 330.000000 0.100598
50.000000 330.000000 0.078250
60.000000 330.000000 0.063843
70.000000 330.000000 0.056109
80.000000 330.000000 0.054614
90.000000 330.000000 0.055182
100.000000 330.000000 0.053895
110.000000 330.000000 0.050162
120.000000 330.000000 0.045932
130.000000 330.000000 0.041826
140.000000 330.000000 0.036348
150.000000 330.000000 0.033155
160.000000 330.000000 0.035111
170.000000 330.000000 0.037168
180.000000 330.000000 0.037812
190.000000 330.000000 0.039686
200.000000 330.000000 0.042482
210.000000 330.000000 0.041776
220.000000 330.000000 0.036117
230.000000 330.000000 0.029839
240.000000 330.000000 0.033055
250.000000 330.000000 0.042984
260.000000 330.000000 0.051597
270.000000 330.000000 0.057490
280.000000 330.000000 0.060604
290.000000 330.000000 0.062016
300.000000 330.000000 0.063304
310.000000 330.000000 0.063925
320.000000 330.000000 0.062966
330.000000 330.000000 0.063342
340.000000 330.000000 0.067669
350.000000 330.000000 0.072086
360.000000 330.000000 0.071213
370.000000 330.000000 0.065485
380.000000 330.000000 0.060614
390.000000 330.000000 0.059196
400.000000 330.000000 0.058622
410.000000 330.000000 0.054808
420.000000 330.000000 0.050546
430.000000 330.000000 0.047779
440.000000 330.000000 0.047269
450.000000 330.000000 0.051570
460.000000 330.000000 0.060348
470.000000 330.000000 0.074032
480.000000 330.000000 0.092819
490.000000 330.000000 0.110331
500.000000 330.000000 0.110331
0.000000 340.000000 0.274986
10.000000 340.000000 0.274986
20.000000 340.000000 0.229879
30.000000 340.000000 0.172508
40.000000 340.000000 0.125595
50.000000 340.000000 0.092825
60.000000 340.000000 0.070433
70.000000 340.000000 0.057747
80.000000 340.000000 0.054286
90.000000 340.000000 0.054262
100.000000 340.000000 0.052915
110.000000 340.000000 0.049905
120.000000 340.000000 0.047087
130.000000 340.000000 0.044816
140.000000 340.000000 0.041622
150.000000 340.000000 0.039046
160.000000 340.000000 0.038985
170.000000 340.000000 0.038303
180.000000 340.000000 0.037170
190.000000 340.000000 0.038738
200.000000 340.000000 0.042374
210.000000 340.000000 0.043434
220.000000 340.000000 0.041373
230.000000 340.000000 0.039442
240.000000 340.000000 0.042460
250.000000 340.000000 0.049845
260.000000 340.000000 0.057576
270.000000 340.000000 0.063808
280.000000 340.000000 0.068021
290.000000 340.000000 0.070482
300.000000 340.000000 0.072047
310.000000 340.000000 0.072440
320.000000 340.000000 0.071279
330.000000 340.000000 0.070304
340.000000 340.000000 0.070825
350.000000 340.000000 0.071166
360.000000 340.000000 0.068838
370.000000 340.000000 0.063801
380.000000 340.000000 0.060521
390.000000 340.000000 0.062375
400.000000 340.000000 0.068757
410.000000 340.000000 0.072593
420.000000 340.000000 0.070952
430.000000 340.000000 0.067566
440.000000 340.000000 0.066502
450.000000 340.000000 0.071883
460.000000 340.000000 0.086356
470.000000 340.000000 0.112539
480.000000 340.000000 0.146683
490.000000 340.000000 0.173282
500.000000 340.000000 0.173282
0.000000 350.000000 0.353399
10.000000 350.000000 0.353399
20.000000 350.000000 0.299560
30.000000 350.000000 0.226918
40.000000 350.000000 0.163566
50.000000 350.000000 0.117607
60.000000 350.000000 0.085955
70.000000 350.000000 0.066852
80.000000 350.000000 0.058933
90.000000 350.000000 0.056294
100.000000 350.000000 0.054411
110.000000 350.000000 0.052735
120.000000 350.000000 0.051944
130.000000 350.000000 0.051463
140.000000 350.000000 0.049947
150.000000 350.000000 0.047509
160.000000 350.000000 0.044804
170.000000 350.000000 0.041097
180.000000 350.000000 0.037771
190.000000 350.000000 0.038389
200.000000 350.000000 0.042041
210.000000 350.000000 0.044066
220.000000 350.000000 0.044841
230.000000 350.000000 0.046765
240.000000 350.000000 0.051160
250.000000 350.000000 0.057400
260.000000 350.000000 0.063661
270.000000 350.000000 0.068970
280.000000 350.000000 0.072807
290.000000 350.000000 0.074628
300.000000 350.000000 0.074499
310.000000 350.000000 0.072682
320.000000 350.000000 0.070030
330.000000 350.000000 0.067515
340.000000 350.000000 0.064904
350.000000 350.000000 0.063351
360.000000 350.000000 0.063335
370.000000 350.000000 0.062344
380.000000 350.000000 0.061686
390.000000 350.000000 0.066273
400.000000 350.000000 0.077840
410.000000 350.000000 0.087311
420.000000 350.000000 0.089429
430.000000 350.000000 0.088090
440.000000 350.000000 0.090179
450.000000 350.000000 0.101776
460.000000 350.000000 0.127401
470.000000 350.000000 0.170100
480.000000 350.000000 0.222587
490.000000 350.000000 0.261491
500.000000 350.000000 0.261491
0.000000 360.000000 0.446329
10.000000 360.000000 0.446329
20.000000 360.000000 0.384588
30.000000 360.000000 0.295328
40.000000 360.000000 0.212628
50.000000 360.000000 0.151707
60.000000 360.000000 0.110513
70.000000 360.000000 0.084141
80.000000 360.000000 0.069297
90.000000 360.000000 0.061774
100.000000 360.000000 0.058439
110.000000 360.000000 0.057867
120.000000 360.000000 0.058755
130.000000 360.000000 0.059154
140.000000 360.000000 0.057610
150.000000 360.000000 0.053869
160.000000 360.000000 0.048292
170.000000 360.000000 0.041369
180.000000 360.000000 0.035159
190.000000 360.000000 0.034991
200.000000 360.000000 0.039721
210.000000 360.000000 0.042986
220.000000 360.000000 0.045825
230.000000 360.000000 0.050509
240.000000 360.000000 0.056497
250.000000 360.000000 0.062439
260.000000 360.000000 0.067589
270.000000 360.000000 0.071522
280.000000 360.000000 0.073478
290.000000 360.000000 0.072419
300.000000 360.000000 0.068082
310.000000 360.000000 0.061550
320.000000 360.000000 0.056526
330.000000 360.000000 0.054677
340.000000 360.000000 0.051867
350.000000 360.000000 0.050693
360.000000 360.000000 0.054192
370.000000 360.000000 0.057280
380.000000 360.000000 0.058149
390.000000 360.000000 0.064808
400.000000 360.000000 0.081357
410.000000 360.000000 0.095073
420.000000 360.000000 0.100861
430.000000 360.000000 0.104330
440.000000 360.000000 0.114930
450.000000 360.000000 0.140224
460.000000 360.000000 0.184719
470.000000 360.000000 0.248949
480.000000 360.000000 0.320814
490.000000 360.000000 0.371201
500.000000 360.000000 0.371201
0.000000 370.000000 0.544629
10.000000 370.000000 0.544629
20.000000 370.000000 0.476113
30.000000 370.000000 0.370381
40.000000 370.000000 0.267349
50.000000 370.000000 0.190546
60.000000 370.000000 0.138654
70.000000 370.000000 0.103539
80.000000 370.000000 0.080504
90.000000 370.000000 0.067640
100.000000 370.000000 0.063183
110.000000 370.000000 0.063754
120.000000 370.000000 0.065664
130.000000 370.000000 0.065956
140.000000 370.000000 0.063253
150.000000 370.000000 0.057504
160.000000 370.000000 0.049458
170.000000 370.000000 0.040464
180.000000 370.000000 0.032843
190.000000 370.000000 0.032510
200.000000 370.000000 0.037965
210.000000 370.000000 0.042034
220.000000 370.000000 0.046097
230.000000 370.000000 0.051991
240.000000 370.000000 0.058178
250.000000 370.000000 0.063377
260.000000 370.000000 0.067656
270.000000 370.000000 0.070309
280.000000 370.000000 0.069707
290.000000 370.000000 0.064367
300.000000 370.000000 0.053750
310.000000 370.000000 0.038806
320.000000 370.000000 0.030544
330.000000 370.000000 0.036951
340.000000 370.000000 0.040832
350.000000 370.000000 0.042266
360.000000 370.000000 0.047007
370.000000 370.000000 0.050736
380.000000 370.000000 0.050119
390.000000 370.000000 0.056955
400.000000 370.000000 0.077612
410.000000 370.000000 0.094797
420.000000 370.000000 0.103831
430.000000 370.000000 0.113657
440.000000 370.000000 0.137067
450.000000 370.000000 0.182495
460.000000 370.000000 0.252101
470.000000 370.000000 0.341102
480.000000 370.000000 0.431123
490.000000 370.000000 0.490046
500.000000 370.000000 0.490046
0.000000 380.000000 0.639563
10.000000 380.000000 0.639563
20.000000 380.000000 0.567627
30.000000 380.000000 0.450546
40.000000 380.000000 0.330822
50.000000 380.000000 0.237990
60.000000 380.000000 0.172043
70.000000 380.000000 0.124294
80.000000 380.000000 0.090805
90.000000 380.000000 0.072129
100.000000 380.000000 0.066894
110.000000 380.000000 0.068512
120.000000 380.000000 0.070684
130.000000 380.000000 0.070039
140.000000 380.000000 0.065677
150.000000 380.000000 0.057990
160.000000 380.000000 0.048406
170.000000 380.000000 0.039422
180.000000 380.000000 0.033423
190.000000 380.000000 0.033870
200.000000 380.000000 0.038799
210.000000 380.000000 0.042979
220.000000 380.000000 0.047684
230.000000 380.000000 0.053446
240.000000 380.000000 0.058167
250.000000 380.000000 0.061640
260.000000 380.000000 0.064851
270.000000 380.000000 0.066373
280.000000 380.000000 0.063421
290.000000 380.000000 0.054011
300.000000 380.000000 0.036992
310.000000 380.000000 0.022105
320.000000 380.000000 0.017996
330.000000 380.000000 0.026352
340.000000 380.000000 0.036067
350.000000 380.000000 0.039805
360.000000 380.000000 0.044010
370.000000 380.000000 0.048416
380.000000 380.000000 0.050246
390.000000 380.000000 0.057880
400.000000 380.000000 0.076511
410.000000 380.000000 0.091516
420.000000 380.000000 0.101085
430.000000 380.000000 0.116960
440.000000 380.000000 0.156038
450.000000 380.000000 0.226817
460.000000 380.000000 0.325045
470.000000 380.000000 0.438018
480.000000 380.000000 0.541685
490.000000 380.000000 0.604914
500.000000 380.000000 0.604914
0.000000 390.000000 0.728247
10.000000 390.000000 0.728247
20.000000 390.000000 0.660313
30.000000 390.000000 0.544072
40.000000 390.000000 0.415869
50.000000 390.000000 0.305346
60.000000 390.000000 0.217584
70.000000 390.000000 0.149934
80.000000 390.000000 0.103100
90.000000 390.000000 0.077956
100.000000 390.000000 0.070966
110.000000 390.000000 0.072188
120.000000 390.000000 0.073303
130.000000 390.000000 0.070962
140.000000 390.000000 0.064827
150.000000 390.000000 0.055573
160.000000 390.000000 0.045029
170.000000 390.000000 0.036604
180.000000 390.000000 0.032684
190.000000 390.000000 0.034599
200.000000 390.000000 0.040134
210.000000 390.000000 0.045487
220.000000 390.000000 0.050846
230.000000 390.000000 0.055458
240.000000 390.000000 0.057569
250.000000 390.000000 0.058776
260.000000 390.000000 0.061079
270.000000 390.000000 0.061944
280.000000 390.000000 0.057748
290.000000 390.000000 0.046536
300.000000 390.000000 0.026357
310.000000 390.000000 0.017075
320.000000 390.000000 0.015185
330.000000 390.000000 0.020603
340.000000 390.000000 0.034188
350.000000 390.000000 0.038840
360.000000 390.000000 0.042046
370.000000 390.000000 0.048011
380.000000 390.000000 0.055096
390.000000 390.000000 0.064640
400.000000 390.000000 0.077798
410.000000 390.000000 0.088748
420.000000 390.000000 0.098460
430.000000 390.000000 0.120167
440.000000 390.000000 0.176649
450.000000 390.000000 0.277262
460.000000 390.000000 0.404488
470.000000 390.000000 0.535752
480.000000 390.000000 0.645071
490.000000 390.000000 0.707378
500.000000 390.000000 0.707378
0.000000 400.000000 0.807217
10.000000 400.000000 0.807217
20.000000 400.000000 0.750107
30.000000 400.000000 0.646657
40.000000 400.000000 0.519549
50.000000 400.000000 0.391764
60.000000 400.000000 0.275122
70.000000 400.000000 0.179569
80.000000 400.000000 0.118748
90.000000 400.000000 0.088051
100.000000 400.000000 0.078005
110.000000 400.000000 0.076597
120.000000 400.000000 0.075079
130.000000 400.000000 0.070507
140.000000 400.000000 0.062849
150.000000 400.000000 0.052741
160.000000 400.000000 0.041952
170.000000 400.000000 0.034094
180.000000 400.000000 0.031377
190.000000 400.000000 0.034284
200.000000 400.000000 0.040910
210.000000 400.000000 0.047829
220.000000 400.000000 0.053482
230.000000 400.000000 0.055978
240.000000 400.000000 0.054241
250.000000 400.000000 0.052829
260.000000 400.000000 0.055682
270.000000 400.000000 0.057294
280.000000 400.000000 0.053811
290.000000 400.000000 0.044754
300.000000 400.000000 0.031228
310.000000 400.000000 0.024334
320.000000 400.000000 0.021467
330.000000 400.000000 0.024503
340.000000 400.000000 0.035754
350.000000 400.000000 0.038596
360.000000 400.000000 0.040393
370.000000 400.000000 0.046641
380.000000 400.000000 0.056089
390.000000 400.000000 0.066775
400.000000 400.000000 0.078488
410.000000 400.000000 0.090554
420.000000 400.000000 0.104607
430.000000 400.000000 0.131973
440.000000 400.000000 0.204340
450.000000 400.000000 0.338857
460.000000 400.000000 0.492290
470.000000 400.000000 0.631918
480.000000 400.000000 0.737081
490.000000 400.000000 0.793264
500.000000 400.000000 0.793264
0.000000 410.000000 0.871076
10.000000 410.000000 0.871076
20.000000 410.000000 0.826750
30.000000 410.000000 0.741309
40.000000 410.000000 0.623617
50.000000 410.000000 0.485489
60.000000 410.000000 0.337530
70.000000 410.000000 0.201026
80.000000 410.000000 0.128130
90.000000 410.000000 0.096625
100.000000 410.000000 0.085745
110.000000 410.000000 0.082541
120.000000 410.000000 0.078383
130.000000 410.000000 0.071594
140.000000 410.000000 0.062536
150.000000 410.000000 0.051849
160.000000 410.000000 0.041431
170.000000 410.000000 0.034697
180.000000 410.000000 0.032941
190.000000 410.000000 0.035607
200.000000 410.000000 0.041495
210.000000 410.000000 0.048253
220.000000 410.000000 0.053210
230.000000 410.000000 0.052831
240.000000 410.000000 0.044458
250.000000 410.000000 0.038617
260.000000 410.000000 0.046153
270.000000 410.000000 0.050462
280.000000 410.000000 0.049205
290.000000 410.000000 0.044006
300.000000 410.000000 0.037634
310.000000 410.000000 0.033976
320.000000 410.000000 0.032690
330.000000 410.000000 0.034657
340.000000 410.000000 0.038227
350.000000 410.000000 0.038177
360.000000 410.000000 0.039057
370.000000 410.000000 0.045234
380.000000 410.000000 0.055634
390.000000 410.000000 0.068616
400.000000 410.000000 0.083609
410.000000 410.000000 0.102944
420.000000 410.000000 0.126544
430.000000 410.000000 0.156111
440.000000 410.000000 0.237231
450.000000 410.000000 0.411011
460.000000 410.000000 0.586359
470.000000 410.000000 0.722833
480.000000 410.000000 0.814938
490.000000 410.000000 0.861144
500.000000 410.000000 0.861144
0.000000 420.000000 0.918395
10.000000 420.000000 0.918395
20.000000 420.000000 0.886152
30.000000 420.000000 0.820316
40.000000 420.000000 0.720069
50.000000 420.000000 0.584879
60.000000 420.000000 0.410978
70.000000 420.000000 0.206764
80.000000 420.000000 0.123721
90.000000 420.000000 0.096833
100.000000 420.000000 0.093613
110.000000 420.000000 0.094196
120.000000 420.000000 0.088024
130.000000 420.000000 0.078133
140.000000 420.000000 0.066076
150.000000 420.000000 0.053156
160.000000 420.000000 0.042911
170.000000 420.000000 0.038329
180.000000 420.000000 0.038170
190.000000 420.000000 0.039729
200.000000 420.000000 0.042713
210.000000 420.000000 0.047052
220.000000 420.000000 0.050599
230.000000 420.000000 0.048286
240.000000 420.000000 0.033635
250.000000 420.000000 0.026188
260.000000 420.000000 0.034739
270.000000 420.000000 0.040340
280.000000 420.000000 0.040747
290.000000 420.000000 0.039857
300.000000 420.000000 0.036998
310.000000 420.000000 0.034803
320.000000 420.000000 0.033715
330.000000 420.000000 0.035183
340.000000 420.000000 0.036638
350.000000 420.000000 0.033792
360.000000 420.000000 0.034132
370.000000 420.000000 0.041694
380.000000 420.000000 0.055294
390.000000 420.000000 0.076938
400.000000 420.000000 0.102346
410.000000 420.000000 0.137333
420.000000 420.000000 0.183628
430.000000 420.000000 0.235297
440.000000 420.000000 0.333247
450.000000 420.000000 0.518931
460.000000 420.000000 0.686964
470.000000 420.000000 0.804094
480.000000 420.000000 0.876767
490.000000 420.000000 0.911431
500.000000 420.000000 0.911431
0.000000 430.000000 0.951090
10.000000 430.000000 0.951090
20.000000 430.000000 0.929234
30.000000 430.000000 0.882583
40.000000 430.000000 0.806477
50.000000 430.000000 0.695180
60.000000 430.000000 0.539842
70.000000 430.000000 0.325992
80.000000 430.000000 0.193870
90.000000 430.000000 0.124475
100.000000 430.000000 0.118616
110.000000 430.000000 0.126209
120.000000 430.000000 0.114099
130.000000 430.000000 0.096405
140.000000 430.000000 0.076000
150.000000 430.000000 0.055991
160.000000 430.000000 0.045882
170.000000 430.000000 0.044994
180.000000 430.000000 0.046562
190.000000 430.000000 0.045982
200.000000 430.000000 0.044277
210.000000 430.000000 0.044526
220.000000 430.000000 0.046763
230.000000 430.000000 0.045699
240.000000 430.000000 0.035895
250.000000 430.000000 0.028238
260.000000 430.000000 0.031573
270.000000 430.000000 0.027308
280.000000 430.000000 0.027156
290.000000 430.000000 0.034225
300.000000 430.000000 0.034781
310.000000 430.000000 0.032793
320.000000 430.000000 0.029250
330.000000 430.000000 0.030825
340.000000 430.000000 0.034121
350.000000 430.000000 0.026593
360.000000 430.000000 0.025914
370.000000 430.000000 0.033594
380.000000 430.000000 0.052694
390.000000 430.000000 0.098822
400.000000 430.000000 0.146026
410.000000 430.000000 0.206250
420.000000 430.000000 0.288807
430.000000 430.000000 0.389900
440.000000 430.000000 0.513414
450.000000 430.000000 0.661928
460.000000 430.000000 0.785913
470.000000 430.000000 0.871097
480.000000 430.000000 0.922446
490.000000 430.000000 0.946276
500.000000 430.000000 0.946276
0.000000 440.000000 0.972223
10.000000 440.000000 0.972223
20.000000 440.000000 0.958424
30.000000 440.000000 0.927984
40.000000 440.000000 0.875978
50.000000 440.000000 0.796536
60.000000 440.000000 0.684406
70.000000 440.000000 0.540767
80.000000 440.000000 0.389798
90.000000 440.000000 0.254804
100.000000 440.000000 0.223027
110.000000 440.000000 0.201408
120.000000 440.000000 0.169199
130.000000 440.000000 0.134193
140.000000 440.000000 0.094595
150.000000 440.000000 0.055365
160.000000 440.000000 0.048647
170.000000 440.000000 0.055562
180.000000 440.000000 0.057372
190.000000 440.000000 0.052842
200.000000 440.000000 0.045263
210.000000 440.000000 0.040843
220.000000 440.000000 0.041877
230.000000 440.000000 0.041953
240.000000 440.000000 0.035095
250.000000 440.000000 0.029081
260.000000 440.000000 0.029131
270.000000 440.000000 0.021898
280.000000 440.000000 0.022847
290.000000 440.000000 0.034502
300.000000 440.000000 0.037515
310.000000 440.000000 0.034224
320.000000 440.000000 0.024064
330.000000 440.000000 0.026891
340.000000 440.000000 0.041043
350.000000 440.000000 0.040379
360.000000 440.000000 0.042180
370.000000 440.000000 0.044762
380.000000 440.000000 0.066085
390.000000 440.000000 0.142318
400.000000 440.000000 0.222278
410.000000 440.000000 0.310816
420.000000 440.000000 0.419505
430.000000 440.000000 0.541993
440.000000 440.000000 0.664688
450.000000 440.000000 0.776857
460.000000 440.000000 0.862708
470.000000 440.000000 0.919998
480.000000 440.000000 0.953646
490.000000 440.000000 0.968927
500.000000 440.000000 0.968927
0.000000 450.000000 0.985006
10.000000 450.000000 0.985006
20.000000 450.000000 0.976833
30.000000 450.000000 0.958307
40.000000 450.000000 0.925423
50.000000 450.000000 0.873124
60.000000 450.000000 0.796758
70.000000 450.000000 0.695625
80.000000 450.000000 0.578994
90.000000 450.000000 0.464063
100.000000 450.000000 0.381171
110.000000 450.000000 0.315860
120.000000 450.000000 0.256075
130.000000 450.000000 0.196653
140.000000 450.000000 0.128695
150.000000 450.000000 0.068533
160.000000 450.000000 0.059483
170.000000 450.000000 0.070911
180.000000 450.000000 0.069419
190.000000 450.000000 0.060043
200.000000 450.000000 0.047663
210.000000 450.000000 0.039999
220.000000 450.000000 0.039821
230.000000 450.000000 0.039153
240.000000 450.000000 0.027144
250.000000 450.000000 0.020961
260.000000 450.000000 0.026847
270.000000 450.000000 0.028961
280.000000 450.000000 0.033302
290.000000 450.000000 0.042321
300.000000 450.000000 0.046314
310.000000 450.000000 0.044974
320.000000 450.000000 0.036580
330.000000 450.000000 0.042949
340.000000 450.000000 0.065739
350.000000 450.000000 0.083817
360.000000 450.000000 0.098569
370.000000 450.000000 0.095551
380.000000 450.000000 0.104668
390.000000 450.000000 0.201383
400.000000 450.000000 0.331606
410.000000 450.000000 0.445008
420.000000 450.000000 0.561859
430.000000 450.000000 0.677548
440.000000 450.000000 0.779170
450.000000 450.000000 0.859563
460.000000 450.000000 0.916478
470.000000 450.000000 0.952887
480.000000 450.000000 0.973629
490.000000 450.000000 0.982851
500.000000 450.000000 0.982851
0.000000 460.000000 0.992271
10.000000 460.000000 0.992271
20.000000 460.000000 0.987695
30.000000 460.000000 0.977068
40.000000 460.000000 0.957536
50.000000 460.000000 0.925175
60.000000 460.000000 0.875747
70.000000 460.000000 0.806507
80.000000 460.000000 0.719432
90.000000 460.000000 0.623176
100.000000 460.000000 0.531915
110.000000 460.000000 0.447059
120.000000 460.000000 0.364620
130.000000 460.000000 0.282482
140.000000 460.000000 0.200630
150.000000 460.000000 0.125718
160.000000 460.000000 0.100195
170.000000 460.000000 0.092008
180.000000 460.000000 0.082083
190.000000 460.000000 0.069179
200.000000 460.000000 0.055674
210.000000 460.000000 0.047280
220.000000 460.000000 0.045929
230.000000 460.000000 0.044471
240.000000 460.000000 0.032910
250.000000 460.000000 0.025136
260.000000 460.000000 0.029740
270.000000 460.000000 0.034886
280.000000 460.000000 0.041385
290.000000 460.000000 0.049983
300.000000 460.000000 0.057314
310.000000 460.000000 0.062333
320.000000 460.000000 0.066965
330.000000 460.000000 0.079798
340.000000 460.000000 0.104731
350.000000 460.000000 0.138601
360.000000 460.000000 0.173711
370.000000 460.000000 0.185406
380.000000 460.000000 0.196110
390.000000 460.000000 0.316371
400.000000 460.000000 0.472855
410.000000 460.000000 0.591166
420.000000 460.000000 0.696765
430.000000 460.000000 0.789296
440.000000 460.000000 0.862918
450.000000 460.000000 0.916293
460.000000 460.000000 0.951856
470.000000 460.000000 0.973676
480.000000 460.000000 0.985728
490.000000 460.000000 0.990975
500.000000 460.000000 0.990975
0.000000 470.000000 0.996156
10.000000 470.000000 0.996156
20.000000 470.000000 0.993707
30.000000 470.000000 0.987890
40.000000 470.000000 0.976851
50.000000 470.000000 0.957825
60.000000 470.000000 0.927395
70.000000 470.000000 0.882273
80.000000 470.000000 0.820997
90.000000 470.000000 0.745777
100.000000 470.000000 0.662061
110.000000 470.000000 0.572101
120.000000 470.000000 0.475495
130.000000 470.000000 0.373394
140.000000 470.000000 0.271884
150.000000 470.000000 0.187304
160.000000 470.000000 0.138283
170.000000 470.000000 0.111989
180.000000 470.000000 0.095414
190.000000 470.000000 0.081323
200.000000 470.000000 0.068986
210.000000 470.000000 0.061239
220.000000 470.000000 0.058425
230.000000 470.000000 0.056222
240.000000 470.000000 0.049622
250.000000 470.000000 0.041420
260.000000 470.000000 0.038847
270.000000 470.000000 0.041704
280.000000 470.000000 0.048111
290.000000 470.000000 0.058231
300.000000 470.000000 0.069754
310.000000 470.000000 0.081374
320.000000 470.000000 0.094898
330.000000 470.000000 0.116147
340.000000 470.000000 0.151572
350.000000 470.000000 0.205000
360.000000 470.000000 0.271488
370.000000 470.000000 0.338160
380.000000 470.000000 0.407954
390.000000 470.000000 0.513836
400.000000 470.000000 0.625343
410.000000 470.000000 0.722422
420.000000 470.000000 0.804799
430.000000 470.000000 0.870821
440.000000 470.000000 0.919462
450.000000 470.000000 0.952572
460.000000 470.000000 0.973574
470.000000 470.000000 0.985973
480.000000 470.000000 0.992618
490.000000 470.000000 0.995452
500.000000 470.000000 0.995452
0.000000 480.000000 0.998079
10.000000 480.000000 0.998079
20.000000 480.000000 0.996770
30.000000 480.000000 0.993596
40.000000 480.000000 0.987385
50.000000 480.000000 0.976264
60.000000 480.000000 0.957647
70.000000 480.000000 0.928459
80.000000 480.000000 0.885883
90.000000 480.000000 0.828471
100.000000 480.000000 0.756469
110.000000 480.000000 0.670020
120.000000 480.000000 0.569099
130.000000 480.000000 0.455571
140.000000 480.000000 0.337810
150.000000 480.000000 0.237591
160.000000 480.000000 0.173068
170.000000 480.000000 0.135137
180.000000 480.000000 0.112864
190.000000 480.000000 0.096931
200.000000 480.000000 0.084547
210.000000 480.000000 0.076427
220.000000 480.000000 0.071746
230.000000 480.000000 0.068008
240.000000 480.000000 0.062610
250.000000 480.000000 0.055891
260.000000 480.000000 0.052138
270.000000 480.000000 0.053066
280.000000 480.000000 0.058366
290.000000 480.000000 0.069077
300.000000 480.000000 0.083586
310.000000 480.000000 0.100640
320.000000 480.000000 0.121588
330.000000 480.000000 0.151591
340.000000 480.000000 0.198594
350.000000 480.000000 0.269426
360.000000 480.000000 0.359895
370.000000 480.000000 0.455550
380.000000 480.000000 0.550564
390.000000 480.000000 0.647645
400.000000 480.000000 0.738351
410.000000 480.000000 0.815200
420.000000 480.000000 0.876329
430.000000 480.000000 0.921754
440.000000 480.000000 0.953111
450.000000 480.000000 0.973341
460.000000 480.000000 0.985611
470.000000 480.000000 0.992585
480.000000 480.000000 0.996210
490.000000 480.000000 0.997724
500.000000 480.000000 0.997724
0.000000 490.000000 0.998857
10.000000 490.000000 0.998857
20.000000 490.000000 0.998036
30.000000 490.000000 0.996010
40.000000 490.000000 0.991942
50.000000 490.000000 0.984428
60.000000 490.000000 0.971368
70.000000 490.000000 0.949969
80.000000 490.000000 0.917035
90.000000 490.000000 0.869665
100.000000 490.000000 0.805843
110.000000 490.000000 0.724336
120.000000 490.000000 0.624916
130.000000 490.000000 0.509610
140.000000 490.000000 0.387017
150.000000 490.000000 0.278991
160.000000 490.000000 0.205103
170.000000 490.000000 0.158247
180.000000 490.000000 0.129878
190.000000 490.000000 0.110322
200.000000 490.000000 0.096022
210.000000 490.000000 0.086492
220.000000 490.000000 0.080170
230.000000 490.000000 0.075240
240.000000 490.000000 0.070337
250.000000 490.000000 0.065421
260.000000 490.000000 0.062457
270.000000 490.000000 0.062858
280.000000 490.000000 0.067576
290.000000 490.000000 0.078135
300.000000 490.000000 0.093868
310.000000 490.000000 0.113974
320.000000 490.000000 0.139643
330.000000 490.000000 0.175792
340.000000 490.000000 0.230698
350.000000 490.000000 0.311726
360.000000 490.000000 0.414147
370.000000 490.000000 0.521320
380.000000 490.000000 0.623040
390.000000 490.000000 0.716222
400.000000 490.000000 0.796855
410.000000 490.000000 0.861937
420.000000 490.000000 0.911059
430.000000 490.000000 0.945674
440.000000 490.000000 0.968476
450.000000 490.000000 0.982602
460.000000 490.000000 0.990865
470.000000 490.000000 0.995413
480.000000 490.000000 0.997714
490.000000 490.000000 0.998657
500.000000 490.000000 0.998657
0.000000 500.000000 0.998857
10.000000 500.000000 0.998857
20.000000 500.000000 0.998036
30.000000 500.000000 0.996010
40.000000 500.000000 0.991942
50.000000 500.000000 0.984428
60.000000 500.000000 0.971368
70.000000 500.000000 0.949969
80.000000 500.000000 0.917035
90.000000 500.000000 0.869665
100.000000 500.000000 0.805843
110.000000 500.000000 0.724336
120.000000 500.000000 0.624916
130.000000 500.000000 0.509610
140.000000 500.000000 0.387017
150.000000 500.000000 0.278991
160.000000 500.000000 0.205103
170.000000 500.000000 0.158247
180.000000 500.000000 0.129878
190.000000 500.000000 0.110322
200.000000 500.000000 0.096022
210.000000 500.000000 0.086492
220.000000 500.000000 0.080170
230.000000 500.000000 0.075240
240.000000 500.000000 0.070337
250.000000 500.000000 0.065421
260.000000 500.000000 0.062457
270.000000 500.000000 0.062858
280.000000 500.000000 0.067576
290.000000 500.000000 0.078135
300.000000 500.000000 0.093868
310.000000 500.000000 0.113974
320.000000 500.000000 0.139643
330.000000 500.000000 0.175792
340.000000 500.000000 0.230698
350.000000 500.000000 0.311726
360.000000 500.000000 0.414147
370.000000 500.000000 0.521320
380.000000 500.000000 0.623040
390.000000 500.000000 0.716222
400.000000 500.000000 0.796855
410.000000 500.000000 0.861937
420.000000 500.000000 0.911059
430.000000 500.000000 0.945674
440.000000 500.000000 0.968476
450.000000 500.000000 0.982602
460.000000 500.000000 0.990865
470.000000 500.000000 0.995413
480.000000 500.000000 0.997714
490.000000 500.000000 0.998657
500.000000 500.000000 0.998657
