0.032241908322859746 10280.434204945206 1 0 4266.257216691749
0.057767165045591956 9376.447328452787 2 50 1936.801282027707
0.04811273137439201 9776.311259757098 3 68 958.2643052526397
0.04632643602779122 10051.63658360949 4 82 777.430455645833
0.05952385709683108 9904.04510088733 5 118 1500.456181155964
0.04365818766015911 10376.591883960178 6 122 1420.9475318858558
0.04664770257842416 10598.94763055594 7 128 1692.601958265579
0.06307286868962284 9670.642674331159 8 132 1933.3559248121464
0.051603474570771336 9759.23754149819 9 135 792.7282422355016
0.044692770897162434 10668.583323182478 10 136 1907.3050110812642
0.062333753339989015 9677.412590821086 11 167 1850.179372686784
0.06250902579201441 9563.156800191675 12 173 1959.0529433256174
0.059941325342217154 9858.340006776993 13 204 1537.5769443938161
0.04862291049012893 9580.026881757798 14 210 1444.5987958522205
0.047155449357518746 10323.049986434327 15 216 983.2134295015967
0.054376753931101085 10078.359338094677 16 219 938.3816715467169
0.05306076076984761 10387.482605890878 17 237 1491.8676605644166
0.05867824448840353 10146.933667347268 18 238 1672.3151459322537
0.05304499440681756 10390.364663935285 19 276 1498.0700582072034
0.059088967094870465 9883.946390187157 20 287 1433.5342374434097
0.054141984224677586 9610.140613352234 21 304 1223.7158176685882
0.04958328868801522 9373.385899261248 22 312 1976.0582949211032
0.053820045196182595 10264.03170181076 23 314 1256.3851212262343
0.05564617336620345 10459.503451039382 24 318 1991.7805566612885
0.05334275242693012 9626.87286017513 25 331 1156.1173199913453
0.04933613729348098 10573.450775953695 26 340 1705.6257428965143
0.05505985423609569 9901.571182658497 27 349 890.0127602488968
0.05115863954988407 10119.857286689132 28 353 590.4802061964722
0.049352211629160744 9987.6022692513 29 371 398.02910647200406
0.057704702792129504 9561.557703509792 30 387 1540.20723452111
0.0584873468255873 9916.977390020866 31 408 1366.864816575661
0.0472766846087746 9478.675420105144 32 426 1869.7100652090724
0.057390212182570774 9812.85997045265 33 437 1211.9082020742203
0.05328068464589498 10549.164560741576 34 447 1972.4324537051302
0.050516947994798445 9408.451162412366 35 455 1818.4582138477526
0.05622453365130643 9364.639668905224 36 456 1907.6196962119236
0.0594436306694916 9602.20663536549 37 490 1623.5115108069406
0.050154453828630215 10460.362800251743 38 494 1428.0679677541195
0.04814192183560738 9955.533082084332 39 516 568.1869090582032
0.05737282329454013 9844.971610506473 40 540 1201.5971777430957
0.0590049073083857 9864.761687247052 41 541 1416.8463308205437
0.05391134590033999 9568.36943342551 42 569 1319.2621526665394
0.055348570487281444 9928.666838290235 43 573 933.6984495726226
0.05054710565071675 10486.307669896021 44 603 1532.9675308379346
0.05009059220469175 10110.99414680798 45 613 488.66243138081046
0.059660076281223905 9485.62853684658 46 640 1823.6713650113238
0.04248087234862232 10177.18071543219 47 647 1515.7385935378577
0.05011094396917695 10632.509740245378 48 691 1930.320165837692
0.053280521057039794 9911.75624910728 49 711 657.6362592708292
0.05233618781631217 10242.638682818251 50 728 1019.272597765665
0.051223090809075764 10167.357804809693 51 733 706.3311310037592
0.054093267466530634 10296.797924620614 52 750 1373.7741488226452
0.04874690629723535 10055.477748882851 53 752 434.5045500198083
0.04205970016497841 10436.807665005133 54 759 1743.3027447986915
0.04938305008894787 9819.607708331727 55 777 716.0886602167998
0.048610475700432594 10113.827763206986 56 781 499.0153611550595
0.05244795332323788 10071.080929787975 57 788 652.1057533409198
0.050002787804985564 9693.914219642445 58 793 1014.1585938693667
0.052180430479315316 9737.131876096766 59 802 855.0647339969825
0.04943505661014311 9828.88901300028 60 822 688.4251422535693
0.04947503138096249 10609.91856881662 61 824 1820.8941140454929
0.06120263255115955 9829.93114956715 62 825 1691.3727208081873
0.053704172971762124 10205.22660023048 63 864 1098.9065971268976
0.054496992686544586 9977.299629799676 64 868 836.2455814022259
0.053082338658891046 9887.59473796325 65 876 649.0684900286828
0.060144769060199416 10135.65358788665 66 884 1852.6483084992
0.054566107835205435 10077.91933184724 67 906 965.4218314415605
0.06079159659802301 10051.42412718068 68 908 1812.2573292868258
0.04302094889519156 10376.616663348535 69 921 1518.128030075622
0.05466476039810555 9439.739044293048 70 923 1671.9701791149091
0.04969203488481818 10530.07957434735 71 933 1600.5466311711502
0.05477079843717003 9675.337552799714 72 937 1113.5499185104927
0.05233332122001901 10286.88424843485 73 940 1135.5843103527955
0.06251411408470346 9627.310239046072 74 942 1901.3854947918553
0.05294814837278555 10267.206745864572 75 943 1155.6462638819146
0.04667695828339594 10571.065229005519 76 945 1617.8344316765983
0.053580590995314856 10475.440648474432 77 951 1795.265906559231
0.06068229815631564 9576.63023547513 78 964 1771.6601842372766
0.05230237019010068 10382.339672653288 79 966 1394.7893001582229
0.043241252338312636 10459.960950644287 80 972 1598.330745447812
0.048111459556434345 10623.200716748739 81 991 1790.5103300540316
0.0502313910423814 9574.890296533014 82 1009 1343.2413959431399
0.05260751974907768 9406.083264040424 83 1018 1759.6155331590116
0.05407567894811285 10323.18265661915 84 1019 1439.4268986061077
0.04931272267095965 10124.707449864054 85 1023 496.4192419053802
0.04091145495449748 10251.865492581544 86 1025 1861.7436413047487
0.05504121257244552 9542.345200858083 87 1036 1422.4060299931016
0.04227388501477576 10450.557007219262 88 1044 1724.9350910909397
0.05232772434205979 10401.25770322551 89 1045 1450.711916887563
0.05989877559779513 9591.347665485502 90 1056 1680.0491296303933
0.045712321151611224 10130.680781482626 91 1066 878.9519143171392
0.051054254074987454 9555.209187495522 92 1087 1364.1950520782636
0.05649457239889815 9879.580367624663 93 1095 1083.5940898156848
0.06098904468512907 10081.690720988194 94 1100 1880.8494942100567
0.052117157538930016 9799.43550395092 95 1120 710.7703328882067
0.04496219889055418 10399.295410094577 96 1124 1297.8977093416474
0.05011107632800327 9401.226471692169 97 1126 1861.332433890619
0.05498841984777793 10210.154262726253 98 1141 1284.3006384970065
0.04447470987617484 9900.012271597288 99 1168 1312.7285714552597
0.04939294454478687 10647.516773960237 100 1173 1926.2680264911828
0.048891337994623786 10429.379813225374 101 1180 1267.3787519465243
0.0599379834236993 9826.007547039297 102 1183 1531.875368794638
0.04638307602381232 9853.860401925973 103 1184 1034.787636180933
0.056673467204734713 9827.846708632349 104 1196 1116.502540496439
0.04510238415916348 10074.435463981887 105 1208 997.9960945911323
0.04568529337761575 9543.006994339221 106 1224 1895.4113804696717
0.04345232606447256 10389.505692765344 107 1234 1467.8035242582964
0.045142607136107606 10303.905977365452 108 1235 1120.2430216375215
0.041327235468440096 10354.016389418519 109 1252 1806.5360726305214
0.053047148443079395 9450.255810200386 110 1256 1629.3299005050262
0.04378578769368656 9711.038475942943 111 1258 1809.245189015981
0.05319564696917782 10170.25821218193 112 1262 950.8860381666873
0.05685860033549611 9856.194394003413 113 1283 1133.08806887518
0.051892492542392754 10428.299513237713 114 1301 1483.4902421115216
0.04606307861746169 9824.086303947997 115 1305 1151.6494766660903
0.05417294226252471 10393.554457687109 116 1309 1637.6704799589975
0.05537975195092798 10249.702741881096 117 1313 1427.61496998032
0.05554348507432419 10183.206631447094 118 1329 1303.1706874626805
0.04167005592950919 10003.43158309407 119 1331 1800.620410579561
0.05291874625271008 9927.696581859496 120 1339 608.8268493803305
0.059717985600134034 9987.86009920019 121 1351 1591.6945320057043
0.04804842001300045 10293.92280694121 122 1371 889.0543460225213
0.053335026404603546 10406.47970283029 123 1376 1575.3609580075859
0.045150028361595256 10542.764078691745 124 1378 1586.6233575308684
0.050878450532558 9827.974788640766 125 1416 626.1906938461257
0.04387406244305356 10336.454464657547 126 1425 1338.8811337942661
0.05848336924458082 10083.45699442817 127 1430 1540.8327850632515
0.05104553724125207 9577.408253834663 128 1455 1300.3258924544073
0.052719165741682235 9763.74488109886 129 1461 812.4154680001601
0.048233329810074846 9965.854499785395 130 1463 541.0295209374151
0.0491442800986785 9816.02269601992 131 1479 745.8047909816274
0.04583061314855089 10202.142848264117 132 1492 903.652459526922
0.045407269677279885 9554.610608293142 133 1507 1905.7642681155037
0.04826989832174624 9734.141225132968 134 1519 1050.5359132613064
0.053944254962359085 9850.078315034505 135 1528 774.9477808320262
0.06080807140773036 9866.954115387032 136 1529 1652.1604394498024
0.04948563046679348 9686.371999217685 137 1551 1069.641905844916
0.04814815865020338 10103.928794273566 138 1560 522.563227727981
0.044511557693338734 10644.14921599115 139 1580 1856.259102930464
0.04317550279396876 10571.416367212327 140 1588 1799.4469487073386
0.05095919849588039 9402.45804774208 141 1593 1816.1216090172509
0.04982491587518428 9974.015495259073 142 1595 385.22068470160815
0.053403630295723106 9708.288639048591 143 1622 965.2678304168206
0.049524934125687044 10562.724830077153 144 1627 1685.6042443940098
0.051583818216996966 10013.37571914694 145 1636 470.40510578648036
0.044702243481844386 10477.598884658324 146 1658 1473.7904947105428
0.040950713982308214 10037.669848786985 147 1682 1940.3652428180228
0.058264554121137624 9435.93830230826 148 1683 1828.2070812580478
0.05805484808561214 10160.73305204572 149 1706 1610.9957274882283
0.051366897126267144 10425.325283480512 150 1714 1425.0583482453042
0.052475936475231515 10401.257124886954 151 1722 1466.3284631341824
0.04908449677155689 10308.81678663146 152 1729 938.9002257047978
0.04780015891023302 10267.97897451078 153 1742 833.1386840167372
0.05569869136515445 10418.695258172682 154 1745 1889.9506679881501
0.04351252145370742 10237.430454175137 155 1766 1317.5530934953656
0.04708713965814495 10238.15843286984 156 1789 811.4775048108197
0.04629034997407556 9640.664721777574 157 1842 1553.074003326274
0.058644986362821075 9543.96812005996 158 1845 1643.7054770738705
0.05363426126777536 10073.853478575376 159 1850 823.026034598135
0.04804193506847075 10566.90265677057 160 1856 1627.407320018916
0.04751158835421288 10041.269577178466 161 1863 583.9018289106575
0.05160647134221423 10352.481755186382 162 1864 1239.8755524796918
0.04546599816692984 10705.778574241738 163 1868 1982.4185646201233
0.050027151333187504 10024.216391053522 164 1881 371.9837129398033
0.05221883624087071 10569.037536454425 165 1890 1922.5839249405726
0.04872822482096674 10297.65858069828 166 1898 900.0866950807559
0.05575591053305697 9339.991186224921 167 1907 1960.2380128320385
0.047358608391910556 9968.579761071449 168 1915 670.0723675099639
0.058947068291580015 9699.296126565967 169 1950 1465.8732504511884
0.048336112752506336 9563.29430367772 170 1955 1519.2757075790857
0.0532292088216588 10173.688088530107 171 1957 963.0957091794664
0.054463325265902085 10119.744511918114 172 1966 1023.2923727292094
0.046562219719554473 10147.86045109589 173 1970 752.0276290592539
0.05121307525358193 9655.997468678883 174 1976 1071.992338555466
0.05426972596145337 10187.957062066289 175 1977 1136.1596938376224
0.059534655199067456 10059.918344460688 176 1978 1653.1281726231994
0.05578111511815552 10163.016256204697 177 1981 1295.51997621891
0.04691088477220485 10658.641439988029 178 1989 1858.1264634505146
0.04214859137886612 10440.837952797632 179 2010 1733.296059791219
0.049535919318660575 9679.470150620014 180 2042 1085.4918503311708
0.05494724909838101 9801.767076579203 181 2057 931.4585689899135
0.04820587839741238 10439.889266466587 182 2065 1275.4676605488432
0.042479816816414655 10591.346153606093 183 2066 1911.7671290141225
0.04368965479683039 10028.437934307869 184 2073 1320.8568779855846
0.043056227736906316 9886.681141484143 185 2089 1632.7600735752935
0.047585568752788354 9500.487530341414 186 2092 1774.3811184399533
0.057530772009864034 10355.315260665006 187 2102 1961.3820615389334
0.055445292828561865 10337.849863592883 188 2105 1650.0450666732838
0.05572706721722351 10356.42809527751 189 2106 1732.8780137341225
0.05205779336741548 9504.379098710746 190 2111 1485.1500656910332
0.04223436954997245 10445.964820838439 191 2123 1725.557846802211
0.048851778751208524 10120.489570997817 192 2125 497.61703155766907
0.04329607738498683 10442.769228855284 193 2134 1564.8222506708414
0.04292668905125295 10463.000205333006 194 2139 1645.183192174415
0.04573037491897058 9785.053548870512 195 2158 1293.352741043699
0.04510094040055721 10134.618475180172 196 2164 988.9972945335724
0.04906379915493976 10652.211135501027 197 2166 1920.4190611817696
0.0510030128890009 10405.247561657887 198 2169 1334.8505559381745
0.0505145932160047 9788.977718162501 199 2170 730.7457027927055
0.049522679708591796 10196.415583733957 200 2171 659.4026898455937
0.061946303542806946 9918.915952390922 201 2172 1827.3582220266078
0.05473553346946401 10297.936502153698 202 2190 1458.7865350262334
0.058499927765853305 9874.933779857984 203 2192 1352.2833676688995
0.0590853330591206 9690.956454130945 204 2221 1488.1900135872713
0.04809441528897271 10401.672810791406 205 2226 1168.9983823921077
0.05602879754972399 10322.637178941604 206 2241 1687.615471080517
0.06036888323671401 10066.927298434843 207 2244 1776.6304223670002
0.05593155840984765 10334.507072198961 208 2246 1704.2197285368388
0.054342219359625764 10388.678680991403 209 2253 1644.8788243700612
0.05194201327890393 9644.329096827401 210 2256 1093.9915357318685
0.04745442594999961 10523.870598197256 211 2257 1494.0824441244467
0.05125176871478126 10459.904675165255 212 2261 1514.744666892704
0.04326174654637611 10577.176709335092 213 2274 1801.8772157176493
0.04384741835836694 10564.402477522219 214 2283 1722.8979672822368
0.04044517057732096 10134.577265661645 215 2284 1997.43921205583
0.05753525016074465 10131.300990808615 216 2296 1485.1378909035918
0.05846515256861306 10142.320779646721 217 2307 1634.689456254866
0.05689397066439942 9824.043749361292 218 2310 1145.6429399661563
0.05852492929015247 10182.76461044722 219 2322 1717.2103603871535
0.060244565178543825 9831.425386578843 220 2327 1571.1797440687662
0.05716042730343223 9828.788390203124 221 2338 1177.687467122931
0.05170514258941531 9610.134484777538 222 2355 1190.8463832118177
0.04342892071133932 10051.408535556258 223 2368 1359.2157860486868
0.04629173330583082 10137.930944059837 224 2390 786.2569660074687
0.05145373746477686 9999.79321811034 225 2397 447.89814559709026
0.045629696176119665 10646.217371441313 226 2402 1825.287665312917
0.06292274601542175 9736.143594080066 227 2424 1895.5698538626566
0.044224528848942096 9647.713342505655 228 2434 1869.8052248589506
0.06334037637529584 9771.085706004476 229 2451 1941.6850969209086
0.047251201492247735 10510.836958826869 230 2491 1456.9313017608738
0.044588886875987194 9603.860641907724 231 2500 1911.3702956992838
0.04990865929510666 10281.992052855263 232 2524 903.463622455044
0.053897443601311476 9482.841992426565 233 2536 1543.5365083830147
0.047098170942640974 9763.142308031483 234 2542 1126.4729741334002
0.04349711787480741 9932.532938384764 235 2571 1470.4256795469844
0.05721469127134469 10259.28579142785 236 2598 1697.023936978994
0.05178454807559157 10179.803426772596 237 2604 797.1937335255988
0.05536719404959122 10432.86018688203 238 2616 1886.9053017028252
0.04766175679336057 9653.128912017168 239 2630 1339.6315497892406
0.05439444413797489 10356.849828746967 240 2633 1566.805494917176
0.061800922198281795 9920.106197306126 241 2637 1809.5617002607607
0.06130297253393181 10108.54281646904 242 2645 1962.8633782048971
0.05138216947457021 10436.836083127886 243 2650 1459.668290915742
0.054570729125951824 9905.381338213887 244 2677 824.2362131588742
0.04229112547335874 10375.036124810804 245 2683 1639.8446432282997
0.04167706979742368 10386.50777596463 246 2694 1761.7504779447263
0.058746449760370634 10234.841616670525 247 2730 1850.6991504726664
0.058663984240651404 9778.940470271647 248 2741 1381.6091431354992
0.05216323151198919 9928.167057110228 249 2751 525.0416998210375
0.04890148810759191 9915.536288741161 250 2767 541.8476299502469
0.05285941435199147 9967.654868065832 251 2771 602.1899962819246
0.04765494402603312 9940.797393359511 252 2780 663.1451637658944
0.0462988535237197 9986.59925755901 253 2795 834.3840858288667
0.05247375310740407 9794.321383996607 254 2799 737.0796246062314
0.047318207238989565 10327.698209939246 255 2807 987.7407828544173
0.04264763829424141 9881.214428383077 256 2810 1730.856042088115
0.04716228798128457 10603.915097107869 257 2824 1710.5111229039073
0.048656873967817996 9855.511120320569 258 2831 698.5754086770719
0.05791250901040071 9749.499379424775 259 2845 1310.0744305611172
0.0595294681935704 10031.921301424241 260 2867 1615.6650846529042
0.04813489497059874 9785.59281697406 261 2873 931.8766510822455
0.05620993929946765 9584.216180917849 262 2878 1391.3522438794964
0.05853573313779789 9944.098363172481 263 2891 1390.474070993784
0.05410448721738682 9590.806226814118 264 2930 1269.1493482898502
0.04091476869324034 10210.800546362238 265 2943 1862.17193999797
0.04469704749243232 10352.334327721326 266 2945 1247.5443928317209
0.04818227910491332 10639.432970786052 267 2959 1839.94481302671
0.057695066048662945 9659.038059414046 268 2985 1383.1908444950611
0.04776512811514948 10090.743740354961 269 2991 554.0251066832997
0.05034978261760395 9494.670678846913 270 2992 1572.0001732215949
0.06050127622787335 9800.099008013847 271 3002 1601.9405063282497
0.05036481695870705 9578.41522118411 272 3018 1326.06545912822
0.05727237901894275 10324.508378060349 273 3022 1854.303174737261
0.05860485573689804 9908.931054290679 274 3038 1378.8234755956987
0.04866084814124094 10218.254769398249 275 3039 700.5870139577149
0.05410774808232669 9715.546478113807 276 3041 990.4070299001759
0.04883869729899233 10123.085960885686 277 3044 502.3036548796922
0.05192057006717188 10488.08849280948 278 3066 1658.478540773901
0.05663417627029078 9848.593036647233 279 3067 1105.132842541786
0.05766759993575587 10073.483367191939 280 3084 1410.416535666184
0.046031733255865515 9913.697470508223 281 3098 986.887370067532
0.04741778275567472 10535.346895778624 282 3102 1525.1054482451555
0.05535266825544315 9886.133479987411 283 3109 930.3608960914645
0.04567923165250527 10483.89821456042 284 3128 1423.0749372380817
0.051736918742046195 9387.549122601622 285 3131 1832.650772851855
0.056806950128442404 9894.898488663828 286 3143 1127.724944263594
0.042553996120148936 10463.171868112116 287 3152 1698.667009577466
0.056367330174714944 10182.637735315937 288 3157 1417.554738021973
0.04325690350320172 10121.588950213765 289 3171 1359.7935860399496
0.058713207202456666 9790.95556039053 290 3191 1383.2012632552598
0.050822081657627666 9395.966609450907 291 3195 1841.2493619163322
0.05738757595043742 9489.108265297751 292 3209 1662.8711800522096
0.05425967439116919 9830.669684346512 293 3211 827.801716296858
0.04419473643328684 9737.446326045454 294 3231 1674.95843239671
0.05696536508466881 9477.693762043331 295 3247 1664.0998857329243
0.056044082568342535 10345.593731105442 296 3248 1746.2283250811504
0.04833143621583528 10620.536744598852 297 3252 1791.6910718950373
0.048557778840507056 10467.21489825704 298 3262 1361.9923049357524
0.0532181789413335 9677.341953246125 299 3266 1028.6706437770936
0.04787281333556158 9455.978551126344 300 3267 1872.4703839426718
0.06302472132218798 9810.858222222552 301 3300 1909.9793668337197
0.04638903521825797 10420.102431880225 302 3306 1241.1418369457692
0.06146376206923407 9987.940797899177 303 3326 1825.8609365914915
0.05316506912597029 9415.951797040225 304 3334 1726.0272128819133
0.04214512314542743 10536.985541566863 305 3347 1864.2889631501296
0.05142353424394586 9366.728665832406 306 3368 1904.1726168005473
0.05204396121729701 10600.973336816038 307 3373 1999.331426912202
0.042037221861692405 10119.738171181974 308 3376 1629.7855629818844
0.04743710509447459 9706.336754471744 309 3444 1224.8361831941313
0.04574160729318338 9788.07629419055 310 3457 1284.779992180395
0.050220541803786656 10261.686556778626 311 3465 867.7257338552249
0.04260524655365547 10444.292859352483 312 3469 1665.6763247290496
0.04478658980350509 10268.548318630836 313 3495 1124.934299836318
0.043037236085267716 9881.574569306282 314 3499 1644.7628108045074
0.05881520890765525 9934.325053347215 315 3516 1422.2804942310108
0.05585085836627575 10305.185321145338 316 3525 1621.9120669322735
0.0577318144679585 9990.427335268329 317 3528 1316.7371142153513
0.050255821627076265 10475.141093782293 318 3553 1478.4140063133002
0.04715599506050365 9505.037467645536 319 3554 1808.9566659891377
0.04876551980989002 10475.79639588602 320 3569 1394.2631067153864
0.04215236525550283 10432.729451360598 321 3574 1723.2904781940233
0.05363326476949004 9342.882908574202 322 3581 1932.1967386664467
0.05091162670248512 9947.624448477376 323 3587 416.47434408262205
0.04915383767282589 9820.428254380913 324 3597 733.7349044270034
0.046749419762015014 10276.068858781055 325 3613 908.5095650127388
0.05431443523859537 9609.847177065334 326 3648 1231.479083560237
0.051880540080518095 10534.90485137482 327 3650 1790.733930407347
0.044389326396444925 10523.822047171774 328 3672 1594.5000384231225
0.06069705273044526 9554.739968860915 329 3674 1801.3104611912916
0.04771045623618845 10566.562333421227 330 3678 1617.182635357933
0.058071296948797854 10192.092792108642 331 3686 1673.0724574815417
0.05357044803514312 10226.366007499002 332 3699 1131.5652558056856
0.055810847691179416 9598.77422310739 333 3713 1335.9623259170157
0.06071030537160811 10067.701589857174 334 3742 1823.6372648953331
0.04518907985327033 10527.743503904116 335 3764 1549.8305847645036
0.04734310137845936 10364.227444796625 336 3789 1075.1130247126046
0.050713189270724345 10433.175560600255 337 3804 1391.3908996094383
0.051659564481408474 10525.638625627747 338 3807 1743.091829192562
0.06207436775664399 9563.32983951405 339 3810 1917.807948983476
0.05231683196717662 9743.159180113511 340 3829 843.9252417730829
0.048490997381824726 9887.505226965606 341 3848 646.3660784769703
0.06092830647241934 9899.220415337104 342 3859 1683.1309617620266
0.053553296188379465 10198.887103962195 343 3872 1064.067814111862
0.05581235010310845 10377.931950345217 344 3874 1798.3917056265186
0.04942427266132242 10228.82311824871 345 3884 737.9208440256236
0.04228362301838914 10095.547822547655 346 3896 1585.8460893690997
0.04964591333347554 9887.972729061063 347 3904 533.5372724857444
0.04643739598334644 10432.103611317121 348 3919 1267.7112206257823
0.04676199491888743 9573.092715692355 349 3924 1668.4888605533217
0.04481469476510486 9984.917231876574 350 3936 1126.6776789553712
0.047598012521717026 9771.868645289762 351 3949 1035.2338489239824
0.05952352700757092 9462.102056195763 352 3954 1856.7448519586396
0.049299035160514884 10375.775158862532 353 3967 1133.4302858050717
0.04885351782571724 9763.511106449538 354 3971 910.7230051540303
0.058698752365799904 9771.601546213567 355 3999 1388.9728268201306
0.04350298235333283 9878.009689997703 356 4018 1550.1975854431416
0.046194073201268414 10444.51643317046 357 4021 1307.0258400710816
0.05782002484092569 9450.741698341337 358 4032 1770.6603600676312
0.062023308706153975 9871.968517641333 359 4040 1808.7660390896895
0.045528253423032586 10319.08532518338 360 4043 1098.7473557278906
0.05115976558886766 9992.15154869442 361 4071 417.973105518839
0.05309287748232305 10116.057319074256 362 4082 822.1342883723567
0.041987942777458945 10484.900139427546 363 4090 1813.5537612627143
0.05002487171423596 9768.55923326787 364 4136 806.68122319109
0.04347679740256254 10521.418451965945 365 4154 1674.7088994805122
0.05089898313885978 10026.5840589467 366 4170 415.5010628443686
0.06347584833193953 9712.506321669794 367 4175 1962.4929939109047
0.05535853110970983 10413.97198368751 368 4177 1835.7517394825907
0.052749830879787865 10491.853438957942 369 4208 1752.489639120525
0.053168606018120214 10509.713384708024 370 4219 1847.625608418481
0.04535353131761999 10292.039167379671 371 4223 1076.9126254595105
0.056175340893279815 9405.93147836162 372 4228 1800.8568743428336
0.05093220465541147 9915.886872294634 373 4248 454.12859856592365
0.04932646813664985 10386.188724879212 374 4252 1164.2127959998513
0.04888859742570923 9516.716449022077 375 4254 1604.7357815785049
0.05489889473831672 10091.286376430504 376 4267 1036.0569046318258
0.05109516847048526 10575.565538724832 377 4283 1839.5756337131925
0.06218365600422461 9820.583026939934 378 4295 1810.5059696211122
0.06159032613937015 9807.120168920548 379 4300 1735.8332892141443
0.05500568918706832 10262.925132584862 380 4312 1408.6906978933152
0.054823800066358064 9891.587679175736 381 4319 859.605714314077
0.06110033859605669 10030.670136476761 382 4321 1826.731485144801
0.05263206787971544 9975.15094682737 383 4406 575.2716635778768
0.05294359918370713 9364.238897640555 384 4412 1876.1685078674848
0.04426843735292278 9729.063399700632 385 4417 1679.0563326187732
0.046083369167139385 9967.664810893748 386 4443 897.437277472821
0.045422028318202114 10595.678229993262 387 4445 1702.4885258322934
0.056692056061935926 10179.61801632814 388 4452 1456.9887021176753
0.04653640530078582 9964.940664372783 389 4454 817.2579795455493
0.06197677278919686 9970.165381396206 390 4470 1874.8227277405742
0.0603688131921261 9741.702917282784 391 4486 1599.170551180156
0.0431719924049868 10653.167585603745 392 4488 1963.3573510893675
0.04113193999908854 10008.509253399881 393 4492 1923.5686327589628
0.05801880007182787 9547.39861677291 394 4498 1589.5489341121531
0.04442840210482843 9699.905640578374 395 4517 1713.802716853415
0.0555328583971072 9752.220682068939 396 4518 1050.0247428143743
0.0440753585723271 9874.456579652115 397 4571 1436.1814779405158
0.054921337121797906 10387.427028287133 398 4585 1712.0819973189107
0.05331078888004789 10273.38662358941 399 4617 1215.9565302092913
0.057491548061654754 10023.966683960367 400 4636 1318.9102310348642
0.061243054616626214 10070.876093540235 401 4639 1899.0267894249419
0.04304044001770619 9954.320228640985 402 4656 1542.0716802620325
0.04447452422407475 10214.498934898478 403 4690 1130.6046480098328
0.05731759376704085 9617.343195869593 404 4693 1412.4882521447134
0.05161483137350095 9453.351694199755 405 4703 1643.1228484112137
0.04957692409712693 10066.274226396285 406 4726 405.075540759935
0.05486961772364618 9829.468678494999 407 4731 896.8256251688784
0.04219736155623098 10322.556371825465 408 4735 1615.9714217751186
0.049305316515297154 10008.162119070746 409 4746 389.97954451845453
0.05281911386173385 9965.307294469018 410 4763 596.2429516990483
0.05596105586732064 10103.136769068284 411 4770 1210.918574833099
0.04858903313740187 10540.73945167419 412 4807 1572.8793402448337
0.0450207392551937 10393.731833592767 413 4822 1281.9158582955504
0.04852257634152497 10409.397322336134 414 4828 1198.7804113962718
0.05523715708921915 10313.438670285423 415 4835 1562.2085260313397
0.044050508611963926 10098.076161158482 416 4844 1200.8451815734597
0.057900147361295326 9797.315829678133 417 4845 1281.0534023711427
0.050244369321861895 10077.52915580467 418 4848 435.99644322702466
0.04307451553746845 10210.728050610114 419 4853 1393.70109852586
0.05952298044766968 9928.510180159092 420 4855 1514.8787867547994
0.060402072228970795 10114.528205071987 421 4860 1852.5734302596882
0.05118890928692661 10242.776063899551 422 4868 896.7090608100614
0.05388459215367642 9671.625266856023 423 4895 1069.984502345256
0.04401030360773353 9657.868184928084 424 4903 1885.0073515388774
0.06139242224171208 9872.039343500217 425 4912 1728.980148642607
0.044241954170326316 10412.808051638282 426 4932 1398.8838821799723
0.04902271199744284 10215.068543665213 427 4947 693.9263684615422
0.050839393269918494 10091.682082825164 428 4964 503.01630714058723
0.05641052300664299 9708.577861608732 429 4965 1193.3782517299167
0.047312813532828894 10435.616340245659 430 4970 1257.0860250149274
0.05712973032162372 9898.349214371605 431 4976 1172.780939895038
0.04888528363346486 9925.94179701732 432 4979 524.078035763672
0.046695834404890335 10132.046336974723 433 5014 722.0751787556105
0.043405648030092565 10236.17004034785 434 5020 1337.182482092139
0.04676090528345095 10253.11939136722 435 5023 865.3266627964879
0.05566680413927456 10356.104006681737 436 5038 1724.3937306358594
0.04880397909497218 10247.864478178704 437 5047 772.8068140192786
0.05746105966704506 10267.652239007786 438 5049 1748.6612941937096
0.05593669659968096 9580.624802534829 439 5051 1381.5991256168472
0.05794170915827074 9428.69942408357 440 5062 1825.8300535474934
0.052554211020464627 9372.964854767524 441 5064 1856.496942494249
0.04432209694089642 10178.601768579705 442 5068 1142.7371520082554
0.045972997921210026 10670.52094517843 443 5074 1885.20172521943
0.04394727248072254 10302.695265174063 444 5084 1290.4575794045543
0.055198977785672385 9549.192927590551 445 5091 1412.8698780740256
0.047568616005124915 10447.270751756978 446 5092 1287.4354200803125
0.04709288767709316 9702.469239351813 447 5093 1280.5604211074967
0.052468533538690666 10270.32964423521 448 5099 1106.98711832929
0.049571496053668805 10498.938642368454 449 5120 1502.2086280052154
0.04668837471212234 10338.86224548255 450 5123 1041.5997815764392
0.0452898199434207 10565.29043873732 451 5132 1633.285061133641
0.04202900404881738 10183.880037457415 452 5138 1613.7097865734702
0.0441806059149155 10484.700700241216 453 5155 1534.474257645798
0.04856379202413759 10286.819746469486 454 5157 869.8150889823737
0.051828921085303126 9712.852543021789 455 5167 911.7300288452598
0.051675576722864554 10023.132772714684 456 5172 489.3911140760019
0.05424323567034577 9420.186112393434 457 5179 1718.061156543214
0.05731503852522889 10201.398689057798 458 5216 1587.5134652433674
0.04886760155935613 10595.44031715795 459 5227 1744.0389942442862
0.048834747972534634 10468.86752144326 460 5235 1377.3663350920299
0.04586616292924821 10141.752101773292 461 5237 856.4537936455096
0.05713343711226366 9399.235646318828 462 5243 1854.4344121956608
0.046835292334499054 10495.185570218566 463 5246 1416.5867197376795
0.062144853003772565 9570.348331282868 464 5256 1916.8417503983349
0.05219767852398518 9866.801528130998 465 5282 592.3075035225577
0.05753789957020052 9449.961543457875 466 5289 1756.716433448693
0.0453197672309347 10094.080321107038 467 5310 949.8725452103994
0.05424794820016038 9756.550156104779 468 5331 926.4925634581688
0.057034144267091365 10101.244076667537 469 5332 1362.798396616568
0.05778426694846349 9826.625789311234 470 5334 1257.5930344642761
0.04602622264917064 10273.327866961934 471 5340 970.7890555184403
0.04749359675480397 9535.92201859432 472 5342 1684.1238396615709
0.05366248643311383 10010.624134993295 473 5345 743.4412514543525
0.041815255345369694 9886.657740693441 474 5346 1910.6930932624962
0.04931962236584122 9747.359136867086 475 5365 912.7966662721807
0.05735862358183838 9889.891980399361 476 5375 1201.9698705072185
0.05551387219883264 9475.759952252038 477 5379 1603.1720998235514
0.04610748202599558 10703.127451836415 478 5391 1972.4760288698242
0.04757396005527137 10078.388507501599 479 5405 573.6535955213443
0.04779071570655372 9775.78281850284 480 5413 999.9913104192335
0.05247601545083443 10444.257002206554 481 5415 1588.0966591934537
0.047268134927875884 9585.3493277251 482 5425 1572.3089532223255
0.047767849412701145 10367.521894927924 483 5430 1077.4509626599527
0.05777862535532122 9802.87198010361 484 5438 1263.8925260437566
0.042800142558416174 10023.6894247866 485 5482 1521.1835893567302
0.04238548297455613 9809.265526103665 486 5483 1906.1550718224585
0.042289312500452404 10383.097732568738 487 5488 1647.749630935838
0.05200153919658591 9329.920762506637 488 5500 1995.0456531360635
0.05821946332931213 10306.309169803113 489 5502 1935.956218030899
0.056518309232879975 9498.282537685973 490 5515 1594.2812435483181
0.04782927112899776 9970.933584726727 491 5517 592.6623361794866
0.05688661587738487 9586.260953611985 492 5519 1433.958854311929
0.053552879622313615 9793.77477241276 493 5525 809.2930256112778
0.04975031384851816 9711.86762795922 494 5533 979.4032834770329
0.05151701397386227 9688.038921447389 495 5540 978.5766311329545
0.046047376493364156 9909.239314056362 496 5541 991.4604018668299
0.05284417440692968 10042.286085910038 497 5549 663.5445649724625
0.04900770148475314 9604.387822435434 498 5571 1341.1799663068718
0.0499622936725373 9847.260525154104 499 5580 607.9161636558437
0.04380622218960676 10580.414701930174 500 5601 1759.4220042573625
0.04170234244694025 10352.81661192858 501 5609 1731.6264661420857
0.05712171903711803 9900.700469346484 502 5610 1172.3318305808075
0.051058527165304395 9872.732354257661 503 5617 530.2901321840773
0.04637835772887532 9726.151418978054 504 5621 1324.4405965346566
0.0499945670875422 10135.858994695283 505 5628 536.1269331075503
0.059697075529376475 10087.912941838058 506 5644 1715.7866764424123
0.047830093869219804 9497.04855195111 507 5670 1758.7858926563626
0.05132165851923491 9870.043778103083 508 5676 541.5984950923539
0.0499722663027762 9782.199278513672 509 5690 773.1372882832305
0.05265074490718648 9347.024046836272 510 5696 1930.4077296903552
0.05672750425747601 9440.961743041304 511 5717 1737.0922557591944
0.059342061941886064 9699.076800424018 512 5737 1508.969896876067
0.053779906651670595 9935.000108130274 513 5740 718.2427471647144
0.05935058655088817 9902.82448513617 514 5746 1476.619321843111
0.05002210584394771 10167.502654405234 515 5762 610.6147159552316
0.04290487314280346 10484.35864616471 516 5768 1680.4362281865572
0.04611014377867308 9652.131708505662 517 5776 1550.002987975142
0.04592143703017044 9858.521099315405 518 5785 1106.8696358782713
0.04760380394682408 10093.362973978088 519 5793 575.5323284437992
0.04534312141717099 10349.31798926422 520 5810 1169.8083360993833
0.056400588275852766 9959.665380726066 521 5845 1099.6163657284453
0.060147846068377774 9942.778006116843 522 5866 1609.4345305402453
0.046237996077779515 10315.795733090734 523 5879 1025.3964136620955
0.05316997213897506 10331.328681814191 524 5883 1351.3052835667174
0.051513919541264996 9495.85383154645 525 5895 1522.0612473623219
0.054119548502641945 10067.393829407221 526 5935 883.4342036950646
0.053456463743876206 10047.805830291243 527 5945 758.1429370846977
0.040825862254332865 10107.944013550199 528 5947 1919.627042999338
0.045024768768829236 9549.515753595573 529 5952 1977.0744842539204
0.04288645783866586 9968.483129966464 530 5966 1559.2425754305762
0.04623350090172731 9976.824562258511 531 5967 857.9128050049774
0.04853221770404825 9414.645183981553 532 5980 1932.5664461470187
0.050969292450513376 9417.006482992234 533 5982 1772.6396584272627
0.04889202140629515 9434.597920714046 534 5983 1844.7146080834368
0.0426327286529072 10541.168593910881 535 5985 1806.899135649162
0.04652545797380769 9890.060932431785 536 6002 939.6202774751634
0.04476785464392326 10511.19172378854 537 6006 1539.2575610349418
0.04683283621116982 9762.509705467839 538 6021 1167.019974638265
0.05088151690861093 9868.084920157906 539 6029 537.6723422479041
0.05500882072905358 9402.035588025354 540 6059 1779.2408677318367
0.05084468949554171 9649.976350455543 541 6062 1099.7031110606702
0.06204336739138219 9926.735197234353 542 6073 1845.6116938762154
0.06073600233808394 10111.381450702085 543 6103 1892.2287272348624
0.05868518821122946 10161.342245321073 544 6117 1699.18685687941
0.04979914670791677 10488.075848263075 545 6138 1484.781085334737
0.04905327305348425 10280.947590257836 546 6142 863.0728654347926
0.046286371190424294 10377.212194344487 547 6144 1148.6960920018378
0.04993081688972993 10343.505960737795 548 6151 1076.8088972497508
0.04619865679964558 10278.931826696396 549 6168 962.2237264863026
0.04388911505885413 9842.22909110713 550 6197 1529.8995604442982
0.04854242910518622 10595.086916336635 551 6236 1727.421008056352
0.05389336580014981 9744.596302451064 552 6240 920.3994928905649
0.05863687693549494 9618.77490061118 553 6241 1526.370092202069
0.0530606566311276 10407.095905468734 554 6289 1546.2698840214418
0.0466144299415978 10334.68852836406 555 6305 1036.8890079402397
0.04668492898791524 10236.83878436015 556 6308 844.6735566262593
0.045610295399845194 10243.98330200874 557 6342 979.9505006159362
0.05952938317673335 10126.316199954219 558 6383 1753.710366924917
0.05533078229987804 9689.205102326778 559 6398 1128.4196994384167
0.04943787258529407 9757.82682947837 560 6400 874.8947766329474
0.05187086426066224 9935.03924470513 561 6421 492.99672164681914
0.04833231515139724 9743.434343092189 562 6435 1018.7801972480116
0.04677238707072377 10565.281840762415 563 6447 1602.271452517757
0.05500166747549827 10247.766831120987 564 6463 1372.2671047744604
0.05196775295856878 10065.336017425305 565 6468 580.2017796706408
0.06039310855844494 9944.140511525373 566 6474 1643.337522926948
0.05556884392677405 9537.204269765887 567 6492 1457.9054367753479
0.04464192141758898 9722.906473192787 568 6502 1623.7098140848414
0.05839515848149614 10057.889627814304 569 6521 1491.4805458169683
0.04892949554618692 9641.701153717708 570 6526 1241.1853096572859
0.05347488035156807 10463.773103028445 571 6527 1750.7653449079598
0.04717913271859481 9699.25084525213 572 6530 1277.2797728240948
0.045172623751184714 9974.308135988276 573 6540 1066.4741581606374
0.05320499256447685 9980.256503299797 574 6542 654.3904581432264
0.05726666278422518 9349.56848578641 575 6547 1980.9421347233965
0.04047992648095065 10167.807890619135 576 6552 1974.9901373813734
0.056595589636921094 10414.21517236128 577 6557 1989.5076921321634
0.04956753836781477 10400.776904864993 578 6567 1218.4051481653175
0.06070874266159916 9982.297406245232 579 6573 1720.0184311149364
0.05107891127304843 10108.49733402048 580 6574 558.6181900514448
0.0573876444768896 10333.636219410002 581 6581 1890.9634480510313
0.060244859729408 10172.918960763867 582 6585 1931.10840295799
0.04484916706103585 10254.823160827527 583 6590 1101.2147292241023
0.0548377590613129 10465.894530363197 584 6636 1912.7703417691569
0.051015565216488486 10149.891429799418 585 6640 644.092500943622
0.06278787363778059 9964.514670237657 586 6655 1973.337459159135
0.04731488833783148 10223.99639086386 587 6662 768.2470488114791
0.05269354917299603 10163.43151459874 588 6666 869.482730882571
0.0518410032705026 9419.793267084824 589 6677 1735.1208287579714
0.0513597783258587 9917.733248860637 590 6680 470.0858561044693
0.04678147462328435 9796.394038434779 591 6696 1094.5752251543165
0.054313805240599304 10210.840770459024 592 6719 1193.794889387727
0.04701119625609116 9620.079060778846 593 6729 1509.371963537176
0.04869475687970262 10269.011176324795 594 6756 825.3113259180934
0.05464156093380146 10341.641137095823 595 6776 1557.8566820888675
0.04951213548451426 10230.85444620611 596 6821 746.4089886227707
0.05017622007956744 9987.524289337167 597 6823 371.8998778539499
0.05316015620848531 10128.715262165484 598 6831 856.7524996521191
0.046991753708648214 10527.388719791146 599 6858 1500.8136660604036
0.04860413235750021 10570.64063071047 600 6878 1659.5988323567358
0.04704849910463967 10288.707015523105 601 6879 913.3680556376383
0.05458917777369967 10256.705618960892 602 6918 1338.5800524398899
0.06110014681181448 10137.796481343208 603 6931 1983.3012191761652
0.05096989480936279 10467.71430161791 604 6937 1513.0267414579564
0.06118915089996685 9732.205016701795 605 6938 1697.813466625991
0.04321671810206728 10431.308264276357 606 6972 1558.8746901396503
0.04462270367257279 10430.539160813385 607 6996 1389.1473074543305
0.04693145597767734 9663.81854388843 608 7013 1403.294837394273
0.04976397629229656 9663.4411092634 609 7022 1115.3769375880222
0.04710807788015102 9649.052344170546 610 7025 1419.1421606721449
0.04617456862321076 10695.113417427274 611 7028 1951.01560666256
0.04683403281191861 9809.440832011827 612 7061 1056.4085327216392
0.041850291420890376 9990.384268997215 613 7069 1771.7916169863752
0.0464405167255935 10483.0747929297 614 7093 1392.6468802651043
0.049237763229089224 10365.966320466181 615 7100 1102.9955065752079
0.04534890581430487 9814.208907119168 616 7159 1299.423870905515
0.04909776042801022 9471.958148625194 617 7161 1719.0841626763358
0.05451533198751219 10409.670816531008 618 7166 1722.0220611048067
0.047341900250132775 10515.420991192563 619 7199 1469.9019416518804
0.04572348980338939 9673.431135567243 620 7216 1555.9237898220586
0.04489672008141066 10343.06423450926 621 7221 1209.0363444375016
0.04941621018835672 10011.881881828112 622 7223 382.7252342477696
0.06162936715812754 9748.303684319344 623 7225 1744.117552111458
0.05570990370974927 9673.845006154337 624 7236 1185.336433941588
0.05467571810522234 9982.986332792048 625 7264 866.4353863083244
0.05716637153842479 9637.429383785486 626 7277 1367.1488172702504
0.05196365564808386 10390.26588000258 627 7298 1382.1938311066378
0.04350714728521624 10505.299569407107 628 7319 1642.2169562947902
0.04491874234697382 10436.38720872603 629 7324 1372.7056564456732
0.04891860344722453 9554.224514370737 630 7331 1493.3257531454828
0.04451258848244586 10122.814698741558 631 7335 1101.3459761776203
0.04313085957879828 9841.961903718853 632 7343 1689.01035625466
0.047512630789382025 9977.49906534611 633 7344 633.8490061810962
0.045281230712806514 10020.169754314167 634 7346 997.2771084151508
0.04628417403026582 10218.0446762537 635 7349 861.1919593001737
0.054849129079248084 10226.465234189473 636 7361 1302.2249037362958
0.048588383645154734 9885.96061323429 637 7375 637.9216500103443
0.050730620101573434 9771.941277461374 638 7383 768.7083604083558
0.05643676879723564 10209.513800573372 639 7395 1482.9348087951364
0.05709157056008549 9900.265475957227 640 7398 1168.0636274501803
0.04094067093592427 10267.88277478854 641 7451 1856.8285944781726
0.043910104497699144 9729.967027049792 642 7458 1745.1029563231002
0.05094567216560719 9476.58924977218 643 7471 1597.8830475639297
0.04948030061800424 9531.294064407215 644 7492 1517.1853200756393
0.05945264812379201 9439.336630758202 645 7505 1895.5933903437463
0.05479624294925116 9539.194510399324 646 7519 1420.53570165439
0.04280456713338979 10233.954862638953 647 7545 1454.0657173229276
0.050812500102672006 9492.90343260404 648 7556 1555.4436883976905
0.047030841499071094 10569.243591003346 649 7570 1613.89478250157
0.049796641988684186 9975.9044295638 650 7601 384.57607788712636
0.04308653933570173 10174.637813207028 651 7618 1387.4139624947677
0.055558715752905385 9483.66324467648 652 7622 1585.3586512070965
0.04316284839078195 10022.103160160597 653 7633 1441.6959713912302
0.04492483111271854 9575.858368519155 654 7634 1925.8854047887985
0.05665173818867271 10249.212178405769 655 7661 1598.6190668817803
0.05174066183001234 9515.50640276739 656 7667 1459.4028303202429
0.04248196967503823 10182.91989607826 657 7684 1515.1074222228226
0.04173532605582516 10154.449359420832 658 7717 1685.6389837420975
0.050498990204075236 10420.656065443365 659 7756 1338.1980484424712
0.045851019153442474 9807.97610990874 660 7759 1222.7060648052936
0.048055998530056016 10538.206524217827 661 7768 1546.600369710073
0.053962521458421585 10012.799930099944 662 7790 789.2708105740365
0.05306834137977029 9349.81894976661 663 7799 1916.418382119898
0.049253078636041885 10552.214830656349 664 7802 1638.8551631592738
0.044161811100037564 10094.924505442223 665 7815 1179.0498968434488
0.04812492532073737 10272.157519236824 666 7818 834.9932756039136
0.057302349216131455 9696.702579739635 667 7825 1296.3700656040899
0.06043596916043528 10034.897287800703 668 7828 1743.034475707838
0.061240274500552694 9848.210614837408 669 7832 1700.7050637730197
0.045580923390126836 9542.82003856755 670 7841 1910.975836692341
0.048897852103202744 10482.249240198655 671 7843 1418.390792451081
0.04640484938489649 10292.88353064811 672 7853 968.1489440915807
0.04611062466373097 10605.566190086905 673 7858 1712.7807613475163
0.0450580957745062 9915.445290883326 674 7872 1171.0707585905252
0.043566552096042675 9665.737951604742 675 7874 1949.7345286009615
0.05972339824986618 9845.802672854346 676 7878 1506.7315647170942
0.05262148645564691 9751.47904098938 677 7880 834.974119645492
0.057803348694553364 9635.296212925741 678 7883 1426.6909796168904
0.04900512462961709 9747.505083821992 679 7897 939.5381106631721
0.042560108991144235 10271.668645828575 680 7904 1517.1347311772017
0.048994718607847064 10662.31198976928 681 7930 1946.0880116411263
0.05582038450883815 9444.868405767536 682 7935 1690.953878319124
0.05331906408675728 9835.43319053899 683 7939 728.0731920862374
0.053421765580674054 9946.344845437443 684 7942 671.6546256348275
0.05318143460703149 10507.488172215664 685 7947 1842.6416770393405
0.04885099372171909 9838.834602922338 686 7959 717.4073090885321
0.04990227004000749 9552.35713123283 687 7991 1427.872758429148
0.051058420538805445 10117.43757603473 688 7993 575.3139890486221
0.047468242786422504 10337.174993426575 689 8014 1005.9290211242769
0.058878577289350656 9677.824859429702 690 8019 1478.9770518967164
0.060167600585300955 9594.09972199456 691 8037 1701.7198367678632
0.05921791833680093 10102.11386655755 692 8039 1671.8029884608666
0.04386268726123676 10503.27396208345 693 8041 1601.0264999548226
0.04517122835589933 10679.753053095992 694 8068 1920.4972446922395
0.0555119418324035 10279.24955129402 695 8071 1514.8615044460287
0.051540884996477965 9583.079807662472 696 8081 1270.268453220079
0.04860244057043698 10492.139616350672 697 8093 1434.3879119740498
0.044778570538884115 9784.97230034302 698 8094 1465.1998082299708
0.050725617233432704 10410.28913761173 699 8098 1326.154867087804
0.04296394211711808 10057.01632516085 700 8105 1457.4637186712905
0.060579816387035995 9764.241395991821 701 8110 1616.6466694310052
0.04497759575309221 9897.658863337694 702 8113 1215.5152949135788
0.05626395380299142 9886.622759404672 703 8123 1052.7312214252843
0.055376481567165264 9703.127058756694 704 8135 1108.3474067876584
0.05268982575302794 10546.522505748133 705 8171 1903.7361503102306
0.06122312894793919 9885.609914275381 706 8187 1713.8521202240495
0.058625245886900136 9815.422702567517 707 8188 1366.3070284581222
0.05042482526756874 9494.438216471688 708 8189 1568.8635732213822
0.0615941224722941 9618.385664162317 709 8203 1815.1710768357848
0.04911850436635672 10208.63434572778 710 8206 679.54898267189
0.061637379024256825 9713.63904759752 711 8218 1756.099475266684
0.05470106141590219 10314.037058610937 712 8239 1494.7926440572242
0.054693861685070504 9883.052645798458 713 8246 844.826668047981
0.05031689399908403 10523.254737733765 714 8254 1623.6808326052867
0.0452096237033921 10340.907716361946 715 8282 1169.6474317045304
0.04480196122670584 10084.072103906185 716 8291 1053.518007624017
0.04717329112111992 9910.10830129771 717 8298 792.949840866673
0.045807569778551945 10221.419528599728 718 8299 926.9423752707562
0.043822213376847316 10216.9281764834 719 8311 1250.0931044237802
0.061863426035182745 9719.098406037045 720 8341 1779.5441586481545
0.051262148137422456 10568.639275385578 721 8352 1833.5256144855437
0.051535556729148085 10255.429899877112 722 8371 965.0526184857199
0.05092310067101181 10111.822824559144 723 8373 550.583354373783
0.05345981692399085 10308.023724585322 724 8406 1324.1127585521408
0.05165977419204991 10334.733834214107 725 8412 1195.3180511424546
0.04370324644629789 9659.90151507 726 8417 1937.0492417232142
0.05061075658822272 9863.104017144806 727 8439 549.4300785831632
0.04528410899568044 10614.088250320507 728 8441 1752.526904699466
0.044709654646218705 10327.221528155591 729 8447 1208.9270987527814
0.04189803823366149 10497.669038972843 730 8465 1844.293423814452
0.05561447159809633 10069.668728268685 731 8467 1106.729741669187
0.045969752936379976 9802.475632320093 732 8468 1214.0191043220877
0.06316020457028228 9700.297131448313 733 8473 1930.9425792553102
0.04500968677017172 9772.09701454362 734 8476 1449.5687039157795
0.04779588614819533 10302.84324076004 735 8478 915.1617402113548
0.05411442711069645 10022.180672122862 736 8486 821.7451729997867
0.04549982885246149 10316.619171238946 737 8510 1097.751184387346
0.05424011087984595 10007.755246118999 738 8546 824.7339647067797
0.042445157931801196 9799.876424272821 739 8547 1909.6344648805132
0.0505374552766099 10080.362059342471 740 8552 458.58368169437773
0.058848559559822336 9549.301508708064 741 8593 1650.8991021039917
0.04758019835995151 9476.519783467147 742 8608 1843.2131851794381
0.05433682275265404 10100.139037767976 743 8609 969.3437736354211
0.05930031700488244 10147.033831233073 744 8623 1757.8278413309322
0.05416389739825955 9831.726236535334 745 8635 816.4789919061822
0.05336188493231025 9728.573975597417 746 8655 919.2908658407839
0.06109721074893534 9704.225224866255 747 8669 1699.8814015286387
0.05533647204128626 10374.874746620862 748 8670 1730.797201670976
0.05577067617947524 9971.987460146462 749 8681 1017.5204037089096
0.044894834135796355 9586.277304160069 750 8742 1904.5520191292926
0.051595346467969504 9636.364863399745 751 8747 1119.3299250465532
0.05958360025287228 9458.800719248116 752 8768 1867.1801317909944
0.049252328027958175 10379.967463550056 753 8775 1143.0967768112148
0.058536250824321 10014.459639526436 754 8781 1456.4111616071482
0.04787190302018307 10250.550564531914 755 8795 791.4464414964102
0.05127281373339829 10438.60833696125 756 8798 1454.9020165239715
0.05051801230554051 10331.070559526976 757 8802 1082.9084873354598
0.04134414344997121 10162.404511295897 758 8805 1773.0135616976993
0.06300015463194196 9650.883461457894 759 8811 1936.1487093508435
0.056241191485324735 9524.762297703735 760 8822 1520.2283493378663
0.05929673792738683 9720.384704294258 761 8828 1487.9072393555164
0.04478137184513678 9640.213836572784 762 8843 1790.9124043058432
0.05392005911060712 9987.873786303591 763 8849 760.5891855872311
0.05974332599706728 9564.669071838964 764 8855 1702.617150595221
0.04691943887221355 9743.64392413724 765 8860 1200.5013623688037
0.04243101323635441 9768.240373310497 766 8862 1970.0575026322879
0.047088648251816155 10233.415758588662 767 8866 802.825702018315
0.05971893941174056 9474.288260186888 768 8870 1848.3568272601037
0.048667999268996676 9771.19859755683 769 8879 908.9941606031331
0.051769572104141785 9546.442477192393 770 8884 1370.0056670372874
0.05999928907333174 10059.931429955184 771 8888 1716.781315078008
0.056876796983615 10351.09061353299 772 8897 1866.954605977005
0.04629467790990994 9520.151342391457 773 8899 1872.9671318703251
0.041851666137944825 10481.05632008569 774 8901 1830.1312849388153
0.05276120984346136 10271.00431349471 775 8913 1143.086151423212
0.04897424084141597 9506.664012461639 776 8948 1627.12025559346
0.0537044624691508 10396.845249256785 777 8951 1591.337480713109
0.056527439459848935 10219.224851235611 778 8971 1516.1308079844505
0.06188716390522816 9831.768973751634 779 8972 1776.7875037455763
0.049912720133982694 10294.660561066908 780 8980 938.709477838196
0.05339682215492196 9907.760267517824 781 8981 673.2685895987645
0.05279642614391823 10445.985911481032 782 8982 1626.7381611993458
0.05634879362950417 10421.161604898418 783 8986 1976.7096538113742
0.062161479064980395 9714.744292833051 784 8988 1814.7535791504738
0.047096600186866344 9725.586964281962 785 8996 1220.7053930517095
0.05192179441218469 10580.640307686079 786 9005 1928.2869505734743
0.046473142269787625 10561.04086520317 787 9022 1592.3936634233814
0.04283059597288094 9966.469260236598 788 9037 1574.1211548356282
0.05093987346298234 9904.159022522828 789 9038 472.13938559366494
0.04898147024808901 9929.33358933568 790 9051 507.8581614472305
0.051737056225122195 10471.646110830814 791 9057 1593.3524579902687
0.04473583062651407 9703.816964600244 792 9058 1649.7830838879881
0.042568625828487874 9895.938067498937 793 9089 1726.4453922344053
0.05295547038050802 9873.286850115064 794 9095 648.9979115757045
0.045763242407794 10479.510324970652 795 9106 1408.7615107402248
0.055472837647525836 9883.21447826276 796 9107 946.6858572386078
0.05671505964122299 10387.050824664868 797 9110 1935.508243148057
0.061572064725116615 9831.265931646327 798 9113 1737.6428382040322
0.06018766203495813 10095.310672473173 799 9147 1793.699924873187
0.049689228720765206 9831.32191849424 800 9148 663.6282097457025
0.05338365344341996 9515.254191669586 801 9175 1449.8268420817176
0.061721339942740476 10063.647269032575 802 9179 1951.8782003958283
0.04719925104225366 9485.921828729768 803 9188 1857.8448369911503
0.05104878589700425 10267.059128146891 804 9203 949.2943965473398
0.0474856852576732 9641.064641789908 805 9209 1393.5068573813264
0.054018219409729534 9484.140723866518 806 9211 1541.8486374963147
0.05804166875754439 10335.495624797246 807 9216 1980.1751601183971
0.05633051535402298 10079.180877936858 808 9217 1225.990452787861
0.04228091532558309 10445.194049188365 809 9229 1717.1905745807846
0.04935020641957179 10217.566046161985 810 9242 706.8471204548805
0.061645778283597866 9561.579962850195 811 9261 1879.6462768228844
0.05606758607142592 10252.260581103477 812 9276 1526.3712067354093
0.05713190481112222 9413.273426665095 813 9289 1820.8887420703984
0.05998643101383689 9498.736438496391 814 9293 1826.0706310468672
0.050893158790310325 9364.69587209382 815 9313 1930.9792605495013
0.04100652706260211 10476.407494007406 816 9343 1968.4543915770369
0.052747993715994985 10173.54910207675 817 9350 899.7119402012869
0.06155128094501626 9942.957883748108 818 9358 1795.024918809642
0.05127370388341471 10349.83609313882 819 9377 1200.695152499331
0.05981325270690212 9667.767952523158 820 9387 1586.5364375613722
0.049766259203357095 9919.161227608018 821 9417 463.78229549394905
0.06036058511689873 9642.20359035132 822 9420 1667.4093081557423
0.053222134676880334 10113.68790351504 823 9431 835.4184350364827
0.04360571672994151 10060.45407802105 824 9447 1314.597018186941
0.04294886289174328 10247.486895508055 825 9452 1430.2250331116938
0.046048450087119434 10019.662059840723 826 9471 849.1384663365482
0.043984776436338045 10457.538675248728 827 9475 1504.734645321123
0.05180652930967351 10127.229326556795 828 9481 678.1985521715778
0.053938152276685906 10494.16442814097 829 9482 1887.6961802063468
0.05000128335077174 9545.580216790095 830 9491 1441.7544039041065
0.04691645196369533 10517.500527009799 831 9492 1474.6472870255966
0.06029669128922935 9523.474686839865 832 9503 1811.5066026145769
0.06226476875003754 9762.578181840208 833 9516 1816.2427091583093
0.04681755335491368 10689.57861772228 834 9571 1942.4261188792057
0.05108954691011119 10025.272082613425 835 9574 430.62540951466696
0.05145815285952599 9351.321783595124 836 9579 1948.5953500345458
0.046892313823531366 10701.665118862933 837 9600 1977.468244551009
0.050237800586441214 10097.014462824172 838 9601 469.4174217837311
0.06278323922565092 9661.477890845492 839 9631 1907.122914360406
0.05348623407339869 10208.507047498133 840 9634 1077.803585295378
0.04378192160198742 10479.513599879756 841 9635 1565.9663936022837
0.04549119466228134 10346.360466725566 842 9649 1149.6919190513827
0.04858275624899061 10170.810227257516 843 9666 598.2161341455002
0.055950013268451046 10207.963550065384 844 9677 1412.2535992685105
0.047206935173709816 9451.523490867883 845 9678 1954.36274166222
0.044385060770753985 10427.433534258322 846 9680 1408.0251656329224
0.044164930685449307 10267.94065836592 847 9682 1222.3749266902705
0.0457814113794649 9920.454214890702 848 9685 1022.8038718103952
0.048534695073004855 10218.899286220045 849 9690 703.3248946998935
0.0522971785587576 10098.576938989838 850 9696 681.0865923296565
0.04529390343898797 10247.316128679031 851 9711 1027.6087635590898
0.0532865638295152 9898.315993879087 852 9721 664.6956172718369
0.04355939126987485 10189.158432178061 853 9728 1292.4668995268646
0.045458098759293915 10269.659553890173 854 9744 1032.6729608261842
0.05870411166805588 9640.113643252515 855 9751 1504.4880358580663
0.062373385158311874 10011.554929566 856 9753 1970.36052001387
0.05808217969636546 9644.641383681399 857 9769 1439.2586105200614
0.0472677245452696 9797.32728698436 858 9781 1019.0842238966619
0.042814869556843056 9869.572106300382 859 9787 1712.0718589682194
0.04378836795857965 10598.98068892613 860 9800 1799.8559949066503
0.050755360739757005 9388.001908869133 861 9804 1867.8711534823103
0.04849059389016197 9982.53586085429 862 9806 487.24674784969613
0.042314964197998545 9852.65126011552 863 9810 1849.3308925032643
0.04885700999176529 10566.923886248238 864 9812 1660.7019255659366
0.05248824180282725 9845.844354646404 865 9849 644.775053392941
0.04581898752200067 10015.619150891034 866 9874 896.1460856653764
0.06077936345072624 9562.504560480866 867 9897 1798.5369841149095
0.06057857861844799 9915.49645080482 868 9906 1647.266663188244
0.052874321343527486 9911.115187550766 869 9915 610.4537717933804
0.048778534781221086 9700.019335540685 870 9916 1091.0446316065168
0.05419225358568262 10060.003641552164 871 9919 882.9324579528386
0.0571573005099144 10014.271252109402 872 9934 1259.4700546113295
0.05336239290246586 9821.00553034427 873 9946 751.7946321009937
0.06056455677496145 9912.127099584486 874 9958 1643.2761068095733
0.04642381074622831 9631.486486507862 875 9974 1557.964191284939
0.05421487524792814 10081.190622426846 876 9994 919.3249486113364
0.057529539604483 9946.586121023242 877 9999 1251.4865209621864
0.06195770136986645 9657.514544382033 878 10044 1821.745151956007
0.05393614621930378 9460.572976053501 879 10045 1604.3402886968536
0.05721094926200749 9490.561286029026 880 10075 1649.4183585640276
0.06269300780617786 9878.467968117546 881 10080 1895.872701804365
0.0636590318709189 9782.39281589192 882 10125 1979.7593937780312
0.04356690463376602 9997.334621926779 883 10167 1377.0297631266014
0.05473357286549596 10300.086113451982 884 10200 1463.8977231886809
0.045144234037783046 10636.03153070582 885 10203 1811.418448098548
0.04529768642700025 9678.095745438626 886 10216 1613.5064894988873
0.04736033813302731 9572.954696249419 887 10219 1595.7227955274996
0.04284679640844793 9898.517604708883 888 10232 1660.911188922536
0.05910996866917291 9477.629206827562 889 10239 1798.333216972045
0.05210365464225568 9506.289502040237 890 10255 1478.9259286698932
0.0592313744837792 10044.564427971914 891 10256 1590.5794583269144
0.04697068721429606 9901.222463665357 892 10268 842.8020397910652
0.04516231234446482 10553.289702311571 893 10299 1610.5937035321112
0.056528116419258756 9823.83087422322 894 10301 1100.037937304956
0.05002782852208576 10502.528180843368 895 10310 1542.250844996332
0.05951276878234377 9514.442335681186 896 10317 1762.3706068566178
0.04877449943850246 9863.312133914134 897 10322 667.342058674986
0.047106221039286335 10256.28295191843 898 10341 844.117907052508
0.04730230169895342 9693.962587111297 899 10354 1274.8409560315708
0.05175362479691066 10310.942247589772 900 10357 1138.6831430030527
0.061593585466991216 10057.436060344271 901 10399 1926.6454982770456
0.05856764600125969 9740.620082749821 902 10423 1391.292383176542
0.056625790423344376 10130.322760617652 903 10426 1354.1021604200957
0.046892630877465716 10100.62689169798 904 10435 678.3158259061532
0.050929416854372446 9624.060156815336 905 10472 1170.4521877588986
0.04825053496484559 10448.103399900432 906 10493 1299.2661421961398
0.043021695729766884 10420.924887700567 907 10495 1572.5432432816692
0.051207729005264525 9616.323170180855 908 10498 1183.9272396115523
0.05751884584142616 9736.886957245411 909 10499 1276.3247000601764
0.06102730211085209 9740.887463116534 910 10507 1676.079298127712
0.04321023515113666 9772.948553495517 911 10509 1797.6316199503242
0.05043526040902482 9611.68768528082 912 10522 1226.2249546191667
0.041483541982655844 10040.769846304502 913 10534 1810.1978861466214
0.060487954485032414 9459.793953593799 914 10539 1931.213401071258
0.04611149572715959 10390.74641843047 915 10546 1188.809050889556
0.050122925531083024 9725.023326658362 916 10549 920.4179304696067
0.05914052251836324 9910.28880987189 917 10571 1452.1898838047307
0.04926122983404588 9723.447129124423 918 10575 983.3565969716585
0.05560613088861434 9851.565281410916 919 10606 972.4843277119671
0.050620386430918304 10123.839474797393 920 10634 550.0585451045936
0.057686703303192546 10050.491495627759 921 10657 1380.6807955122085
0.05545708833837859 9757.445788282655 922 10663 1035.8217389721653
0.04684040760060485 10691.507486631433 923 10680 1948.1850531749608
0.05268315368623824 9331.947788835569 924 10688 1973.8446187495078
0.04346004858685857 9784.470928558014 925 10698 1724.365161148962
0.047924233664567155 9992.623565465572 926 10713 553.8779504269665
0.056700389588618116 9843.806985436217 927 10727 1114.8094044255147
0.052212558915838723 10441.800484801659 928 10752 1554.0662085185731
0.05119535423162388 9665.30110990593 929 10773 1046.4675336042571
0.0547530375687966 10140.11537543408 930 10777 1103.8986710297256
0.05919876741892531 9971.051939894518 931 10782 1504.166084328095
0.04443971900170982 10224.343144940887 932 10785 1142.751957285724
0.047511191246205335 9542.972903440113 933 10796 1662.3410705813606
0.05355312007620725 9400.097764400947 934 10801 1769.9507103182168
0.05254351129271544 9724.562347016115 935 10824 894.4047574742383
0.04712344304721083 10549.12357429519 936 10831 1559.8477082141405
0.0449338815691943 10006.307831311973 937 10837 1079.8746104736251
0.04832089243972685 9946.284723860816 938 10845 557.7623459248915
0.0542320993460192 10300.479664716659 939 10847 1400.7251702792341
0.04640509400975343 10656.321603776085 940 10856 1846.855747831756
0.054372215951532576 10388.444608555734 941 10863 1647.8699374818677
0.048089764083227605 9808.788317880157 942 10888 879.3575394879587
0.047410001837407366 9844.959520178969 943 10897 888.1334663702704
0.0458751046503481 10320.039741494782 944 10915 1065.3927932397228
0.057977370297876356 9469.508606150985 945 10944 1739.828216409922
0.057131882768686165 10091.218901797722 946 10947 1360.7242634419983
0.052719299962553826 10494.446567561057 947 10951 1756.7501548751438
0.04843521218978713 10456.325239117961 948 10952 1327.2926145023362
0.0421551851636668 10435.658422650378 949 10969 1726.1866832899184
0.053471469885322094 10445.624196268845 950 10980 1699.5507756896607
0.05929950680286606 9708.374440059984 951 10995 1496.961273539817
0.04591054995473705 9780.50062229063 952 11015 1272.5792910503903
0.04822333596481952 9995.685392688314 953 11038 508.9198629181549
0.052629818026562025 9698.996927056865 954 11040 958.5044287247191
0.05881940211834469 9413.464924105829 955 11045 1908.7151464651604
0.048101698804687246 10638.470201321386 956 11075 1833.964407631561
0.04456688243810444 10386.787867966172 957 11078 1318.089399553956
0.06269569876981029 9754.930982044552 958 11080 1867.1281298327606
0.04678994764851499 10113.47591830484 959 11085 698.5019528960487
0.06322566023154332 9885.576144841827 960 11086 1965.938106745994
0.04815403353464419 10423.003954035663 961 11107 1227.9618729597012
0.04897688618836565 10229.197659605641 962 11108 728.125066044652
0.05844953066206723 9559.885174815245 963 11112 1601.0206184031344
0.04717845889930535 9775.10120547788 964 11140 1085.6172672561145
0.044478839152413484 9801.836468683541 965 11169 1488.1199731273248
0.0464871986719726 10046.549020033084 966 11175 751.1401135768111
0.04886649199792171 9637.176527088577 967 11177 1259.5688921509266
0.05614502791733538 10071.987785516467 968 11185 1187.9821489783028
0.044479425556402594 9855.4264207386 969 11189 1387.0327197133352
0.051293248504185956 10255.103482797529 970 11204 939.9346901849324
0.05418494211265669 10334.60319153081 971 11207 1482.6997767445005
0.0506775209423532 9358.838605464722 972 11210 1958.1483949483777
0.0484021280477739 9719.778877824368 973 11215 1074.7632607279177
0.04461481872018769 10046.588707803918 974 11228 1111.5933906671944
0.054088413645366255 9576.475868065914 975 11232 1304.048439404973
0.05929973380105565 9897.886128253263 976 11273 1467.4237350021535
0.05292668946081027 9567.672990168774 977 11294 1303.8673963003937
0.06049719211714553 9508.94959439695 978 11299 1850.621586337501
0.04999660227581139 9720.142117958067 979 11308 941.0197721092778
0.057418024294194146 9586.684423659593 980 11324 1473.1319200313364
0.05313722424715237 9990.791018983076 981 11336 651.7444914995082
0.0567707431597014 9597.640368960198 982 11339 1404.164645592529
0.04112766190360052 10286.118320117062 983 11347 1819.2778278378073
0.054025394878645716 9606.19051706304 984 11356 1228.8079456851283
0.0439142711065346 10261.562467060194 985 11375 1259.7132376414334
0.048487823943904135 10040.770778586366 986 11405 455.7866271209201
0.04622030499568929 10349.086948379436 987 11406 1093.0828143517851
0.05207316830779306 10396.52908858193 988 11417 1411.0469088864506
0.05053935526153201 10205.141358884539 989 11436 740.1141868598584
0.045474293264065886 10318.669405048522 990 11447 1103.9029344916573
0.0438691681452662 9879.496900104788 991 11474 1470.65731383625
0.0413762885747074 10527.418089163757 992 11478 1965.2412427908832
0.061357444643747844 9605.695888197972 993 11482 1803.755064335253
0.05049685710587933 9700.028449009713 994 11498 972.1770694552314
0.04744151005109934 9438.401421456894 995 11499 1966.6639211978716
0.05086044436228995 9847.510977322385 996 11501 581.6346519745294
0.05309963867841415 9459.967790020079 997 11510 1601.8158298449457
0.04388618395889561 9685.214942561017 998 11517 1846.4858950147031
0.06099921050668959 9976.406137285385 999 11523 1752.821419296662
0.044750310958446504 10217.904982520404 1000 11526 1085.5562545315527
