0.01915194503788923 11221.087710398318 1 1 9841.815468331752
0.04780608440641118 10595.783918214893 2 2 1795.2583464158627
0.0503003434817755 9950.1943069983 3 19 757.476599158645
0.04756444681654855 9986.77268969674 4 24 893.8199125903083
0.054644853460533306 9915.74663914046 5 29 1051.9134908821306
0.05056619613850828 9551.395815808992 6 57 1550.8198414646092
0.0515076288450225 10341.0842344634 7 59 1336.3345203358667
0.0420272110425088 10227.69280148154 8 75 1743.5450637771257
0.04482087652313469 9781.65483771659 9 85 1614.3686244806172
0.05209216765926766 9752.150614107399 10 89 1049.2229238277228
0.05451560376589848 10350.118485191491 11 113 1669.9387516115455
0.061590989645831276 9798.931217656127 12 136 1858.321926988853
0.05450081548444379 9589.408971521918 13 141 1452.158347406607
0.058134270390917425 10138.394113014725 14 162 1697.216957926862
0.05949251753853257 10064.428483262885 15 163 1768.780569886667
0.04726688404261732 10268.498707847548 16 181 1057.8698512089493
0.05623707889286546 10149.434778438746 17 209 1467.8772698706287
0.04436995099333569 9808.857753779745 18 214 1642.9359397803132
0.04969469912989242 10367.71380284522 19 219 1277.6138544409605
0.05167693946887422 9641.533989970703 20 222 1290.378393251339
0.046109590237014046 9715.106507232123 21 233 1549.8897567702027
0.04280300070666846 9953.334472428805 22 244 1734.3311753572348
0.05791677756364226 9973.89738673946 23 256 1472.4313614889174
0.046714918646100834 10303.806500806188 24 264 1146.1139736120708
0.05316970988380484 9549.507649583074 25 275 1513.3956584542948
0.041440417448637086 10030.012958773174 26 288 1952.6638394234544
0.05581851587949505 9696.893804219357 27 291 1333.0946290241382
0.045121370605089764 9653.698110926056 28 293 1835.3510278877984
0.04571260964384211 9901.382143802532 29 296 1257.7787624915256
0.05422742185555804 9641.28727941934 30 309 1333.6386009206558
0.04736374117694729 10615.707548635031 31 316 1837.9176591798323
0.05355702089484637 9718.010187930975 32 326 1158.6956367899768
0.05880275327430977 10156.150607291745 33 339 1812.9642853956943
0.05916385546743537 10201.747406670487 34 355 1938.185365158528
0.05360466775180319 10097.416823410806 35 365 1059.642879091435
0.052099442007058676 9503.300659896053 36 372 1634.8044539946047
0.06036846128356199 9912.20459459336 37 385 1742.8587631147482
0.05671962159558322 9947.137944862981 38 387 1304.1420463058728
0.05232375168069289 10347.63386647683 39 401 1427.4412934257618
0.04564885626742154 10056.617146131814 40 402 1111.2999731446173
0.05227282002765121 9905.881349919175 41 404 847.765837585894
0.04470891477418428 9794.943816160288 42 420 1608.4596308434254
0.04932052477244899 10452.071602737375 43 432 1472.7280016965167
0.05062929555915512 9609.12993611523 44 443 1397.4454327257106
0.05331122740245706 9953.204668830567 45 468 916.2151035652535
0.04218562617807162 10497.532600307448 46 485 1906.880156147288
0.0508550940458449 10397.414220879775 47 504 1425.5321844909242
0.05468910006681557 10455.44732732658 48 518 1951.36553253909
0.04769627967113073 10509.717077991485 49 523 1571.131905636242
0.05222702740415728 10052.666216528107 50 525 864.1617484341649
0.053302561166791364 9613.991139154221 51 528 1363.1569058342327
0.04679843232501479 10244.70898612155 52 533 1052.1588993763178
0.053657819931154274 9756.95703066532 53 535 1098.9075717918956
0.0463266112878399 9892.778203044985 54 541 1174.8998566321045
0.04374597397085995 9969.086561504488 55 567 1525.1963207329284
0.055184168214108854 9501.198479464432 56 641 1672.2812017770789
0.05190885742053853 10514.685059924648 57 645 1824.3177014126297
0.0513370714285351 9503.428786214035 58 646 1651.4324653352558
0.044519919147034195 10248.247780804408 59 654 1312.6902802739542
0.05613426229633447 10302.07811961616 60 672 1754.0691919134429
0.05445780316111292 9507.13399808369 61 677 1637.4162134585595
0.04739781609571754 9761.902784485079 62 685 1277.4132238988677
0.054264764226019356 9896.590523620745 63 692 1015.3921251069564
0.05287978385758167 9560.944899087568 64 712 1483.3639284806231
0.05600133449315311 10388.172030721686 65 728 1936.4194718515541
0.06183124308319406 9939.853998088185 66 733 1940.7985769873208
0.06193667963218708 9697.894099578529 67 751 1919.4611179151877
0.053716930071819526 10042.405566293452 68 755 1007.4748993758972
0.053968216459879745 10227.672255804882 69 758 1331.3529103468188
0.04660472407668542 10267.90927227993 70 796 1098.4394403744832
0.04609885402963743 9911.376876017543 71 815 1181.7441708329013
0.055799077003105935 9569.589443311588 72 818 1551.427488714034
0.0414727979115626 10317.312362553801 73 844 1875.107997663718
0.044041693629767675 9791.73525074741 74 865 1733.769769361017
0.043125941985512825 10391.236057720484 75 877 1645.252334642498
0.0421100430931925 10061.059962091444 76 883 1780.3058515837001
0.056333312604334676 10361.58647749309 77 927 1913.5517432882555
0.05688718887665763 9905.989243483413 78 930 1310.5136555530041
0.06035635032361135 10119.332052934822 79 940 1955.8047809356653
0.05020089667051262 10070.342338405826 80 954 758.6094976882744
0.05420923964190403 9813.508770569335 81 962 1064.1661220319118
0.04254990316720562 10438.740374292014 82 991 1782.5662331674396
0.05108834316712369 10309.14241708125 83 998 1224.742736155856
0.05391150344290789 10238.95506769434 84 1021 1348.2280387341382
0.050337347105058966 9701.421193183178 85 1032 1181.1102705746723
0.05732828348954254 9875.970347442904 86 1048 1359.630426386068
0.04595315858208364 9993.223184885366 87 1050 1107.2576660375564
0.0542461468451 10397.414646154668 88 1054 1754.7886478420623
0.058481842343272944 9663.047864447664 89 1061 1602.1637191449797
0.057804791837497364 9539.934867048194 90 1118 1727.4963394875372
0.05540255918457624 10225.851772549157 91 1119 1502.187041833152
0.047931392319923626 10221.271024644624 92 1121 955.076387241631
0.05823094991757367 10047.42888202614 93 1131 1583.8829863990964
0.04502296472271921 10202.368283397958 94 1149 1212.0171884788306
0.062119423384330776 9631.286439731644 95 1152 1979.188802983568
0.059207396601574605 10086.347302614311 96 1175 1760.494735261996
0.04687220982149637 10524.226408448505 97 1193 1603.9904934677204
0.05108644360250732 9463.836940323572 98 1218 1767.0104134137468
0.05094787479453786 10198.735081087543 99 1229 974.6362001487
0.04476468433784595 9694.421859849574 100 1236 1802.127529787149
0.049604435103277764 9412.574384220476 101 1259 1982.3746210964625
0.05171974902157734 9501.54721555791 102 1272 1646.578714183059
0.04179891811848909 10331.99545598897 103 1309 1819.367074532876
0.05540531928272414 9588.854597413532 104 1311 1492.9738427346224
0.05430112126451002 9895.651450831136 105 1325 1019.2724694173249
0.05000308604860129 10107.527833965156 106 1338 787.6253535131926
0.057756947546726924 10106.890983672176 107 1339 1599.871667186802
0.04259261096430844 9935.397954414007 108 1349 1800.162309534757
0.04677952848541557 9636.45271116225 109 1350 1644.4379569187438
0.04196515294392757 10437.064018657313 110 1354 1871.009481789679
0.05836391013475454 9811.511170813528 111 1357 1486.874298779358
0.044555861550901445 10405.78619675671 112 1366 1486.8154908781135
0.050871769287840644 10377.867547572932 113 1374 1376.974333954805
0.05009888289070215 9445.043582924218 114 1380 1863.102976148369
0.04857080964204533 10090.374958171917 115 1399 790.7431678444736
0.045394640969380944 9974.271118109997 116 1465 1217.17425887622
0.04686151960647487 10486.70238043213 117 1480 1514.8529740911008
0.0527906530303481 9726.877764727105 118 1489 1113.6971888613525
0.06241660545596791 9922.11841808873 119 1496 1999.600967747415
0.041998702116156666 9923.679132931404 120 1497 1942.281726532386
0.046995050820199134 10651.306368677328 121 1511 1925.0423127490653
0.04574965876679535 9578.532968111576 122 1512 1921.3908768214687
0.0549368797765437 10360.538872967221 123 1517 1743.968457537778
0.05952589147030123 9497.667045389162 124 1529 1919.7565867451208
0.0567391497517363 9423.479434310579 125 1532 1907.5317151570298
0.05288987234632156 9450.04352935962 126 1565 1767.2625540468414
0.05541585829935117 10421.965771023613 127 1567 1949.8568755253873
0.05613126657543714 10014.762626737347 128 1568 1276.9409653731545
0.05031444111440108 10048.056770315141 129 1581 747.5998275949154
0.0600286879393555 10125.085900173033 130 1623 1922.387056940268
0.05105519270846168 9986.286573713382 131 1640 757.0026452252674
0.06004722781708971 9758.772504261478 132 1649 1691.2760673703604
0.05899214367807082 10230.403039081197 133 1675 1969.0753101676614
0.04500005382390572 10193.031612805584 134 1679 1210.9427140434202
0.057370561564784664 9419.402975180757 135 1680 1943.9074465656408
0.04595776518738269 9820.73191790849 136 1687 1355.063728133196
0.058847139158493496 9569.347970107932 137 1690 1755.5076402480906
0.04824870576354566 9845.315930913868 138 1698 1015.0146436978958
0.049685823949576505 10195.281328395424 139 1709 905.0995169230993
0.05515164789668383 9635.86265199434 140 1712 1389.2365722217967
0.0449156296255626 9803.63431508303 141 1714 1556.5875991343253
0.057301566197057806 10344.764866845993 142 1715 1993.7434436560443
0.0491483231906003 10213.397958088079 143 1716 926.3434655191069
0.059740985459862596 9874.225241543843 144 1720 1650.5933519603911
0.054722527236253066 9633.214396671554 145 1742 1371.9722249096656
0.05116143206379359 10124.527774817327 146 1749 864.0673603600774
0.04543667942381867 10180.50419530302 147 1756 1142.8080390387152
0.04783795752762104 10115.088599113153 148 1777 848.2993655269992
0.04658185746249412 9711.00479568022 149 1782 1493.9020531452281
0.0566418928026831 9397.358416561718 150 1793 1963.9787778776486
0.054998200244387035 9675.009659167365 151 1803 1310.7695440297578
0.0469026911930443 10153.761546835809 152 1807 952.3817223186177
0.04247856223520463 10418.600873975021 153 1808 1771.1708402408672
0.05005688793584881 9455.215874486434 154 1827 1837.1632336795494
0.05592333085190273 9932.950010284181 155 1829 1200.9362642612505
0.05889596081090005 9773.116709922224 156 1840 1559.1838025451175
0.06034435566121921 9802.75973613875 157 1844 1715.1154709310695
0.06020592244675659 9655.275012552382 158 1845 1772.8984107663534
0.046920935348889296 10659.365421011495 159 1891 1945.0805375274947
0.054308359415067155 9384.482700614662 160 1920 1942.0842344732953
0.046520830074348214 9685.830441134052 161 1935 1559.8204372517646
0.04171878510331813 10150.775982931715 162 1951 1818.0441766828849
0.05221919313681634 10126.27617284413 163 1952 954.5073321649332
0.04607916581763846 9694.58040495268 164 1954 1600.2862212451832
0.0459883380064599 9932.728172652884 165 1960 1169.549516839922
0.04223398338940725 9873.167224195531 166 1969 1960.2874255534994
0.048518753740723966 10356.792789099816 167 1970 1213.258059212261
0.043934502607927084 9766.933395920041 168 1973 1799.6489056902983
0.044152360537721924 10246.402736869866 169 1983 1367.0060803806684
0.05034604118346236 9605.823316806216 170 1985 1417.8395168438706
0.04722401994946447 10587.032455006638 171 1986 1761.61673888985
0.04915793854400157 9827.227250442224 172 2061 972.7675267145096
0.06245203947614807 9653.38904698729 173 2064 1996.7062366781156
0.05670745959523456 9474.687878083103 174 2066 1793.025353075223
0.04931044788073481 9506.960287895081 175 2128 1740.6297816173374
0.044225592060479074 10421.394930108785 176 2135 1545.136839075188
0.056317062544836885 9620.403448766137 177 2186 1488.2122897141637
0.04671671042964737 10058.076273338747 178 2197 957.0370587970214
0.05537644155251509 9654.592271289148 179 2212 1368.9699978478677
0.05749509350193793 9913.924111959492 180 2215 1386.943308676972
0.048072930063691635 9655.548691902955 181 2219 1453.4606436653717
0.0460946674750515 10045.490469360873 182 2265 1048.4374453380976
0.049237582710372554 10278.098006688757 183 2269 1053.8919879852792
0.05144815506369039 9548.726036941829 184 2277 1528.3390228196345
0.045144461734937774 10617.546144979246 185 2305 1861.083570799571
0.04355573504278424 9806.208310469347 186 2316 1799.1887624092926
0.051975094747570796 9884.603890968307 187 2320 849.3983863867157
0.05107467661042927 10218.786716450122 188 2359 1023.3961591310723
0.04963083487250349 9904.721961234283 189 2386 819.291583931066
0.05279335705599334 10076.430138800599 190 2389 943.7133858345139
0.04593340179365955 9668.857398355045 191 2408 1679.894387022518
0.04550604690485993 10467.872982585499 192 2414 1521.235173494769
0.04234305536505667 10239.925821116953 193 2422 1682.689425251088
0.05582216391496804 9914.402116223982 194 2450 1184.8737994284936
0.05438122380351811 10022.560416577298 195 2470 1066.6467541816644
0.050176783804810624 10508.306775131854 196 2479 1670.519621007995
0.0493154912937901 9479.535421671675 197 2502 1815.3102740893637
0.04115524603274431 10097.749687621315 198 2537 1967.4323997178217
0.048497737089893876 10342.328700678074 199 2546 1180.2603369834744
0.04698641787733432 10184.854959516275 200 2553 969.0921825062765
0.05512337315075526 10453.454284323521 201 2561 1995.3578864763203
0.05639196154858737 9839.451859088213 202 2575 1257.8741303562606
0.043878865352084684 9773.6052582436 203 2624 1797.3300940151187
0.049470427715052695 10074.158722576516 204 2637 756.0389239700231
0.06197839745562497 9841.486366503304 205 2650 1909.1754223918851
0.048464091479311154 10216.832973665374 206 2664 933.9402651835676
0.05149271869901757 10050.362174811173 207 2665 804.0957953253687
0.050100499777754055 10016.299468476916 208 2673 735.9517199415037
0.04245439744026766 9916.09632656392 209 2682 1854.0498016698493
0.04384692908707129 9944.901404941507 210 2685 1533.7367128469975
0.051142217201212724 10503.949450731454 211 2696 1729.7730758995297
0.04398088884256769 10533.426974416292 212 2697 1757.1399567980077
0.04523304065386864 10530.743016730537 213 2777 1665.6984735025117
0.04472172739071743 10323.116347237725 214 2794 1355.8781874527765
0.05385801169691273 10340.255367779098 215 2805 1571.3052767991533
0.04664148675958507 10381.088316168034 216 2832 1291.0643465952005
0.0538179142295939 10026.966930676908 217 2838 1004.9068374704098
0.050560544970224136 10247.761143176476 218 2920 1048.5075795111575
0.04751643727987743 10658.833038515462 219 2922 1955.2389071030068
0.051809003497101234 9538.638577138667 220 2934 1547.0087102011487
0.0450401798533597 10081.864242931786 221 2966 1200.025278691864
0.05622935491495763 9641.15784155033 222 2984 1447.7930926744611
0.057522505794010755 9992.308483435527 223 2985 1436.2607333171718
0.04964132618992131 10020.971491683356 224 2986 738.6716825770478
0.05468893763152456 9465.491785686549 225 2987 1743.0360808039563
0.044223075628422884 10175.477295344435 226 2998 1329.2963374238802
0.05848913040165482 10183.971996721462 227 2999 1819.6322330488338
0.0466490076207598 10522.747222955857 228 3008 1602.5690614043779
0.05018913394980336 9936.638877722706 229 3018 768.939432925984
0.05918508334088915 10211.955284190042 230 3023 1959.42133785355
0.049155221064175414 9968.146751173508 231 3046 776.0852763387498
0.048733863539770085 9937.47288161666 232 3053 832.0800565276115
0.043755928142580336 9955.66666067392 233 3057 1538.5841442490305
0.049010724924744384 10338.679782783112 234 3068 1181.9817002653892
0.04736820237931285 9943.5164461131 235 3076 961.1837769666799
0.04866188932669343 10464.185297641845 236 3093 1477.7890885103159
0.053766517371304785 10147.397619018224 237 3094 1155.7886337945476
0.05257261361203119 9736.88563709176 238 3101 1088.6102088563337
0.04398320957042908 10091.77466377429 239 3102 1383.7929568611526
0.04799928904172846 10596.51023836298 240 3115 1802.546348635307
0.0440299687715368 10483.078500457568 241 3139 1663.8132870431123
0.04220910087850033 10471.553278318479 242 3141 1871.2684793686394
0.05603189717835744 10130.453923716359 243 3149 1410.4441761697576
0.04403510859137001 9846.507776709495 244 3164 1639.707075729181
0.042887703184478335 9940.122124443616 245 3166 1732.575030098494
0.053423664204569975 9866.604631928327 246 3175 955.4119679318082
0.05559687169848521 10085.936758175952 247 3185 1288.9562916158407
0.04935389884361667 10493.875273714466 248 3188 1583.7970183047746
0.045144446067066954 10132.76564584152 249 3190 1174.6256548000233
0.046463951638833906 10376.04187680943 250 3198 1289.3775572433265
0.04131661124421936 10051.66678259463 251 3210 1962.7848824466048
0.0445833322984199 10345.857266731107 252 3275 1400.060974042159
0.05104678521178847 9922.406243977955 253 3292 785.0510803682906
0.04526362577856806 10092.757594471226 254 3309 1159.927501780533
0.05416843919350998 9753.481153827763 255 3310 1134.8854275239175
0.04845511424850776 9706.578091990717 256 3312 1293.0208317448275
0.05661337203493158 9596.995883858775 257 3325 1548.1442689154615
0.05394258736887747 9729.752323452667 258 3334 1157.8678346128065
0.04894856349193033 10550.215810785603 259 3347 1714.6649144428477
0.057722221677445194 9914.570443932698 260 3353 1415.2240646447465
0.05722085752340835 9570.095725657155 261 3360 1635.412004995009
0.04187370538871996 10356.606532387554 262 3367 1819.997525972017
0.05142060360622707 9410.346567196624 263 3407 1903.1773984631354
0.05290049277961536 9702.627791082032 264 3420 1164.1307877973518
0.048136906515322465 10521.879882590627 265 3426 1610.7330817620075
0.05674934559007539 9658.71805320861 266 3443 1459.5362540543397
0.043958517132529185 9690.220560504255 267 3462 1948.467010071247
0.0502104904042601 9577.769540255287 268 3481 1497.3883065677605
0.05522685225207568 9860.317585870935 269 3485 1125.642757169651
0.05083896910662315 10489.05849576466 270 3507 1665.7539825002805
0.05136856055555384 9897.294950550846 271 3510 815.3246703352478
0.05650261776656183 10198.880926931839 272 3514 1589.6937271875202
0.05532725648143319 10343.152389506618 273 3521 1749.0865795022044
0.056436042891071826 10366.680202199583 274 3528 1937.9232571115424
0.05036880882553776 10519.313074150738 275 3532 1713.357466101647
0.04995717481982893 9794.383326229452 276 3550 992.1680158828971
0.052798035477172704 9738.199775249657 277 3560 1092.716677747341
0.05063662623269555 10607.490129988137 278 3570 1975.734038118536
0.058565683164130314 9522.619828008175 279 3575 1809.6176221695591
0.048788775826938836 10055.295822911607 280 3589 768.5356842389298
0.056460629463160654 10350.000803670715 281 3602 1902.232863674504
0.048505705088319404 10507.752203561358 282 3603 1584.9024786666334
0.05829859281050276 9528.864613194351 283 3610 1780.3651285317435
0.04920147462533475 10441.7474839196 284 3633 1440.8004754730325
0.05259724133708947 9528.321832060274 285 3661 1565.0452467744876
0.05281645894981929 9654.973897328313 286 3666 1262.6081876829307
0.05712455765238577 9670.856730794263 287 3679 1473.3833407624293
0.05941277708927461 9812.077499982332 288 3731 1606.8676731830553
0.05313219662622504 9388.769929417365 289 3743 1929.5375196984655
0.0564460291978971 10098.963156637707 290 3751 1416.902476232055
0.05314729382681175 9833.41286111788 291 3752 966.572490617604
0.054684974131140755 9947.355542202142 292 3765 1059.9009640239326
0.04476309730854652 10054.594073248038 293 3826 1260.5970704930153
0.04701725005479423 10133.781320041679 294 3830 929.6378756027023
0.045141515523629536 10118.541447961456 295 3863 1175.4010899052407
0.05550315362482692 10001.315080755927 296 3874 1186.2110111763382
0.04593525296596487 9932.94517137094 297 3880 1177.6583715018287
0.061060327492530556 9679.684837818906 298 3890 1839.079090141598
0.04505298520820375 9706.031409449959 299 3900 1730.2757365829443
0.05973390243183689 9582.322849815244 300 3907 1810.0153388700007
0.051855181691202665 10069.033988384834 301 3919 848.1918606602776
0.042407097757992535 9842.89431351235 302 3920 1969.2604938763197
0.05377329743038498 10456.92407536101 303 3953 1854.7368010802968
0.046995174672469886 10110.894225669463 304 3964 923.2190805573281
0.05092304496933817 9382.191390679056 305 3966 1999.9545913629788
0.05195318712971443 10166.179550858185 306 3972 995.8936511482108
0.05403828514913867 9967.860612561848 307 3991 994.06416270854
0.05466064190286952 9577.5231332007 308 3996 1483.6951013138053
0.05127614178929889 9902.082969366376 309 4018 808.2877466831636
0.04572687559376652 10463.626728569 310 4020 1500.5910076208843
0.045757143587694754 9845.340317274426 311 4041 1341.8086264291896
0.04996630015165068 9946.867461304659 312 4046 763.8579982115388
0.050749533879266 10269.740554987011 313 4059 1108.960043155921
0.05464948928075005 9381.266742915059 314 4061 1954.0634407077114
0.04954439304458395 9781.462499946281 315 4066 1040.350730424907
0.051626214243500085 9394.825663572978 316 4069 1939.9604314256494
0.04503571071071548 10424.528293765652 317 4082 1473.0191583441333
0.0477609838488038 10157.307652223799 318 4129 885.0289437001037
0.05770963630525201 9913.7844726993 319 4133 1413.3935135852482
0.06099127980600036 10082.499849456244 320 4147 1984.7028627764344
0.0513840174093228 9533.043831554975 321 4164 1571.2153790290283
0.05512768600650697 9542.259720103006 322 4193 1578.181653682441
0.04402227689500789 10439.184053276911 323 4200 1594.0560808245245
0.05996437046705021 9855.590491154806 324 4207 1673.2550014460007
0.052661580054813396 9477.217830727339 325 4214 1697.1291735445843
0.05348037301896606 10504.8278727639 326 4220 1950.2855649140608
0.05081904480363407 9650.363594016435 327 4274 1287.0970107452356
0.052093913993605884 10478.973684762064 328 4296 1744.7995404941782
0.05543636234956227 10392.146754634758 329 4314 1878.9567631018815
0.04973559758046484 10539.019090393738 330 4335 1725.9616041424936
0.04440722163480836 10294.659210324537 331 4339 1366.2982171324759
0.055044682755507536 9844.944855553096 332 4374 1114.5800069650777
0.0497625458551289 9665.994766064992 333 4376 1295.2506992066203
0.04523241991615582 10004.995005423836 334 4380 1214.9606401281922
0.04479565386726584 10604.590653669573 335 4385 1846.7455562019331
0.04334492052005519 10198.058237348409 336 4389 1487.2949167067652
0.04887757021376395 9895.534232125457 337 4394 876.3478740492102
0.05706385678026937 9804.218692992368 338 4405 1345.6107002202823
0.043193558422655376 10278.363541725064 339 4414 1541.359608014991
0.05405706627663641 10462.401901876814 340 4417 1899.576550809924
0.04923543289037717 10372.649759188289 341 4421 1269.6667907751034
0.04185092218508243 9931.704821381409 342 4423 1964.5807322716341
0.05213501783651863 9821.843776286025 343 4446 931.861314988203
0.053689613153914635 9376.65976101314 344 4464 1960.1062225091423
0.04952458544359555 10065.214837122116 345 4475 750.7524220595424
0.062055613836793026 9931.72939680082 346 4482 1962.3930874527098
0.055323691175512085 10336.596099769557 347 4492 1733.3777232878315
0.061204505253266726 9845.108263764108 348 4499 1818.8480342811629
0.05693782004309645 9623.468911856817 349 4511 1526.8490284247591
0.056402692789001785 9641.803356205037 350 4547 1459.0301066268653
0.04343178794837833 9838.735947287954 351 4568 1768.2003433843536
0.05569296161306671 9712.615093461209 352 4575 1301.676812315377
0.055057060474011446 9881.189258696217 353 4588 1101.0020939861529
0.0455284926757047 10445.990112817255 354 4599 1476.772691986393
0.04750648835254017 10459.112660004894 355 4603 1445.657123002418
0.04830600588056968 10612.799628872492 356 4620 1856.507983919234
0.04657001280089022 9663.575070304549 357 4632 1605.6575124350397
0.062489329628452106 9881.20096691032 358 4635 1984.5122143627416
0.05715829534692105 9836.964274687121 359 4644 1343.8645613557353
0.04590588856958484 10362.270566589332 360 4663 1298.2715847768134
0.05361775157148392 10120.422575300287 361 4672 1094.7688846938408
0.06081821527636895 9887.260965148553 362 4684 1786.146250498049
0.05978535949586237 9850.801396119572 363 4693 1651.0572128916
0.04514049817536798 10629.64058209087 364 4706 1889.012209336986
0.049955769671247756 10503.01966108399 365 4724 1642.0983756710716
0.04988185908754785 10553.401258636886 366 4727 1774.098264382554
0.054236209146073605 10411.009654600475 367 4756 1787.7369985254725
0.04796396386486841 9522.194886838479 368 4767 1808.9607693962555
0.04163471755784777 10183.984875229467 369 4803 1827.4632039061873
0.04770050550419374 10069.452113893567 370 4834 846.2898925993023
0.048467664691121355 10373.088300370977 371 4851 1250.0775668482793
0.05010629669913816 10223.25794530743 372 4888 973.0817962793393
0.046251761096350825 9867.615512515626 373 4925 1226.8444883262325
0.0543401407618264 10056.353734368153 374 4936 1095.1849560750595
0.05304429240685712 10079.872874219087 375 4974 974.2311476598895
0.04804551262951445 9614.427677202759 376 4979 1559.7814040935104
0.056783438534619625 9472.272559474986 377 5001 1801.7956522730105
0.04511493292384809 10018.350952011146 378 5052 1224.0143277336304
0.04149380125927711 10460.81452939773 379 5059 1971.9517764446207
0.051554013181742825 10395.921751814023 380 5071 1478.2838081538148
0.04767961644700472 9706.567745843675 381 5081 1370.7316288557413
0.05543219753041779 9919.804875282327 382 5084 1140.2028808817747
0.04509010235792246 10304.176968442362 383 5110 1290.2735381013047
0.0561538410297003 10128.186729109886 384 5115 1422.6570292420106
0.05662961034898613 9784.494878734036 385 5123 1312.0492528415286
0.046442023564175025 9729.699901951803 386 5129 1470.976724459793
0.05832072403887034 10238.002365275432 387 5167 1897.773246217974
0.0496094657803611 10155.14006830398 388 5193 839.5587719615479
0.05712619082053084 9871.923168039039 389 5206 1335.6561691017366
0.058015937206587466 9686.732688784454 390 5210 1533.5919178260438
0.04385914597457536 10522.839505995928 391 5232 1748.8620299880736
0.057198622662341665 9945.24804911505 392 5256 1363.1416745947001
0.06077811825291505 9849.436710572172 393 5268 1769.2029930722413
0.05296944544437435 9838.91967734284 394 5292 949.4468428116718
0.05915150857218321 9509.875924501503 395 5295 1872.5558158743781
0.0472181509164448 9850.984184649831 396 5304 1121.3073029887476
0.053802321666258306 9544.73797688637 397 5316 1533.7635815479184
0.046114916628981706 10258.73354128547 398 5346 1128.1607111400729
0.04834839623279829 9826.50774826497 399 5351 1040.9391463207023
0.04439848510761582 10257.277355076487 400 5361 1336.781425435868
0.05106768862534643 9408.847497933573 401 5369 1919.6723646593368
0.048446745102116086 10135.181816088014 402 5372 828.6186895745285
0.05799523066508138 9883.160621527779 403 5375 1440.4851278735666
0.048909306560417594 10134.291299949962 404 5382 814.0050759671248
0.05162664383244564 10226.543670195893 405 5404 1084.0003763091545
0.05749378605196026 9634.087004351872 406 5436 1553.750157793645
0.0559975324588236 9880.041424170846 407 5448 1204.5706501607006
0.04937985913308645 10268.304592534365 408 5460 1037.1978699635893
0.05244445456194753 10148.374084383158 409 5464 1012.2399306832585
0.05620600672288682 10315.360198026336 410 5466 1792.3955364656024
0.05464008631993226 10161.966842671276 411 5475 1286.527135871746
0.04885797770829287 9456.48787706146 412 5482 1911.6800283521904
0.049369538390283456 9979.16107652814 413 5483 758.9195034634665
0.05450327441483376 10097.422156394941 414 5491 1167.0030706488808
0.05428801601347183 10316.419830857663 415 5496 1564.1235881358282
0.04645772097614254 10372.085135608702 416 5507 1282.1364398578728
0.05614244859764587 9736.962021790516 417 5525 1309.0370367752023
0.047188955056237644 9538.17771274454 418 5531 1845.7043580007055
0.05905236989518882 9852.659905012402 419 5538 1563.7664676419238
0.04553526414838871 9995.692997081715 420 5556 1172.3361443531944
0.04704897851284101 9729.258420242302 421 5569 1392.3143443016413
0.05304737476813046 10533.112456815627 422 5582 1982.458464186604
0.05884628420798048 10148.1116210308 423 5606 1805.5064248282054
0.058625449425265645 9539.918239582023 424 5612 1784.8310980380204
0.060167580360446345 9558.32713762966 425 5634 1878.1847191517597
0.055007099915368673 10422.368940393837 426 5642 1903.6052826182865
0.052106781141470264 9705.415917557553 427 5655 1144.132191802997
0.04142247987683815 10346.110839743815 428 5659 1897.9518009838887
0.06237233856344996 9783.522107423254 429 5661 1946.9392573691691
0.05677290312339895 10335.408858555696 430 5672 1907.3517049527286
0.04582550421884841 10463.077734726803 431 5684 1494.504259107069
0.05596217149506024 10070.336205958265 432 5686 1315.6659820298155
0.0500951006849003 10362.622508848224 433 5708 1286.6640224025946
0.043739717606325154 10443.920366722356 434 5714 1632.7745178199157
0.05565388633291562 10138.193960873303 435 5748 1374.1715187678444
0.04382313254575927 10519.6186036453 436 5751 1746.5210006215746
0.04374623431202574 10544.799854045157 437 5764 1798.5698719741665
0.04799510896948916 9874.026742228236 438 5806 990.3169050989344
0.05410904797862444 9805.768918541165 439 5809 1064.427543566449
0.04740349674694913 9849.855755887389 440 5811 1100.201483007861
0.04675185657961703 10111.216583355863 441 5829 950.5235617068331
0.05546932093006083 9468.635482962136 442 5830 1756.9753969858118
0.04981271634889805 9548.750729377743 443 5831 1595.8760305677172
0.05451217949608994 10193.420639777572 444 5836 1328.5300588953776
0.05167773003039159 10313.072422728856 445 5844 1283.2519929686384
0.055398468128225284 10037.689586643572 446 5852 1206.0710350277955
0.05292400699415937 9955.041067151811 447 5853 880.724704748543
0.045957659830538455 9878.721456630337 448 5876 1253.7644430543494
0.0415981665041836 10419.642822964313 449 5900 1916.210919222973
0.053967821150115 9800.52128156135 450 5908 1059.8282355354436
0.04234041766377039 10281.622850793732 451 5917 1695.1262608370841
0.05110376604758719 10378.07002804208 452 5918 1395.3947859055065
0.0556225090534513 9713.71613888502 453 5932 1294.7108065832297
0.06216847300630247 9822.448612566199 454 5952 1927.1321154146722
0.056239460950183076 9544.876817682221 455 5964 1623.8649460194863
0.05276529537206243 10265.259704265653 456 5999 1278.0258942650926
0.047181084281055094 10281.013283875649 457 6047 1082.6394352058173
0.049441435285093614 9544.274836193794 458 6063 1630.938412983584
0.046642541694697406 10457.251923723617 459 6065 1451.7772074165819
0.06255834467919538 9757.483076476374 460 6093 1969.168213618032
0.05507864730640238 10297.946680551253 461 6096 1615.6586853557437
0.053823443577450086 9787.80021375954 462 6110 1065.3796855983896
0.046327606683704246 10030.849450259391 463 6129 1022.33058567596
0.050607058279173084 9878.368507040452 464 6153 830.0911638309684
0.055044275024600804 10389.907463800262 465 6159 1827.5811628373267
0.04621969463530679 10628.625456897118 466 6176 1864.4394583450655
0.04742099854987862 10492.325629330042 467 6179 1525.7029162929
0.05127978551269117 9685.822238126428 468 6188 1191.124650541919
0.05229760623139492 9736.613129575064 469 6192 1082.9227197801922
0.04943956015513046 10125.02391005247 470 6210 799.5174743954465
0.044953461894966476 10287.290134164996 471 6217 1287.8231022352172
0.050240116933299994 10264.204690050474 472 6251 1065.0149232883582
0.05773161994920553 9899.122553865585 473 6290 1411.7414533713502
0.0462968393826444 10287.24736690731 474 6296 1149.9207881562788
0.04889785986214695 9845.424031084303 475 6306 957.8198825257806
0.05685969725731839 9670.982478497408 476 6320 1451.2905964661675
0.04296110768766774 9999.83216194394 477 6326 1651.544233940636
0.04535603852518295 10634.52607493781 478 6336 1893.723448797069
0.05345989171457602 9782.647369920871 479 6340 1049.7406742730432
0.052409390316691666 9372.45177651675 480 6342 1983.2996912931233
0.05223792476393122 9725.501955064645 481 6347 1103.9762186976843
0.05801934301973886 9630.80742419254 482 6349 1601.277405799173
0.05171917801219466 9943.775668999368 483 6354 796.8868214741017
0.04113795553918872 10345.31754037262 484 6361 1952.8400235779648
0.04592418484182046 9638.381860969037 485 6374 1752.5869290132346
0.05070002342013685 9571.358898970168 486 6377 1492.658080020916
0.06011552235020094 10145.513896571802 487 6387 1965.1798507187539
0.04833913266948751 9773.416874690662 488 6389 1151.2386950371767
0.0474148015320572 9833.85869705152 489 6391 1128.4325213892394
0.053735546932479235 9484.368931469173 490 6402 1680.531938824084
0.041761161311807744 10335.283132356764 491 6405 1828.1639661977147
0.04812451917371365 9603.392353629488 492 6407 1580.530037663113
0.048547709432686624 10230.244259582376 493 6415 955.2850120366704
0.04732748086864143 10527.992812049593 494 6446 1613.2440651331572
0.04526783564071817 10508.98600583862 495 6486 1618.3302104342597
0.058266094346184155 9713.657818410084 496 6495 1531.6426729815328
0.04390244840327581 10087.83404088567 497 6505 1400.6511893080763
0.04323683196728082 9929.778707531541 498 6516 1673.953608960815
0.056954578962604176 9998.43295697183 499 6556 1368.240755883572
0.05438611323166661 9391.786887356777 500 6558 1923.8226599736097
0.056135115464080246 9759.32684209013 501 6586 1285.1328000110852
0.05942936061676062 9980.898322233643 502 6589 1671.9580530081607
0.04372003806222213 10167.771428061295 503 6617 1416.8957490240346
0.05038692724482608 9584.689761094374 504 6641 1470.8993904040783
0.04945446240314128 9768.315774618508 505 6642 1074.0425031324492
0.04930407218517223 10025.099913826276 506 6661 746.4939272016877
0.04670488913978425 9598.037402350252 507 6665 1748.6046976314153
0.04667140988126656 9816.892730951628 508 6679 1257.8851505686134
0.041490181485372396 10485.65524129059 509 6683 1998.297870636551
0.04471815799166288 9724.817138279175 510 6685 1745.5671643285498
0.04881537684433017 10452.5444884263 511 6716 1453.2921576352746
0.04562223769526981 10458.005345161318 512 6717 1494.8818318348744
0.05137731233138432 10358.101087201914 513 6728 1367.448908443766
0.061530620403195915 9574.636199842114 514 6734 1976.6221738438858
0.045850188348286317 10512.484605700456 515 6737 1598.9233557638809
0.045998385055325185 9911.533897412733 516 6765 1197.1993621605673
0.05574816359985524 9475.96212562235 517 6801 1749.7854469883875
0.06275135140533167 9731.668909873588 518 6810 1994.6014266395212
0.05625533750876057 9557.244815065176 519 6834 1600.2172356313117
0.052441430038374995 9479.355866436908 520 6841 1693.5287441667083
0.05128888564537979 9846.41615641013 521 6844 876.679454266875
0.04249529270881652 10318.09927564254 522 6845 1685.0489933038277
0.045098707436523916 10331.669599707197 523 6847 1323.8271454877631
0.04349677606617886 10199.929016371829 524 6858 1460.0384054929825
0.05426090488104442 10440.457820688365 525 6894 1865.269040075702
0.044786139040204016 10090.327855307813 526 6901 1240.249869034194
0.04229772257735302 10080.23149767544 527 6920 1727.324509739082
0.049140611995636144 9994.122585043247 528 7001 760.9571354472549
0.05102986270563538 9671.647418961125 529 7003 1229.5691576343768
0.05898020982600386 10142.398825433906 530 7017 1813.7361543112302
0.052935927379439585 10530.790446615058 531 7019 1965.1102516993408
0.05775527328852507 9606.010721596069 532 7025 1615.4417165255045
0.05076292335978548 10605.690685373462 533 7034 1980.2512487955173
0.05772443857398045 9672.011729805887 534 7039 1523.687221347138
0.05113450154169751 10226.009862985318 535 7069 1042.7022069442844
0.05029426525308629 10166.170395469919 536 7076 878.2958895622043
0.054976018975034 9663.61857807521 537 7077 1329.150240736059
0.06004654294845585 10003.139037990737 538 7078 1771.2812436962936
0.055150059639073504 9766.371416840264 539 7085 1191.184207344365
0.04723207899622506 10538.095197020943 540 7096 1637.8774369914843
0.048726195698137735 9958.375182529726 541 7098 810.9843630467028
0.04786972092917966 9887.652679107206 542 7101 981.5129338178876
0.06191481704590483 9599.896964780184 543 7103 1986.3028764630712
0.04953948822451504 9737.524898176967 544 7125 1137.5407304001678
0.049484857072953636 10031.087485257469 545 7134 741.8293185150851
0.05528126056902732 9999.066618218108 546 7145 1156.988436081327
0.05832340745496495 10215.253980597865 547 7193 1854.874872579231
0.04862394345113362 9791.11217778746 548 7216 1087.4079471847508
0.06003398578109126 10027.040457659783 549 7223 1794.5236364256614
0.05738666629526607 9576.423642400889 550 7226 1635.8058694294327
0.04975975057576999 9655.463935534122 551 7236 1321.653430469002
0.04554975101267666 10085.838948837178 552 7240 1116.2806397880831
0.057525380139870914 9686.005279589266 553 7264 1489.6266822632494
0.055531041613485495 9907.967996114126 554 7274 1150.5394532100424
0.0420861953132259 10106.221770397258 555 7289 1757.8489593476336
0.049909764759648464 10597.362394733278 556 7294 1896.8531187128076
0.04151805335713301 10189.120646229077 557 7306 1851.432403991038
0.04641648338717061 9829.219167958123 558 7322 1270.6506580863966
0.05757737532596371 9606.765461002686 559 7345 1600.653933281279
0.04287701179175494 9945.862132015307 560 7399 1727.806394878467
0.05953894347066488 9762.367182690377 561 7402 1634.1009082772032
0.05730085789383772 10070.459813959515 562 7412 1490.2601882546494
0.05057563532226722 9697.669332500645 563 7429 1181.0702955123331
0.05615375539893846 9614.265464552886 564 7434 1488.1264166883839
0.05065541874689317 9878.651875068474 565 7449 829.3982733486258
0.0490523722869417 10010.952609433323 566 7452 758.7492394193179
0.048186835762027994 9909.61024900538 567 7458 915.4425376322488
0.049943988638832405 10544.624184450491 568 7462 1754.0436845350844
0.06075433139014449 10061.588372010692 569 7482 1927.3735561623066
0.04581517265066883 10530.272991853351 570 7506 1639.6681846678475
0.044763823631409703 10481.965999116392 571 7541 1598.174420770008
0.05510349243965225 9748.032742698731 572 7560 1209.3444087561813
0.05602601954547615 9560.603559935627 573 7574 1581.1975461989111
0.05088581751370773 9790.924682697461 574 7580 972.077610902821
0.05816964295961782 9743.690734873815 575 7582 1498.3455141762447
0.0593394345347932 9964.569736236917 576 7592 1647.34068549
0.043790170981446344 9710.767673737984 577 7593 1936.2150304001218
0.05877192865618787 9698.45187284529 578 7596 1594.671799409677
0.04763445349651763 9533.783720504607 579 7602 1810.3521845391217
0.04104593196975145 10241.673151645076 580 7613 1948.085911288409
0.051211544625099845 9420.330356777833 581 7664 1882.5024987725524
0.050514440815175254 9645.744765802468 582 7684 1309.3283879941323
0.04412894176492123 10528.795757370974 583 7689 1736.0512333713295
0.060850641256700436 9802.63475633616 584 7700 1773.3440757738658
0.05833363992452703 9870.509803368535 585 7703 1479.4897604646885
0.05093638503702879 9600.706427137216 586 7720 1408.1712600139383
0.05146930240702991 9993.30459589834 587 7758 776.7004797340068
0.058904324698871524 9980.990975305855 588 7771 1604.7741113126879
0.056766429145821376 9701.746599672275 589 7780 1404.2082921807191
0.057392998272587384 10022.965136773273 590 7781 1447.8419890407888
0.04933851368094069 9847.043766609013 591 7784 924.3629023628578
0.04472789923788371 10286.068014899934 592 7790 1315.2509358316124
0.054662841216961355 9782.572422910544 593 7797 1133.2937714467882
0.0538427576495413 10400.521713218553 594 7800 1717.8062143160062
0.048541871095178026 9977.227299291044 595 7801 808.5942297485932
0.0487805453642902 10400.495508508542 596 7836 1322.3656455905602
0.056599769544798346 10031.444311805346 597 7838 1353.528086308013
0.0540786427077561 10179.476295067536 598 7844 1249.870925990516
0.048990455333813195 9705.99111786098 599 7863 1249.4975694999646
0.055849472538596956 9522.309059440257 600 7884 1651.5582258525992
0.043236409995701205 10270.239345163158 601 7898 1529.7561317467053
0.0503654226281996 10288.949622438522 602 7911 1127.4074062542902
0.05178184052148792 10101.66694891456 603 7933 880.1829408075475
0.042395769093629625 10534.024880297966 604 7965 1928.5690396798386
0.04857465588663426 10246.086117837072 605 7978 983.237363057311
0.04429578519195513 10414.990929084415 606 7998 1527.9820791645566
0.047904032955610285 10626.38802442349 607 8001 1879.3532278169223
0.04979741143569107 9451.285175079662 608 8003 1862.7651448830522
0.04429758025369045 9895.941944545097 609 8017 1513.6120133810118
0.04579860152593955 9709.07572688959 610 8031 1608.471601678634
0.04917091180582678 9487.551250444965 611 8038 1803.3344921985804
0.05274474487672517 10044.803512204708 612 8044 905.8025226060695
0.05154809690386156 9745.101059121775 613 8050 1058.8035005334043
0.04912897733936879 9430.097163764898 614 8090 1965.000220849358
0.05542823498486187 10196.66064147445 615 8109 1448.5424790779368
0.04570726691437149 9981.475767750811 616 8116 1157.832366911787
0.045732119827647945 10477.489283114932 617 8120 1528.926904704943
0.050283951954485935 9643.437696397099 618 8159 1324.8438772431907
0.04748258064177867 9504.291204337054 619 8183 1904.0796161653159
0.04560555154801258 9594.977704966797 620 8193 1901.4415685965046
0.061405035556729964 9868.41880947964 621 8198 1849.5870359411308
0.051748903911986444 10466.226945482877 622 8219 1679.562423236813
0.0479689422367205 9660.138710687566 623 8269 1452.4119585548526
0.04468405682227649 10160.501935880091 624 8289 1250.606478843491
0.04719289910779838 10420.899359952507 625 8304 1359.446947903616
0.05128625994803243 9575.491190872699 626 8306 1462.8644874831912
0.06109161377236757 9617.683920359164 627 8316 1892.2197892246297
0.043276026716722704 10425.499801609756 628 8317 1664.9519383917257
0.05667872416590841 9469.017324204791 629 8318 1803.9074641222471
0.04385890872822879 10322.687622476047 630 8320 1469.5886561024306
0.050689008318265255 9504.37761771227 631 8322 1671.8841849756852
0.05134464667649007 9472.345962075186 632 8335 1735.2014410744268
0.056450895060709556 9972.436808256063 633 8352 1284.6707227132874
0.045191016134509515 10347.1059956788 634 8356 1335.6800729807455
0.052306341030761865 9822.445389686944 635 8358 937.1526983247043
0.04478391830394715 10143.88466382474 636 8359 1232.820329204434
0.04570861659817323 10501.676201536638 637 8373 1581.1621761683236
0.052261227957840446 10044.06641115629 638 8398 859.7070389955819
0.04183176887536365 10321.257476153032 639 8412 1807.8123881724505
0.04556429330023041 9860.747557520413 640 8428 1346.4746927691617
0.04535686939604659 10520.797692429944 641 8431 1638.3825958363273
0.046236363865795924 10310.130237368736 642 8438 1188.800481027561
0.04750560632312721 10652.855677463687 643 8477 1939.0207357994304
0.05682285268673928 9883.716941095308 644 8481 1300.0852770458498
0.04678030702479942 9607.175293730523 645 8539 1716.5908939678116
0.045089166763277296 9703.678717209581 646 8543 1729.5492976939574
0.045902472024694455 9720.701618097819 647 8561 1567.5749056843981
0.055078338767146955 9555.02205843326 648 8566 1548.4897856271812
0.0439770248403453 9764.05479766428 649 8569 1797.3383541358166
0.05441867970845261 9691.68749630258 650 8585 1248.3958988952402
0.06165964060332655 9972.616693240208 651 8591 1946.1315448217465
0.04593935944389291 9771.74946680716 652 8599 1453.902363673582
0.049865450028260795 10244.723808843693 653 8600 1005.5512450356497
0.05277989423490148 9937.183419296345 654 8634 870.1304194057203
0.05809181658395689 9489.017755859088 655 8658 1839.4059293956168
0.05574392086728223 9601.94067351316 656 8667 1485.7661670839977
0.05274093650844758 9377.933262312197 657 8671 1962.9677427151578
0.052378644067318646 10286.363204667332 658 8676 1286.4581525385368
0.05169131953834296 10066.178994185837 659 8682 832.349592770137
0.04351407832782325 9958.589623488062 660 8688 1583.0056707633835
0.055136252528195234 9418.488036534995 661 8693 1868.4254925113046
0.05253609201369292 10506.022322851108 662 8694 1859.1469995854807
0.05534835677608022 10444.074829303847 663 8705 1997.3751179364174
0.05461964306042415 10120.718320333393 664 8726 1215.7278604073047
0.05293110777049819 10030.151188655715 665 8732 912.0995720184803
0.05742782047580372 10081.413331806936 666 8735 1521.1826408151085
0.05017323591452179 10040.219604420248 667 8761 741.6318657525518
0.04884959905245199 9829.654138356165 668 8792 991.0391178052869
0.04764399916098884 10033.869661639725 669 8795 857.4077262822469
0.04447159611338514 10481.958594026793 670 8815 1621.687620968444
0.049034703873893026 9884.550047134106 671 8817 881.6995717303497
0.04422046009015643 9959.378916334494 672 8851 1444.7248327894913
0.05612100706483723 9699.053802721159 673 8855 1353.7572281760745
0.04372398251948001 10479.621259602207 674 8884 1689.2960324671287
0.05206372295591513 9983.516828337526 675 8899 813.5891322158135
0.05335079998427947 9528.348076895103 676 8901 1567.0834933584583
0.045170415214402806 10536.84164458263 677 8903 1681.8356051760666
0.046562180548239955 9758.396617748731 678 8911 1392.141574109393
0.047325705053254175 9902.496824464655 679 8920 1022.2849831970489
0.049434828238634876 9615.651824891485 680 8924 1443.1716584142282
0.04631998043394987 9781.155424923236 681 8937 1378.642962120774
0.05371899869171124 10369.856183813026 682 8941 1627.8351943409
0.055985940229606006 10110.183312569956 683 8943 1373.4214313475766
0.04277297428498808 9950.111888921021 684 8970 1744.4064831366745
0.05151210659221297 9780.18537904418 685 8977 989.8179361424452
0.053274881102342776 10212.911994143451 686 8993 1221.6490513906977
0.05137000597715999 9716.032413698344 687 8994 1121.5932588500848
0.04596159544393244 9536.511730160224 688 9008 1997.7110434924462
0.04576059676229384 10237.67245626707 689 9039 1142.3446267977554
0.06185494974612234 9900.24947640674 690 9047 1918.2587764038526
0.05863884617172158 9892.589797618211 691 9051 1521.1931972064913
0.05216649592507455 9673.273458239966 692 9056 1214.8490067027842
0.05796490564403178 10021.798467236553 693 9057 1521.0816887028056
0.054761091062382056 9490.945629937469 694 9064 1683.5492989521938
0.058294061874919506 9431.509984240789 695 9076 1964.7352340755867
0.05110756313071196 10015.585062059863 696 9091 762.7401923477937
0.04356488438698473 9935.54774859792 697 9094 1600.8212569042737
0.045701143089583895 10405.824571696938 698 9111 1389.7964036469634
0.041555081818765424 10434.465948977042 699 9116 1936.6484772080041
0.04278328172166917 10483.94889425506 700 9120 1807.347071375562
0.05511815887024823 9731.26027270946 701 9122 1232.466109426893
0.05356389812391195 10359.554649848129 702 9131 1585.5127858300077
0.0508515971765991 10202.303686313824 703 9147 974.907450332858
0.061060464733573606 9882.955249334967 704 9161 1813.7373012224377
0.050779417456857816 9690.519186557638 705 9192 1191.4639233405107
0.05981789214414289 9926.969146168349 706 9194 1682.593472018034
0.05805740037524167 9696.403515167578 707 9222 1527.5412693726967
0.04872878936508425 10506.267484749693 708 9254 1588.9013001698459
0.04911699288745798 10281.059979163423 709 9276 1057.2540409467608
0.05401603747384165 9607.955952313563 710 9284 1395.3365115862239
0.04292409504418064 10602.490999787584 711 9311 1980.0313320787036
0.05270427967794567 9397.000306769018 712 9312 1911.4198594692127
0.04642423048783028 10425.384339588867 713 9321 1390.0202999161527
0.06085701108085781 10072.87788082969 714 9363 1954.9022501024951
0.05040047518450168 10228.79229333911 715 9366 999.4320043811755
0.05701070687904465 9640.666682448738 716 9390 1506.1544534911768
0.04745119836117255 10374.415800085082 717 9397 1253.3787420414947
0.04890115657843297 10275.226872902853 718 9404 1041.279071626875
0.049071762908639335 10110.52406441772 719 9425 788.0159161726774
0.05353855354332726 9387.90834316885 720 9437 1930.1721813155484
0.041780233318605774 9978.7495163273 721 9440 1926.0959510838693
0.05165836649187014 10095.363468034868 722 9446 862.0671082348696
0.05854245174856193 9831.91547044619 723 9460 1503.7961656831428
0.05305733364679935 10475.09553500479 724 9490 1827.8562491274963
0.05140256097780647 10316.402457415916 725 9491 1267.484463385291
0.05101375631057657 10003.847458467031 726 9508 756.0059607473303
0.060656052282635604 9940.049996509679 727 9511 1795.5369793300738
0.05902584899148239 10104.27803061013 728 9528 1761.9335256666172
0.059427778842419086 9950.22833664293 729 9529 1648.2012956537696
0.05431472668288775 9668.998608029844 730 9530 1283.9092558140328
0.04696775756626628 10394.14026018612 731 9556 1306.2319382007365
0.044244705320886375 9686.866606377393 732 9558 1905.7021899290603
0.050479595166911216 10277.79975965911 733 9589 1109.2235977324794
0.05852067080773639 9829.018319190807 734 9596 1501.5875683255551
0.056963983830447956 9881.96564790362 735 9615 1316.6960082362257
0.055601374406169315 9944.001995511779 736 9616 1165.8662799969154
0.05419965414171345 10059.447814713283 737 9623 1081.7953920791122
0.044987770732465966 9604.0190344296 738 9630 1970.8046926928398
0.04914276736355944 10638.62343738826 739 9642 1965.6690910927596
0.061939734909973704 9668.836862883281 740 9651 1935.4370867016269
0.06022433629660062 10083.55595126764 741 9675 1888.153140879776
0.04285291466126326 10152.956467884816 742 9699 1582.9232502268364
0.04557413837996958 10143.357356929922 743 9704 1111.0874950792438
0.051087933502633645 9573.046680205445 744 9706 1474.8003131812907
0.05760958052193782 10229.40094699892 745 9713 1789.9949625405904
0.04813323066981006 9551.729090258246 746 9762 1714.6483456469755
0.0484116489725575 10565.751121523323 747 9792 1734.297451056895
0.055092071160028344 10183.770708209016 748 9798 1382.171167848005
0.04962237396892815 10314.544389980458 749 9822 1147.718019851038
0.050472222292497926 9899.641565130656 750 9826 804.1831377526269
0.05807426139689085 10091.770518252642 751 9831 1619.9895556052502
0.04576057626685552 10669.829246744266 752 9848 1970.9444944735221
0.04975489630030146 10441.305710785042 753 9883 1467.0095279391246
0.05619264502731498 9963.961854219255 754 9891 1247.2368661659618
0.048673481175457875 10463.813306121805 755 9926 1477.216275383212
0.0515114024039193 10389.998800938873 756 9929 1459.4377979961598
0.047023392598651716 10570.579943902716 757 9940 1718.2307268744548
0.04479095506608344 9703.692447468728 758 9942 1777.9306217152825
0.04790088051503572 9849.714170862655 759 9951 1042.9447136529423
0.05901858786486039 9841.015419134066 760 9953 1559.2112620192368
0.04627167900847729 10367.26228783391 761 9969 1283.2854017526067
0.057079974261629335 9430.780691193719 762 10018 1905.7044914617954
0.04856235645737342 9607.018416737841 763 10026 1531.728319897949
0.06253760021423369 9671.003927755692 764 10034 1995.1338081976976
0.06160069996945122 9728.911317105736 765 10038 1871.0923619950793
0.05639535350111352 9510.123234526958 766 10052 1702.9668784612195
0.041577936895940276 10246.538150153432 767 10066 1836.508024232961
0.05737850487875401 9870.650054894324 768 10075 1365.4195374193337
0.05724488945661105 10177.620241742294 769 10090 1647.060841805746
0.0500125369803435 9784.331808837906 770 10097 1010.2910918613821
0.04933908635715788 9920.256989875377 771 10098 813.6854391721718
0.05297567024441278 9694.324618385039 772 10100 1182.8618447062045
0.05854540500695276 9493.195869506017 773 10104 1860.314484877588
0.05391243161500579 9740.351731854003 774 10110 1139.1365867638538
0.044897679046087435 10436.664322913934 775 10129 1505.6091030141054
0.044182127327028545 10185.893886721748 776 10130 1338.0877938144372
0.059534119849129305 10037.445447758302 777 10174 1741.7851856448308
0.055226433065070704 9749.327811258285 778 10175 1217.4642742612202
0.0474596202290477 9518.97271631341 779 10180 1867.4229091745176
0.05125740738808887 10074.366903236847 780 10182 809.5581183490549
0.06241747970498211 9916.848834807015 781 10187 1996.2082528287033
0.04823493705735811 10238.118792869589 782 10219 973.3734901453923
0.050263663824565055 9452.307994724843 783 10238 1834.3561227679563
0.05378744445778229 9962.635070616912 784 10247 965.6305050161479
0.047415984088398686 10552.862953492338 785 10270 1676.637986762439
0.05464246741189899 9909.42234150938 786 10283 1052.0328730962094
0.06226335622385226 9672.536287763505 787 10313 1966.2650191618466
0.04682532064221147 9571.925407736859 788 10338 1800.02475885984
0.056985111975354004 9942.84696262842 789 10353 1335.2124668266595
0.05543827850209137 9884.50953908748 790 10358 1141.4791297357142
0.05050083715922212 10171.885086455792 791 10367 898.1218073506424
0.05440514413241255 9520.829201711455 792 10377 1603.7264149395241
0.06163258443822434 9982.287730209116 793 10384 1951.5096836988716
0.05296465221664765 10492.99707835582 794 10392 1866.179330351417
0.05128062544956672 9458.831470031084 795 10393 1774.0910985249525
0.05702203076555768 9673.935570213918 796 10442 1460.787369231353
0.04999797920137645 10564.22888493667 797 10447 1811.174341217251
0.05383768892658774 10403.857289152222 798 10469 1725.6513980809998
0.05050399578969452 10109.051173689944 799 10498 806.262935677124
0.04400004586473536 9978.199809061436 800 10506 1465.8783294138234
0.04684278829656335 9929.123040165296 801 10515 1047.94983641255
0.053937345030200666 9881.473034888946 802 10523 989.8826745064315
0.05094543643093075 9880.78306216164 803 10547 826.7905348061947
0.04433985152064518 9948.966789866488 804 10561 1434.60006242151
0.055077511238352556 9687.149209166384 805 10567 1295.5867094133866
0.052908872659714154 9858.570899206554 806 10572 925.4715536752628
0.05887335028951428 9549.275262623323 807 10574 1788.2011069759249
0.04428845886987401 10551.72199404875 808 10599 1767.3736807893329
0.05421751315780017 9408.198057845817 809 10605 1879.65469387341
0.05426299648212676 10090.946085882855 810 10613 1128.7154521145758
0.052430183446078395 9448.606045607457 811 10621 1775.5582098759835
0.05391368557157963 9477.301314756807 812 10622 1700.3193197163907
0.056274145996526075 9433.701354123386 813 10636 1866.0881676412446
0.04951446786508546 9507.995318028044 814 10647 1724.2839321983577
0.054802756271343456 9427.648764416777 815 10654 1838.7122639938716
0.04721926712123161 10468.968674938265 816 10669 1469.7942745947923
0.04789592694478869 10124.688981164165 817 10678 850.0303422406027
0.053533716447998224 10126.891079325795 818 10692 1095.12890423957
0.052669892099045434 9548.994104633164 819 10694 1512.5780378908516
0.04253320196208625 9864.712501547 820 10709 1909.58095060928
0.05318072259681059 9969.262268964712 821 10710 906.1035181381047
0.06018638107668336 9734.341874682226 822 10739 1716.6035838309642
0.05304175007796874 9456.56049088908 823 10754 1749.4051657412822
0.05467442199672256 10128.565209889483 824 10770 1234.8097268347594
0.04289731407213924 10506.373671893332 825 10772 1825.090798894664
0.04908043447396614 10172.216086527602 826 10787 859.9388270961338
0.05575025238183589 10267.138603764206 827 10789 1630.8019987630225
0.05581699916725617 9523.105651817361 828 10807 1648.4040549533606
0.057389775677042544 9745.674153372893 829 10808 1417.908961724388
0.05131491231540429 10485.955299972546 830 10842 1695.2656299331843
0.049688531990372486 9684.26138950115 831 10871 1254.6281844300142
0.046623351756363965 10630.674643352164 832 10878 1868.7479923515382
0.041068551208964285 10132.784560576874 833 10884 1968.3773719192066
0.055253916162289834 9752.505672332933 834 10891 1215.8307553818395
0.04486775761889963 10067.496948926635 835 10908 1235.4649642549177
0.04926194903049991 9764.980447484875 836 10932 1093.9599445859358
0.049036975011534714 9621.615909321898 837 10947 1455.9089588164145
0.052106927281038225 9991.781591215855 838 10954 818.4197880535158
0.047769895414220526 9817.889129172156 839 10974 1117.8350829486574
0.04679421544279159 10168.918676939336 840 10981 973.5481379635038
0.05796632031122431 9621.294750871113 841 10990 1609.972150641876
0.05763664064206935 9912.433681767277 842 10994 1403.919514762603
0.04309102873555892 9815.144094729782 843 11004 1874.6330967324097
0.04488152605756173 10410.95153529381 844 11017 1463.5227531605074
0.04509560262081285 9892.838801364089 845 11025 1374.3991090717766
0.049105662539136403 9865.375286713028 846 11101 907.7558439970745
0.045908931766253325 9741.95722344876 847 11106 1520.6918494662752
0.04558893798952005 9647.480891062103 848 11129 1779.1921123335587
0.04606157147491017 9675.977645171275 849 11131 1645.3342384583284
0.05228030602248311 9957.634224677435 850 11145 828.6595585119142
0.05986927144806064 10078.60481735859 851 11152 1835.8311312123897
0.0467927729021961 9988.785748109745 852 11163 988.1423654724216
0.051380665243117594 9534.944159684517 853 11180 1566.2855202780172
0.05671586481135138 9497.093205216763 854 11196 1746.0883841764767
0.04946610300432727 10251.467245585272 855 11198 1005.0417619060066
0.045979862455887956 9988.58329110689 856 11214 1107.3976864928616
0.04301414350608386 10262.86395842118 857 11222 1564.9772731366193
0.047246793707517144 10091.73226354051 858 11232 892.6357564407152
0.052071230204616605 9847.054014725858 859 11255 895.1902752277863
0.046119590207416426 9604.02480037111 860 11272 1808.6925357149823
0.05649134209841735 9506.488613174453 861 11289 1715.2897142447043
0.04604949600350341 9547.66249715579 862 11319 1958.0610906328252
0.045166851208787336 10455.13124910125 863 11362 1518.2598881850681
0.044857958238512415 10361.999690994822 864 11385 1390.977224713666
0.05818760489765666 10096.613662340262 865 11416 1641.587838827592
0.045499974341266444 10039.056050054196 866 11438 1144.719579486491
0.05239781315656688 10282.922335605532 867 11443 1280.4498435216365
0.0547490240424671 9798.980847707837 868 11451 1123.0519453933985
0.05291773337460145 10251.635392031156 869 11470 1264.0894847800862
0.05764976783334054 10174.550946423013 870 11472 1694.277103610959
0.052936572020520316 9955.402352760404 871 11491 881.8425182434643
0.06131116581332558 9722.702648890101 872 11492 1842.328367353786
0.05253861482397218 9478.085497508868 873 11495 1695.8861512402198
0.05652245894023929 9380.984226645123 874 11508 1998.4875129101888
0.05498784591671223 10027.890955750529 875 11523 1145.0688360746917
0.06080444140675283 9815.98894873849 876 11528 1768.0428794464412
0.046842612212928 10414.106563416593 877 11543 1352.1811380918764
0.05379959357010671 9779.478341066873 878 11571 1074.817289268748
0.048786365204594916 9565.699362877924 879 11574 1621.4359865926874
0.04613515456353942 9628.074464532774 880 11577 1748.2193663706146
0.0457484335820785 10399.432155632676 881 11586 1374.9304019164317
0.04872563782105736 10015.90472266895 882 11592 774.8250108600032
0.05895023656719639 9834.367250846557 883 11593 1551.266394958417
0.05843538707373489 9530.244827100067 884 11614 1787.4770266940027
0.050583833731977584 9974.866572423429 885 11632 746.5241351027381
0.049367390347581114 10242.72296902673 886 11637 984.9155882615719
0.05113241896972547 9595.19784225191 887 11645 1416.3766056725985
0.041477985298525526 9995.061773556221 888 11668 1976.778731436566
0.05690528279841327 9472.23044316448 889 11675 1807.745494458637
0.05511898745181248 9747.555767016873 890 11682 1211.157385107029
0.042905780514829614 10053.915581312758 891 11696 1617.4701280073264
0.05610320158386947 9906.324098590598 892 11718 1216.8839579383186
0.059092716502134525 10128.67984518636 893 11728 1806.8960284864834
0.047623322383283026 10217.274712353392 894 11735 962.8812832980883
0.05362103665147962 10356.540182991084 895 11743 1584.3989296335549
0.04645694395071917 10490.382406274563 896 11758 1530.8378154884665
0.04663221640274456 10376.126615645151 897 11774 1281.682388492679
0.05173082914788222 9455.39269502378 898 11781 1770.5807003347727
0.05428220719385938 9904.527996787678 899 11784 1015.2570331940861
0.055980558948599934 9784.521016574698 900 11797 1247.9644365323759
0.05341285849880268 10079.704223160015 901 11806 1014.4933412903074
0.057955559446999386 9598.567474071666 902 11808 1642.152517588406
0.0564880983143892 10341.590578748195 903 11818 1886.3250801323518
0.060033519758670974 9472.093981856404 904 11843 1998.8166129754145
0.05891819079213701 9917.398651618993 905 11865 1565.1880587935684
0.05328494071055104 10160.829648207009 906 11879 1123.6841988436342
0.05932891339860395 9654.411374458881 907 11890 1689.9280417587925
0.05037593706434439 10478.126355358485 908 11901 1602.8468190391486
0.04542895419415151 10204.320578523562 909 11907 1156.7664806851687
0.0509704564424478 9874.306042707847 910 11911 835.2229849222056
0.04641176090578543 9637.55132861686 911 11915 1688.589656674294
0.05064851741395281 10528.197131166373 912 11917 1757.6169244834557
0.060171851227566624 10023.636052730728 913 11923 1808.4815336087129
0.047487532231001175 9481.324679989299 914 11938 1965.0546735109754
0.04348091709755203 10427.902595767864 915 11944 1641.578436174126
0.04920463404016674 9756.023002472666 916 11954 1117.7838816455092
0.04530341935395512 9974.3091065033 917 11958 1232.6391814534743
0.06054311832357826 9823.267821288144 918 11963 1737.9142513536092
0.04955190267167917 10203.226283377087 919 11972 915.5282373572271
0.04774547475095585 10070.971265939255 920 11976 842.2961397089107
0.05609796591392461 9644.926700197748 921 11992 1432.553867177294
0.05688060994738241 10000.346386708821 922 12013 1360.3509264007798
0.045669947730569704 9562.0444167931 923 12031 1973.0186578457906
0.05578347530436588 9896.228967140605 924 12042 1179.2313793242624
0.06207030222207913 9742.278266245612 925 12050 1918.1972593503954
0.055492405132716936 10069.128933668975 926 12056 1253.8267412247749
0.061199990789224924 10025.317440161833 927 12061 1941.0202209976162
0.0535105966091978 9732.247450702669 928 12093 1131.6135479591267
0.05672969362738296 9969.814417162936 929 12095 1318.1901562187404
0.05471716163436013 9464.984698995524 930 12121 1744.901617761023
0.0563492456482057 9484.774775736103 931 12145 1754.79168834145
0.045968255376286696 10421.581109491457 932 12169 1403.5612168190394
0.052637617089789125 9560.863263750978 933 12173 1482.9530200664906
0.05407484167673058 9921.160668615703 934 12178 991.8354010479576
0.04927337684016589 10478.801500221489 935 12208 1540.1397098026907
0.04881686339414089 10103.487977133447 936 12218 788.8985882905611
0.05838634747067304 9478.122367172047 937 12245 1878.2230737231525
0.04120714353807146 10169.674545757658 938 12252 1923.5373040575193
0.04883721515862609 10625.003570570845 939 12295 1912.5142017896794
0.05200679224648893 9904.250079432748 940 12315 834.2303916477488
0.051062459005761306 10235.132513143719 941 12332 1056.3121798044915
0.0499493619985249 10159.85163513516 942 12337 854.868549097309
0.05281953865597977 10289.291754946082 943 12354 1338.221682959912
0.04747317748668448 10047.971579208319 944 12356 870.9319707461633
0.05479652741065394 9430.771622534912 945 12381 1830.810682864705
0.054023953022138665 9724.991677410171 946 12385 1170.1741382658727
0.05786143064494395 9682.24484399116 947 12392 1524.2416914931478
0.04690864722576539 10602.092210029605 948 12405 1797.3285694473916
0.04908628990009514 10645.309866483925 949 12406 1981.148072935692
0.0608138910702922 9865.322447234455 950 12429 1777.6326286038425
0.05331543149089478 10240.617897897786 951 12468 1283.7405090223117
0.05410825120567724 10012.690927466982 952 12472 1026.7044087849272
0.0526935971780237 9922.986035630556 953 12480 867.4303118684799
0.05975602757933207 10171.044885553956 954 12488 1960.7879363705094
0.05417736635433809 10113.310629514546 955 12510 1150.290505491239
0.060402855117155665 10086.815424847986 956 12512 1915.463112353034
0.04263220741432422 10412.007961015841 957 12525 1740.7591595594902
0.054276018917238204 9475.130341960354 958 12527 1711.1786716401436
0.049303293403950836 10565.470872014655 959 12537 1773.4601764046156
0.05438205695630269 9710.72885046702 960 12541 1214.1047774783558
0.05194457973915167 10322.275546102155 961 12544 1329.5352371731908
0.06212537260383612 9662.701536713377 962 12546 1958.0156678111189
0.05255940689191821 10302.598043531878 963 12547 1342.3829625422222
0.0462882168025286 10606.456526672824 964 12549 1809.091665259856
0.05319184951444751 10510.831946141738 965 12555 1936.8328147414577
0.06029355667544829 9612.021533142435 966 12568 1823.9304039312308
0.051913628709233335 10417.730970320594 967 12570 1566.5714436358278
0.04285251085744529 10495.352248311592 968 12576 1814.5321526801008
0.047722718075567 10658.592014416045 969 12595 1960.2984728550846
0.04984264956151405 9610.28159420032 970 12613 1432.005306858706
0.052218778268210336 9441.47456170773 971 12622 1798.038102378641
0.0536869374672455 10358.573954286456 972 12623 1596.6174814989347
0.04892398119009231 10160.09874753136 973 12627 844.308787793155
0.04693520337252077 9642.082961788068 974 12636 1611.6231919963113
0.0569890426998048 9592.783657794316 975 12649 1580.6313825888515
0.0428025882536209 10132.11677379144 976 12670 1598.3188798641581
0.04814452117699713 9556.645179804336 977 12691 1700.6155563056755
0.053584839500907824 9881.016359933477 978 12699 959.0737980255644
0.058079311787138745 10083.126713297008 979 12704 1608.867437568176
0.04920742464093969 9800.871496259733 980 12724 1021.5092738861368
0.04205246599256386 10400.731402403391 981 12728 1822.463645186706
0.04503104339052998 9628.461126877206 982 12736 1907.1695646321093
0.04990838691030464 10437.38891791129 983 12745 1465.5680868206393
0.05949085220348986 9957.171822637634 984 12758 1661.0865776432636
0.048977142231886775 9647.02983150867 985 12772 1395.6781571881656
0.0538953769004988 10394.534333871617 986 12777 1708.56648427772
0.05339377035033572 10176.397373136755 987 12784 1164.2076889735654
0.04182268730476449 10422.986128486293 988 12812 1880.9142626169003
0.04240559652321676 9891.557658843627 989 12828 1897.626261926087
0.044095877594851805 9805.957943443735 990 12839 1698.0680350551152
0.05350573687034307 10265.177679682722 991 12867 1358.3454262243906
0.05716869023666136 9951.113861504204 992 12888 1362.4865841326314
0.052202582443558 10523.218980738504 993 12906 1874.2949125185162
0.04637316851862694 9919.005771448788 994 12910 1129.1711336636774
0.04757997820703021 9775.154055642775 995 12918 1227.4879966356648
0.04751305064413909 10345.409001997108 996 12932 1191.3068609816398
0.0476767837675353 10278.912891563106 997 12934 1058.9222311058525
0.05892547409073619 10203.177890328532 998 12944 1910.1409035207494
0.04596238313423086 10670.28030227809 999 12948 1970.1063279734674
0.04761926158494513 10016.141037115525 1000 12951 867.8237810996607
