0.05338016922911541 9362.813161249263 1 4979 1998.2172687620164
0.05288773015221228 10147.73116761486 2 5035 1057.2607186204407
0.05069759389980614 10529.890260453209 3 5053 1765.8848876100285
0.04809243914742173 10262.942091221073 4 5061 1019.6692458090463
0.04645566712679795 10306.443832202438 5 5072 1167.1643938983052
0.05340283885827601 10163.136196626203 6 5148 1141.1216402233104
0.04987055481734046 10262.192558545423 7 5151 1042.2865008679232
0.05751474041128184 10109.899645092046 8 5186 1572.5318003360699
0.052927285540617854 10528.306770650648 9 5187 1957.5231394664013
0.0583111584489389 9578.962655865293 10 5208 1699.3602727770178
0.05286380791101573 9751.253790676814 11 5269 1071.4819784016702
0.05890291627471598 10160.08809281117 12 5313 1832.4584765069974
0.05120177164511409 10377.41570860175 13 5314 1401.582592720812
0.05688707744937442 9812.30333660876 14 5356 1322.728898358938
0.04462025118348679 10588.493618372639 15 5372 1821.107335811624
0.05667148148549325 9662.124185458295 16 5379 1448.5571712550864
0.05170026793884416 9433.524751665116 17 5390 1831.0643459715532
0.0587548470641609 9768.146066834763 18 5636 1545.9920092943596
0.043803113365934274 9886.156334265674 19 5640 1621.9558896714839
0.05525400258900809 9550.636614058001 20 5733 1565.112608549204
0.05885627126867764 9684.613383298445 21 5895 1615.3842777283842
0.04290310486497283 10139.762804933633 22 6047 1575.9964024243
0.055836771153911 10327.821846971996 23 6051 1775.2342579902904
0.053350395445927776 9390.134283681995 24 6059 1924.693724382904
0.05565679785641937 9568.06007894199 25 6062 1547.2617956032475
0.05870215554416898 10066.159794333329 26 6085 1668.1966334420435
0.048720586064593695 9952.137989067494 27 6089 817.417550002244
0.05601205121848914 9414.68879593187 28 6136 1901.5636715126604
0.06065405604102575 9540.911485317636 29 6148 1941.9763259786032
0.05965402042378175 9906.554735816164 30 6171 1651.6851809265386
0.062217442526706135 9764.441193957724 31 6214 1930.6319074017906
0.049077988290907475 10094.547891684833 32 6247 775.3882991922449
0.04808279756880536 10493.643969608349 33 6249 1537.2313834089914
0.05633237049941849 9990.962369065786 34 6258 1282.6568273318098
0.05364895523381801 9604.82102509315 35 6323 1391.6551588366156
0.05409343285295648 10114.766745318931 36 6347 1142.360010184578
0.05352033403299347 9753.510962885635 37 6433 1096.8882758193547
0.04983938323233838 10140.867750165995 38 6511 824.3913264599888
0.05941801136459074 9696.930419420654 39 6713 1660.2165248194642
0.057420155563887396 9521.192345323903 40 6731 1737.3241329935418
0.058895356317176184 10186.253563356717 41 6796 1876.1254131361177
0.04864385603112002 9984.75713669167 42 6843 795.6157614849309
0.05552523383818912 10123.60805666984 43 6875 1334.47677784006
0.05711386490122926 9916.782148640943 44 6929 1340.930440473107
0.05628312927342499 9428.30580270846 45 6976 1878.8868493913499
0.05556221166224964 10319.512792561129 46 7000 1722.906880111457
0.06060601445009159 9637.943808747039 47 7059 1827.1288636859256
0.05326066633536577 10335.73560395295 48 7080 1494.716952784887
0.05476034574739745 10253.35664559039 49 7081 1479.7946486502378
0.056761433753431116 9412.186743572951 50 7129 1934.1725275568322
0.057966029104067465 9885.047747833769 51 7148 1437.275899338714
0.05383010759318643 9511.788872523317 52 7216 1613.7450660291622
0.04863225185389318 9725.63980617504 53 7234 1232.3547463214413
0.05257458540063571 9862.22875422955 54 7247 901.6989053971035
0.05974606953455196 9660.90754435312 55 7295 1723.323672315596
0.05988068065318143 9771.205066192886 56 7301 1668.716006473818
0.05898688047007879 9962.866331551037 57 7303 1601.1613556390878
0.05972911701147969 9956.552177255428 58 7306 1690.817894358632
0.0452597282955394 9799.567231623749 59 7324 1506.3708248386095
0.04749949905408542 9795.38220512895 60 7338 1194.3781528092034
0.05992417462828017 9888.26455310175 61 7387 1677.4371163611722
0.05525500326004424 9408.107459464152 62 7433 1896.8004725002584
0.04570755281475896 10387.24059042714 63 7436 1355.890258533145
0.046374677934222376 9823.842105974261 64 7459 1286.8047419167044
0.06020352169904357 9573.459135445552 65 7507 1861.457589205941
0.06006278127411202 9999.871133417393 66 7538 1770.1698945929427
0.055150505483922516 9904.145144687924 67 7548 1107.6590802585574
0.06251056099327255 9820.75371902237 68 7592 1966.3432969395215
0.04357455394859715 10361.533636262686 69 7604 1549.129203749513
0.062140273951517104 9885.1402733617 70 7742 1944.7769522238987
0.056630310914072654 10233.642727388436 71 7758 1672.9620619827247
0.05914426451877948 10144.445606238072 72 7768 1838.2733104984065
0.05208846250264068 9977.902043113394 73 7818 814.7138362015857
0.04417732731365461 9649.408599209075 74 7841 1998.1207535148883
0.06114786431855924 9658.439314026793 75 7901 1862.871364490502
0.05330523371371947 9961.798648468102 76 7917 916.6928564605039
0.04944359142435962 10168.888902141372 77 8010 857.1798334881632
0.05476477220207397 9917.068467802188 78 8041 1064.9079224768107
0.05560352724972097 9644.342537119426 79 8080 1400.8423433847522
0.05402612670654032 9566.527631593723 80 8102 1487.9408291633574
0.059074714605398974 10049.893970236099 81 8168 1696.744853743626
0.06126979486640388 9544.288639703955 82 8176 1989.3349386920975
0.049236565965130874 10280.42910963246 83 8210 1058.803205364274
0.05035982923896719 9502.610396028515 84 8247 1691.456578207568
0.05871147095582275 9930.092440491477 85 8283 1545.5967281818298
0.05719050645791145 9738.84537714785 86 8293 1404.2369174930898
0.04908120263808785 10024.02959435736 87 8306 754.757274338731
0.04365073234797573 9881.963095522253 88 8324 1657.7895099797208
0.05987339986498605 9770.996548487477 89 8379 1667.970855726559
0.05858063410720163 9774.085502959342 90 8381 1524.2907999843271
0.053430359673731415 9631.776120223849 91 8394 1326.5622974108785
0.052737924500214056 9686.874065455724 92 8401 1192.516455737986
0.06038973067363772 10072.584277644777 93 8503 1894.848366665773
0.05916181301370092 9755.996668478068 94 8506 1595.8746046637277
0.049503641445542396 10163.011367039451 95 8512 849.282858853082
0.04532135563492799 10392.036746203827 96 8517 1393.936655918182
0.056648428030897605 9749.93176158227 97 8527 1342.1238543007908
0.04841318001339423 9575.675558903384 98 8559 1626.3309147638183
0.053827728518596844 9949.575515022876 99 8621 967.2354583991206
0.06099977692630751 9623.492622976777 100 8669 1878.050862354776
0.0483102567817253 10468.390534418444 101 8709 1478.5567109919539
0.06105122134790897 9877.76471352404 102 8710 1810.5362796191887
0.05347473375797356 9769.324034824192 103 8721 1069.99924494016
0.04520624225454937 10126.457267704334 104 8734 1164.8367886553378
0.0526422407737946 10083.107309085311 105 8871 936.3685012061959
0.05534925564871697 10352.201992540562 106 8918 1772.9581800700748
0.05359729050741166 9444.011104449062 107 8930 1782.5467873198397
0.04970047476036828 10083.10316037247 108 8979 761.2552775643294
0.05315925516077658 9623.838865358373 109 9013 1338.1300916404218
0.06084506109628144 9822.6370818449 110 9020 1773.155176702237
0.04798973708623619 9889.43450897815 111 9032 965.8105750150811
0.05849400834935743 10115.47612198569 112 9035 1708.9551989121903
0.05179635163273278 10528.620897658153 113 9057 1852.2722595726668
0.05071201523484934 9610.136069989187 114 9117 1391.7573139124017
0.05370284833689501 10387.720950555078 115 9153 1670.4030408576814
0.05550384046410439 10280.23089211726 116 9205 1628.4270324195322
0.06226387789229519 9731.005997104854 117 9223 1942.0730657321926
0.05798947164223174 9435.545249993238 118 9258 1940.0069248906238
0.0565833043587633 9738.511969350515 119 9273 1347.117038412901
0.05431913708152543 10060.633510315134 120 9315 1097.4989094237096
0.05568402365493182 9893.203612820349 121 9334 1168.001788012308
0.06142167151296554 9733.969963228365 122 9464 1850.0068467600486
0.050161617025163266 9576.574514409636 123 9583 1502.9702351857484
0.05576509078995201 9588.774838088017 124 9593 1512.0141442914814
0.048570616893723745 9870.65865664431 125 9669 940.4729846614115
0.05528087525467182 10177.166079337654 126 9738 1393.8102948268968
0.05301803280783747 9677.919640720695 127 9760 1217.6275836574403
0.049180600437734374 9952.10235686368 128 9770 788.1772342022357
0.047873664130800596 10338.444063114643 129 9796 1171.2309855984947
0.04371110618379235 10557.721418496374 130 9801 1825.3339762736864
0.04342293595449691 10148.765834615457 131 9818 1473.2155401482219
0.04982272216031295 9759.27284622904 132 9853 1072.7755589573962
0.060246978800306245 9874.67494704942 133 9867 1712.1141915389503
0.05753218711420033 9551.150167802112 134 9871 1689.4908006384344
0.05008753791936099 9539.262405388059 135 9872 1606.0672901630787
0.05102840867976454 9449.35572469718 136 9924 1808.9030914112623
0.05488960871567487 10003.3961063744 137 9928 1112.3190116480653
0.0582545752062998 10063.838170886138 138 9936 1606.803416302194
0.05758651795881356 10135.496765020618 139 9937 1621.0433944269528
0.049295462643664245 10272.586229766743 140 9963 1043.8084506222233
0.05258930879352185 10332.884427537349 141 10068 1417.7167755583732
0.0489399615845693 9696.970692703822 142 10086 1275.092743179915
0.06083376287154403 9775.675040189733 143 10095 1774.2639427306517
0.04470084621513287 9890.690954685058 144 10126 1447.4538560069307
0.054643184488852234 9378.159532172696 145 10189 1962.0160788848157
0.055609436933036355 10348.808692314587 146 10216 1796.1614577655453
0.05201452237864997 9656.519351156188 147 10253 1252.8279999360648
0.049447430517454885 9740.073065022003 148 10255 1137.479514118555
0.052770859344081295 9411.605150969912 149 10292 1871.053454768953
0.05435877369307493 9636.62720503318 150 10301 1348.5551627349153
0.051536313684920856 9468.98273010187 151 10370 1738.756120615365
0.052891117871981225 9558.103067881777 152 10418 1490.4092153394577
0.05292287607058473 9974.616012899523 153 10461 883.0376743562099
0.044003767008023595 9875.934496186008 154 10490 1598.8859259465505
0.042404726710304194 10451.870429546083 155 10493 1819.161488653514
0.0527551769397838 10512.235830308995 156 10518 1897.143903112603
0.04747191206192455 9736.661143116005 157 10533 1324.7110262217122
0.05117822030297288 9764.439710163202 158 10554 1021.0710986473248
0.05149482616168827 9514.077383274232 159 10569 1618.6120106889591
0.053068510475709846 10361.12710954775 160 10626 1536.2737111091208
0.051909962320377756 9533.69369967635 161 10853 1558.1504482781718
0.05155083481827294 10118.788216650119 162 10863 884.7567160820288
0.051345508083965596 9647.394622463833 163 10881 1281.182222467939
0.061673008043882385 9742.017100433684 164 10915 1874.8776057056375
0.058326030064236034 9629.193524280625 165 10933 1629.2364370120656
0.04687459794197954 10171.930986211066 166 10945 968.0902231997624
0.04506552986639349 10417.400017637603 167 10948 1458.250548385149
0.04784004331125118 9683.152549320612 168 10965 1409.3986851898005
0.0445744700498295 10223.920549800128 169 11000 1289.6326239070115
0.05679334019094277 10306.149063612555 170 11038 1844.920070384476
0.04425376056551599 10109.360738361323 171 11054 1328.0902633176206
0.05121873688810356 9546.054616502264 172 11073 1541.525929794765
0.051133963293046064 9778.429904431232 173 11115 993.6706743741257
0.054913183292617976 10145.694689332775 174 11208 1292.56298179092
0.04961975225347385 9568.825802498419 175 11385 1553.9847849406992
0.04314674125053493 10047.543835505852 176 11416 1572.8122808527576
0.05884408436093265 9974.203032916063 177 11425 1591.550497421375
0.05242078993233553 10276.85471169381 178 11575 1268.8773506239381
0.04506893034320548 9976.25645362223 179 11656 1271.1344589189475
0.05173706350959554 9397.179169778967 180 11679 1930.2798488644023
0.05971274235599029 10159.832297599394 181 11692 1936.5864647839355
0.061833485782248544 9655.827261559181 182 11848 1933.137491207066
0.05597817014236199 10053.724017231032 183 11862 1297.6529199801457
0.05031844736082687 9996.400091871225 184 12029 738.2716522605048
0.046511706896111275 10616.980894127219 185 12030 1834.0970594625926
0.06094321367066996 9861.586106870649 186 12084 1792.024864782301
0.05072739621429974 9821.032832452083 187 12125 918.6807341628257
0.051354683880937474 9546.238602981686 188 12140 1537.24291493491
0.058290854945129214 9965.69470006939 189 12173 1514.3445011409106
0.05518479246806692 10023.903735271519 190 12199 1165.7792007500361
0.05195301314307959 9618.448810338845 191 12229 1343.6238076121235
0.0558272686597813 10020.582344313392 192 12275 1243.5697469883687
0.04732669283655111 9522.921763385975 193 12284 1870.9115622836898
0.05885601570688523 9987.638194185902 194 12315 1604.2032317644644
0.051931250192029876 9780.214414952983 195 12316 994.4886165195577
0.047412192870500774 9764.167047497593 196 12326 1270.7854964956327
0.052104032916479116 10160.660134373971 197 12330 1000.1885557515294
0.06122112480272569 9998.161186993224 198 12407 1915.236096340646
0.0580043902109989 9941.389768163037 199 12427 1462.5908975523312
0.058856979959094016 9910.225219830154 200 12446 1554.4001734010474
0.04840950048088091 9828.05623492933 201 12483 1032.1757363718825
0.056745387709840986 9867.804094296112 202 12486 1291.4331403765004
0.0451160874689522 10517.614297833845 203 12530 1644.6593701757517
0.06078946251787182 9943.853176360415 204 12557 1814.8320662455294
0.061324512739546186 9999.447260694735 205 12642 1929.4903661685644
0.04994963515497773 10356.229923087049 206 12662 1262.7265432359543
0.05195752565129156 10020.193070722162 207 12725 818.1553664646488
0.051890978055311 9647.330384890849 208 12774 1274.7660126033063
0.05755344125341425 9793.342307371506 209 12799 1403.6725139752236
0.04764417976183249 9608.830263058288 210 12904 1614.5206271348825
0.05949480429993055 9608.486569835999 211 12980 1756.4311635075246
0.06109365455297773 9759.173159052172 212 13059 1806.7402862803629
0.05116091201954245 9851.064228569274 213 13061 868.663930152114
0.044098003885925004 10616.77222057451 214 13138 1911.9914998690772
0.05821024679719274 9539.597040535764 215 13227 1755.7862158103417
0.04972572917248071 9927.744867448146 216 13235 788.3379013453487
0.05068463960980425 9555.451778162278 217 13271 1535.1793231899094
0.049627520120468685 9425.353629814876 218 13330 1945.2070828619742
0.054607099022954374 9709.604796460255 219 13356 1229.5470999903841
0.048597759734506384 10023.443202187893 220 13420 780.7101023418558
0.04780897817411853 9578.407934658611 221 13432 1675.869782092372
0.06012495263112633 10026.297185757072 222 13437 1805.3720907764687
0.052152384582979695 10109.971559824904 223 13453 924.2393904525447
0.05615015894779832 9815.292361006666 224 13540 1243.3215543685455
0.04686603036700175 10570.113599196693 225 13579 1716.6734500592993
0.04704395561836127 9882.948179578514 226 13591 1089.1746019426148
0.048972548654519645 10257.092339225796 227 13620 1005.8232725407636
0.05488594746113078 9839.889545843524 228 13635 1102.1777754209577
0.05371522974447446 9718.73185687776 229 13658 1164.775294064301
0.049108153085093344 9612.281480018803 230 13816 1474.698453682754
0.04690778147398253 9841.718010509509 231 13853 1178.8002854418341
0.043196921009181356 9854.163211228806 232 13981 1789.9883077818479
0.05297370833232533 10216.793516182628 233 14022 1196.424285197621
0.05772716551320744 9935.20953897311 234 14049 1424.495581481334
0.05128831481929847 9939.083304785572 235 14125 780.3831839544897
0.054835432396513645 9727.35611956582 236 14149 1217.534905851641
0.05477128388988281 9444.251403839302 237 14153 1796.8925901074276
0.05306444437817188 10359.430210717052 238 14154 1531.6557124077722
0.06027648819534112 9846.149830158209 239 14162 1708.8942351289938
0.047093697391528556 9930.302034964649 240 14240 1012.6978559491249
0.056473604865719645 9596.795666551725 241 14264 1539.4136026574947
0.05457820336821193 9628.408309081822 242 14283 1374.6573395944404
0.05848613401042163 9771.411883403462 243 14291 1515.2894156393565
0.05132556940575996 10100.961313613172 244 14336 843.9420915353188
0.053434673742779236 10319.716565683811 245 14342 1475.377809375145
0.06116271861470949 9979.959727167183 246 14384 1890.7124391232285
0.04779430108720339 10183.718290199196 247 14433 910.937469168624
0.04885317327663073 9826.929869365838 248 14436 995.9848412562649
0.055559079624576915 9828.509284719254 249 14454 1175.3126295718607
0.05329059995492491 10005.201415910591 250 14457 931.7364309690543
0.05390193833817622 9614.815458240297 251 14460 1376.8677668919943
0.06059131184938181 10098.038239238731 252 14504 1955.0820405892973
0.05577339692706984 9571.765293400427 253 14527 1545.7652561538655
0.052724603593700584 9919.398853709212 254 14548 871.1464677092777
0.05846465531538573 9851.507461163368 255 14553 1493.8233467478403
0.05057994259740502 9580.584641697606 256 14580 1473.3050101439053
0.0460352034215878 9533.705674081388 257 14612 1995.2396700218271
0.052061357002868236 9402.794766436544 258 14624 1906.7210167054782
0.052212549586080584 9523.162707629572 259 14651 1581.313715601443
0.05411024059170569 9680.409348926736 260 14733 1252.8070686060473
0.054430979314016276 10213.564982647815 261 14781 1357.940460845504
0.05315356065082026 10311.440322470566 262 14830 1425.2973834772351
0.05222425237470719 10201.740723229783 263 14842 1088.7081403396337
0.0471463255008064 10371.605983766343 264 14965 1254.2062330517392
0.044060915519258795 10115.996785867192 265 14976 1361.2274165190984
0.0622828491328875 9709.084235982345 266 14987 1951.2144868549979
0.048797335051610186 10563.208293613743 267 14997 1742.8222280843481
0.061456893771946984 9765.535070098687 268 15127 1845.7977891169498
0.05329330104646947 9879.228725565163 269 15163 936.3540911335516
0.052029522836186094 9457.316645966454 270 15252 1758.7370572552925
0.05766929054767245 9708.4848755441 271 15258 1478.7941130614265
0.05812659446867699 9626.348708345993 272 15259 1616.222609322363
0.050410451223845555 9837.28958899347 273 15278 896.2474353279686
0.06041736951135579 9564.56104628819 274 15290 1891.06033852013
0.05692757864272443 9845.90091517642 275 15325 1315.6713923444308
0.04210459930238542 10288.888662542695 276 15341 1742.2687914193864
0.05561503109079695 10380.369900659987 277 15344 1871.6347855599013
0.04897642246049588 10480.730551781764 278 15419 1532.0015254726716
0.05664691647574714 9552.019359784543 279 15489 1632.5490609139324
0.0523267288167321 9627.669484629989 280 15503 1320.471817714552
0.05412786712281345 9431.687983417329 281 15515 1818.3223884207312
0.056311213449016725 9808.966730835073 282 15569 1263.644790174906
0.046943953160395326 9898.069058869585 283 15623 1078.6944328813904
0.04843430986383136 10129.66562300231 284 15676 824.1380658596252
0.05191436908654817 10300.169649111964 285 15677 1274.081711627014
0.05413037059011168 10104.568198890483 286 15678 1131.76389144591
0.05752196691271725 9795.871408510899 287 15693 1399.0523619822854
0.06021678316319813 9796.175588046046 288 15805 1701.1788623382854
0.05952363764836769 9944.172200894023 289 15941 1656.2526668556256
0.0472067375896471 9737.36806708985 290 15993 1354.6309894950339
0.0575749728874222 9935.163807662757 291 16023 1405.3852158885722
0.05497834949305952 10331.200956498185 292 16117 1679.6056713916632
0.05851259543322027 9552.709509822045 293 16120 1755.775070405569
0.05940512163713629 9670.786702091855 294 16121 1681.276790043528
0.05826342665983611 9527.730112436851 295 16144 1779.9260062653784
0.05659045223441933 10274.54698560655 296 16155 1751.6449499173916
0.04327535931622718 10051.374801044522 297 16173 1544.1001123124488
0.05174239545146885 9668.074551492145 298 16258 1227.0897060598018
0.056559330928762266 9832.893754888111 299 16259 1278.5381509146257
0.04923952507519168 9768.482164542083 300 16272 1087.8337283198268
0.058482247911878504 9980.573175689715 301 16304 1550.2224384200779
0.06033044222272847 9952.165135350258 302 16457 1763.4211965880606
0.04831731528444311 10162.499051403698 303 16584 862.1849415249425
0.05219888279760328 9739.850450299324 304 16592 1074.8179167952605
0.04856831513423828 9712.1109741364 305 16672 1269.7560559830154
0.05836050013708746 9923.740540151386 306 16702 1498.4376444721095
0.05106013510364691 10442.01900756953 307 16731 1557.4847672067156
0.06032686831117828 9952.653988163845 308 16747 1763.3327896300714
0.049512821475684386 10297.665308815143 309 16756 1105.11816385267
0.060934573538582205 9691.09828358658 310 16768 1818.9312028976442
0.04275859927188604 10186.428353120678 311 16775 1597.6608573052852
0.04911616969464438 9754.645352932459 312 16778 1127.2182807726706
0.05806207069613135 9597.388744344476 313 16804 1652.2034392644982
0.0508835934395624 9512.394231315668 314 16843 1642.497625920843
0.05537985820590613 9586.166588256754 315 16855 1497.0759661768418
0.0579773867544495 10044.685021871568 316 16900 1547.5802703222168
0.05033971204622265 9611.199265444631 317 16950 1404.27518003943
0.05901478111275742 9901.832305992353 318 16965 1570.6135687798226
0.05087321203208144 9690.694529274177 319 16975 1188.437645374824
0.049206330548107004 9811.096193706422 320 17001 1000.9388645642939
0.05512982555537277 9887.370541443941 321 17035 1107.3897069330487
0.04724937903105246 9567.0058020814 322 17053 1764.1965306203062
0.04910613944123365 9571.592805740589 323 17082 1581.3973572720133
0.05485162511452668 10046.97379500542 324 17097 1147.4503724527517
0.05584729462988691 10249.671545514813 325 17131 1606.340396448616
0.05780671118122925 10215.593444719276 326 17135 1788.9958183013123
0.06253975339973764 9729.101037740971 327 17142 1972.3689138562227
0.05585460451928427 9586.95484729006 328 17143 1520.4495660725452
0.05898224627298413 9521.47892690724 329 17202 1841.0729489437545
0.059083324812464144 9984.214771811327 330 17215 1630.4609649041408
0.05070812862323712 9463.099144295084 331 17231 1783.8369878902934
0.058476676623139726 9920.66482623063 332 17260 1511.5555181271097
0.061306207567607275 9927.616668036208 333 17307 1867.732189413436
0.06014193674275811 9621.418987068762 334 17338 1799.931349081992
0.05879638193325035 9966.13021853914 335 17365 1579.2629380543021
0.04447639304384243 10285.034100462364 336 17429 1347.9995895023612
0.04609577702391851 10200.092160051438 337 17517 1071.5031701137589
0.05152242704844475 10088.228233830758 338 17577 842.988904724139
0.047918271624067525 10081.653808207771 339 17580 829.2244531690314
0.055255595708270155 10446.414347271288 340 17589 1992.6195738196977
0.05484860408794383 9889.527276280101 341 17590 1076.987200140486
0.05047816886348952 10540.406801202038 342 17603 1778.6066704625648
0.05198383881919387 9900.252250409803 343 17621 836.1569320811584
0.05971355272830131 9870.369040604019 344 17653 1646.2575736291549
0.047143293178270325 9781.777603341467 345 17773 1266.134058899234
0.05792147806616247 9983.502248238514 346 17774 1480.4527201368803
0.054398531053324956 9728.924092630497 347 17777 1186.153130824968
0.055350786856497566 10263.068642091226 348 17814 1572.672446116975
0.049320713217845015 9453.164254981753 349 17880 1887.7108468172999
0.05079287447360207 9699.116984432438 350 17889 1170.9367317015256
0.05143430826367584 10112.882400548335 351 17917 867.49080860868
0.05898319667738845 9571.487052895445 352 17923 1763.115798849833
0.062369402022469995 9731.761738983583 353 18025 1953.2849891717901
0.04504974823540173 9715.774736610594 354 18030 1709.948660235844
0.055806997548501186 9923.235489529514 355 18034 1184.6125659610236
0.04730822933129853 10416.702708034418 356 18153 1348.4119438133655
0.05429553580016696 9645.401953188186 357 18191 1328.374245814266
0.05200894003534953 9621.5205334638 358 18217 1335.7997438864365
0.05737109506357688 9791.24041277485 359 18252 1385.1495213534097
0.06171836070877321 9572.609846018078 360 18310 1995.680827231023
0.054896494825659295 9861.717071032323 361 18389 1091.3363995294085
0.05020006992691145 9424.817804154207 362 18411 1914.063003861128
0.04540425323991677 10662.6867244687 363 18414 1959.5755684427445
0.04920108251037636 9457.008355255995 364 18424 1885.2804095851218
0.05303591114011465 9416.552953598044 365 18497 1855.4937050198566
0.05415465470714817 9514.330982499856 366 18524 1613.4162651533159
0.05762551606150558 10000.753820930888 367 18546 1456.8567880904866
0.049719519714768276 9594.104929417 368 18589 1481.2838191610356
0.05235351067623195 10452.944247833795 369 18622 1699.923196220184
0.05729373612184746 10090.741694587276 370 18714 1516.2544378959533
0.05322185116166102 9802.187804485255 371 18748 1009.2014175463568
0.05511942612040953 10363.38951435925 372 18759 1772.2561081472495
0.05109349995839854 10460.687135558255 373 18764 1609.606183473474
0.0454865061776867 9900.532722714204 374 18782 1296.3015142165657
0.05814116188027345 9586.102279023147 375 18835 1675.3846821295924
0.05916448446440733 9721.510695651199 376 18865 1616.3477067249066
0.05372217424376677 10511.98207138878 377 18914 1994.5676663957881
0.05721797183198283 9430.300138271336 378 18924 1913.0065965548133
0.05089413237401207 9709.967696866463 379 18943 1143.281812053847
0.05108250920929578 9730.422721018758 380 18958 1093.7821342224515
0.04803379329299074 9458.111994001372 381 18986 1975.7195165544194
0.050441548763286916 9909.40569837656 382 18998 793.2995726680323
0.04396977690757408 9685.943111968874 383 18999 1955.447251932687
0.060638660661539084 10116.262193919838 384 19002 1987.345735435702
0.058010003444045874 9522.54395587555 385 19049 1772.1281512278802
0.054223145136817155 9525.008820829755 386 19057 1589.4581245365973
0.0569262431504213 9575.588066116456 387 19174 1606.2970002745003
0.050314909301690414 10218.67133231465 388 19191 974.485946517391
0.054336439825781124 9745.043121491242 389 19227 1158.0458762496949
0.05018132759782213 10193.711420978321 390 19282 920.660018124502
0.057351747474789584 10082.146869496206 391 19290 1512.189802625379
0.05359516428213949 9583.639049128768 392 19297 1438.5030719923013
0.05925589582830303 10034.675741436364 393 19328 1702.6719142213562
0.057775583290899844 9581.361204567953 394 19336 1655.3940328857939
0.051468530846158725 9757.86260775059 395 19398 1032.9928869984317
0.05579730568791569 9633.22669561725 396 19461 1432.3316761211365
0.0622112226847082 9835.361570408892 397 19490 1934.8544260573312
0.057495788626044105 9982.33963310454 398 19540 1424.807031766798
0.05498266870019206 9989.84142338457 399 19543 1114.1196976368894
0.049658372486226544 9871.028944338828 400 19594 866.6760127857309
0.04712929128886001 10277.665963086973 401 19634 1079.783624494203
0.05044968480995572 9771.71910720763 402 19746 1020.2684294745454
0.05291811580073722 10259.999422446886 403 19770 1282.4919881440403
0.05862452348048999 9903.017401108244 404 19813 1522.8031488239014
0.061998289563589826 9621.077805747096 405 19855 1975.58560783716
0.05832418385189267 10183.29665963733 406 19861 1797.0913023159014
0.06105144902764213 9597.399223467482 407 19926 1908.8279378546258
0.054648275251642314 9646.386207403852 408 19961 1342.9969406296846
0.04866077421458532 9819.107894609362 409 19982 1027.1314314722247
0.05239571324013405 10101.849224584035 410 19990 936.1774037604798
0.05972790785145707 9601.290590009245 411 20082 1785.6354134819055
0.04840750871244883 10161.907720687015 412 20089 858.2635239900544
0.0552843210513531 9974.612308533044 413 20201 1141.4448679087197
0.05393556569047127 9978.88662287402 414 20210 987.1314153855571
0.0493456321744682 9563.30765408156 415 20420 1586.492433121345
0.04679238810682503 10443.960173540025 416 20444 1418.6100106013832
0.04987409039452992 10365.40793229906 417 20522 1281.1569188243298
0.05395992525171181 10076.569092382713 418 20531 1073.6845435666514
0.054613182692664505 9610.143455615309 419 20575 1413.1131579673277
0.05844261320342474 9473.813534340263 420 20699 1889.872217663536
0.05326344665508696 10113.62271485688 421 20724 1044.1515725872075
0.06133391794176042 9987.748475349974 422 20766 1919.3338953254204
0.043656469557224686 9782.28189300048 423 20799 1822.8081745426339
0.05036642434341768 9683.251994858652 424 20825 1223.259674770952
0.06256359356488604 9741.195687286918 425 20873 1972.2441502494871
0.050822366638368636 9435.078442563048 426 20971 1856.4517261713347
0.05349423234360033 10440.24118918796 427 21015 1781.7213794189024
0.05656431385094002 9525.870955035038 428 21046 1679.296162510809
0.04120796090964967 10368.286326067122 429 21057 1950.9823491359516
0.05195516000847987 10575.515235480925 430 21063 1995.3612413041826
0.061225325808722184 9807.968006213963 431 21113 1816.5079848407136
0.047641059792421545 10026.569629143334 432 21127 860.5387258834415
0.05765456646499188 9923.96645299573 433 21131 1410.3895127298465
0.04632260569772039 9885.968534222728 434 21166 1186.1967742867132
0.0550158059399283 10180.424414316156 435 21207 1366.461990890601
0.061814688611623765 9865.895256366937 436 21241 1897.5853048907964
0.059977921584089454 9819.99249926647 437 21244 1671.8623545027299
0.06171775166822506 9649.387720485534 438 21263 1926.1558872542118
0.04489242632270905 9919.420294691807 439 21296 1371.808130409776
0.054483819557822624 9920.7020978402 440 21320 1034.5207994310376
0.05896434674442057 9849.526798678695 441 21328 1553.064902901415
0.05067894742057955 9908.695876527807 442 21352 793.4758598093225
0.057220633141344616 10247.389793024555 443 21373 1775.6473296369118
0.05627198597137921 9678.663955469716 444 21430 1393.8246707826158
0.060425200763929016 9932.432808927448 445 21499 1761.709399447436
0.04845994957462369 9872.35700511614 446 21523 947.4547840143201
0.049423974815866474 9932.560759439908 447 21528 795.4372802430432
0.046044936699802544 9601.456072901707 448 21628 1824.9823050694877
0.050969274875285346 9960.873127121109 449 21637 759.9541686351034
0.04981696189676708 9496.61822826964 450 21728 1736.7500776996926
0.06032942172294552 9546.808045987222 451 21751 1907.1777523317228
0.06083361483199899 9773.402480718507 452 21769 1774.668826384502
0.051126204575687936 10439.694633046094 453 21826 1556.6147594685085
0.0485707309109055 9641.195261413111 454 21850 1443.5905469538068
0.059115348626846184 9701.998926977956 455 21864 1625.8256823094123
0.056558004956734444 9651.232510070966 456 21917 1455.8631601690552
0.056524811895977925 9391.12973438475 457 21931 1974.4788086379035
0.05517808445207246 10255.525006213313 458 21996 1535.413828508436
0.054160323811825895 9410.94703568571 459 22024 1872.0082168126296
0.06164421410953465 9933.028141939165 460 22026 1912.950650400828
0.05095956195783536 9541.143426271758 461 22061 1562.8352308371525
0.054982752368429935 10461.371673190497 462 22066 1999.608581070711
0.05355020905906856 10316.559453653961 463 22078 1480.671983094118
0.05393507176242342 9430.11686267211 464 22080 1820.559886061905
0.04664185823452407 10385.222663305529 465 22090 1299.2753812973817
0.05797736004246609 9729.61465014199 466 22098 1489.5684369327082
0.049434092384865125 9927.909165565978 467 22113 800.0585286815374
0.06151465638258942 9849.788602048859 468 22193 1856.7340071102633
0.06079764501152857 9693.93835295946 469 22205 1803.060869758564
0.06087790845990096 9640.04822075427 470 22282 1851.3782608998717
0.047900232131354664 9803.766754549652 471 22306 1131.86979030379
0.04970617910413203 9746.58144714861 472 22366 1107.2299618558766
0.055552353947058215 9530.98047611708 473 22419 1619.962180151158
0.050728871490483114 9783.830186550782 474 22428 988.5677555694891
0.05099297310959195 10064.245649100612 475 22432 784.6556683317582
0.05619009535068128 10400.341928903688 476 22455 1988.2554587940804
0.05405516993412769 9515.194386519383 477 22514 1609.3550597448664
0.055988196876166914 9894.522490262436 478 22533 1202.7696544371556
0.05403985836956048 9859.670357692976 479 22552 1011.5225029621598
0.04892738561876573 9539.13028630068 480 22560 1681.3008886208681
0.04400871786982511 9724.227344297542 481 22563 1869.732483690395
0.05184641382577256 9671.187425838363 482 22602 1219.3886468179674
0.04396288720559228 10548.72499553439 483 22610 1787.0761223241595
0.04694703479486344 9918.763381814715 484 22642 1047.9038332933812
0.04432465967208968 10333.092916207717 485 22660 1416.7903659725432
0.05035269477159691 9476.014021000123 486 22789 1764.5328173984285
0.04512198305091566 10143.702331042654 487 22816 1178.8994800379444
0.04683858952075325 9764.998688601961 488 22927 1340.8801934925257
0.04740434536670112 10204.272342073029 489 23014 958.5444357467744
0.05200020059394507 10165.63564973069 490 23025 999.2623538436537
0.04232469055654226 10190.054268384009 491 23053 1683.5852082389233
0.05043853543813999 9911.900715224916 492 23072 790.6203122554004
0.05093406253695662 9662.640423081182 493 23102 1253.717371152693
0.05010695695902757 9667.790957601039 494 23150 1272.55348664676
0.05591917478702052 9713.88399328572 495 23158 1317.9700223050825
0.05728271845808389 9654.134739884414 496 23172 1508.7557366883339
0.05787863422271648 10007.867291603776 497 23184 1496.1703355279246
0.052251040485141995 9985.239142108247 498 23214 827.996771557708
0.06159664297398615 9625.829413040768 499 23310 1932.9510161075407
0.04866117034133606 9963.146962657138 500 23327 811.365917860436
0.050402754880349024 10611.84862984236 501 23334 1970.7591495882762
0.05047613918694712 10298.655924859419 502 23360 1156.5962245401934
0.06028038027612263 10054.164046600208 503 23444 1857.590168978851
0.052237651636199145 10239.368838538394 504 23457 1167.7776316660677
0.06173103521738288 9626.376887438772 505 23550 1945.434346587454
0.06201404128290326 9710.97907642153 506 23564 1921.9721203059353
0.0514070380598229 9794.599850779747 507 23582 962.8103372085769
0.05106163388455243 9785.561611843172 508 23650 980.4397432171005
0.048046027723624846 9788.659420197235 509 23663 1147.775745528283
0.059736060164024864 9927.219302747433 510 23748 1672.508810239356
0.05379397223190889 10060.205849849059 511 23753 1034.9020399291628
0.05429431475465684 9615.677620079481 512 23782 1388.7495914675603
0.05257276467710774 10505.115571164944 513 23879 1860.2291680193346
0.0563820022350599 10308.52721332417 514 23880 1798.9852785558137
0.05926397886371936 10189.472496855178 515 23961 1929.2449899250344
0.0595127361637383 9786.548751588773 516 24005 1623.1785251634453
0.05196249820979068 9482.871444062008 517 24012 1691.3938103930288
0.05832536472579114 9841.14407808284 518 24036 1477.6873296709368
0.04903893911055075 10098.131997695264 519 24045 778.8348426441657
0.04683105904641105 10330.435916391689 520 24059 1186.0300523156218
0.04956956569187818 10290.1477882784 521 24074 1090.5815196731955
0.057462909304175525 9599.326115855623 522 24092 1603.6760285918567
0.05740285222041411 9654.343563395425 523 24190 1518.3947483251952
0.049876321512914955 9742.851395987282 524 24215 1106.5203615948326
0.04895760679717169 10236.412560773186 525 24227 966.103916023312
0.04959115698929165 10480.430824996074 526 24247 1560.6125650271508
0.0592013580557426 9699.564348728127 527 24319 1636.3921435232958
0.05233200306056078 9568.557629223369 528 24388 1464.472714805883
0.05656541963751456 10025.515574898649 529 24395 1343.0398782082793
0.05855221738263936 9942.931574991122 530 24416 1532.707266206228
0.05006707419420915 9486.226546926839 531 24475 1751.1487848366291
0.044251091100603344 10426.34471013269 532 24494 1549.9379981496415
0.05807073863092392 9932.64721090983 533 24501 1466.381107331509
0.051359837945787676 9399.25343239274 534 24502 1935.99697569837
0.0501942144150667 10099.357752724953 535 24509 784.0376067076227
0.056809680510781745 9881.204747265763 536 24562 1298.4620468722615
0.046257342269554524 9683.495815613594 537 24590 1600.7871939692768
0.05187972807287889 9480.082166271923 538 24633 1700.513296370787
0.059955443479818515 9920.500964099063 539 24754 1696.1038835772215
0.058543454579196894 10101.957029255116 540 24782 1695.7025953256543
0.058893115517249815 9980.999717970368 541 24789 1603.3429280440223
0.05801587651605111 10189.383814317562 542 24794 1767.936382511096
0.05950672665854715 10095.22827955785 543 24886 1811.5690399665646
0.04522403570834884 9721.13495264782 544 24966 1670.5856087216205
0.05016018207682594 10230.366550904328 545 25028 989.8453056695199
0.046081314727936785 10437.879047346543 546 25086 1430.509625458005
0.05802763235764549 9550.453122477458 547 25105 1724.5486011436687
0.04488119169163778 9807.093160803004 548 25208 1556.093563321751
0.049309513008207836 9721.649501039456 549 25332 1189.2187603992177
0.05000451218215798 10015.806618267863 550 25344 735.7246249378776
0.05784219644730817 9746.880331730614 551 25369 1462.5033716508246
0.055187857468828275 9726.58877818119 552 25395 1244.0623254478742
0.05383348445561495 10504.607055672855 553 25438 1986.630966974165
0.05399397280242403 10465.859768871514 554 25483 1901.7459204549202
0.05422033925104081 10369.909309617618 555 25510 1683.963155609333
0.048454487217211815 9466.008073198765 556 25591 1917.580203910589
0.05696644502100131 9868.830378661984 557 25613 1317.0308223417974
0.055007854444373755 10146.699694346635 558 25644 1306.131083921106
0.0498603656894539 9544.283803448294 559 25656 1605.0929493526853
0.04573678007530872 10013.16972863211 560 25768 1124.5855834561949
0.05807442661354223 9415.50456014606 561 25791 1986.4238224733267
0.04196103135696394 10396.47011063113 562 25805 1834.264997340379
0.049198018241937515 10368.069939104189 563 25819 1257.220546621105
0.05656669352782788 9513.446007395869 564 25878 1704.6931601314786
0.048318976373143835 10256.697833862241 565 25949 1004.7600046500329
0.056646843086929424 9600.337369628443 566 25958 1544.5641000903092
0.06252874748282947 9782.757063985255 567 25993 1964.5428516052943
0.05543868922133773 10055.055617665745 568 26010 1230.1383234040666
0.05338075565977404 10447.084426765501 569 26013 1787.5578163452037
0.04826797670883766 9608.199139223243 570 26039 1554.7776509335135
0.05649634458400327 9472.621630056998 571 26066 1787.8070655975275
0.046071864712117536 10243.673997826962 572 26082 1115.0834892763005
0.042823935490460936 9828.835751806688 573 26110 1905.640645616929
0.04337431599555119 10008.946935919768 574 26125 1558.6502890887318
0.06169439686915702 9789.056409552417 575 26154 1870.1774397808902
0.052028419741535784 10128.14941526857 576 26308 939.5456083857928
0.050035984484552286 9514.004746473445 577 26320 1677.0300332881238
0.05976151366758499 9771.769351698054 578 26368 1655.2924260879468
0.05750973091097215 9945.649295169429 579 26392 1402.4962482433978
0.051745392161042 9553.820677313817 580 26415 1508.7587364132862
0.044640050912922655 10141.44782363314 581 26505 1256.5281198021296
0.05231042164882298 9782.120781177518 582 26521 1000.021384186867
0.05299601759565643 9378.220223626335 583 26535 1959.2593411485277
0.0583848296406906 10084.909551861907 584 26553 1651.262384770238
0.0584235599365866 9604.79594602199 585 26557 1670.3517846705322
0.05098645750147143 9568.775557202773 586 26671 1489.1436705671479
0.05701869440862166 9388.851324299516 587 26675 1997.9193940554924
0.05684463740657114 9610.193265433558 588 26709 1541.4989924434105
0.06198987170929046 9974.969847018405 589 26710 1989.1265699781834
0.04549675077821129 9779.099282150633 590 26777 1507.6850728510703
0.055873892772387676 9625.127357751036 591 26796 1451.3205284577664
0.05785397990971445 9698.251867055165 592 26892 1506.5013437563014
0.048900279329073926 10007.43129695123 593 26897 767.6183308373461
0.055822282620922724 10200.653496776033 594 26957 1506.0103464740637
0.044638457588003756 10590.20368508521 595 26997 1823.7330894109134
0.06092776043891221 9601.21013781648 596 27062 1893.4978603349864
0.05495842810514778 10393.113027466052 597 27126 1825.4623804640833
0.061042453827806945 9671.006037812243 598 27129 1843.173857956206
0.05918695465728309 9759.575128993103 599 27160 1596.901644443651
0.05685056580295128 9947.755982252134 600 27163 1320.7940530012522
0.04339687688217521 10411.460344669216 601 27188 1631.235690867994
0.04535772294651621 10602.070605260727 602 27207 1818.163701798268
0.04978002694340881 9727.670853830656 603 27292 1146.2455125127178
0.043894137004352476 9949.990196849045 604 27366 1518.3776574294761
0.056705310276307985 9994.446369694986 605 27384 1332.9492967090855
0.056218721981349515 9961.236308398766 606 27388 1248.9830583425048
0.0601578001531157 9891.339721183382 607 27509 1707.2238121200621
0.04898177663417931 10459.632195210681 608 27528 1477.620934254141
0.05692531489252235 9721.597817666134 609 27541 1396.0437203933761
0.05418505769969287 9561.41026189504 610 27572 1503.8884417056388
0.044648213622393663 9778.507457470827 611 27632 1650.156505733359
0.044817296697636545 9761.649615804094 612 27718 1654.05887820022
0.06000691319752545 9707.179329399822 613 27741 1712.9722075655795
0.0622782663018061 9872.783803670036 614 27767 1955.533237497548
0.05712896856227466 9580.321327397185 615 27808 1611.4775677231041
0.055680405453933865 9389.891138904946 616 27819 1952.0699014942493
0.05808793147322477 9965.231382387827 617 27879 1488.0840353208816
0.05380152772983739 10037.838285173151 618 28051 1012.7544172745444
0.04970816842366468 10616.365257579757 619 28080 1936.7852105760403
0.0461468643194017 9904.002380828575 620 28146 1185.1304147363273
0.049172936470514905 10159.61346197711 621 28233 842.1721235741511
0.05065076426659856 9641.387013881957 622 28240 1315.0461456580622
0.0476529441365312 10182.769959020188 623 28246 917.9321676041835
0.05881349733763799 9470.267820398894 624 28287 1919.783413280837
0.05954860094818091 9996.287255996529 625 28320 1700.966621460712
0.05675263975313699 9589.292419185766 626 28328 1570.7644347162782
0.060177146684825 9960.430668068837 627 28345 1750.357558225496
0.04109500069641889 10071.803860611515 628 28418 1998.115208887846
0.053120729952901166 10414.898336032413 629 28425 1677.2546041059643
0.052789973878296585 9680.554463366097 630 28522 1206.8837089574272
0.05266367932312124 9863.401785078308 631 28525 905.6953161305424
0.0532962631855881 10059.199644535876 632 28531 977.7085358039367
0.06132318031427287 9553.936770678412 633 28552 1982.0789344749662
0.04639342127731823 10104.235169679652 634 28585 993.6070076804955
0.04494064252244714 9937.738458360545 635 28588 1338.938070461833
0.05690019123688578 10094.813078115652 636 28610 1470.3662141855625
0.04456503885566869 10662.099891842678 637 28628 1985.4462814051062
0.0614379056641963 9774.941852389125 638 28698 1842.2773693681474
0.0604495059327194 10088.594103627056 639 28822 1923.8625152614825
0.057403442790139037 9488.426176446455 640 28992 1800.2896426805273
0.05145124966161674 10413.730063348232 641 28994 1515.4776762913657
0.05390738729665091 10238.012379833828 642 29009 1345.7649452588944
0.055983007618941885 9509.918001641961 643 29027 1684.095530439875
0.04803940560546997 10531.435472387857 644 29079 1632.9832069908773
0.053877816944402065 9534.668576952 645 29084 1559.2035778987374
0.05887557303256491 9961.156993684055 646 29149 1585.73495777781
0.05338433198089066 10462.68743770121 647 29198 1828.7215238976978
0.0468078154279696 10663.773428633052 648 29204 1955.1975752584872
0.05290573922292005 10074.003456183415 649 29247 952.5181444861657
0.0460100138730992 10477.586093183038 650 29266 1516.8531044612357
0.05476590290930855 9928.247275421303 651 29281 1065.5954394359646
0.0556935498838914 10280.392697469646 652 29298 1652.1805126959343
0.062326097218565746 9703.152713424908 653 29402 1958.0977329067443
0.04645315023154632 9607.569866397995 654 29419 1756.4086792212725
0.047237589942699325 10443.542323676687 655 29464 1410.3089015770101
0.05571989124110686 10261.30035236842 656 29497 1614.6770261130166
0.05214808740645781 9566.002204626991 657 29498 1472.1712991900863
0.05664871263301326 9961.90466866516 658 29586 1303.1341273663277
0.05350571983291555 9573.525952975895 659 29698 1460.2786877878964
0.05409132788395339 9605.782851438018 660 29712 1402.5002383875242
0.05742099161469488 10052.279994950275 661 29732 1483.6677918012215
0.04981038980928569 9749.2923490925 662 29754 1095.4988890961508
0.05365646056892787 10092.426202186116 663 29802 1058.8006961352348
0.05609018410912071 9635.732134095302 664 29832 1447.1829046929063
0.045161433300124426 9968.81831052591 665 29857 1263.0560827459635
0.053623876381873395 10178.58509016582 666 29868 1194.659669522689
0.0463185081990755 9662.02531349083 667 29885 1642.5687485839308
0.04819786708712509 9648.137657919608 668 29900 1459.8916333371794
0.06006311437172289 9682.450967848836 669 29904 1736.2392029788662
0.056939183190469686 10223.801862671784 670 29930 1693.1557681503682
0.05761712964489048 9467.348534012554 671 30008 1854.6316853093915
0.06004746409839657 9632.179718694031 672 30014 1779.939142186701
0.06026737880360819 9806.940455624434 673 30015 1705.9536150163747
0.05801370879839128 9779.650483208472 674 30078 1460.146963043759
0.05608332861929575 9642.284028463135 675 30095 1435.866001939906
0.061797148056982845 9655.29438273833 676 30188 1929.8705156917829
0.05407588879134352 9796.94809080946 677 30194 1071.8499715532253
0.06165261200259037 9932.774378248887 678 30206 1913.8051180974574
0.05778836223347614 9936.38777517224 679 30223 1432.7627057293896
0.05656762691676139 9995.80152753841 680 30251 1316.4285993475235
0.05918561291995964 9554.85676929301 681 30258 1803.673741843335
0.05513390400710682 10187.409466640209 682 30285 1394.1650095556297
0.05529078981776797 9815.334467042447 683 30386 1157.768449883565
0.04324139327898549 9850.783070333928 684 30412 1786.4350686682926
0.060204726330812766 9483.128770827378 685 30424 1992.87956905771
0.05090076437129082 9441.598496292792 686 30462 1835.2245794275666
0.06104782041711291 10036.09389881715 687 30557 1933.9549797443658
0.061442269042987274 9744.2140303083 688 30560 1849.0512458010508
0.05582726479178514 9558.964521277823 689 30605 1574.2019130816761
0.05377347200206146 9443.682556391055 690 30741 1784.3901684399348
0.05017743729264934 9798.49348189573 691 30749 975.0070187853512
0.053051042855807445 10291.086743530672 692 30905 1366.884666939826
0.05596601813296351 10082.39691822144 693 30932 1331.7684623083858
0.05808735051958311 9862.49842765999 694 31010 1449.336147787742
0.06219207874166523 9725.827209659754 695 31104 1935.816105214696
0.0595092996930042 9770.48937286036 696 31136 1627.765039617547
0.05061830281630659 10295.03648215899 697 31177 1157.5311928020874
0.05621481025705055 9719.016743757084 698 31269 1336.0747871763094
0.05792861358328656 10113.02419833943 699 31330 1631.365784305304
0.0502437178089124 10438.653341658306 700 31368 1489.5854845954134
0.053959731807410774 10399.078339635196 701 31381 1727.0534827491201
0.05510178860422233 10086.263424302671 702 31384 1226.3605341927416
0.05765909102656748 10271.285211113676 703 31387 1879.929061899441
0.04608994971654636 10140.965179356339 704 31451 1039.7757256607333
0.05509634978425064 9631.248079998346 705 31492 1394.8309349626488
0.05328436892470435 9960.715102231507 706 31502 914.5036615607202
0.050824862038779846 9534.509318909177 707 31528 1585.398481894778
0.0616756822526638 9595.004139239443 708 31639 1968.727408169985
0.06149354800641419 9904.924885049133 709 31758 1876.972644384657
0.05169383996027214 9838.204206120801 710 31771 895.644170481897
0.051091414388867426 9692.051184455533 711 31791 1180.129436941114
0.04898769846380722 10225.672356979165 712 31792 946.7180789201061
0.06122308504275617 10058.685325675251 713 31874 1983.2454481147875
0.05214356792278126 10264.377461761269 714 31939 1213.490037682253
0.05980546018590345 9503.719825198503 715 31979 1930.2406613775104
0.05804166582523688 9608.08061731938 716 32050 1634.864867522314
0.0484437400480348 9644.972730393163 717 32069 1445.2010839666507
0.04605093714627947 9828.888313855594 718 32070 1325.6435876592095
0.04776574821091909 9693.264259407695 719 32156 1392.9573461112386
0.05709770956726348 9990.77049405383 720 32217 1380.3195762981363
0.04848941317551068 9921.864702729028 721 32241 870.8374904677449
0.04737553165579517 10327.520901633996 722 32255 1159.0415954629707
0.042239182074076266 9953.48633682267 723 32265 1853.8437350398106
0.05623637263266111 10367.982660388532 724 32288 1916.7645798757571
0.055615462065262224 10300.099617426826 725 32315 1685.7813853751184
0.057890665016964514 9981.787440861177 726 32368 1475.1250081251735
0.06072470299728669 9519.30288670289 727 32385 1977.6289180573772
0.04264599099178381 10428.232864461901 728 32446 1756.4415522429783
0.04255924670036288 10087.782272745764 729 32462 1667.780311642674
0.05781244009514412 10019.650741401152 730 32596 1499.0613243167245
0.05429012323367273 10475.152658847153 731 32599 1958.1644955796955
0.04699886275916729 10571.932550113812 732 32699 1721.5265755796065
0.052703224303510494 9857.366028055509 733 32701 914.0082601769038
0.05729022475367627 9434.093967411107 734 32740 1908.0851139891236
0.051675386393437564 10440.124695225853 735 32820 1603.8856721489383
0.05684430185937106 10203.180668912522 736 32936 1641.6885355400789
0.06240492053473203 9732.228018563685 737 32941 1957.008892288275
0.05922509018248476 10123.048206243599 738 33005 1815.4980529655354
0.05524915445184609 9866.85295171916 739 33040 1125.5558002817295
0.05134896119780842 9903.886383718687 740 33074 808.4922042642504
0.05452148161763004 9409.96300576318 741 33092 1878.691574577454
0.048030501145008384 10172.230685070446 742 33104 885.6034840921862
0.05852349487237077 9967.653260802963 743 33121 1545.5116867150616
0.060218465584892814 9739.274026085215 744 33125 1717.7762711984526
0.05233258048472707 9976.6742579028 745 33126 832.9441920581501
0.060487797340361235 9709.464569424415 746 33258 1761.6157401162845
0.05645468154892089 10163.344179964493 747 33264 1519.659694480709
0.060694561365843586 9812.339667311691 748 33283 1755.2082138151668
0.051769885975677186 10024.323053190721 749 33302 806.3982103823148
0.05483576482222782 10409.870712903172 750 33339 1852.751111903418
0.048091860478437644 10372.991517261979 751 33407 1246.1737001748854
0.04523899136046263 10082.95138316484 752 33530 1166.7289939279085
0.05197789237149833 10538.048376411612 753 33604 1894.25018550063
0.04222664727587805 10263.809430414958 754 33609 1710.6841144249486
0.05323667287286803 9807.364606854988 755 33632 1003.2741543301973
0.05454248778391087 9719.904398659086 756 33678 1209.2188003811907
0.05513207185886388 10018.606756549942 757 33685 1154.4489445365396
0.04974100889685513 10318.19779306993 758 33715 1161.4190542894928
0.047541544591855486 10542.442278580736 759 33827 1651.7498478215823
0.05469300642695839 9416.279492972128 760 33829 1865.2701171418837
0.06104456895185822 9722.772572202368 761 33895 1813.7839892449958
0.05932137521466421 10128.025670647723 762 33905 1835.5535373297687
0.05504506022079336 9437.004727195283 763 33941 1820.7610010522676
0.060542427739140384 9693.240364206327 764 33947 1777.2286613117642
0.051335378350574085 10168.246424117697 765 33992 947.0171977430598
0.05198926491687554 9451.948819716297 766 34038 1774.056189952292
0.04516785355815873 10128.974896025424 767 34093 1170.8717949437703
0.05530671420830625 9451.073238712448 768 34125 1793.4857135180991
0.06089580159909302 10057.033191249871 769 34191 1939.6938356888154
0.06172941254909724 9970.19704160793 770 34214 1952.6614804962417
0.05861997834825931 10124.782840412003 771 34254 1739.413577558473
0.04393870259969962 10339.040173990763 772 34274 1474.634802519497
0.05455332581186946 10181.261811358194 773 34358 1310.7090875899669
0.04822284041198991 9885.965048353042 774 34370 947.6000122111165
0.048947175825665296 10028.217010547203 775 34503 760.255339729224
0.05259873835863833 9562.991602097492 776 34574 1477.6639080592865
0.05510788274916678 9429.995248958878 777 34582 1839.4208631902884
0.059785045693947464 9718.190116637496 778 34640 1682.9540686238358
0.0622596158978906 9889.17549868594 779 34652 1961.0866489472344
0.055356697881073225 9479.174895871996 780 34685 1728.7862625223459
0.053652451178195976 9912.435410490836 781 34701 952.1012353925839
0.04863164501801216 10099.864152611734 782 34736 793.3635095528364
0.06075211333700088 9587.497878538321 783 34796 1892.5800594242935
0.05608790949119861 10112.227032800673 784 34800 1389.6661257140488
0.05638287004524101 10007.20965581851 785 34826 1302.3827799768544
0.04866082480270754 10576.727806786641 786 34849 1773.3575609416812
0.05345943581348922 9482.389959889197 787 35018 1683.2327280738832
0.05860137953782328 9519.170968970544 788 35153 1818.0274437203918
0.05326247154905812 9881.62179228111 789 35164 932.3781191365609
0.04856916525197568 9859.848673140576 790 35227 959.1229345056562
0.05851646864642364 10006.852543349367 791 35239 1577.8912801045653
0.057225344706522525 9654.195928313473 792 35270 1503.9753190233585
0.06125558482382931 9932.345809930164 793 35290 1864.6419588629597
0.05350810279525622 10121.40859032234 794 35329 1083.6419171315736
0.058491523347945884 9876.537845632745 795 35380 1499.4569166254055
0.051025275912192976 10166.788554225139 796 35418 921.6541862748361
0.04813350481983426 9793.74601557371 797 35472 1128.149530172289
0.05720919039305715 9466.241699140128 798 35495 1835.4853562039648
0.05264526403575755 10274.544884189354 799 35501 1286.4295729106666
0.056982801307112085 9416.612458493668 800 35540 1933.1060939248125
0.055980991915424994 9653.576535925858 801 35593 1410.467858628249
0.06109979475752101 9564.420485472778 802 35606 1950.1096231143013
0.05882286666196418 10239.840190273302 803 35640 1965.4795234026296
0.057891547644353815 9725.280934273991 804 35657 1484.6913118821922
0.060379660288590986 9972.668867816612 805 35667 1785.8138143861822
0.053352722383580214 9751.754247662137 806 35681 1091.3404515348077
0.05614982108845508 9939.40858627908 807 35698 1230.5213871859132
0.044109231359671174 10412.193821994426 808 35713 1544.4567525726957
0.05707743311899474 10279.644545603842 809 35744 1823.7328432938614
0.0533597614674933 9668.339357753428 810 35847 1247.0098104049612
0.062032421626765075 9867.950770354073 811 35852 1924.2921845749904
0.05614151320665421 9837.037486329627 812 35898 1231.6834116118464
0.05492337852877884 9430.629599851227 813 35934 1833.7465289051552
0.061122637223147924 9797.351069614251 814 35942 1804.727015012874
0.061095295882216044 9672.376413842061 815 35946 1847.5510902687608
0.060070241551232695 9991.016209153842 816 35950 1762.7512565323746
0.058537858337455964 9776.090451481712 817 35976 1518.7171397874592
0.05996356988747156 9760.225142886076 818 36004 1681.552818544955
0.04749123764572556 10471.997690710965 819 36010 1476.562931213712
0.05572288721753091 9693.244865683562 820 36102 1331.1281561648336
0.06022333619854492 9782.29673664303 821 36127 1704.2511570174458
0.04915769792379946 9700.936440021267 822 36214 1249.1092357821294
0.04826919089826013 10644.665432056921 823 36258 1941.440341944457
0.051665949781066214 9425.110593497291 824 36283 1855.095879205055
0.061363546167434335 9653.173074717603 825 36358 1888.2402707753536
0.06173437128789734 9721.252265027313 826 36378 1888.2133219672412
0.04948966773165341 9712.798959461106 827 36383 1198.2028203060802
0.04558241192110274 10154.708707776244 828 36420 1112.724104652055
0.044582519903698443 10398.767778507347 829 36477 1473.4272011317346
0.05311865395282023 9593.870997739652 830 36499 1406.409826764559
0.05209185524194238 9433.51979362748 831 36572 1821.9927940187586
0.05575998493680687 9535.72405499073 832 36601 1619.0166005204935
0.04760950674282702 9970.034567302486 833 36640 903.7824292812443
0.049834356504509236 10602.490044487462 834 36669 1906.2291346909367
0.05050198110561369 10079.974552305473 835 36675 775.6684371612349
0.055980541091991215 9377.003946713547 836 36691 1991.6783735919296
0.048578298974932925 9635.768656599572 837 36791 1456.6868285193775
0.051478978726875874 10486.676284681611 838 36832 1710.9705461861379
0.059755700630444844 10139.060047088782 839 36860 1908.7646538725446
0.05418362097913734 9710.28491283437 840 36887 1203.537255351877
0.04875943964707954 9889.342639459846 841 36903 894.7253163150264
0.06035752425472143 9997.651994010557 842 36925 1805.5770249470672
0.05403769749910157 9920.91921608211 843 37000 988.0922994496642
0.04752329107307488 9778.242085703454 844 37063 1227.4726334068162
0.05375737908058161 10197.33841056866 845 37095 1245.8616832444898
0.04941139259522013 9833.030366999817 846 37096 945.4457424608579
0.06032884534645424 9753.691587956919 847 37107 1724.0145939261504
0.047817086557074576 9828.781123699606 848 37122 1091.343201706438
0.05519847476405397 9394.53687233874 849 37181 1929.4032122595631
0.05451005369733543 10390.790782683998 850 37195 1768.1963976754719
0.050903672050146266 10586.70333895036 851 37216 1938.2240643052012
0.052033215218496534 9545.211744599465 852 37219 1526.491436375654
0.049154187691634335 10600.991647250017 853 37237 1862.597000429241
0.05352377600135423 9565.304421771907 854 37330 1479.957062021285
0.05029305148649545 10226.675634036976 855 37373 989.2502116565802
0.05159174611818139 10253.62050482201 856 37473 1139.0322058496463
0.047900353454999024 10177.884700951172 857 37501 898.5507473709397
0.05864229710160131 9686.354594965764 858 37562 1593.1330097472073
0.04393526283453845 10423.075224158129 859 37591 1579.9648677565162
0.04871251440403472 10409.09584404224 860 37736 1341.4831577173784
0.05454632680683537 9949.473143118046 861 37758 1044.816301037534
0.05769170473898359 9746.752056161486 862 37762 1447.3179027050073
0.05453611440630208 9970.418922134879 863 37765 1050.8856949574972
0.05686002369549675 9927.128050828438 864 37802 1313.1444051327026
0.05483859106550305 10351.243847653817 865 37829 1710.2651828298008
0.04530530923108065 10426.210659597331 866 37938 1454.8681677783404
0.058406263058113285 9862.563239772851 867 38098 1487.3966852112867
0.0618721186645443 9996.388162782734 868 38113 1994.8347359254533
0.04577326235782509 9656.500224107222 869 38331 1731.4557042945921
0.06023340602714815 10005.36785695344 870 38389 1797.3401999988519
0.046835641809376306 9537.659087315842 871 38396 1886.8660927472324
0.053482045629855146 10272.5315001511 872 38397 1372.021218475947
0.05280905467585163 10216.004274628287 873 38507 1177.1587255613426
0.056558539110565055 10271.365431683904 874 38516 1740.932678328465
0.04709012467903106 10600.747767380532 875 38607 1795.3390257774297
0.042887406480854005 10594.585553762674 876 38626 1969.6950315274557
0.052507908170276105 9580.460094142676 877 38757 1434.4976498948251
0.052523358879698466 10493.64158846952 878 38764 1824.6018110418672
0.05162333257523714 10019.26890230056 879 38782 793.7016266671517
0.05799162480247613 10148.734316499489 880 38839 1695.2496942798566
0.0627384470049539 9747.928548892436 881 38896 1990.2033707617156
0.05663225355965144 9409.532096899567 882 38910 1935.310331076681
0.05485167746454278 9788.310393960102 883 38918 1142.5146865468266
0.04628164148541646 9969.993111686617 884 38977 1079.8140686842116
0.04886265766076026 9869.287544805919 885 39027 918.8434554437399
0.044987402568215026 10575.7073310929 886 39037 1774.4072819247992
0.05394847160145019 10308.680212347359 887 39041 1507.08636663093
0.055659873612703234 9666.75683486102 888 39065 1367.1929748006164
0.05436657051020829 9735.793820658011 889 39172 1173.6765877023636
0.04128371021818314 10194.463834691724 890 39229 1900.954578209548
0.06148071582464128 10038.291186727862 891 39300 1991.132736363161
0.05541579076629698 10294.985935164981 892 39334 1650.0086406014555
0.046851808975849014 10339.934846160457 893 39368 1202.5521007137675
0.052596826980078656 10191.066924336206 894 39388 1105.2980940632328
0.062397259961529374 9733.123581556725 895 39403 1955.9557858293085
0.04578377467154467 9755.147964637026 896 39406 1511.7208854521052
0.05442094238153754 10026.54774075702 897 39435 1074.8745435852466
0.04386764484901863 9755.92031837493 898 39440 1832.9177586050357
0.05608032145683652 10225.658421610451 899 39447 1587.1981870192753
0.05897892532910215 9973.586637027465 900 39502 1608.3245872898526
0.05469512427802975 9638.507260524288 901 39582 1360.3957394979113
0.0605190221110128 9906.119161070199 902 39592 1758.2835651456082
0.05265857568470019 10082.371790041974 903 39631 937.1155585387457
0.053232819225780964 10123.96791227796 904 39654 1056.4457570858538
0.054976742506706366 9589.806141799476 905 39659 1470.7613832808593
0.04097115777427055 10166.848623911796 906 39674 1976.805669294898
0.04425582352435977 10265.589172637168 907 39721 1363.8084599706385
0.059479721499774985 10202.677925803973 908 39727 1980.341674400372
0.05591920990091975 9816.850302661727 909 39789 1218.722102379367
0.05461799887819223 9932.266141031741 910 39844 1049.6492769204071
0.05222841897539899 9511.519077892828 911 39876 1611.4605503542866
0.046899911587222315 10243.067653352708 912 39998 1042.5340741041052
0.051890480560764334 10031.801421169494 913 40045 819.8471010197271
0.05211302679760147 10271.352355834933 914 40050 1226.2535801738445
0.04294221658784524 10149.429228322208 915 40062 1565.9865136528178
0.057165941411050136 9746.517949968586 916 40111 1395.1199479267848
0.05412724336427244 9685.710546014607 917 40170 1243.8606033652432
0.044742889354517944 9622.0627297398 918 40243 1966.9158233937042
0.051896783339211806 10462.765465660043 919 40322 1683.550304459564
0.05327302175681542 10138.424301525723 920 40368 1084.0546321111817
0.05583993456513324 9470.339451775084 921 40379 1765.9867107384666
0.06006327488462808 9742.908675634422 922 40415 1699.4010967966612
0.05299733217764152 10442.351988282513 923 40432 1735.6355610366468
0.05768363938975552 9576.298987740032 924 40438 1656.9681410967535
0.05230821535061274 10025.749121618432 925 40448 850.234811576807
0.044909025607660705 10035.055975309226 926 40451 1247.3931783188646
0.048725258402294726 9862.251713619502 927 40555 941.7112008691819
0.056195551481986065 10109.778925850987 928 40620 1399.9966415014223
0.04926674890853998 10455.020699888673 929 40621 1477.873341264788
0.05425164158645475 9435.88384524654 930 40632 1809.0900974036388
0.04676918698316367 9703.65142665813 931 40637 1486.1472893743207
0.04769398689158026 9609.382972831772 932 40646 1607.91797808122
0.05209270293851173 10139.546239367486 933 40690 963.4724881421649
0.058638110079046284 9993.63682572233 934 40800 1581.3999847258087
0.050894370253750564 10259.663508809206 935 40807 1096.8328676680053
0.046234844847624565 10108.59347742809 936 40835 1014.6919874761585
0.05763038956031774 10198.201850855188 937 40841 1733.9760005749943
0.054571075734932126 9835.565082774625 938 40893 1075.8161287226717
0.0618756984506321 9614.077185302704 939 40905 1969.8029330824068
0.056786592970378094 9614.357965359539 940 40906 1530.5696309379464
0.05924437347734686 10175.322796307693 941 40991 1902.230615750903
0.06205781874579674 9831.851693271576 942 40998 1916.1477892030193
0.049802992667249135 10052.43484605899 943 41110 743.696126384856
0.05828732139973626 9932.229943848028 944 41133 1493.3899695506484
0.05986705999011575 9689.01137692386 945 41196 1711.5102987639846
0.04834844470295689 9991.269465313739 946 41234 813.8852729744991
0.04481093866894593 10058.890234865363 947 41293 1249.7747314690941
0.06089730542442645 10077.154872919991 948 41295 1965.6411520251352
0.047368949977174044 10330.577742569361 949 41321 1165.203133390432
0.06185582235969269 9850.994326062737 950 41360 1897.4261973612488
0.05788012120849162 10294.528524558347 951 41363 1956.292228080869
0.057011043202155234 9588.52087681205 952 41373 1589.3940629386238
0.04997628449111627 9636.927199284753 953 41383 1356.3798134164813
0.06271390950204897 9768.682797681642 954 41405 1985.5138056244818
0.05760368027173597 10216.849551860232 955 41467 1765.224240018038
0.053704735977826545 10459.819461378598 956 41542 1854.9646128004536
0.04707322248476636 10379.65397750164 957 41544 1272.9316804008383
0.05868364271223937 9938.21271673301 958 41582 1546.559051111598
0.059362435748362176 9844.390933786624 959 41634 1600.0386370384626
0.05748198119713853 9655.796532953374 960 41672 1523.075099388288
0.0538488748938859 9367.347670963427 961 41734 1985.0608947337746
0.06094536646191458 9558.527279082118 962 41745 1943.8576560086972
0.060277140503275775 10148.69000973313 963 41762 1990.922265261105
0.04812221325857835 9728.963802363502 964 41767 1272.1755804075706
0.04399394505627197 9974.530708433538 965 41782 1470.993441870286
0.05294891726791742 10127.964849299306 966 41785 1031.5372107768158
0.05811123182022918 9882.18202880478 967 41804 1454.3714945301333
0.04420742779126729 9658.88349731703 968 41865 1972.2878037858256
0.05459017615338601 10019.924169879621 969 41890 1089.3771001187854
0.04745807610785399 10246.249590204776 970 41901 1013.3999634516849
0.059124546862007334 9518.312306706182 971 41951 1856.594261215994
0.05265619377847653 10442.696394772016 972 41955 1702.3416003318287
0.05549432724675901 10172.783726831023 973 41970 1412.9387291136204
0.05825855122631666 9472.564895905112 974 41989 1881.0519082194464
0.06240997411582509 9919.995485856367 975 42025 1997.3746571843144
0.053274111224092105 10306.425532460355 976 42049 1426.5715144031135
0.047651325369887115 10409.777228248615 977 42076 1329.9337369713169
0.052784282837969265 10546.945749756076 978 42108 1994.2184256395917
0.06058260793193185 10078.582337716873 979 42125 1927.4084758332347
0.043608490498531945 10114.40639842144 980 42179 1446.0531491748554
0.056962695431246636 9624.676976488918 981 42195 1526.7943756762816
0.04924295591523158 9661.925629075275 982 42229 1338.659506151481
0.04950668765648991 10534.773814848264 983 42248 1701.2896866090032
0.046365094285012565 10437.889091106386 984 42262 1418.5156718797384
0.046438863503883376 9574.375101189607 985 42414 1840.9447037181023
0.0602706301135008 9783.167800043004 986 42447 1709.4125960754445
0.05067752390661297 10080.053510545147 987 42468 783.0331175752273
0.054156793417508814 9500.373499779282 988 42472 1647.1782680479998
0.06004961523001512 9941.536236962645 989 42494 1720.6894377289682
0.05676104589265333 10271.657132878621 990 42508 1767.0626578095762
0.056807373995930124 10212.224799280424 991 42517 1654.0025465838428
0.0611621075880457 9726.096251406683 992 42553 1824.9639100399747
0.06115864317856638 9630.759305813217 993 42584 1886.5804707377504
0.06042339042340597 9843.576227664977 994 42593 1725.9446947574409
0.05180527603986502 9583.868647106141 995 42629 1430.9981583936303
0.055540571704006655 10118.265743397506 996 42637 1328.2115001620723
0.059219157181686 10187.436484957385 997 42664 1919.9143226455842
0.056132910911349934 10010.34907239582 998 42676 1273.193410551727
0.05753428254991605 10087.980408937277 999 42687 1544.0001301949403
0.051286569408488934 10149.498821627223 1000 42710 911.4097473912824
